  0.0000000E+00  0.0000000E+00  0.0000000E+00
  2.4843035E-06  1.5121582E-02 -3.7763269E-06
  4.9837954E-06 -1.0873250E-02 -7.5757415E-06
  7.4985687E-06 -1.1292626E-03 -1.1398385E-05
  1.0028717E-05  1.8359111E-03 -1.5244399E-05
  1.2574334E-05 -1.3118208E-02 -1.9113927E-05
  1.5135514E-05 -1.8518230E-02 -2.3007112E-05
  1.7712353E-05  2.6651720E-03 -2.6924100E-05
  2.0304946E-05 -1.2429977E-02 -3.0865035E-05
  2.2913389E-05 -2.2198879E-02 -3.4830064E-05
  2.5537780E-05 -2.3953064E-02 -3.8819334E-05
  2.8178216E-05 -3.0463079E-02 -4.2832994E-05
  3.0834795E-05 -3.7046912E-02 -4.6871193E-05
  3.3507616E-05 -4.3529009E-02 -5.0934080E-05
  3.6196777E-05 -5.0382030E-02 -5.5021807E-05
  3.8902380E-05 -5.7341923E-02 -5.9134525E-05
  4.1624524E-05 -6.4300479E-02 -6.3272388E-05
  4.4363311E-05 -7.1189236E-02 -6.7435548E-05
  4.7118842E-05 -7.7929537E-02 -7.1624162E-05
  4.9891220E-05 -8.4456257E-02 -7.5838383E-05
  5.2680548E-05 -9.0717376E-02 -8.0078370E-05
  5.5486929E-05 -9.6671404E-02 -8.4344278E-05
  5.8310467E-05 -1.0228723E-01 -8.8636268E-05
  6.1151268E-05 -1.0754325E-01 -9.2954498E-05
  6.4009437E-05 -1.1242619E-01 -9.7299128E-05
  6.6885081E-05 -1.1693004E-01 -1.0167032E-04
  6.9778305E-05 -1.2105497E-01 -1.0606824E-04
  7.2689218E-05 -1.2480621E-01 -1.1049304E-04
  7.5617927E-05 -1.2819314E-01 -1.1494490E-04
  7.8564543E-05 -1.3122839E-01 -1.1942398E-04
  8.1529173E-05 -1.3392704E-01 -1.2393044E-04
  8.4511928E-05 -1.3630593E-01 -1.2846445E-04
  8.7512919E-05 -1.3838313E-01 -1.3302618E-04
  9.0532257E-05 -1.4017739E-01 -1.3761580E-04
  9.3570056E-05 -1.4170773E-01 -1.4223348E-04
  9.6626426E-05 -1.4299317E-01 -1.4687939E-04
  9.9701483E-05 -1.4405239E-01 -1.5155370E-04
  1.0279534E-04 -1.4490359E-01 -1.5625660E-04
  1.0590811E-04 -1.4556426E-01 -1.6098824E-04
  1.0903991E-04 -1.4605114E-01 -1.6574882E-04
  1.1219086E-04 -1.4638011E-01 -1.7053850E-04
  1.1536108E-04 -1.4656613E-01 -1.7535746E-04
  1.1855067E-04 -1.4662324E-01 -1.8020588E-04
  1.2175977E-04 -1.4656454E-01 -1.8508395E-04
  1.2498849E-04 -1.4640221E-01 -1.8999184E-04
  1.2823694E-04 -1.4614752E-01 -1.9492974E-04
  1.3150526E-04 -1.4581087E-01 -1.9989782E-04
  1.3479356E-04 -1.4540183E-01 -2.0489628E-04
  1.3810196E-04 -1.4492918E-01 -2.0992530E-04
  1.4143059E-04 -1.4440093E-01 -2.1498506E-04
  1.4477957E-04 -1.4382441E-01 -2.2007576E-04
  1.4814902E-04 -1.4320627E-01 -2.2519759E-04
  1.5153908E-04 -1.4255257E-01 -2.3035072E-04
  1.5494986E-04 -1.4186878E-01 -2.3553536E-04
  1.5838149E-04 -1.4115986E-01 -2.4075170E-04
  1.6183410E-04 -1.4043028E-01 -2.4599993E-04
  1.6530783E-04 -1.3968405E-01 -2.5128025E-04
  1.6880279E-04 -1.3892479E-01 -2.5659285E-04
  1.7231911E-04 -1.3815575E-01 -2.6193793E-04
  1.7585694E-04 -1.3737982E-01 -2.6731569E-04
  1.7941639E-04 -1.3659959E-01 -2.7272633E-04
  1.8299761E-04 -1.3581736E-01 -2.7817004E-04
  1.8660072E-04 -1.3503518E-01 -2.8364704E-04
  1.9022586E-04 -1.3425485E-01 -2.8915752E-04
  1.9387316E-04 -1.3347798E-01 -2.9470170E-04
  1.9754277E-04 -1.3270597E-01 -3.0027977E-04
  2.0123480E-04 -1.3194005E-01 -3.0589194E-04
  2.0494941E-04 -1.3118132E-01 -3.1153842E-04
  2.0868673E-04 -1.3043069E-01 -3.1721943E-04
  2.1244690E-04 -1.2968898E-01 -3.2293517E-04
  2.1623006E-04 -1.2895689E-01 -3.2868585E-04
  2.2003635E-04 -1.2823500E-01 -3.3447169E-04
  2.2386591E-04 -1.2752382E-01 -3.4029291E-04
  2.2771888E-04 -1.2682376E-01 -3.4614971E-04
  2.3159540E-04 -1.2613517E-01 -3.5204232E-04
  2.3549563E-04 -1.2545833E-01 -3.5797096E-04
  2.3941970E-04 -1.2479345E-01 -3.6393584E-04
  2.4336777E-04 -1.2414070E-01 -3.6993719E-04
  2.4733997E-04 -1.2350021E-01 -3.7597524E-04
  2.5133646E-04 -1.2287205E-01 -3.8205019E-04
  2.5535738E-04 -1.2225627E-01 -3.8816229E-04
  2.5940288E-04 -1.2165287E-01 -3.9431176E-04
  2.6347312E-04 -1.2106185E-01 -4.0049882E-04
  2.6756824E-04 -1.2048314E-01 -4.0672371E-04
  2.7168839E-04 -1.1991671E-01 -4.1298666E-04
  2.7583374E-04 -1.1936245E-01 -4.1928790E-04
  2.8000443E-04 -1.1882027E-01 -4.2562766E-04
  2.8420062E-04 -1.1829005E-01 -4.3200618E-04
  2.8842247E-04 -1.1777168E-01 -4.3842370E-04
  2.9267012E-04 -1.1726501E-01 -4.4488046E-04
  2.9694375E-04 -1.1676989E-01 -4.5137669E-04
  3.0124350E-04 -1.1628619E-01 -4.5791263E-04
  3.0556954E-04 -1.1581373E-01 -4.6448854E-04
  3.0992203E-04 -1.1535235E-01 -4.7110465E-04
  3.1430113E-04 -1.1490189E-01 -4.7776121E-04
  3.1870701E-04 -1.1446218E-01 -4.8445846E-04
  3.2313981E-04 -1.1403304E-01 -4.9119666E-04
  3.2759972E-04 -1.1361430E-01 -4.9797606E-04
  3.3208690E-04 -1.1320579E-01 -5.0479690E-04
  3.3660151E-04 -1.1280733E-01 -5.1165945E-04
  3.4114373E-04 -1.1241875E-01 -5.1856395E-04
  3.4571371E-04 -1.1203988E-01 -5.2551067E-04
  3.5031163E-04 -1.1167053E-01 -5.3249985E-04
  3.5493766E-04 -1.1131055E-01 -5.3953177E-04
  3.5959198E-04 -1.1095976E-01 -5.4660667E-04
  3.6427475E-04 -1.1061799E-01 -5.5372484E-04
  3.6898615E-04 -1.1028508E-01 -5.6088652E-04
  3.7372635E-04 -1.0996087E-01 -5.6809198E-04
  3.7849554E-04 -1.0964519E-01 -5.7534150E-04
  3.8329388E-04 -1.0933789E-01 -5.8263534E-04
  3.8812156E-04 -1.0903881E-01 -5.8997377E-04
  3.9297876E-04 -1.0874780E-01 -5.9735707E-04
  3.9786565E-04 -1.0846471E-01 -6.0478551E-04
  4.0278242E-04 -1.0818939E-01 -6.1225936E-04
  4.0772924E-04 -1.0792171E-01 -6.1977891E-04
  4.1270632E-04 -1.0766151E-01 -6.2734443E-04
  4.1771382E-04 -1.0740867E-01 -6.3495621E-04
  4.2275193E-04 -1.0716304E-01 -6.4261452E-04
  4.2782085E-04 -1.0692450E-01 -6.5031965E-04
  4.3292076E-04 -1.0669291E-01 -6.5807189E-04
  4.3805184E-04 -1.0646816E-01 -6.6587153E-04
  4.4321430E-04 -1.0625011E-01 -6.7371885E-04
  4.4840832E-04 -1.0603865E-01 -6.8161415E-04
  4.5363410E-04 -1.0583366E-01 -6.8955771E-04
  4.5889182E-04 -1.0563502E-01 -6.9754985E-04
  4.6418169E-04 -1.0544263E-01 -7.0559084E-04
  4.6950390E-04 -1.0525637E-01 -7.1368100E-04
  4.7485865E-04 -1.0507614E-01 -7.2182062E-04
  4.8024613E-04 -1.0490184E-01 -7.3001000E-04
  4.8566656E-04 -1.0473336E-01 -7.3824945E-04
  4.9112012E-04 -1.0457060E-01 -7.4653927E-04
  4.9660703E-04 -1.0441348E-01 -7.5487978E-04
  5.0212748E-04 -1.0426189E-01 -7.6327127E-04
  5.0768168E-04 -1.0411574E-01 -7.7171408E-04
  5.1326984E-04 -1.0397495E-01 -7.8020850E-04
  5.1889216E-04 -1.0383943E-01 -7.8875485E-04
  5.2454886E-04 -1.0370910E-01 -7.9735345E-04
  5.3024014E-04 -1.0358386E-01 -8.0600462E-04
  5.3596622E-04 -1.0346365E-01 -8.1470869E-04
  5.4172731E-04 -1.0334839E-01 -8.2346597E-04
  5.4752361E-04 -1.0323799E-01 -8.3227678E-04
  5.5335536E-04 -1.0313239E-01 -8.4114147E-04
  5.5922276E-04 -1.0303151E-01 -8.5006035E-04
  5.6512603E-04 -1.0293528E-01 -8.5903377E-04
  5.7106539E-04 -1.0284364E-01 -8.6806204E-04
  5.7704106E-04 -1.0275651E-01 -8.7714551E-04
  5.8305327E-04 -1.0267384E-01 -8.8628451E-04
  5.8910223E-04 -1.0259556E-01 -8.9547939E-04
  5.9518818E-04 -1.0252161E-01 -9.0473048E-04
  6.0131134E-04 -1.0245192E-01 -9.1403814E-04
  6.0747193E-04 -1.0238645E-01 -9.2340269E-04
  6.1367018E-04 -1.0232513E-01 -9.3282450E-04
  6.1990633E-04 -1.0226791E-01 -9.4230392E-04
  6.2618061E-04 -1.0221473E-01 -9.5184128E-04
  6.3249325E-04 -1.0216555E-01 -9.6143696E-04
  6.3884448E-04 -1.0212031E-01 -9.7109131E-04
  6.4523454E-04 -1.0207896E-01 -9.8080467E-04
  6.5166366E-04 -1.0204146E-01 -9.9057743E-04
  6.5813210E-04 -1.0200775E-01 -1.0004099E-03
  6.6464008E-04 -1.0197780E-01 -1.0103025E-03
  6.7118785E-04 -1.0195155E-01 -1.0202556E-03
  6.7777565E-04 -1.0192897E-01 -1.0302696E-03
  6.8440373E-04 -1.0191001E-01 -1.0403448E-03
  6.9107233E-04 -1.0189463E-01 -1.0504815E-03
  6.9778170E-04 -1.0188280E-01 -1.0606803E-03
  7.0453209E-04 -1.0187446E-01 -1.0709414E-03
  7.1132375E-04 -1.0186959E-01 -1.0812652E-03
  7.1815693E-04 -1.0186815E-01 -1.0916521E-03
  7.2503189E-04 -1.0187011E-01 -1.1021026E-03
  7.3194888E-04 -1.0187542E-01 -1.1126169E-03
  7.3890816E-04 -1.0188405E-01 -1.1231956E-03
  7.4590999E-04 -1.0189598E-01 -1.1338389E-03
  7.5295462E-04 -1.0191116E-01 -1.1445472E-03
  7.6004233E-04 -1.0192957E-01 -1.1553211E-03
  7.6717337E-04 -1.0195118E-01 -1.1661608E-03
  7.7434800E-04 -1.0197596E-01 -1.1770668E-03
  7.8156650E-04 -1.0200388E-01 -1.1880394E-03
  7.8882913E-04 -1.0203491E-01 -1.1990792E-03
  7.9613617E-04 -1.0206903E-01 -1.2101864E-03
  8.0348788E-04 -1.0210620E-01 -1.2213615E-03
  8.1088453E-04 -1.0214641E-01 -1.2326050E-03
  8.1832641E-04 -1.0218963E-01 -1.2439172E-03
  8.2581378E-04 -1.0223583E-01 -1.2552986E-03
  8.3334693E-04 -1.0228499E-01 -1.2667495E-03
  8.4092614E-04 -1.0233709E-01 -1.2782705E-03
  8.4855168E-04 -1.0239210E-01 -1.2898619E-03
  8.5622384E-04 -1.0245001E-01 -1.3015241E-03
  8.6394292E-04 -1.0251080E-01 -1.3132577E-03
  8.7170918E-04 -1.0257444E-01 -1.3250630E-03
  8.7952292E-04 -1.0264091E-01 -1.3369405E-03
  8.8738444E-04 -1.0271019E-01 -1.3488906E-03
  8.9529402E-04 -1.0278228E-01 -1.3609137E-03
  9.0325196E-04 -1.0285714E-01 -1.3730104E-03
  9.1125855E-04 -1.0293476E-01 -1.3851810E-03
  9.1931409E-04 -1.0301512E-01 -1.3974260E-03
  9.2741888E-04 -1.0309822E-01 -1.4097459E-03
  9.3557322E-04 -1.0318402E-01 -1.4221411E-03
  9.4377742E-04 -1.0327252E-01 -1.4346121E-03
  9.5203177E-04 -1.0336371E-01 -1.4471593E-03
  9.6033659E-04 -1.0345756E-01 -1.4597832E-03
  9.6869218E-04 -1.0355406E-01 -1.4724844E-03
  9.7709886E-04 -1.0365321E-01 -1.4852631E-03
  9.8555694E-04 -1.0375498E-01 -1.4981200E-03
  9.9406672E-04 -1.0385937E-01 -1.5110555E-03
  1.0026285E-03 -1.0396635E-01 -1.5240701E-03
  1.0112427E-03 -1.0407593E-01 -1.5371643E-03
  1.0199095E-03 -1.0418809E-01 -1.5503385E-03
  1.0286293E-03 -1.0430282E-01 -1.5635933E-03
  1.0374024E-03 -1.0442010E-01 -1.5769291E-03
  1.0462292E-03 -1.0453993E-01 -1.5903464E-03
  1.0551099E-03 -1.0466230E-01 -1.6038457E-03
  1.0640449E-03 -1.0478719E-01 -1.6174276E-03
  1.0730346E-03 -1.0491461E-01 -1.6310926E-03
  1.0820792E-03 -1.0504454E-01 -1.6448410E-03
  1.0911791E-03 -1.0517696E-01 -1.6586736E-03
  1.1003346E-03 -1.0531189E-01 -1.6725906E-03
  1.1095461E-03 -1.0544930E-01 -1.6865928E-03
  1.1188140E-03 -1.0558919E-01 -1.7006806E-03
  1.1281385E-03 -1.0573155E-01 -1.7148545E-03
  1.1375200E-03 -1.0587637E-01 -1.7291151E-03
  1.1469588E-03 -1.0602366E-01 -1.7434629E-03
  1.1564554E-03 -1.0617339E-01 -1.7578983E-03
  1.1660100E-03 -1.0632558E-01 -1.7724221E-03
  1.1756230E-03 -1.0648020E-01 -1.7870346E-03
  1.1852948E-03 -1.0663727E-01 -1.8017365E-03
  1.1950258E-03 -1.0679676E-01 -1.8165282E-03
  1.2048162E-03 -1.0695868E-01 -1.8314104E-03
  1.2146665E-03 -1.0712302E-01 -1.8463836E-03
  1.2245770E-03 -1.0728979E-01 -1.8614483E-03
  1.2345481E-03 -1.0745896E-01 -1.8766051E-03
  1.2445802E-03 -1.0763055E-01 -1.8918546E-03
  1.2546736E-03 -1.0780454E-01 -1.9071973E-03
  1.2648287E-03 -1.0798094E-01 -1.9226338E-03
  1.2750459E-03 -1.0815974E-01 -1.9381647E-03
  1.2853255E-03 -1.0834094E-01 -1.9537905E-03
  1.2956680E-03 -1.0852453E-01 -1.9695119E-03
  1.3060738E-03 -1.0871052E-01 -1.9853294E-03
  1.3165431E-03 -1.0889890E-01 -2.0012436E-03
  1.3270765E-03 -1.0908967E-01 -2.0172551E-03
  1.3376743E-03 -1.0928283E-01 -2.0333644E-03
  1.3483368E-03 -1.0947838E-01 -2.0495723E-03
  1.3590646E-03 -1.0967632E-01 -2.0658793E-03
  1.3698579E-03 -1.0987664E-01 -2.0822859E-03
  1.3807172E-03 -1.1007935E-01 -2.0987929E-03
  1.3916429E-03 -1.1028444E-01 -2.1154008E-03
  1.4026354E-03 -1.1049191E-01 -2.1321102E-03
  1.4136951E-03 -1.1070178E-01 -2.1489218E-03
  1.4248225E-03 -1.1091402E-01 -2.1658361E-03
  1.4360178E-03 -1.1112866E-01 -2.1828539E-03
  1.4472816E-03 -1.1134568E-01 -2.1999757E-03
  1.4586143E-03 -1.1156508E-01 -2.2172022E-03
  1.4700162E-03 -1.1178687E-01 -2.2345340E-03
  1.4814879E-03 -1.1201106E-01 -2.2519718E-03
  1.4930297E-03 -1.1223763E-01 -2.2695162E-03
  1.5046421E-03 -1.1246659E-01 -2.2871678E-03
  1.5163254E-03 -1.1269795E-01 -2.3049274E-03
  1.5280802E-03 -1.1293170E-01 -2.3227956E-03
  1.5399069E-03 -1.1316785E-01 -2.3407729E-03
  1.5518058E-03 -1.1340640E-01 -2.3588602E-03
  1.5637776E-03 -1.1364735E-01 -2.3770581E-03
  1.5758225E-03 -1.1389071E-01 -2.3953672E-03
  1.5879410E-03 -1.1413647E-01 -2.4137883E-03
  1.6001336E-03 -1.1438464E-01 -2.4323220E-03
  1.6124008E-03 -1.1463523E-01 -2.4509690E-03
  1.6247430E-03 -1.1488823E-01 -2.4697300E-03
  1.6371606E-03 -1.1514365E-01 -2.4886057E-03
  1.6496542E-03 -1.1540149E-01 -2.5075968E-03
  1.6622241E-03 -1.1566176E-01 -2.5267041E-03
  1.6748709E-03 -1.1592447E-01 -2.5459281E-03
  1.6875950E-03 -1.1618960E-01 -2.5652697E-03
  1.7003969E-03 -1.1645717E-01 -2.5847295E-03
  1.7132770E-03 -1.1672719E-01 -2.6043083E-03
  1.7262359E-03 -1.1699965E-01 -2.6240068E-03
  1.7392741E-03 -1.1727457E-01 -2.6438257E-03
  1.7523919E-03 -1.1755194E-01 -2.6637658E-03
  1.7655900E-03 -1.1783177E-01 -2.6838278E-03
  1.7788687E-03 -1.1811406E-01 -2.7040124E-03
  1.7922286E-03 -1.1839883E-01 -2.7243205E-03
  1.8056702E-03 -1.1868607E-01 -2.7447527E-03
  1.8191940E-03 -1.1897580E-01 -2.7653098E-03
  1.8328005E-03 -1.1926801E-01 -2.7859927E-03
  1.8464901E-03 -1.1956271E-01 -2.8068019E-03
  1.8602635E-03 -1.1985992E-01 -2.8277384E-03
  1.8741210E-03 -1.2015962E-01 -2.8488029E-03
  1.8880633E-03 -1.2046184E-01 -2.8699962E-03
  1.9020908E-03 -1.2076657E-01 -2.8913190E-03
  1.9162041E-03 -1.2107383E-01 -2.9127722E-03
  1.9304036E-03 -1.2138361E-01 -2.9343566E-03
  1.9446900E-03 -1.2169593E-01 -2.9560729E-03
  1.9590637E-03 -1.2201079E-01 -2.9779220E-03
  1.9735253E-03 -1.2232820E-01 -2.9999047E-03
  1.9880753E-03 -1.2264817E-01 -3.0220218E-03
  2.0027143E-03 -1.2297069E-01 -3.0442741E-03
  2.0174428E-03 -1.2329579E-01 -3.0666624E-03
  2.0322613E-03 -1.2362347E-01 -3.0891876E-03
  2.0471704E-03 -1.2395372E-01 -3.1118505E-03
  2.0621706E-03 -1.2428657E-01 -3.1346520E-03
  2.0772626E-03 -1.2462202E-01 -3.1575929E-03
  2.0924469E-03 -1.2496008E-01 -3.1806741E-03
  2.1077239E-03 -1.2530075E-01 -3.2038963E-03
  2.1230944E-03 -1.2564404E-01 -3.2272605E-03
  2.1385588E-03 -1.2598996E-01 -3.2507676E-03
  2.1541178E-03 -1.2633852E-01 -3.2744184E-03
  2.1697719E-03 -1.2668973E-01 -3.2982138E-03
  2.1855218E-03 -1.2704359E-01 -3.3221547E-03
  2.2013679E-03 -1.2740012E-01 -3.3462419E-03
  2.2173109E-03 -1.2775932E-01 -3.3704764E-03
  2.2333513E-03 -1.2812120E-01 -3.3948591E-03
  2.2494899E-03 -1.2848577E-01 -3.4193908E-03
  2.2657270E-03 -1.2885304E-01 -3.4440725E-03
  2.2820635E-03 -1.2922301E-01 -3.4689051E-03
  2.2984999E-03 -1.2959571E-01 -3.4938895E-03
  2.3150367E-03 -1.2997112E-01 -3.5190267E-03
  2.3316746E-03 -1.3034928E-01 -3.5443176E-03
  2.3484143E-03 -1.3073018E-01 -3.5697631E-03
  2.3652563E-03 -1.3111383E-01 -3.5953641E-03
  2.3822013E-03 -1.3150024E-01 -3.6211217E-03
  2.3992498E-03 -1.3188943E-01 -3.6470367E-03
  2.4164026E-03 -1.3228140E-01 -3.6731102E-03
  2.4336603E-03 -1.3267617E-01 -3.6993431E-03
  2.4510235E-03 -1.3307374E-01 -3.7257364E-03
  2.4684928E-03 -1.3347412E-01 -3.7522910E-03
  2.4860689E-03 -1.3387732E-01 -3.7790080E-03
  2.5037525E-03 -1.3428336E-01 -3.8058883E-03
  2.5215442E-03 -1.3469224E-01 -3.8329330E-03
  2.5394447E-03 -1.3510398E-01 -3.8601430E-03
  2.5574546E-03 -1.3551858E-01 -3.8875194E-03
  2.5755747E-03 -1.3593606E-01 -3.9150631E-03
  2.5938055E-03 -1.3635642E-01 -3.9427752E-03
  2.6121477E-03 -1.3677969E-01 -3.9706568E-03
  2.6306021E-03 -1.3720586E-01 -3.9987088E-03
  2.6491694E-03 -1.3763495E-01 -4.0269323E-03
  2.6678501E-03 -1.3806697E-01 -4.0553284E-03
  2.6866451E-03 -1.3850193E-01 -4.0838981E-03
  2.7055550E-03 -1.3893985E-01 -4.1126424E-03
  2.7245804E-03 -1.3938073E-01 -4.1415625E-03
  2.7437222E-03 -1.3982459E-01 -4.1706594E-03
  2.7629811E-03 -1.4027143E-01 -4.1999342E-03
  2.7823576E-03 -1.4072128E-01 -4.2293880E-03
  2.8018527E-03 -1.4117414E-01 -4.2590218E-03
  2.8214669E-03 -1.4163002E-01 -4.2888368E-03
  2.8412010E-03 -1.4208893E-01 -4.3188341E-03
  2.8610558E-03 -1.4255090E-01 -4.3490148E-03
  2.8810320E-03 -1.4301592E-01 -4.3793800E-03
  2.9011303E-03 -1.4348402E-01 -4.4099308E-03
  2.9213515E-03 -1.4395520E-01 -4.4406685E-03
  2.9416963E-03 -1.4442948E-01 -4.4715940E-03
  2.9621655E-03 -1.4490686E-01 -4.5027086E-03
  2.9827599E-03 -1.4538737E-01 -4.5340135E-03
  3.0034801E-03 -1.4587101E-01 -4.5655097E-03
  3.0243270E-03 -1.4635780E-01 -4.5971985E-03
  3.0453014E-03 -1.4684775E-01 -4.6290810E-03
  3.0664040E-03 -1.4734088E-01 -4.6611585E-03
  3.0876357E-03 -1.4783719E-01 -4.6934321E-03
  3.1089971E-03 -1.4833670E-01 -4.7259030E-03
  3.1304892E-03 -1.4883942E-01 -4.7585724E-03
  3.1521126E-03 -1.4934537E-01 -4.7914415E-03
  3.1738682E-03 -1.4985456E-01 -4.8245116E-03
  3.1957569E-03 -1.5036700E-01 -4.8577838E-03
  3.2177794E-03 -1.5088271E-01 -4.8912595E-03
  3.2399365E-03 -1.5140170E-01 -4.9249399E-03
  3.2622290E-03 -1.5192398E-01 -4.9588261E-03
  3.2846579E-03 -1.5244957E-01 -4.9929196E-03
  3.3072239E-03 -1.5297848E-01 -5.0272214E-03
  3.3299278E-03 -1.5351073E-01 -5.0617330E-03
  3.3527706E-03 -1.5404633E-01 -5.0964556E-03
  3.3757530E-03 -1.5458529E-01 -5.1313905E-03
  3.3988760E-03 -1.5512763E-01 -5.1665389E-03
  3.4221402E-03 -1.5567336E-01 -5.2019022E-03
  3.4455468E-03 -1.5622250E-01 -5.2374818E-03
  3.4690964E-03 -1.5677506E-01 -5.2732788E-03
  3.4927900E-03 -1.5733105E-01 -5.3092947E-03
  3.5166285E-03 -1.5789050E-01 -5.3455308E-03
  3.5406127E-03 -1.5845341E-01 -5.3819885E-03
  3.5647435E-03 -1.5901980E-01 -5.4186690E-03
  3.5890219E-03 -1.5958968E-01 -5.4555738E-03
  3.6134487E-03 -1.6016308E-01 -5.4927042E-03
  3.6380249E-03 -1.6074000E-01 -5.5300616E-03
  3.6627513E-03 -1.6132046E-01 -5.5676474E-03
  3.6876288E-03 -1.6190447E-01 -5.6054630E-03
  3.7126585E-03 -1.6249206E-01 -5.6435098E-03
  3.7378412E-03 -1.6308323E-01 -5.6817892E-03
  3.7631779E-03 -1.6367800E-01 -5.7203027E-03
  3.7886694E-03 -1.6427639E-01 -5.7590516E-03
  3.8143168E-03 -1.6487841E-01 -5.7980374E-03
  3.8401210E-03 -1.6548408E-01 -5.8372615E-03
  3.8660830E-03 -1.6609341E-01 -5.8767254E-03
  3.8922037E-03 -1.6670642E-01 -5.9164307E-03
  3.9184841E-03 -1.6732313E-01 -5.9563786E-03
  3.9449252E-03 -1.6794355E-01 -5.9965708E-03
  3.9715279E-03 -1.6856769E-01 -6.0370087E-03
  3.9982933E-03 -1.6919558E-01 -6.0776939E-03
  4.0252223E-03 -1.6982723E-01 -6.1186278E-03
  4.0523159E-03 -1.7046265E-01 -6.1598119E-03
  4.0795752E-03 -1.7110187E-01 -6.2012478E-03
  4.1070011E-03 -1.7174489E-01 -6.2429371E-03
  4.1345947E-03 -1.7239174E-01 -6.2848812E-03
  4.1623571E-03 -1.7304243E-01 -6.3270818E-03
  4.1902891E-03 -1.7369698E-01 -6.3695403E-03
  4.2183919E-03 -1.7435540E-01 -6.4122585E-03
  4.2466666E-03 -1.7501771E-01 -6.4552378E-03
  4.2751141E-03 -1.7568394E-01 -6.4984799E-03
  4.3037355E-03 -1.7635408E-01 -6.5419863E-03
  4.3325319E-03 -1.7702817E-01 -6.5857587E-03
  4.3615044E-03 -1.7770622E-01 -6.6297988E-03
  4.3906540E-03 -1.7838824E-01 -6.6741080E-03
  4.4199818E-03 -1.7907426E-01 -6.7186882E-03
  4.4494889E-03 -1.7976429E-01 -6.7635410E-03
  4.4791764E-03 -1.8045834E-01 -6.8086679E-03
  4.5090454E-03 -1.8115644E-01 -6.8540707E-03
  4.5390971E-03 -1.8185860E-01 -6.8997512E-03
  4.5693324E-03 -1.8256485E-01 -6.9457109E-03
  4.5997527E-03 -1.8327519E-01 -6.9919515E-03
  4.6303588E-03 -1.8398964E-01 -7.0384749E-03
  4.6611522E-03 -1.8470823E-01 -7.0852827E-03
  4.6921337E-03 -1.8543097E-01 -7.1323767E-03
  4.7233047E-03 -1.8615787E-01 -7.1797586E-03
  4.7546663E-03 -1.8688897E-01 -7.2274302E-03
  4.7862196E-03 -1.8762426E-01 -7.2753932E-03
  4.8179658E-03 -1.8836378E-01 -7.3236494E-03
  4.8499061E-03 -1.8910754E-01 -7.3722007E-03
  4.8820417E-03 -1.8985556E-01 -7.4210488E-03
  4.9143738E-03 -1.9060785E-01 -7.4701955E-03
  4.9469035E-03 -1.9136444E-01 -7.5196428E-03
  4.9796321E-03 -1.9212534E-01 -7.5693923E-03
  5.0125608E-03 -1.9289058E-01 -7.6194459E-03
  5.0456908E-03 -1.9366016E-01 -7.6698056E-03
  5.0790234E-03 -1.9443411E-01 -7.7204732E-03
  5.1125597E-03 -1.9521245E-01 -7.7714505E-03
  5.1463011E-03 -1.9599519E-01 -7.8227395E-03
  5.1802488E-03 -1.9678236E-01 -7.8743420E-03
  5.2144040E-03 -1.9757397E-01 -7.9262601E-03
  5.2487680E-03 -1.9837004E-01 -7.9784955E-03
  5.2833422E-03 -1.9917059E-01 -8.0310503E-03
  5.3181277E-03 -1.9997563E-01 -8.0839264E-03
  5.3531259E-03 -2.0078520E-01 -8.1371257E-03
  5.3883380E-03 -2.0159930E-01 -8.1906503E-03
  5.4237655E-03 -2.0241796E-01 -8.2445022E-03
  5.4594095E-03 -2.0324120E-01 -8.2986832E-03
  5.4952714E-03 -2.0406902E-01 -8.3531955E-03
  5.5313526E-03 -2.0490147E-01 -8.4080411E-03
  5.5676544E-03 -2.0573854E-01 -8.4632220E-03
  5.6041782E-03 -2.0658026E-01 -8.5187402E-03
  5.6409252E-03 -2.0742666E-01 -8.5745979E-03
  5.6778969E-03 -2.0827774E-01 -8.6307971E-03
  5.7150947E-03 -2.0913353E-01 -8.6873398E-03
  5.7525198E-03 -2.0999406E-01 -8.7442282E-03
  5.7901738E-03 -2.1085933E-01 -8.8014644E-03
  5.8280579E-03 -2.1172937E-01 -8.8590505E-03
  5.8661737E-03 -2.1260419E-01 -8.9169887E-03
  5.9045226E-03 -2.1348382E-01 -8.9752811E-03
  5.9431058E-03 -2.1436828E-01 -9.0339299E-03
  5.9819250E-03 -2.1525759E-01 -9.0929373E-03
  6.0209815E-03 -2.1615176E-01 -9.1523054E-03
  6.0602768E-03 -2.1705081E-01 -9.2120364E-03
  6.0998123E-03 -2.1795477E-01 -9.2721326E-03
  6.1395895E-03 -2.1886366E-01 -9.3325963E-03
  6.1796100E-03 -2.1977749E-01 -9.3934295E-03
  6.2198751E-03 -2.2069629E-01 -9.4546347E-03
  6.2603863E-03 -2.2162007E-01 -9.5162141E-03
  6.3011453E-03 -2.2254885E-01 -9.5781699E-03
  6.3421534E-03 -2.2348266E-01 -9.6405046E-03
  6.3834123E-03 -2.2442151E-01 -9.7032203E-03
  6.4249234E-03 -2.2536543E-01 -9.7663194E-03
  6.4666883E-03 -2.2631443E-01 -9.8298043E-03
  6.5087085E-03 -2.2726854E-01 -9.8936773E-03
  6.5509857E-03 -2.2822777E-01 -9.9579408E-03
  6.5935213E-03 -2.2919215E-01 -1.0022597E-02
  6.6363169E-03 -2.3016169E-01 -1.0087649E-02
  6.6793743E-03 -2.3113642E-01 -1.0153098E-02
  6.7226948E-03 -2.3211635E-01 -1.0218948E-02
  6.7662802E-03 -2.3310150E-01 -1.0285200E-02
  6.8101321E-03 -2.3409191E-01 -1.0351857E-02
  6.8542521E-03 -2.3508757E-01 -1.0418922E-02
  6.8986418E-03 -2.3608853E-01 -1.0486396E-02
  6.9433029E-03 -2.3709479E-01 -1.0554283E-02
  6.9882370E-03 -2.3810638E-01 -1.0622586E-02
  7.0334459E-03 -2.3912331E-01 -1.0691305E-02
  7.0789312E-03 -2.4014561E-01 -1.0760445E-02
  7.1246945E-03 -2.4117330E-01 -1.0830008E-02
  7.1707377E-03 -2.4220639E-01 -1.0899996E-02
  7.2170623E-03 -2.4324492E-01 -1.0970411E-02
  7.2636702E-03 -2.4428889E-01 -1.1041257E-02
  7.3105630E-03 -2.4533833E-01 -1.1112537E-02
  7.3577425E-03 -2.4639326E-01 -1.1184252E-02
  7.4052105E-03 -2.4745370E-01 -1.1256405E-02
  7.4529686E-03 -2.4851967E-01 -1.1329000E-02
  7.5010188E-03 -2.4959119E-01 -1.1402039E-02
  7.5493627E-03 -2.5066827E-01 -1.1475524E-02
  7.5980021E-03 -2.5175095E-01 -1.1549458E-02
  7.6469390E-03 -2.5283924E-01 -1.1623844E-02
  7.6961750E-03 -2.5393316E-01 -1.1698685E-02
  7.7457121E-03 -2.5503273E-01 -1.1773984E-02
  7.7955520E-03 -2.5613798E-01 -1.1849742E-02
  7.8456966E-03 -2.5724891E-01 -1.1925964E-02
  7.8961478E-03 -2.5836556E-01 -1.2002652E-02
  7.9469074E-03 -2.5948794E-01 -1.2079809E-02
  7.9979774E-03 -2.6061607E-01 -1.2157438E-02
  8.0493596E-03 -2.6174998E-01 -1.2235541E-02
  8.1010560E-03 -2.6288967E-01 -1.2314122E-02
  8.1530684E-03 -2.6403518E-01 -1.2393183E-02
  8.2053988E-03 -2.6518653E-01 -1.2472727E-02
  8.2580491E-03 -2.6634372E-01 -1.2552758E-02
  8.3110213E-03 -2.6750679E-01 -1.2633278E-02
  8.3643174E-03 -2.6867576E-01 -1.2714290E-02
  8.4179393E-03 -2.6985063E-01 -1.2795797E-02
  8.4718891E-03 -2.7103144E-01 -1.2877803E-02
  8.5261687E-03 -2.7221820E-01 -1.2960310E-02
  8.5807802E-03 -2.7341094E-01 -1.3043321E-02
  8.6357255E-03 -2.7460966E-01 -1.3126840E-02
  8.6910068E-03 -2.7581440E-01 -1.3210870E-02
  8.7466260E-03 -2.7702517E-01 -1.3295413E-02
  8.8025853E-03 -2.7824200E-01 -1.3380473E-02
  8.8588867E-03 -2.7946489E-01 -1.3466054E-02
  8.9155323E-03 -2.8069388E-01 -1.3552157E-02
  8.9725242E-03 -2.8192897E-01 -1.3638787E-02
  9.0298646E-03 -2.8317020E-01 -1.3725946E-02
  9.0875556E-03 -2.8441757E-01 -1.3813638E-02
  9.1455992E-03 -2.8567112E-01 -1.3901866E-02
  9.2039977E-03 -2.8693085E-01 -1.3990634E-02
  9.2627533E-03 -2.8819679E-01 -1.4079944E-02
  9.3218681E-03 -2.8946895E-01 -1.4169801E-02
  9.3813442E-03 -2.9074737E-01 -1.4260206E-02
  9.4411841E-03 -2.9203204E-01 -1.4351165E-02
  9.5013897E-03 -2.9332300E-01 -1.4442679E-02
  9.5619635E-03 -2.9462026E-01 -1.4534753E-02
  9.6229075E-03 -2.9592384E-01 -1.4627390E-02
  9.6842242E-03 -2.9723377E-01 -1.4720593E-02
  9.7459158E-03 -2.9855005E-01 -1.4814366E-02
  9.8079845E-03 -2.9987270E-01 -1.4908712E-02
  9.8704327E-03 -3.0120176E-01 -1.5003635E-02
  9.9332627E-03 -3.0253722E-01 -1.5099138E-02
  9.9964768E-03 -3.0387912E-01 -1.5195225E-02
  1.0060077E-02 -3.0522747E-01 -1.5291899E-02
  1.0124067E-02 -3.0658229E-01 -1.5389165E-02
  1.0188448E-02 -3.0794359E-01 -1.5487025E-02
  1.0253222E-02 -3.0931139E-01 -1.5585483E-02
  1.0318392E-02 -3.1068572E-01 -1.5684543E-02
  1.0383961E-02 -3.1206659E-01 -1.5784209E-02
  1.0449930E-02 -3.1345401E-01 -1.5884484E-02
  1.0516303E-02 -3.1484801E-01 -1.5985372E-02
  1.0583082E-02 -3.1624860E-01 -1.6086877E-02
  1.0650269E-02 -3.1765579E-01 -1.6189003E-02
  1.0717867E-02 -3.1906962E-01 -1.6291753E-02
  1.0785878E-02 -3.2049008E-01 -1.6395130E-02
  1.0854305E-02 -3.2191720E-01 -1.6499140E-02
  1.0923150E-02 -3.2335100E-01 -1.6603786E-02
  1.0992416E-02 -3.2479149E-01 -1.6709071E-02
  1.1062105E-02 -3.2623869E-01 -1.6815001E-02
  1.1132221E-02 -3.2769262E-01 -1.6921577E-02
  1.1202765E-02 -3.2915328E-01 -1.7028805E-02
  1.1273741E-02 -3.3062070E-01 -1.7136689E-02
  1.1345150E-02 -3.3209489E-01 -1.7245232E-02
  1.1416996E-02 -3.3357587E-01 -1.7354439E-02
  1.1489282E-02 -3.3506365E-01 -1.7464313E-02
  1.1562009E-02 -3.3655825E-01 -1.7574859E-02
  1.1635181E-02 -3.3805969E-01 -1.7686081E-02
  1.1708800E-02 -3.3956797E-01 -1.7797983E-02
  1.1782870E-02 -3.4108311E-01 -1.7910569E-02
  1.1857392E-02 -3.4260514E-01 -1.8023843E-02
  1.1932370E-02 -3.4413405E-01 -1.8137810E-02
  1.2007806E-02 -3.4566987E-01 -1.8252473E-02
  1.2083703E-02 -3.4721260E-01 -1.8367837E-02
  1.2160065E-02 -3.4876228E-01 -1.8483907E-02
  1.2236893E-02 -3.5031889E-01 -1.8600686E-02
  1.2314191E-02 -3.5188247E-01 -1.8718179E-02
  1.2391962E-02 -3.5345302E-01 -1.8836390E-02
  1.2470208E-02 -3.5503056E-01 -1.8955324E-02
  1.2548932E-02 -3.5661510E-01 -1.9074985E-02
  1.2628138E-02 -3.5820664E-01 -1.9195377E-02
  1.2707828E-02 -3.5980521E-01 -1.9316505E-02
  1.2788005E-02 -3.6141082E-01 -1.9438374E-02
  1.2868673E-02 -3.6302347E-01 -1.9560988E-02
  1.2949833E-02 -3.6464318E-01 -1.9684351E-02
  1.3031490E-02 -3.6626997E-01 -1.9808469E-02
  1.3113646E-02 -3.6790383E-01 -1.9933345E-02
  1.3196304E-02 -3.6954478E-01 -2.0058985E-02
  1.3279468E-02 -3.7119284E-01 -2.0185392E-02
  1.3363140E-02 -3.7284801E-01 -2.0312573E-02
  1.3447324E-02 -3.7451030E-01 -2.0440530E-02
  1.3532022E-02 -3.7617973E-01 -2.0569271E-02
  1.3617238E-02 -3.7785629E-01 -2.0698798E-02
  1.3702975E-02 -3.7954001E-01 -2.0829116E-02
  1.3789237E-02 -3.8123089E-01 -2.0960232E-02
  1.3876025E-02 -3.8292893E-01 -2.1092149E-02
  1.3963345E-02 -3.8463416E-01 -2.1224872E-02
  1.4051198E-02 -3.8634656E-01 -2.1358407E-02
  1.4139588E-02 -3.8806616E-01 -2.1492758E-02
  1.4228519E-02 -3.8979296E-01 -2.1627930E-02
  1.4317993E-02 -3.9152697E-01 -2.1763929E-02
  1.4408015E-02 -3.9326819E-01 -2.1900759E-02
  1.4498587E-02 -3.9501663E-01 -2.2038425E-02
  1.4589712E-02 -3.9677230E-01 -2.2176933E-02
  1.4681395E-02 -3.9853520E-01 -2.2316288E-02
  1.4773638E-02 -4.0030534E-01 -2.2456494E-02
  1.4866445E-02 -4.0208272E-01 -2.2597558E-02
  1.4959820E-02 -4.0386734E-01 -2.2739484E-02
  1.5053765E-02 -4.0565922E-01 -2.2882277E-02
  1.5148285E-02 -4.0745836E-01 -2.3025944E-02
  1.5243382E-02 -4.0926475E-01 -2.3170488E-02
  1.5339061E-02 -4.1107841E-01 -2.3315916E-02
  1.5435325E-02 -4.1289933E-01 -2.3462233E-02
  1.5532178E-02 -4.1472752E-01 -2.3609445E-02
  1.5629623E-02 -4.1656299E-01 -2.3757556E-02
  1.5727663E-02 -4.1840572E-01 -2.3906573E-02
  1.5826303E-02 -4.2025573E-01 -2.4056500E-02
  1.5925546E-02 -4.2211301E-01 -2.4207344E-02
  1.6025395E-02 -4.2397756E-01 -2.4359110E-02
  1.6125856E-02 -4.2584940E-01 -2.4511804E-02
  1.6226930E-02 -4.2772850E-01 -2.4665431E-02
  1.6328622E-02 -4.2961488E-01 -2.4819998E-02
  1.6430936E-02 -4.3150854E-01 -2.4975509E-02
  1.6533875E-02 -4.3340946E-01 -2.5131971E-02
  1.6637444E-02 -4.3531766E-01 -2.5289389E-02
  1.6741646E-02 -4.3723312E-01 -2.5447769E-02
  1.6846485E-02 -4.3915584E-01 -2.5607117E-02
  1.6951966E-02 -4.4108583E-01 -2.5767440E-02
  1.7058091E-02 -4.4302307E-01 -2.5928742E-02
  1.7164864E-02 -4.4496756E-01 -2.6091031E-02
  1.7272291E-02 -4.4691930E-01 -2.6254311E-02
  1.7380374E-02 -4.4887828E-01 -2.6418590E-02
  1.7489118E-02 -4.5084450E-01 -2.6583872E-02
  1.7598527E-02 -4.5281794E-01 -2.6750165E-02
  1.7708605E-02 -4.5479861E-01 -2.6917475E-02
  1.7819356E-02 -4.5678649E-01 -2.7085807E-02
  1.7930784E-02 -4.5878158E-01 -2.7255168E-02
  1.8042893E-02 -4.6078387E-01 -2.7425564E-02
  1.8155688E-02 -4.6279335E-01 -2.7597002E-02
  1.8269172E-02 -4.6481001E-01 -2.7769487E-02
  1.8383350E-02 -4.6683384E-01 -2.7943027E-02
  1.8498226E-02 -4.6886482E-01 -2.8117628E-02
  1.8613805E-02 -4.7090296E-01 -2.8293296E-02
  1.8730090E-02 -4.7294823E-01 -2.8470038E-02
  1.8847086E-02 -4.7500062E-01 -2.8647860E-02
  1.8964797E-02 -4.7706012E-01 -2.8826768E-02
  1.9083228E-02 -4.7912672E-01 -2.9006771E-02
  1.9202383E-02 -4.8120041E-01 -2.9187874E-02
  1.9322267E-02 -4.8328116E-01 -2.9370083E-02
  1.9442883E-02 -4.8536896E-01 -2.9553406E-02
  1.9564237E-02 -4.8746380E-01 -2.9737850E-02
  1.9686333E-02 -4.8956566E-01 -2.9923421E-02
  1.9809175E-02 -4.9167452E-01 -3.0110127E-02
  1.9932769E-02 -4.9379036E-01 -3.0297973E-02
  2.0057118E-02 -4.9591317E-01 -3.0486968E-02
  2.0182227E-02 -4.9804293E-01 -3.0677118E-02
  2.0308101E-02 -5.0017961E-01 -3.0868430E-02
  2.0434744E-02 -5.0232319E-01 -3.1060912E-02
  2.0562162E-02 -5.0447367E-01 -3.1254569E-02
  2.0690359E-02 -5.0663100E-01 -3.1449411E-02
  2.0819340E-02 -5.0879517E-01 -3.1645443E-02
  2.0949109E-02 -5.1096615E-01 -3.1842674E-02
  2.1079672E-02 -5.1314393E-01 -3.2041110E-02
  2.1211033E-02 -5.1532847E-01 -3.2240759E-02
  2.1343197E-02 -5.1751976E-01 -3.2441628E-02
  2.1476169E-02 -5.1971775E-01 -3.2643725E-02
  2.1609954E-02 -5.2192244E-01 -3.2847057E-02
  2.1744556E-02 -5.2413378E-01 -3.3051631E-02
  2.1879982E-02 -5.2635175E-01 -3.3257456E-02
  2.2016236E-02 -5.2857632E-01 -3.3464539E-02
  2.2153323E-02 -5.3080747E-01 -3.3672888E-02
  2.2291248E-02 -5.3304515E-01 -3.3882510E-02
  2.2430016E-02 -5.3528934E-01 -3.4093413E-02
  2.2569632E-02 -5.3754000E-01 -3.4305605E-02
  2.2710103E-02 -5.3979710E-01 -3.4519094E-02
  2.2851432E-02 -5.4206061E-01 -3.4733888E-02
  2.2993625E-02 -5.4433049E-01 -3.4949994E-02
  2.3136687E-02 -5.4660671E-01 -3.5167422E-02
  2.3280624E-02 -5.4888922E-01 -3.5386178E-02
  2.3425441E-02 -5.5117799E-01 -3.5606271E-02
  2.3571143E-02 -5.5347299E-01 -3.5827709E-02
  2.3717737E-02 -5.5577416E-01 -3.6050500E-02
  2.3865226E-02 -5.5808148E-01 -3.6274653E-02
  2.4013617E-02 -5.6039489E-01 -3.6500176E-02
  2.4162915E-02 -5.6271437E-01 -3.6727078E-02
  2.4313127E-02 -5.6503986E-01 -3.6955365E-02
  2.4464256E-02 -5.6737132E-01 -3.7185048E-02
  2.4616310E-02 -5.6970870E-01 -3.7416135E-02
  2.4769293E-02 -5.7205196E-01 -3.7648634E-02
  2.4923211E-02 -5.7440106E-01 -3.7882554E-02
  2.5078070E-02 -5.7675594E-01 -3.8117903E-02
  2.5233877E-02 -5.7911655E-01 -3.8354691E-02
  2.5390635E-02 -5.8148285E-01 -3.8592925E-02
  2.5548353E-02 -5.8385478E-01 -3.8832616E-02
  2.5707034E-02 -5.8623230E-01 -3.9073771E-02
  2.5866685E-02 -5.8861534E-01 -3.9316400E-02
  2.6027313E-02 -5.9100386E-01 -3.9560512E-02
  2.6188923E-02 -5.9339780E-01 -3.9806115E-02
  2.6351520E-02 -5.9579711E-01 -4.0053220E-02
  2.6515112E-02 -5.9820172E-01 -4.0301834E-02
  2.6679704E-02 -6.0061158E-01 -4.0551968E-02
  2.6845302E-02 -6.0302664E-01 -4.0803630E-02
  2.7011913E-02 -6.0544682E-01 -4.1056830E-02
  2.7179542E-02 -6.0787207E-01 -4.1311577E-02
  2.7348197E-02 -6.1030232E-01 -4.1567881E-02
  2.7517882E-02 -6.1273752E-01 -4.1825751E-02
  2.7688605E-02 -6.1517760E-01 -4.2085197E-02
  2.7860371E-02 -6.1762248E-01 -4.2346229E-02
  2.8033188E-02 -6.2007212E-01 -4.2608855E-02
  2.8207061E-02 -6.2252643E-01 -4.2873086E-02
  2.8381997E-02 -6.2498534E-01 -4.3138932E-02
  2.8558003E-02 -6.2744880E-01 -4.3406402E-02
  2.8735084E-02 -6.2991672E-01 -4.3675507E-02
  2.8913249E-02 -6.3238903E-01 -4.3946255E-02
  2.9092502E-02 -6.3486566E-01 -4.4218659E-02
  2.9272852E-02 -6.3734654E-01 -4.4492726E-02
  2.9454304E-02 -6.3983159E-01 -4.4768469E-02
  2.9636866E-02 -6.4232072E-01 -4.5045896E-02
  2.9820543E-02 -6.4481387E-01 -4.5325018E-02
  3.0005344E-02 -6.4731094E-01 -4.5605846E-02
  3.0191274E-02 -6.4981187E-01 -4.5888390E-02
  3.0378342E-02 -6.5231656E-01 -4.6172660E-02
  3.0566553E-02 -6.5482494E-01 -4.6458667E-02
  3.0755914E-02 -6.5733692E-01 -4.6746421E-02
  3.0946434E-02 -6.5985241E-01 -4.7035934E-02
  3.1138118E-02 -6.6237133E-01 -4.7327215E-02
  3.1330974E-02 -6.6489358E-01 -4.7620276E-02
  3.1525009E-02 -6.6741908E-01 -4.7915128E-02
  3.1720230E-02 -6.6994773E-01 -4.8211781E-02
  3.1916645E-02 -6.7247944E-01 -4.8510246E-02
  3.2114261E-02 -6.7501412E-01 -4.8810535E-02
  3.2313085E-02 -6.7755168E-01 -4.9112659E-02
  3.2513124E-02 -6.8009201E-01 -4.9416629E-02
  3.2714387E-02 -6.8263502E-01 -4.9722455E-02
  3.2916880E-02 -6.8518060E-01 -5.0030150E-02
  3.3120611E-02 -6.8772866E-01 -5.0339725E-02
  3.3325587E-02 -6.9027910E-01 -5.0651191E-02
  3.3531817E-02 -6.9283181E-01 -5.0964560E-02
  3.3739308E-02 -6.9538668E-01 -5.1279843E-02
  3.3948067E-02 -6.9794362E-01 -5.1597053E-02
  3.4158102E-02 -7.0050250E-01 -5.1916200E-02
  3.4369422E-02 -7.0306323E-01 -5.2237297E-02
  3.4582033E-02 -7.0562569E-01 -5.2560355E-02
  3.4795945E-02 -7.0818977E-01 -5.2885387E-02
  3.5011164E-02 -7.1075536E-01 -5.3212405E-02
  3.5227699E-02 -7.1332234E-01 -5.3541420E-02
  3.5445558E-02 -7.1589059E-01 -5.3872445E-02
  3.5664748E-02 -7.1846000E-01 -5.4205493E-02
  3.5885279E-02 -7.2103045E-01 -5.4540574E-02
  3.6107158E-02 -7.2360181E-01 -5.4877703E-02
  3.6330394E-02 -7.2617397E-01 -5.5216891E-02
  3.6554994E-02 -7.2874681E-01 -5.5558150E-02
  3.6780968E-02 -7.3132019E-01 -5.5901495E-02
  3.7008323E-02 -7.3389398E-01 -5.6246936E-02
  3.7237068E-02 -7.3646807E-01 -5.6594487E-02
  3.7467212E-02 -7.3904232E-01 -5.6944162E-02
  3.7698763E-02 -7.4161661E-01 -5.7295972E-02
  3.7931729E-02 -7.4419079E-01 -5.7649931E-02
  3.8166120E-02 -7.4676473E-01 -5.8006052E-02
  3.8401944E-02 -7.4933830E-01 -5.8364348E-02
  3.8639209E-02 -7.5191136E-01 -5.8724832E-02
  3.8877925E-02 -7.5448378E-01 -5.9087519E-02
  3.9118101E-02 -7.5705541E-01 -5.9452420E-02
  3.9359745E-02 -7.5962610E-01 -5.9819550E-02
  3.9602866E-02 -7.6219573E-01 -6.0188922E-02
  3.9847474E-02 -7.6476414E-01 -6.0560550E-02
  4.0093577E-02 -7.6733118E-01 -6.0934448E-02
  4.0341184E-02 -7.6989671E-01 -6.1310629E-02
  4.0590306E-02 -7.7246058E-01 -6.1689107E-02
  4.0840951E-02 -7.7502264E-01 -6.2069897E-02
  4.1093128E-02 -7.7758274E-01 -6.2453013E-02
  4.1346846E-02 -7.8014071E-01 -6.2838468E-02
  4.1602116E-02 -7.8269641E-01 -6.3226276E-02
  4.1858947E-02 -7.8524969E-01 -6.3616454E-02
  4.2117348E-02 -7.8780037E-01 -6.4009013E-02
  4.2377329E-02 -7.9034830E-01 -6.4403970E-02
  4.2638899E-02 -7.9289333E-01 -6.4801339E-02
  4.2902068E-02 -7.9543528E-01 -6.5201134E-02
  4.3166846E-02 -7.9797399E-01 -6.5603371E-02
  4.3433243E-02 -8.0050929E-01 -6.6008063E-02
  4.3701269E-02 -8.0304103E-01 -6.6415227E-02
  4.3970934E-02 -8.0556902E-01 -6.6824876E-02
  4.4242247E-02 -8.0809311E-01 -6.7237027E-02
  4.4515218E-02 -8.1061311E-01 -6.7651695E-02
  4.4789859E-02 -8.1312885E-01 -6.8068894E-02
  4.5066179E-02 -8.1564016E-01 -6.8488641E-02
  4.5344188E-02 -8.1814686E-01 -6.8910950E-02
  4.5623897E-02 -8.2064877E-01 -6.9335838E-02
  4.5905316E-02 -8.2314572E-01 -6.9763319E-02
  4.6188455E-02 -8.2563753E-01 -7.0193411E-02
  4.6473326E-02 -8.2812400E-01 -7.0626128E-02
  4.6759938E-02 -8.3060496E-01 -7.1061487E-02
  4.7048303E-02 -8.3308023E-01 -7.1499504E-02
  4.7338430E-02 -8.3554961E-01 -7.1940194E-02
  4.7630331E-02 -8.3801292E-01 -7.2383575E-02
  4.7924017E-02 -8.4046997E-01 -7.2829663E-02
  4.8219498E-02 -8.4292057E-01 -7.3278473E-02
  4.8516786E-02 -8.4536453E-01 -7.3730024E-02
  4.8815892E-02 -8.4780165E-01 -7.4184330E-02
  4.9116826E-02 -8.5023174E-01 -7.4641410E-02
  4.9419600E-02 -8.5265460E-01 -7.5101280E-02
  4.9724225E-02 -8.5507005E-01 -7.5563956E-02
  5.0030712E-02 -8.5747787E-01 -7.6029457E-02
  5.0339073E-02 -8.5987787E-01 -7.6497799E-02
  5.0649320E-02 -8.6226986E-01 -7.6968999E-02
  5.0961463E-02 -8.6465362E-01 -7.7443075E-02
  5.1275515E-02 -8.6702896E-01 -7.7920045E-02
  5.1591487E-02 -8.6939567E-01 -7.8399925E-02
  5.1909390E-02 -8.7175355E-01 -7.8882734E-02
  5.2229237E-02 -8.7410239E-01 -7.9368490E-02
  5.2551040E-02 -8.7644198E-01 -7.9857210E-02
  5.2874810E-02 -8.7877212E-01 -8.0348912E-02
  5.3200559E-02 -8.8109260E-01 -8.0843615E-02
  5.3528300E-02 -8.8340321E-01 -8.1341337E-02
  5.3858045E-02 -8.8570374E-01 -8.1842095E-02
  5.4189806E-02 -8.8799397E-01 -8.2345910E-02
  5.4523595E-02 -8.9027370E-01 -8.2852798E-02
  5.4859425E-02 -8.9254271E-01 -8.3362779E-02
  5.5197307E-02 -8.9480079E-01 -8.3875872E-02
  5.5537256E-02 -8.9704772E-01 -8.4392096E-02
  5.5879283E-02 -8.9928329E-01 -8.4911469E-02
  5.6223401E-02 -9.0150729E-01 -8.5434010E-02
  5.6569623E-02 -9.0371950E-01 -8.5959740E-02
  5.6917962E-02 -9.0591970E-01 -8.6488677E-02
  5.7268431E-02 -9.0810767E-01 -8.7020841E-02
  5.7621042E-02 -9.1028321E-01 -8.7556251E-02
  5.7975809E-02 -9.1244609E-01 -8.8094927E-02
  5.8332744E-02 -9.1459609E-01 -8.8636889E-02
  5.8691862E-02 -9.1673300E-01 -8.9182157E-02
  5.9053176E-02 -9.1885660E-01 -8.9730751E-02
  5.9416699E-02 -9.2096667E-01 -9.0282691E-02
  5.9782444E-02 -9.2306299E-01 -9.0837997E-02
  6.0150425E-02 -9.2514536E-01 -9.1396691E-02
  6.0520656E-02 -9.2721354E-01 -9.1958792E-02
  6.0893151E-02 -9.2926732E-01 -9.2524320E-02
  6.1267922E-02 -9.3130650E-01 -9.3093298E-02
  6.1644986E-02 -9.3333084E-01 -9.3665746E-02
  6.2024354E-02 -9.3534014E-01 -9.4241685E-02
  6.2406042E-02 -9.3733418E-01 -9.4821135E-02
  6.2790063E-02 -9.3931274E-01 -9.5404119E-02
  6.3176432E-02 -9.4127562E-01 -9.5990658E-02
  6.3565164E-02 -9.4322259E-01 -9.6580773E-02
  6.3956272E-02 -9.4515346E-01 -9.7174487E-02
  6.4349771E-02 -9.4706800E-01 -9.7771820E-02
  6.4745676E-02 -9.4896602E-01 -9.8372795E-02
  6.5144001E-02 -9.5084729E-01 -9.8977434E-02
  6.5544762E-02 -9.5271162E-01 -9.9585759E-02
  6.5947972E-02 -9.5455880E-01 -1.0019779E-01
  6.6353648E-02 -9.5638863E-01 -1.0081356E-01
  6.6761804E-02 -9.5820090E-01 -1.0143307E-01
  6.7172456E-02 -9.5999542E-01 -1.0205637E-01
  6.7585618E-02 -9.6177199E-01 -1.0268346E-01
  6.8001306E-02 -9.6353041E-01 -1.0331438E-01
  6.8419536E-02 -9.6527049E-01 -1.0394914E-01
  6.8840322E-02 -9.6699205E-01 -1.0458777E-01
  6.9263681E-02 -9.6869488E-01 -1.0523029E-01
  6.9689629E-02 -9.7037881E-01 -1.0587673E-01
  7.0118181E-02 -9.7204366E-01 -1.0652710E-01
  7.0549352E-02 -9.7368924E-01 -1.0718144E-01
  7.0983160E-02 -9.7531538E-01 -1.0783977E-01
  7.1419620E-02 -9.7692190E-01 -1.0850210E-01
  7.1858748E-02 -9.7850865E-01 -1.0916848E-01
  7.2300562E-02 -9.8007544E-01 -1.0983891E-01
  7.2745076E-02 -9.8162212E-01 -1.1051343E-01
  7.3192308E-02 -9.8314854E-01 -1.1119205E-01
  7.3642274E-02 -9.8465453E-01 -1.1187482E-01
  7.4094991E-02 -9.8613994E-01 -1.1256174E-01
  7.4550476E-02 -9.8760464E-01 -1.1325284E-01
  7.5008746E-02 -9.8904849E-01 -1.1394815E-01
  7.5469818E-02 -9.9047134E-01 -1.1464770E-01
  7.5933708E-02 -9.9187306E-01 -1.1535151E-01
  7.6400435E-02 -9.9325354E-01 -1.1605961E-01
  7.6870015E-02 -9.9461265E-01 -1.1677201E-01
  7.7342466E-02 -9.9595028E-01 -1.1748876E-01
  7.7817805E-02 -9.9726631E-01 -1.1820987E-01
  7.8296051E-02 -9.9856065E-01 -1.1893537E-01
  7.8777220E-02 -9.9983320E-01 -1.1966529E-01
  7.9261331E-02 -1.0010839E+00 -1.2039965E-01
  7.9748402E-02 -1.0023126E+00 -1.2113848E-01
  8.0238451E-02 -1.0035192E+00 -1.2188181E-01
  8.0731496E-02 -1.0047038E+00 -1.2262967E-01
  8.1227555E-02 -1.0058662E+00 -1.2338207E-01
  8.1726647E-02 -1.0070063E+00 -1.2413906E-01
  8.2228790E-02 -1.0081242E+00 -1.2490065E-01
  8.2734004E-02 -1.0092198E+00 -1.2566688E-01
  8.3242306E-02 -1.0102930E+00 -1.2643778E-01
  8.3753715E-02 -1.0113438E+00 -1.2721336E-01
  8.4268252E-02 -1.0123723E+00 -1.2799366E-01
  8.4785934E-02 -1.0133783E+00 -1.2877871E-01
  8.5306781E-02 -1.0143620E+00 -1.2956854E-01
  8.5830813E-02 -1.0153232E+00 -1.3036317E-01
  8.6358048E-02 -1.0162621E+00 -1.3116264E-01
  8.6888507E-02 -1.0171787E+00 -1.3196697E-01
  8.7422208E-02 -1.0180729E+00 -1.3277619E-01
  8.7959173E-02 -1.0189449E+00 -1.3359033E-01
  8.8499421E-02 -1.0197947E+00 -1.3440943E-01
  8.9042971E-02 -1.0206223E+00 -1.3523350E-01
  8.9589845E-02 -1.0214279E+00 -1.3606259E-01
  9.0140062E-02 -1.0222114E+00 -1.3689672E-01
  9.0693644E-02 -1.0229731E+00 -1.3773592E-01
  9.1250609E-02 -1.0237130E+00 -1.3858022E-01
  9.1810980E-02 -1.0244312E+00 -1.3942966E-01
  9.2374777E-02 -1.0251278E+00 -1.4028426E-01
  9.2942020E-02 -1.0258031E+00 -1.4114405E-01
  9.3512732E-02 -1.0264570E+00 -1.4200907E-01
  9.4086933E-02 -1.0270898E+00 -1.4287935E-01
  9.4664645E-02 -1.0277016E+00 -1.4375492E-01
  9.5245888E-02 -1.0282926E+00 -1.4463581E-01
  9.5830685E-02 -1.0288630E+00 -1.4552205E-01
  9.6419057E-02 -1.0294129E+00 -1.4641367E-01
  9.7011027E-02 -1.0299426E+00 -1.4731071E-01
  9.7606616E-02 -1.0304522E+00 -1.4821320E-01
  9.8205846E-02 -1.0309420E+00 -1.4912117E-01
  9.8808739E-02 -1.0314122E+00 -1.5003466E-01
  9.9415319E-02 -1.0318630E+00 -1.5095370E-01
  1.0002561E-01 -1.0322946E+00 -1.5187832E-01
  1.0063963E-01 -1.0327074E+00 -1.5280855E-01
  1.0125740E-01 -1.0331014E+00 -1.5374443E-01
  1.0187895E-01 -1.0334771E+00 -1.5468599E-01
  1.0250430E-01 -1.0338347E+00 -1.5563327E-01
  1.0313347E-01 -1.0341743E+00 -1.5658630E-01
  1.0376649E-01 -1.0344964E+00 -1.5754511E-01
  1.0440338E-01 -1.0348011E+00 -1.5850974E-01
  1.0504417E-01 -1.0350887E+00 -1.5948023E-01
  1.0568887E-01 -1.0353595E+00 -1.6045660E-01
  1.0633751E-01 -1.0356139E+00 -1.6143890E-01
  1.0699012E-01 -1.0358520E+00 -1.6242716E-01
  1.0764672E-01 -1.0360741E+00 -1.6342141E-01
  1.0830733E-01 -1.0362806E+00 -1.6442170E-01
  1.0897198E-01 -1.0364716E+00 -1.6542805E-01
  1.0964070E-01 -1.0366475E+00 -1.6644051E-01
  1.1031350E-01 -1.0368085E+00 -1.6745910E-01
  1.1099042E-01 -1.0369549E+00 -1.6848387E-01
  1.1167148E-01 -1.0370870E+00 -1.6951485E-01
  1.1235670E-01 -1.0372049E+00 -1.7055209E-01
  1.1304611E-01 -1.0373089E+00 -1.7159561E-01
  1.1373973E-01 -1.0373992E+00 -1.7264545E-01
  1.1443759E-01 -1.0374761E+00 -1.7370166E-01
  1.1513972E-01 -1.0375397E+00 -1.7476426E-01
  1.1584615E-01 -1.0375902E+00 -1.7583331E-01
  1.1655689E-01 -1.0376277E+00 -1.7690883E-01
  1.1727198E-01 -1.0376525E+00 -1.7799086E-01
  1.1799144E-01 -1.0376647E+00 -1.7907945E-01
  1.1871530E-01 -1.0376643E+00 -1.8017463E-01
  1.1944358E-01 -1.0376515E+00 -1.8127645E-01
  1.2017632E-01 -1.0376262E+00 -1.8238493E-01
  1.2091353E-01 -1.0375886E+00 -1.8350013E-01
  1.2165526E-01 -1.0375387E+00 -1.8462207E-01
  1.2240152E-01 -1.0374765E+00 -1.8575080E-01
  1.2315234E-01 -1.0374018E+00 -1.8688637E-01
  1.2390775E-01 -1.0373148E+00 -1.8802880E-01
  1.2466778E-01 -1.0372152E+00 -1.8917815E-01
  1.2543245E-01 -1.0371030E+00 -1.9033445E-01
  1.2620180E-01 -1.0369780E+00 -1.9149774E-01
  1.2697586E-01 -1.0368401E+00 -1.9266807E-01
  1.2775465E-01 -1.0366890E+00 -1.9384547E-01
  1.2853819E-01 -1.0365246E+00 -1.9503000E-01
  1.2932653E-01 -1.0363466E+00 -1.9622168E-01
  1.3011969E-01 -1.0361548E+00 -1.9742056E-01
  1.3091770E-01 -1.0359488E+00 -1.9862669E-01
  1.3172059E-01 -1.0357283E+00 -1.9984011E-01
  1.3252838E-01 -1.0354931E+00 -2.0106086E-01
  1.3334112E-01 -1.0352429E+00 -2.0228898E-01
  1.3415882E-01 -1.0349772E+00 -2.0352452E-01
  1.3498152E-01 -1.0346958E+00 -2.0476752E-01
  1.3580925E-01 -1.0343983E+00 -2.0601802E-01
  1.3664205E-01 -1.0340844E+00 -2.0727607E-01
  1.3747993E-01 -1.0337539E+00 -2.0854172E-01
  1.3832294E-01 -1.0334064E+00 -2.0981500E-01
  1.3917110E-01 -1.0330416E+00 -2.1109597E-01
  1.4002444E-01 -1.0326595E+00 -2.1238466E-01
  1.4088301E-01 -1.0322599E+00 -2.1368113E-01
  1.4174682E-01 -1.0318426E+00 -2.1498541E-01
  1.4261591E-01 -1.0314076E+00 -2.1629756E-01
  1.4349032E-01 -1.0309551E+00 -2.1761762E-01
  1.4437007E-01 -1.0304852E+00 -2.1894563E-01
  1.4525521E-01 -1.0299981E+00 -2.2028165E-01
  1.4614575E-01 -1.0294944E+00 -2.2162571E-01
  1.4704174E-01 -1.0289746E+00 -2.2297788E-01
  1.4794320E-01 -1.0284393E+00 -2.2433819E-01
  1.4885018E-01 -1.0278894E+00 -2.2570668E-01
  1.4976270E-01 -1.0273261E+00 -2.2708342E-01
  1.5068080E-01 -1.0267506E+00 -2.2846845E-01
  1.5160452E-01 -1.0261644E+00 -2.2986181E-01
  1.5253388E-01 -1.0255693E+00 -2.3126355E-01
  1.5346892E-01 -1.0249671E+00 -2.3267372E-01
  1.5440968E-01 -1.0243602E+00 -2.3409238E-01
  1.5535619E-01 -1.0237511E+00 -2.3551957E-01
  1.5630849E-01 -1.0231426E+00 -2.3695534E-01
  1.5726661E-01 -1.0225377E+00 -2.3839973E-01
  1.5823059E-01 -1.0219400E+00 -2.3985281E-01
  1.5920046E-01 -1.0213532E+00 -2.4131462E-01
  1.6017626E-01 -1.0207814E+00 -2.4278520E-01
  1.6115803E-01 -1.0202289E+00 -2.4426462E-01
  1.6214580E-01 -1.0197005E+00 -2.4575292E-01
  1.6313961E-01 -1.0192013E+00 -2.4725016E-01
  1.6413949E-01 -1.0187366E+00 -2.4875637E-01
  1.6514549E-01 -1.0183122E+00 -2.5027163E-01
  1.6615764E-01 -1.0179341E+00 -2.5179597E-01
  1.6717598E-01 -1.0176085E+00 -2.5332946E-01
  1.6820054E-01 -1.0173421E+00 -2.5487214E-01
  1.6923136E-01 -1.0171418E+00 -2.5642406E-01
  1.7026849E-01 -1.0170145E+00 -2.5798528E-01
  1.7131196E-01 -1.0169675E+00 -2.5955586E-01
  1.7236181E-01 -1.0170084E+00 -2.6113584E-01
  1.7341808E-01 -1.0171447E+00 -2.6272528E-01
  1.7448080E-01 -1.0173840E+00 -2.6432423E-01
  1.7555002E-01 -1.0177341E+00 -2.6593276E-01
  1.7662578E-01 -1.0182027E+00 -2.6755090E-01
  1.7770812E-01 -1.0187977E+00 -2.6917873E-01
  1.7879707E-01 -1.0195266E+00 -2.7081628E-01
  1.7989268E-01 -1.0203970E+00 -2.7246363E-01
  1.8099499E-01 -1.0214161E+00 -2.7412081E-01
  1.8210404E-01 -1.0225913E+00 -2.7578790E-01
  1.8321987E-01 -1.0239292E+00 -2.7746494E-01
  1.8434252E-01 -1.0254365E+00 -2.7915200E-01
  1.8547204E-01 -1.0271192E+00 -2.8084912E-01
  1.8660846E-01 -1.0289831E+00 -2.8255637E-01
  1.8775182E-01 -1.0310335E+00 -2.8427380E-01
  1.8890218E-01 -1.0332751E+00 -2.8600147E-01
  1.9005957E-01 -1.0357120E+00 -2.8773944E-01
  1.9122404E-01 -1.0383479E+00 -2.8948777E-01
  1.9239563E-01 -1.0411856E+00 -2.9124651E-01
  1.9357438E-01 -1.0442275E+00 -2.9301572E-01
  1.9476033E-01 -1.0474752E+00 -2.9479546E-01
  1.9595354E-01 -1.0509294E+00 -2.9658580E-01
  1.9715404E-01 -1.0545904E+00 -2.9838678E-01
  1.9836188E-01 -1.0584576E+00 -3.0019847E-01
  1.9957711E-01 -1.0625295E+00 -3.0202093E-01
  2.0079977E-01 -1.0668042E+00 -3.0385422E-01
  2.0202990E-01 -1.0712787E+00 -3.0569840E-01
  2.0326755E-01 -1.0759496E+00 -3.0755352E-01
  2.0451277E-01 -1.0808126E+00 -3.0941966E-01
  2.0576560E-01 -1.0858628E+00 -3.1129687E-01
  2.0702609E-01 -1.0910947E+00 -3.1318521E-01
  2.0829428E-01 -1.0965021E+00 -3.1508474E-01
  2.0957024E-01 -1.1020784E+00 -3.1699553E-01
  2.1085399E-01 -1.1078163E+00 -3.1891764E-01
  2.1214559E-01 -1.1137083E+00 -3.2085113E-01
  2.1344508E-01 -1.1197465E+00 -3.2279606E-01
  2.1475252E-01 -1.1259225E+00 -3.2475249E-01
  2.1606796E-01 -1.1322277E+00 -3.2672050E-01
  2.1739144E-01 -1.1386537E+00 -3.2870013E-01
  2.1872300E-01 -1.1451914E+00 -3.3069147E-01
  2.2006271E-01 -1.1518320E+00 -3.3269455E-01
  2.2141061E-01 -1.1585668E+00 -3.3470947E-01
  2.2276676E-01 -1.1653870E+00 -3.3673627E-01
  2.2413119E-01 -1.1722840E+00 -3.3877502E-01
  2.2550396E-01 -1.1792494E+00 -3.4082578E-01
  2.2688513E-01 -1.1862751E+00 -3.4288863E-01
  2.2827474E-01 -1.1933531E+00 -3.4496363E-01
  2.2967285E-01 -1.2004760E+00 -3.4705083E-01
  2.3107950E-01 -1.2076366E+00 -3.4915032E-01
  2.3249475E-01 -1.2148280E+00 -3.5126214E-01
  2.3391866E-01 -1.2220439E+00 -3.5338638E-01
  2.3535127E-01 -1.2292782E+00 -3.5552309E-01
  2.3679264E-01 -1.2365254E+00 -3.5767234E-01
  2.3824283E-01 -1.2437803E+00 -3.5983420E-01
  2.3970188E-01 -1.2510381E+00 -3.6200874E-01
  2.4116985E-01 -1.2582944E+00 -3.6419602E-01
  2.4264679E-01 -1.2655453E+00 -3.6639611E-01
  2.4413277E-01 -1.2727871E+00 -3.6860908E-01
  2.4562782E-01 -1.2800164E+00 -3.7083499E-01
  2.4713202E-01 -1.2872305E+00 -3.7307392E-01
  2.4864542E-01 -1.2944264E+00 -3.7532593E-01
  2.5016807E-01 -1.3016020E+00 -3.7759109E-01
  2.5170003E-01 -1.3087550E+00 -3.7986947E-01
  2.5324135E-01 -1.3158834E+00 -3.8216113E-01
  2.5479210E-01 -1.3229856E+00 -3.8446615E-01
  2.5635233E-01 -1.3300600E+00 -3.8678460E-01
  2.5792209E-01 -1.3371052E+00 -3.8911655E-01
  2.5950146E-01 -1.3441198E+00 -3.9146205E-01
  2.6109048E-01 -1.3511026E+00 -3.9382120E-01
  2.6268921E-01 -1.3580527E+00 -3.9619404E-01
  2.6429772E-01 -1.3649689E+00 -3.9858067E-01
  2.6591606E-01 -1.3718503E+00 -4.0098113E-01
  2.6754430E-01 -1.3786959E+00 -4.0339551E-01
  2.6918249E-01 -1.3855048E+00 -4.0582388E-01
  2.7083070E-01 -1.3922762E+00 -4.0826630E-01
  2.7248899E-01 -1.3990091E+00 -4.1072285E-01
  2.7415741E-01 -1.4057026E+00 -4.1319359E-01
  2.7583603E-01 -1.4123559E+00 -4.1567861E-01
  2.7752492E-01 -1.4189681E+00 -4.1817797E-01
  2.7922413E-01 -1.4255383E+00 -4.2069173E-01
  2.8093373E-01 -1.4320655E+00 -4.2321998E-01
  2.8265378E-01 -1.4385488E+00 -4.2576279E-01
  2.8438435E-01 -1.4449873E+00 -4.2832022E-01
  2.8612550E-01 -1.4513800E+00 -4.3089235E-01
  2.8787729E-01 -1.4577258E+00 -4.3347925E-01
  2.8963980E-01 -1.4640238E+00 -4.3608099E-01
  2.9141308E-01 -1.4702729E+00 -4.3869765E-01
  2.9319720E-01 -1.4764721E+00 -4.4132929E-01
  2.9499223E-01 -1.4826204E+00 -4.4397599E-01
  2.9679823E-01 -1.4887168E+00 -4.4663783E-01
  2.9861527E-01 -1.4947601E+00 -4.4931486E-01
  3.0044343E-01 -1.5007493E+00 -4.5200717E-01
  3.0228276E-01 -1.5066833E+00 -4.5471484E-01
  3.0413333E-01 -1.5125611E+00 -4.5743792E-01
  3.0599522E-01 -1.5183816E+00 -4.6017649E-01
  3.0786850E-01 -1.5241437E+00 -4.6293064E-01
  3.0975322E-01 -1.5298464E+00 -4.6570042E-01
  3.1164947E-01 -1.5354888E+00 -4.6848591E-01
  3.1355731E-01 -1.5410696E+00 -4.7128719E-01
  3.1547682E-01 -1.5465879E+00 -4.7410433E-01
  3.1740806E-01 -1.5520428E+00 -4.7693739E-01
  3.1935111E-01 -1.5574331E+00 -4.7978646E-01
  3.2130604E-01 -1.5627580E+00 -4.8265160E-01
  3.2327292E-01 -1.5680164E+00 -4.8553289E-01
  3.2525182E-01 -1.5732075E+00 -4.8843040E-01
  3.2724282E-01 -1.5783302E+00 -4.9134420E-01
  3.2924600E-01 -1.5833837E+00 -4.9427437E-01
  3.3126142E-01 -1.5883670E+00 -4.9722098E-01
  3.3328917E-01 -1.5932793E+00 -5.0018409E-01
  3.3532931E-01 -1.5981197E+00 -5.0316379E-01
  3.3738193E-01 -1.6028873E+00 -5.0616015E-01
  3.3944709E-01 -1.6075813E+00 -5.0917322E-01
  3.4152488E-01 -1.6122009E+00 -5.1220310E-01
  3.4361537E-01 -1.6167453E+00 -5.1524985E-01
  3.4571865E-01 -1.6212136E+00 -5.1831354E-01
  3.4783478E-01 -1.6256051E+00 -5.2139424E-01
  3.4996385E-01 -1.6299190E+00 -5.2449202E-01
  3.5210594E-01 -1.6341545E+00 -5.2760696E-01
  3.5426112E-01 -1.6383109E+00 -5.3073913E-01
  3.5642948E-01 -1.6423875E+00 -5.3388859E-01
  3.5861110E-01 -1.6463835E+00 -5.3705542E-01
  3.6080606E-01 -1.6502982E+00 -5.4023968E-01
  3.6301443E-01 -1.6541310E+00 -5.4344146E-01
  3.6523631E-01 -1.6578810E+00 -5.4666081E-01
  3.6747177E-01 -1.6615476E+00 -5.4989781E-01
  3.6972089E-01 -1.6651301E+00 -5.5315252E-01
  3.7198377E-01 -1.6686279E+00 -5.5642502E-01
  3.7426048E-01 -1.6720402E+00 -5.5971537E-01
  3.7655112E-01 -1.6753664E+00 -5.6302364E-01
  3.7885575E-01 -1.6786059E+00 -5.6634990E-01
  3.8117448E-01 -1.6817579E+00 -5.6969422E-01
  3.8350738E-01 -1.6848218E+00 -5.7305666E-01
  3.8585455E-01 -1.6877970E+00 -5.7643729E-01
  3.8821606E-01 -1.6906828E+00 -5.7983618E-01
  3.9059202E-01 -1.6934785E+00 -5.8325339E-01
  3.9298249E-01 -1.6961836E+00 -5.8668899E-01
  3.9538759E-01 -1.6987974E+00 -5.9014305E-01
  3.9780739E-01 -1.7013192E+00 -5.9361562E-01
  4.0024198E-01 -1.7037484E+00 -5.9710677E-01
  4.0269146E-01 -1.7060844E+00 -6.0061657E-01
  4.0515591E-01 -1.7083266E+00 -6.0414508E-01
  4.0763543E-01 -1.7104743E+00 -6.0769235E-01
  4.1013011E-01 -1.7125269E+00 -6.1125846E-01
  4.1264004E-01 -1.7144838E+00 -6.1484347E-01
  4.1516532E-01 -1.7163443E+00 -6.1844743E-01
  4.1770603E-01 -1.7181080E+00 -6.2207040E-01
  4.2026228E-01 -1.7197740E+00 -6.2571245E-01
  4.2283416E-01 -1.7213419E+00 -6.2937363E-01
  4.2542176E-01 -1.7228111E+00 -6.3305399E-01
  4.2802518E-01 -1.7241808E+00 -6.3675361E-01
  4.3064452E-01 -1.7254506E+00 -6.4047253E-01
  4.3327987E-01 -1.7266198E+00 -6.4421081E-01
  4.3593133E-01 -1.7276878E+00 -6.4796851E-01
  4.3859901E-01 -1.7286541E+00 -6.5174568E-01
  4.4128299E-01 -1.7295181E+00 -6.5554236E-01
  4.4398338E-01 -1.7302792E+00 -6.5935863E-01
  4.4670028E-01 -1.7309368E+00 -6.6319451E-01
  4.4943380E-01 -1.7314904E+00 -6.6705008E-01
  4.5218402E-01 -1.7319394E+00 -6.7092537E-01
  4.5495106E-01 -1.7322833E+00 -6.7482044E-01
  4.5773502E-01 -1.7325215E+00 -6.7873532E-01
  4.6053600E-01 -1.7326535E+00 -6.8267008E-01
  4.6335410E-01 -1.7326789E+00 -6.8662475E-01
  4.6618943E-01 -1.7325970E+00 -6.9059938E-01
  4.6904209E-01 -1.7324074E+00 -6.9459401E-01
  4.7191220E-01 -1.7321097E+00 -6.9860869E-01
  4.7479985E-01 -1.7317033E+00 -7.0264345E-01
  4.7770516E-01 -1.7311878E+00 -7.0669834E-01
  4.8062823E-01 -1.7305627E+00 -7.1077339E-01
  4.8356917E-01 -1.7298277E+00 -7.1486864E-01
  4.8652810E-01 -1.7289823E+00 -7.1898412E-01
  4.8950511E-01 -1.7280261E+00 -7.2311987E-01
  4.9250032E-01 -1.7269589E+00 -7.2727593E-01
  4.9551384E-01 -1.7257802E+00 -7.3145232E-01
  4.9854579E-01 -1.7244897E+00 -7.3564907E-01
  5.0159628E-01 -1.7230871E+00 -7.3986622E-01
  5.0466541E-01 -1.7215722E+00 -7.4410378E-01
  5.0775331E-01 -1.7199447E+00 -7.4836179E-01
  5.1086009E-01 -1.7182044E+00 -7.5264026E-01
  5.1398586E-01 -1.7163512E+00 -7.5693923E-01
  5.1713075E-01 -1.7143848E+00 -7.6125870E-01
  5.2029486E-01 -1.7123053E+00 -7.6559869E-01
  5.2347831E-01 -1.7101124E+00 -7.6995923E-01
  5.2668123E-01 -1.7078062E+00 -7.7434032E-01
  5.2990373E-01 -1.7053867E+00 -7.7874198E-01
  5.3314593E-01 -1.7028540E+00 -7.8316421E-01
  5.3640795E-01 -1.7002081E+00 -7.8760703E-01
  5.3968992E-01 -1.6974492E+00 -7.9207044E-01
  5.4299195E-01 -1.6945776E+00 -7.9655444E-01
  5.4631417E-01 -1.6915934E+00 -8.0105904E-01
  5.4965670E-01 -1.6884970E+00 -8.0558422E-01
  5.5301967E-01 -1.6852888E+00 -8.1012999E-01
  5.5640319E-01 -1.6819693E+00 -8.1469634E-01
  5.5980741E-01 -1.6785389E+00 -8.1928326E-01
  5.6323243E-01 -1.6749983E+00 -8.2389074E-01
  5.6667840E-01 -1.6713481E+00 -8.2851875E-01
  5.7014543E-01 -1.6675891E+00 -8.3316729E-01
  5.7363366E-01 -1.6637220E+00 -8.3783633E-01
  5.7714322E-01 -1.6597479E+00 -8.4252584E-01
  5.8067423E-01 -1.6556678E+00 -8.4723579E-01
  5.8422683E-01 -1.6514826E+00 -8.5196616E-01
  5.8780115E-01 -1.6471937E+00 -8.5671690E-01
  5.9139733E-01 -1.6428024E+00 -8.6148799E-01
  5.9501549E-01 -1.6383100E+00 -8.6627937E-01
  5.9865577E-01 -1.6337181E+00 -8.7109099E-01
  6.0231830E-01 -1.6290284E+00 -8.7592281E-01
  6.0600323E-01 -1.6242425E+00 -8.8077476E-01
  6.0971069E-01 -1.6193624E+00 -8.8564680E-01
  6.1344081E-01 -1.6143902E+00 -8.9053884E-01
  6.1719374E-01 -1.6093278E+00 -8.9545083E-01
  6.2096961E-01 -1.6041777E+00 -9.0038268E-01
  6.2476857E-01 -1.5989421E+00 -9.0533431E-01
  6.2859075E-01 -1.5936237E+00 -9.1030564E-01
  6.3243631E-01 -1.5882252E+00 -9.1529657E-01
  6.3630537E-01 -1.5827494E+00 -9.2030700E-01
  6.4019809E-01 -1.5771993E+00 -9.2533683E-01
  6.4411460E-01 -1.5715780E+00 -9.3038595E-01
  6.4805507E-01 -1.5658887E+00 -9.3545423E-01
  6.5201962E-01 -1.5601350E+00 -9.4054155E-01
  6.5600841E-01 -1.5543204E+00 -9.4564777E-01
  6.6002159E-01 -1.5484485E+00 -9.5077276E-01
  6.6405930E-01 -1.5425233E+00 -9.5591636E-01
  6.6812170E-01 -1.5365487E+00 -9.6107840E-01
  6.7220894E-01 -1.5305290E+00 -9.6625873E-01
  6.7632116E-01 -1.5244683E+00 -9.7145716E-01
  6.8045853E-01 -1.5183710E+00 -9.7667351E-01
  6.8462119E-01 -1.5122417E+00 -9.8190756E-01
  6.8880930E-01 -1.5060849E+00 -9.8715912E-01
  6.9302301E-01 -1.4999054E+00 -9.9242796E-01
  6.9726249E-01 -1.4937080E+00 -9.9771384E-01
  7.0152788E-01 -1.4874975E+00 -1.0030165E+00
  7.0581936E-01 -1.4812790E+00 -1.0083357E+00
  7.1013707E-01 -1.4750573E+00 -1.0136712E+00
  7.1448118E-01 -1.4688375E+00 -1.0190226E+00
  7.1885185E-01 -1.4626246E+00 -1.0243897E+00
  7.2324923E-01 -1.4564236E+00 -1.0297721E+00
  7.2767351E-01 -1.4502394E+00 -1.0351695E+00
  7.3212483E-01 -1.4440771E+00 -1.0405816E+00
  7.3660337E-01 -1.4379414E+00 -1.0460079E+00
  7.4110929E-01 -1.4318371E+00 -1.0514481E+00
  7.4564275E-01 -1.4257687E+00 -1.0569016E+00
  7.5020393E-01 -1.4197406E+00 -1.0623682E+00
  7.5479300E-01 -1.4137571E+00 -1.0678473E+00
  7.5941013E-01 -1.4078220E+00 -1.0733385E+00
  7.6405548E-01 -1.4019392E+00 -1.0788411E+00
  7.6872924E-01 -1.3961119E+00 -1.0843548E+00
  7.7343157E-01 -1.3903431E+00 -1.0898788E+00
  7.7816264E-01 -1.3846356E+00 -1.0954126E+00
  7.8292265E-01 -1.3789913E+00 -1.1009556E+00
  7.8771175E-01 -1.3734121E+00 -1.1065070E+00
  7.9253013E-01 -1.3678990E+00 -1.1120663E+00
  7.9737797E-01 -1.3624526E+00 -1.1176325E+00
  8.0225546E-01 -1.3570727E+00 -1.1232051E+00
  8.0716276E-01 -1.3517587E+00 -1.1287830E+00
  8.1210006E-01 -1.3465089E+00 -1.1343656E+00
  8.1706755E-01 -1.3413211E+00 -1.1399518E+00
  8.2206541E-01 -1.3361920E+00 -1.1455407E+00
  8.2709382E-01 -1.3311175E+00 -1.1511313E+00
  8.3215298E-01 -1.3260926E+00 -1.1567225E+00
  8.3724306E-01 -1.3211112E+00 -1.1623132E+00
  8.4236427E-01 -1.3161662E+00 -1.1679023E+00
  8.4751679E-01 -1.3112494E+00 -1.1734885E+00
  8.5270081E-01 -1.3063514E+00 -1.1790706E+00
  8.5791652E-01 -1.3014616E+00 -1.1846471E+00
  8.6316412E-01 -1.2965685E+00 -1.1902166E+00
  8.6844380E-01 -1.2916591E+00 -1.1957776E+00
  8.7375576E-01 -1.2867195E+00 -1.2013286E+00
  8.7910020E-01 -1.2817346E+00 -1.2068679E+00
  8.8447732E-01 -1.2766883E+00 -1.2123937E+00
  8.8988730E-01 -1.2715636E+00 -1.2179042E+00
  8.9533037E-01 -1.2663428E+00 -1.2233976E+00
  9.0080671E-01 -1.2610074E+00 -1.2288717E+00
  9.0631653E-01 -1.2555390E+00 -1.2343245E+00
  9.1186003E-01 -1.2499189E+00 -1.2397537E+00
  9.1743743E-01 -1.2441289E+00 -1.2451571E+00
  9.2304893E-01 -1.2381516E+00 -1.2505321E+00
  9.2869474E-01 -1.2319711E+00 -1.2558763E+00
  9.3437506E-01 -1.2255732E+00 -1.2611870E+00
  9.4009011E-01 -1.2189466E+00 -1.2664613E+00
  9.4584010E-01 -1.2120834E+00 -1.2716964E+00
  9.5162525E-01 -1.2049799E+00 -1.2768891E+00
  9.5744576E-01 -1.1976374E+00 -1.2820363E+00
  9.6330187E-01 -1.1900634E+00 -1.2871346E+00
  9.6919377E-01 -1.1822723E+00 -1.2921805E+00
  9.7512169E-01 -1.1742861E+00 -1.2971704E+00
  9.8108586E-01 -1.1661356E+00 -1.3021004E+00
  9.8708649E-01 -1.1578608E+00 -1.3069665E+00
  9.9312381E-01 -1.1495116E+00 -1.3117645E+00
  9.9919804E-01 -1.1411480E+00 -1.3164902E+00
  1.0053094E+00 -1.1328400E+00 -1.3211390E+00
  1.0114581E+00 -1.1246675E+00 -1.3257062E+00
  1.0176445E+00 -1.1167194E+00 -1.3301868E+00
  1.0238686E+00 -1.1090926E+00 -1.3345758E+00
  1.0301308E+00 -1.1018906E+00 -1.3388678E+00
  1.0364313E+00 -1.0952211E+00 -1.3430574E+00
  1.0427703E+00 -1.0891941E+00 -1.3471387E+00
  1.0491480E+00 -1.0839190E+00 -1.3511059E+00
  1.0555648E+00 -1.0795015E+00 -1.3549527E+00
  1.0620208E+00 -1.0760408E+00 -1.3586728E+00
  1.0685162E+00 -1.0736261E+00 -1.3622594E+00
  1.0750514E+00 -1.0723339E+00 -1.3657057E+00
  1.0816265E+00 -1.0722250E+00 -1.3690045E+00
  1.0882418E+00 -1.0733423E+00 -1.3721486E+00
  1.0948976E+00 -1.0757088E+00 -1.3751301E+00
  1.1015940E+00 -1.0793268E+00 -1.3779414E+00
  1.1083314E+00 -1.0841770E+00 -1.3805742E+00
  1.1151100E+00 -1.0902195E+00 -1.3830201E+00
  1.1219300E+00 -1.0973946E+00 -1.3852705E+00
  1.1287917E+00 -1.1056247E+00 -1.3873165E+00
  1.1356954E+00 -1.1148172E+00 -1.3891489E+00
  1.1426413E+00 -1.1248671E+00 -1.3907583E+00
  1.1496296E+00 -1.1356609E+00 -1.3921351E+00
  1.1566607E+00 -1.1470796E+00 -1.3932695E+00
  1.1637348E+00 -1.1590030E+00 -1.3941514E+00
  1.1708521E+00 -1.1713122E+00 -1.3947705E+00
  1.1780129E+00 -1.1838933E+00 -1.3951167E+00
  1.1852175E+00 -1.1966395E+00 -1.3951795E+00
  1.1924661E+00 -1.2094534E+00 -1.3949487E+00
  1.1997591E+00 -1.2222485E+00 -1.3944140E+00
  1.2070966E+00 -1.2349496E+00 -1.3935657E+00
  1.2144791E+00 -1.2474937E+00 -1.3923944E+00
  1.2219066E+00 -1.2598297E+00 -1.3908915E+00
  1.2293796E+00 -1.2719179E+00 -1.3890495E+00
  1.2368982E+00 -1.2837289E+00 -1.3868626E+00
  1.2444628E+00 -1.2952430E+00 -1.3843270E+00
  1.2520737E+00 -1.3064491E+00 -1.3814415E+00
  1.2597311E+00 -1.3173427E+00 -1.3782091E+00
  1.2674353E+00 -1.3279258E+00 -1.3746370E+00
  1.2751866E+00 -1.3382047E+00 -1.3707543E+00
  1.2829853E+00 -1.3481895E+00 -1.3664163E+00
  1.2908317E+00 -1.3578932E+00 -1.3615020E+00
  1.2987260E+00 -1.3673302E+00 -1.3597839E+00
  1.3066686E+00 -1.3765163E+00 -1.3650577E+00
  1.3146598E+00 -1.3854676E+00 -1.3736953E+00
  1.3226998E+00 -1.3942003E+00 -1.3819628E+00
  1.3307890E+00 -1.4027301E+00 -1.3900011E+00
  1.3389277E+00 -1.4110719E+00 -1.3979692E+00
  1.3471161E+00 -1.4192397E+00 -1.4058462E+00
  1.3553545E+00 -1.4272465E+00 -1.4136279E+00
  1.3636433E+00 -1.4351040E+00 -1.4213114E+00
  1.3719828E+00 -1.4428226E+00 -1.4288951E+00
  1.3803733E+00 -1.4504116E+00 -1.4363784E+00
  1.3888151E+00 -1.4578790E+00 -1.4437612E+00
  1.3973085E+00 -1.4652316E+00 -1.4510446E+00
  1.4058539E+00 -1.4724751E+00 -1.4582297E+00
  1.4144514E+00 -1.4796141E+00 -1.4653184E+00
  1.4231016E+00 -1.4866522E+00 -1.4723127E+00
  1.4318046E+00 -1.4935922E+00 -1.4792147E+00
  1.4405608E+00 -1.5004360E+00 -1.4860267E+00
  1.4493706E+00 -1.5071847E+00 -1.4927509E+00
  1.4582342E+00 -1.5138389E+00 -1.4993897E+00
  1.4671520E+00 -1.5203985E+00 -1.5059451E+00
  1.4761243E+00 -1.5268630E+00 -1.5124192E+00
  1.4851515E+00 -1.5332313E+00 -1.5188138E+00
  1.4942339E+00 -1.5395023E+00 -1.5251306E+00
  1.5033718E+00 -1.5456742E+00 -1.5313710E+00
  1.5125656E+00 -1.5517451E+00 -1.5375362E+00
  1.5218156E+00 -1.5577131E+00 -1.5436273E+00
  1.5311221E+00 -1.5635759E+00 -1.5496452E+00
  1.5404855E+00 -1.5693312E+00 -1.5555905E+00
  1.5499062E+00 -1.5749767E+00 -1.5614635E+00
  1.5593845E+00 -1.5805101E+00 -1.5672645E+00
  1.5689207E+00 -1.5859289E+00 -1.5729936E+00
  1.5785152E+00 -1.5912310E+00 -1.5786507E+00
  1.5881684E+00 -1.5964139E+00 -1.5842354E+00
  1.5978806E+00 -1.6014755E+00 -1.5897474E+00
  1.6076522E+00 -1.6064138E+00 -1.5951862E+00
  1.6174835E+00 -1.6112267E+00 -1.6005501E+00
  1.6273750E+00 -1.6159123E+00 -1.6058502E+00
  1.6373269E+00 -1.6204689E+00 -1.6110971E+00
  1.6473396E+00 -1.6248949E+00 -1.6160163E+00
  1.6574136E+00 -1.6291887E+00 -1.6203264E+00
  1.6675491E+00 -1.6333489E+00 -1.6242909E+00
  1.6777466E+00 -1.6373744E+00 -1.6281863E+00
  1.6880065E+00 -1.6412639E+00 -1.6320027E+00
  1.6983291E+00 -1.6450165E+00 -1.6357291E+00
  1.7087148E+00 -1.6486314E+00 -1.6393682E+00
  1.7191640E+00 -1.6521077E+00 -1.6429216E+00
  1.7296771E+00 -1.6554447E+00 -1.6463913E+00
  1.7402544E+00 -1.6586421E+00 -1.6497791E+00
  1.7508965E+00 -1.6616993E+00 -1.6530870E+00
  1.7616035E+00 -1.6646160E+00 -1.6563174E+00
  1.7723761E+00 -1.6673920E+00 -1.6594723E+00
  1.7832145E+00 -1.6700271E+00 -1.6625541E+00
  1.7941192E+00 -1.6725212E+00 -1.6655654E+00
  1.8050905E+00 -1.6748743E+00 -1.6685084E+00
  1.8161289E+00 -1.6770865E+00 -1.6713858E+00
  1.8272348E+00 -1.6791579E+00 -1.6742000E+00
  1.8384086E+00 -1.6810886E+00 -1.6769536E+00
  1.8496507E+00 -1.6828790E+00 -1.6796478E+00
  1.8609616E+00 -1.6845293E+00 -1.6823000E+00
  1.8723416E+00 -1.6860398E+00 -1.6849289E+00
  1.8837912E+00 -1.6874109E+00 -1.6871871E+00
  1.8953107E+00 -1.6886430E+00 -1.6886932E+00
  1.9069008E+00 -1.6897365E+00 -1.6897479E+00
  1.9185616E+00 -1.6906919E+00 -1.6906905E+00
  1.9302938E+00 -1.6915096E+00 -1.6915096E+00
  1.9420977E+00 -1.6921901E+00 -1.6921901E+00
  1.9539737E+00 -1.6927340E+00 -1.6927340E+00
  1.9659224E+00 -1.6931417E+00 -1.6931417E+00
  1.9779441E+00 -1.6934139E+00 -1.6934139E+00
  1.9900393E+00 -1.6935511E+00 -1.6935511E+00
  2.0022084E+00 -1.6935538E+00 -1.6935538E+00
  2.0144520E+00 -1.6934226E+00 -1.6934226E+00
  2.0267704E+00 -1.6931581E+00 -1.6931581E+00
  2.0391641E+00 -1.6927609E+00 -1.6927609E+00
  2.0516336E+00 -1.6922315E+00 -1.6922315E+00
  2.0641793E+00 -1.6915705E+00 -1.6915705E+00
  2.0768018E+00 -1.6907786E+00 -1.6907786E+00
  2.0895014E+00 -1.6898562E+00 -1.6898562E+00
  2.1022786E+00 -1.6888041E+00 -1.6888041E+00
  2.1151340E+00 -1.6876228E+00 -1.6876228E+00
  2.1280679E+00 -1.6863128E+00 -1.6863128E+00
  2.1410810E+00 -1.6848748E+00 -1.6848748E+00
  2.1541735E+00 -1.6833093E+00 -1.6833093E+00
  2.1673462E+00 -1.6816170E+00 -1.6816170E+00
  2.1805993E+00 -1.6797984E+00 -1.6797984E+00
  2.1939335E+00 -1.6778541E+00 -1.6778541E+00
  2.2073493E+00 -1.6757847E+00 -1.6757847E+00
  2.2208470E+00 -1.6735909E+00 -1.6735909E+00
  2.2344273E+00 -1.6712731E+00 -1.6712731E+00
  2.2480906E+00 -1.6688319E+00 -1.6688319E+00
  2.2618374E+00 -1.6662681E+00 -1.6662681E+00
  2.2756682E+00 -1.6635821E+00 -1.6635821E+00
  2.2895837E+00 -1.6607746E+00 -1.6607746E+00
  2.3035842E+00 -1.6578462E+00 -1.6578462E+00
  2.3176703E+00 -1.6547975E+00 -1.6547975E+00
  2.3318425E+00 -1.6516292E+00 -1.6516292E+00
  2.3461014E+00 -1.6483418E+00 -1.6483418E+00
  2.3604474E+00 -1.6449360E+00 -1.6449360E+00
  2.3748811E+00 -1.6414125E+00 -1.6414125E+00
  2.3894031E+00 -1.6377720E+00 -1.6377720E+00
  2.4040139E+00 -1.6340151E+00 -1.6340151E+00
  2.4187140E+00 -1.6301425E+00 -1.6301425E+00
  2.4335040E+00 -1.6261551E+00 -1.6261551E+00
  2.4483844E+00 -1.6220534E+00 -1.6220534E+00
  2.4633558E+00 -1.6178383E+00 -1.6178383E+00
  2.4784187E+00 -1.6135107E+00 -1.6135107E+00
  2.4935737E+00 -1.6090712E+00 -1.6090712E+00
  2.5088213E+00 -1.6045208E+00 -1.6045208E+00
  2.5241622E+00 -1.5998603E+00 -1.5998603E+00
  2.5395969E+00 -1.5950907E+00 -1.5950907E+00
  2.5551259E+00 -1.5902130E+00 -1.5902130E+00
  2.5707499E+00 -1.5852280E+00 -1.5852280E+00
  2.5864694E+00 -1.5801369E+00 -1.5801369E+00
  2.6022850E+00 -1.5749408E+00 -1.5749408E+00
  2.6181973E+00 -1.5696408E+00 -1.5696408E+00
  2.6342068E+00 -1.5642381E+00 -1.5642381E+00
  2.6503143E+00 -1.5587339E+00 -1.5587339E+00
  2.6665202E+00 -1.5531295E+00 -1.5531295E+00
  2.6828252E+00 -1.5474263E+00 -1.5474263E+00
  2.6992299E+00 -1.5416257E+00 -1.5416257E+00
  2.7157349E+00 -1.5357292E+00 -1.5357292E+00
  2.7323408E+00 -1.5297383E+00 -1.5297383E+00
  2.7490483E+00 -1.5236547E+00 -1.5236547E+00
  2.7658578E+00 -1.5174801E+00 -1.5174801E+00
  2.7827702E+00 -1.5112163E+00 -1.5112163E+00
  2.7997859E+00 -1.5048651E+00 -1.5048651E+00
  2.8169057E+00 -1.4984285E+00 -1.4984285E+00
  2.8341301E+00 -1.4919084E+00 -1.4919084E+00
  2.8514599E+00 -1.4853070E+00 -1.4853070E+00
  2.8688955E+00 -1.4786265E+00 -1.4786265E+00
  2.8864378E+00 -1.4718692E+00 -1.4718692E+00
  2.9040874E+00 -1.4650374E+00 -1.4650374E+00
  2.9218448E+00 -1.4581337E+00 -1.4581337E+00
  2.9397108E+00 -1.4511605E+00 -1.4511605E+00
  2.9576861E+00 -1.4441204E+00 -1.4441204E+00
  2.9757712E+00 -1.4370163E+00 -1.4370163E+00
  2.9939669E+00 -1.4298510E+00 -1.4298510E+00
  3.0122739E+00 -1.4226273E+00 -1.4226273E+00
  3.0306927E+00 -1.4153483E+00 -1.4153483E+00
  3.0492242E+00 -1.4080171E+00 -1.4080171E+00
  3.0678690E+00 -1.4006367E+00 -1.4006367E+00
  3.0866278E+00 -1.3932105E+00 -1.3932105E+00
  3.1055012E+00 -1.3857418E+00 -1.3857418E+00
  3.1244901E+00 -1.3782340E+00 -1.3782340E+00
  3.1435950E+00 -1.3706905E+00 -1.3706905E+00
  3.1628168E+00 -1.3631148E+00 -1.3631148E+00
  3.1821560E+00 -1.3555107E+00 -1.3555107E+00
  3.2016135E+00 -1.3478816E+00 -1.3478816E+00
  3.2211900E+00 -1.3402313E+00 -1.3402313E+00
  3.2408861E+00 -1.3325636E+00 -1.3325636E+00
  3.2607027E+00 -1.3248821E+00 -1.3248821E+00
  3.2806404E+00 -1.3171907E+00 -1.3171907E+00
  3.3007000E+00 -1.3094933E+00 -1.3094933E+00
  3.3208823E+00 -1.3017935E+00 -1.3017935E+00
  3.3411879E+00 -1.2940953E+00 -1.2940953E+00
  3.3616177E+00 -1.2864025E+00 -1.2864025E+00
  3.3821724E+00 -1.2787189E+00 -1.2787189E+00
  3.4028527E+00 -1.2710482E+00 -1.2710482E+00
  3.4236595E+00 -1.2633944E+00 -1.2633944E+00
  3.4445935E+00 -1.2557610E+00 -1.2557610E+00
  3.4656555E+00 -1.2481518E+00 -1.2481518E+00
  3.4868463E+00 -1.2405703E+00 -1.2405703E+00
  3.5081666E+00 -1.2330202E+00 -1.2330202E+00
  3.5296172E+00 -1.2255050E+00 -1.2255050E+00
  3.5511990E+00 -1.2180279E+00 -1.2180279E+00
  3.5729128E+00 -1.2105924E+00 -1.2105924E+00
  3.5947593E+00 -1.2032016E+00 -1.2032016E+00
  3.6167393E+00 -1.1958587E+00 -1.1958587E+00
  3.6388538E+00 -1.1885666E+00 -1.1885666E+00
  3.6611034E+00 -1.1813281E+00 -1.1813281E+00
  3.6834891E+00 -1.1741461E+00 -1.1741461E+00
  3.7060116E+00 -1.1670230E+00 -1.1670230E+00
  3.7286719E+00 -1.1599614E+00 -1.1599614E+00
  3.7514707E+00 -1.1529634E+00 -1.1529634E+00
  3.7744088E+00 -1.1460313E+00 -1.1460313E+00
  3.7974872E+00 -1.1391671E+00 -1.1391671E+00
  3.8207067E+00 -1.1323724E+00 -1.1323724E+00
  3.8440682E+00 -1.1256489E+00 -1.1256489E+00
  3.8675725E+00 -1.1189981E+00 -1.1189981E+00
  3.8912205E+00 -1.1124212E+00 -1.1124212E+00
  3.9150130E+00 -1.1059193E+00 -1.1059193E+00
  3.9389510E+00 -1.0994932E+00 -1.0994932E+00
  3.9630354E+00 -1.0931437E+00 -1.0931437E+00
  3.9872670E+00 -1.0868712E+00 -1.0868712E+00
  4.0116468E+00 -1.0806761E+00 -1.0806761E+00
  4.0361756E+00 -1.0745584E+00 -1.0745584E+00
  4.0608544E+00 -1.0685181E+00 -1.0685181E+00
  4.0856841E+00 -1.0625548E+00 -1.0625548E+00
  4.1106656E+00 -1.0566681E+00 -1.0566681E+00
  4.1357998E+00 -1.0508573E+00 -1.0508573E+00
  4.1610876E+00 -1.0451215E+00 -1.0451215E+00
  4.1865301E+00 -1.0394596E+00 -1.0394596E+00
  4.2121281E+00 -1.0338703E+00 -1.0338703E+00
  4.2378827E+00 -1.0283523E+00 -1.0283523E+00
  4.2637947E+00 -1.0229039E+00 -1.0229039E+00
  4.2898651E+00 -1.0175232E+00 -1.0175232E+00
  4.3160948E+00 -1.0122082E+00 -1.0122082E+00
  4.3424850E+00 -1.0069569E+00 -1.0069569E+00
  4.3690365E+00 -1.0017668E+00 -1.0017668E+00
  4.3957503E+00 -9.9663550E-01 -9.9663550E-01
  4.4226275E+00 -9.9156030E-01 -9.9156030E-01
  4.4496689E+00 -9.8653842E-01 -9.8653842E-01
  4.4768757E+00 -9.8156691E-01 -9.8156691E-01
  4.5042489E+00 -9.7664269E-01 -9.7664269E-01
  4.5317894E+00 -9.7176256E-01 -9.7176256E-01
  4.5594982E+00 -9.6692320E-01 -9.6692320E-01
  4.5873765E+00 -9.6212117E-01 -9.6212117E-01
  4.6154252E+00 -9.5735293E-01 -9.5735293E-01
  4.6436454E+00 -9.5261486E-01 -9.5261486E-01
  4.6720381E+00 -9.4790323E-01 -9.4790323E-01
  4.7006044E+00 -9.4321427E-01 -9.4321427E-01
  4.7293454E+00 -9.3854411E-01 -9.3854411E-01
  4.7582621E+00 -9.3388887E-01 -9.3388887E-01
  4.7873556E+00 -9.2924459E-01 -9.2924459E-01
  4.8166269E+00 -9.2460731E-01 -9.2460731E-01
  4.8460772E+00 -9.1997302E-01 -9.1997302E-01
  4.8757075E+00 -9.1533771E-01 -9.1533771E-01
  4.9055191E+00 -9.1069740E-01 -9.1069740E-01
  4.9355128E+00 -9.0604810E-01 -9.0604810E-01
  4.9656900E+00 -9.0138584E-01 -9.0138584E-01
  4.9960516E+00 -8.9670671E-01 -8.9670671E-01
  5.0265989E+00 -8.9200684E-01 -8.9200684E-01
  5.0573329E+00 -8.8728241E-01 -8.8728241E-01
  5.0882548E+00 -8.8252970E-01 -8.8252970E-01
  5.1193658E+00 -8.7774504E-01 -8.7774504E-01
  5.1506670E+00 -8.7292489E-01 -8.7292489E-01
  5.1821595E+00 -8.6806580E-01 -8.6806580E-01
  5.2138446E+00 -8.6316443E-01 -8.6316443E-01
  5.2457234E+00 -8.5821758E-01 -8.5821758E-01
  5.2777971E+00 -8.5322218E-01 -8.5322218E-01
  5.3100669E+00 -8.4817531E-01 -8.4817531E-01
  5.3425340E+00 -8.4307421E-01 -8.4307421E-01
  5.3751996E+00 -8.3791626E-01 -8.3791626E-01
  5.4080648E+00 -8.3269905E-01 -8.3269905E-01
  5.4411311E+00 -8.2742031E-01 -8.2742031E-01
  5.4743995E+00 -8.2207798E-01 -8.2207798E-01
  5.5078712E+00 -8.1667018E-01 -8.1667018E-01
  5.5415476E+00 -8.1119521E-01 -8.1119521E-01
  5.5754300E+00 -8.0565160E-01 -8.0565160E-01
  5.6095194E+00 -8.0003806E-01 -8.0003806E-01
  5.6438173E+00 -7.9435351E-01 -7.9435351E-01
  5.6783248E+00 -7.8859708E-01 -7.8859708E-01
  5.7130434E+00 -7.8276811E-01 -7.8276811E-01
  5.7479742E+00 -7.7686613E-01 -7.7686613E-01
  5.7831185E+00 -7.7089089E-01 -7.7089089E-01
  5.8184777E+00 -7.6484236E-01 -7.6484236E-01
  5.8540531E+00 -7.5872069E-01 -7.5872069E-01
  5.8898460E+00 -7.5252623E-01 -7.5252623E-01
  5.9258578E+00 -7.4625956E-01 -7.4625956E-01
  5.9620897E+00 -7.3992140E-01 -7.3992140E-01
  5.9985431E+00 -7.3351272E-01 -7.3351272E-01
  6.0352194E+00 -7.2703461E-01 -7.2703461E-01
  6.0721199E+00 -7.2048839E-01 -7.2048839E-01
  6.1092460E+00 -7.1387551E-01 -7.1387551E-01
  6.1465991E+00 -7.0719761E-01 -7.0719761E-01
  6.1841805E+00 -7.0045648E-01 -7.0045648E-01
  6.2219918E+00 -6.9365403E-01 -6.9365403E-01
  6.2600342E+00 -6.8679236E-01 -6.8679236E-01
  6.2983091E+00 -6.7987366E-01 -6.7987366E-01
  6.3368181E+00 -6.7290026E-01 -6.7290026E-01
  6.3755625E+00 -6.6587460E-01 -6.6587460E-01
  6.4145438E+00 -6.5879923E-01 -6.5879923E-01
  6.4537634E+00 -6.5167678E-01 -6.5167678E-01
  6.4932228E+00 -6.4451000E-01 -6.4451000E-01
  6.5329235E+00 -6.3730168E-01 -6.3730168E-01
  6.5728669E+00 -6.3005471E-01 -6.3005471E-01
  6.6130544E+00 -6.2277202E-01 -6.2277202E-01
  6.6534877E+00 -6.1545660E-01 -6.1545660E-01
  6.6941682E+00 -6.0811148E-01 -6.0811148E-01
  6.7350973E+00 -6.0073974E-01 -6.0073974E-01
  6.7762767E+00 -5.9334446E-01 -5.9334446E-01
  6.8177079E+00 -5.8592877E-01 -5.8592877E-01
  6.8593924E+00 -5.7849579E-01 -5.7849579E-01
  6.9013317E+00 -5.7104865E-01 -5.7104865E-01
  6.9435275E+00 -5.6359047E-01 -5.6359047E-01
  6.9859812E+00 -5.5612437E-01 -5.5612437E-01
  7.0286944E+00 -5.4865346E-01 -5.4865346E-01
  7.0716688E+00 -5.4118082E-01 -5.4118082E-01
  7.1149060E+00 -5.3370949E-01 -5.3370949E-01
  7.1584074E+00 -5.2624250E-01 -5.2624250E-01
  7.2021749E+00 -5.1878283E-01 -5.1878283E-01
  7.2462099E+00 -5.1133341E-01 -5.1133341E-01
  7.2905141E+00 -5.0389715E-01 -5.0389715E-01
  7.3350893E+00 -4.9647688E-01 -4.9647688E-01
  7.3799369E+00 -4.8907538E-01 -4.8907538E-01
  7.4250587E+00 -4.8169539E-01 -4.8169539E-01
  7.4704564E+00 -4.7433958E-01 -4.7433958E-01
  7.5161316E+00 -4.6701054E-01 -4.6701054E-01
  7.5620861E+00 -4.5971083E-01 -4.5971083E-01
  7.6083216E+00 -4.5244290E-01 -4.5244290E-01
  7.6548397E+00 -4.4520916E-01 -4.4520916E-01
  7.7016422E+00 -4.3801194E-01 -4.3801194E-01
  7.7487309E+00 -4.3085349E-01 -4.3085349E-01
  7.7961074E+00 -4.2373600E-01 -4.2373600E-01
  7.8437736E+00 -4.1666158E-01 -4.1666158E-01
  7.8917312E+00 -4.0963225E-01 -4.0963225E-01
  7.9399820E+00 -4.0264998E-01 -4.0264998E-01
  7.9885279E+00 -3.9571665E-01 -3.9571665E-01
  8.0373705E+00 -3.8883405E-01 -3.8883405E-01
  8.0865117E+00 -3.8200393E-01 -3.8200393E-01
  8.1359534E+00 -3.7522793E-01 -3.7522793E-01
  8.1856973E+00 -3.6850764E-01 -3.6850764E-01
  8.2357454E+00 -3.6184455E-01 -3.6184455E-01
  8.2860994E+00 -3.5524010E-01 -3.5524010E-01
  8.3367613E+00 -3.4869564E-01 -3.4869564E-01
  8.3877330E+00 -3.4221246E-01 -3.4221246E-01
  8.4390162E+00 -3.3579176E-01 -3.3579176E-01
  8.4906130E+00 -3.2943471E-01 -3.2943471E-01
  8.5425253E+00 -3.2314236E-01 -3.2314236E-01
  8.5947549E+00 -3.1691572E-01 -3.1691572E-01
  8.6473039E+00 -3.1075573E-01 -3.1075573E-01
  8.7001741E+00 -3.0466327E-01 -3.0466327E-01
  8.7533676E+00 -2.9863915E-01 -2.9863915E-01
  8.8068863E+00 -2.9268411E-01 -2.9268411E-01
  8.8607321E+00 -2.8679884E-01 -2.8679884E-01
  8.9149072E+00 -2.8098396E-01 -2.8098396E-01
  8.9694135E+00 -2.7524005E-01 -2.7524005E-01
  9.0242531E+00 -2.6956760E-01 -2.6956760E-01
  9.0794279E+00 -2.6396709E-01 -2.6396709E-01
  9.1349400E+00 -2.5843891E-01 -2.5843891E-01
  9.1907915E+00 -2.5298341E-01 -2.5298341E-01
  9.2469845E+00 -2.4760089E-01 -2.4760089E-01
  9.3035211E+00 -2.4229159E-01 -2.4229159E-01
  9.3604033E+00 -2.3705572E-01 -2.3705572E-01
  9.4176333E+00 -2.3189344E-01 -2.3189344E-01
  9.4752131E+00 -2.2680485E-01 -2.2680485E-01
  9.5331450E+00 -2.2179002E-01 -2.2179002E-01
  9.5914311E+00 -2.1684898E-01 -2.1684898E-01
  9.6500735E+00 -2.1198170E-01 -2.1198170E-01
  9.7090744E+00 -2.0718813E-01 -2.0718813E-01
  9.7684361E+00 -2.0246818E-01 -2.0246818E-01
  9.8281607E+00 -1.9782172E-01 -1.9782172E-01
  9.8882504E+00 -1.9324858E-01 -1.9324858E-01
  9.9487075E+00 -1.8874856E-01 -1.8874856E-01
  1.0009534E+01 -1.8432143E-01 -1.8432143E-01
  1.0070733E+01 -1.7996692E-01 -1.7996692E-01
  1.0132306E+01 -1.7568475E-01 -1.7568475E-01
  1.0194255E+01 -1.7147458E-01 -1.7147458E-01
  1.0256583E+01 -1.6733607E-01 -1.6733607E-01
  1.0319292E+01 -1.6326884E-01 -1.6326884E-01
  1.0382384E+01 -1.5927249E-01 -1.5927249E-01
  1.0445862E+01 -1.5534658E-01 -1.5534658E-01
  1.0509729E+01 -1.5149067E-01 -1.5149067E-01
  1.0573985E+01 -1.4770428E-01 -1.4770428E-01
  1.0638635E+01 -1.4398692E-01 -1.4398692E-01
  1.0703680E+01 -1.4033808E-01 -1.4033808E-01
  1.0769122E+01 -1.3675721E-01 -1.3675721E-01
  1.0834965E+01 -1.3324377E-01 -1.3324377E-01
  1.0901210E+01 -1.2979718E-01 -1.2979718E-01
  1.0967860E+01 -1.2641686E-01 -1.2641686E-01
  1.1034917E+01 -1.2310220E-01 -1.2310220E-01
  1.1102385E+01 -1.1985259E-01 -1.1985259E-01
  1.1170265E+01 -1.1666740E-01 -1.1666740E-01
  1.1238560E+01 -1.1354597E-01 -1.1354597E-01
  1.1307273E+01 -1.1048766E-01 -1.1048766E-01
  1.1376405E+01 -1.0749179E-01 -1.0749179E-01
  1.1445961E+01 -1.0455768E-01 -1.0455768E-01
  1.1515941E+01 -1.0168464E-01 -1.0168464E-01
  1.1586350E+01 -9.8871970E-02 -9.8871970E-02
  1.1657189E+01 -9.6118966E-02 -9.6118966E-02
  1.1728461E+01 -9.3424907E-02 -9.3424907E-02
  1.1800169E+01 -9.0789069E-02 -9.0789069E-02
  1.1872315E+01 -8.8210720E-02 -8.8210720E-02
  1.1944902E+01 -8.5689124E-02 -8.5689124E-02
  1.2017933E+01 -8.3223537E-02 -8.3223537E-02
  1.2091411E+01 -8.0813211E-02 -8.0813211E-02
  1.2165337E+01 -7.8457392E-02 -7.8457392E-02
  1.2239716E+01 -7.6155324E-02 -7.6155324E-02
  1.2314550E+01 -7.3906247E-02 -7.3906247E-02
  1.2389840E+01 -7.1709398E-02 -7.1709398E-02
  1.2465592E+01 -6.9564011E-02 -6.9564011E-02
  1.2541806E+01 -6.7469318E-02 -6.7469318E-02
  1.2618487E+01 -6.5424551E-02 -6.5424551E-02
  1.2695636E+01 -6.3428941E-02 -6.3428941E-02
  1.2773257E+01 -6.1481717E-02 -6.1481717E-02
  1.2851352E+01 -5.9582108E-02 -5.9582108E-02
  1.2929925E+01 -5.7729344E-02 -5.7729344E-02
  1.3008978E+01 -5.5922657E-02 -5.5922657E-02
  1.3088515E+01 -5.4161278E-02 -5.4161278E-02
  1.3168538E+01 -5.2444441E-02 -5.2444441E-02
  1.3249050E+01 -5.0771380E-02 -5.0771380E-02
  1.3330054E+01 -4.9141334E-02 -4.9141334E-02
  1.3411553E+01 -4.7553543E-02 -4.7553543E-02
  1.3493551E+01 -4.6007250E-02 -4.6007250E-02
  1.3576050E+01 -4.4501702E-02 -4.4501702E-02
  1.3659054E+01 -4.3036148E-02 -4.3036148E-02
  1.3742565E+01 -4.1609843E-02 -4.1609843E-02
  1.3826586E+01 -4.0222045E-02 -4.0222045E-02
  1.3911122E+01 -3.8872016E-02 -3.8872016E-02
  1.3996174E+01 -3.7559025E-02 -3.7559025E-02
  1.4081746E+01 -3.6282344E-02 -3.6282344E-02
  1.4167841E+01 -3.5041250E-02 -3.5041250E-02
  1.4254463E+01 -3.3835027E-02 -3.3835027E-02
  1.4341614E+01 -3.2662964E-02 -3.2662964E-02
  1.4429298E+01 -3.1524357E-02 -3.1524357E-02
  1.4517518E+01 -3.0418505E-02 -3.0418505E-02
  1.4606277E+01 -2.9344718E-02 -2.9344718E-02
  1.4695579E+01 -2.8302310E-02 -2.8302310E-02
  1.4785428E+01 -2.7290600E-02 -2.7290600E-02
  1.4875825E+01 -2.6308919E-02 -2.6308919E-02
  1.4966775E+01 -2.5356600E-02 -2.5356600E-02
  1.5058281E+01 -2.4432986E-02 -2.4432986E-02
  1.5150347E+01 -2.3537427E-02 -2.3537427E-02
  1.5242975E+01 -2.2669281E-02 -2.2669281E-02
  1.5336170E+01 -2.1827912E-02 -2.1827912E-02
  1.5429934E+01 -2.1012695E-02 -2.1012695E-02
  1.5524272E+01 -2.0223009E-02 -2.0223009E-02
  1.5619187E+01 -1.9458244E-02 -1.9458244E-02
  1.5714681E+01 -1.8717798E-02 -1.8717798E-02
  1.5810760E+01 -1.8001076E-02 -1.8001076E-02
  1.5907426E+01 -1.7307491E-02 -1.7307491E-02
  1.6004683E+01 -1.6636466E-02 -1.6636466E-02
  1.6102535E+01 -1.5987433E-02 -1.5987433E-02
  1.6200985E+01 -1.5359829E-02 -1.5359829E-02
  1.6300037E+01 -1.4753104E-02 -1.4753104E-02
  1.6399694E+01 -1.4166715E-02 -1.4166715E-02
  1.6499961E+01 -1.3600125E-02 -1.3600125E-02
  1.6600840E+01 -1.3052811E-02 -1.3052811E-02
  1.6702337E+01 -1.2524255E-02 -1.2524255E-02
  1.6804454E+01 -1.2013948E-02 -1.2013948E-02
  1.6907195E+01 -1.1521391E-02 -1.1521391E-02
  1.7010564E+01 -1.1046094E-02 -1.1046094E-02
  1.7114566E+01 -1.0587575E-02 -1.0587575E-02
  1.7219203E+01 -1.0145362E-02 -1.0145362E-02
  1.7324480E+01 -9.7189894E-03 -9.7189894E-03
  1.7430401E+01 -9.3080030E-03 -9.3080030E-03
  1.7536969E+01 -8.9119563E-03 -8.9119563E-03
  1.7644188E+01 -8.5304116E-03 -8.5304116E-03
  1.7752064E+01 -8.1629401E-03 -8.1629401E-03
  1.7860598E+01 -7.8091217E-03 -7.8091217E-03
  1.7969797E+01 -7.4685448E-03 -7.4685448E-03
  1.8079663E+01 -7.1408066E-03 -7.1408066E-03
  1.8190200E+01 -6.8255130E-03 -6.8255130E-03
  1.8301414E+01 -6.5222782E-03 -6.5222782E-03
  1.8413307E+01 -6.2307249E-03 -6.2307249E-03
  1.8525885E+01 -5.9504844E-03 -5.9504844E-03
  1.8639150E+01 -5.6811962E-03 -5.6811962E-03
  1.8753109E+01 -5.4225080E-03 -5.4225080E-03
  1.8867763E+01 -5.1740758E-03 -5.1740758E-03
  1.8983119E+01 -4.9355639E-03 -4.9355639E-03
  1.9099181E+01 -4.7066444E-03 -4.7066444E-03
  1.9215951E+01 -4.4869975E-03 -4.4869975E-03
  1.9333436E+01 -4.2763112E-03 -4.2763112E-03
  1.9451639E+01 -4.0742812E-03 -4.0742812E-03
  1.9570564E+01 -3.8806113E-03 -3.8806113E-03
  1.9690217E+01 -3.6950124E-03 -3.6950124E-03
  1.9810601E+01 -3.5172032E-03 -3.5172032E-03
  1.9931722E+01 -3.3469099E-03 -3.3469099E-03
  2.0053582E+01 -3.1838656E-03 -3.1838656E-03
  2.0176188E+01 -3.0278111E-03 -3.0278111E-03
  2.0299543E+01 -2.8784939E-03 -2.8784939E-03
  2.0423653E+01 -2.7356688E-03 -2.7356688E-03
  2.0548521E+01 -2.5990972E-03 -2.5990972E-03
  2.0674153E+01 -2.4685475E-03 -2.4685475E-03
  2.0800553E+01 -2.3437946E-03 -2.3437946E-03
  2.0927725E+01 -2.2246200E-03 -2.2246200E-03
  2.1055675E+01 -2.1108117E-03 -2.1108117E-03
  2.1184408E+01 -2.0021640E-03 -2.0021640E-03
  2.1313927E+01 -1.8984774E-03 -1.8984774E-03
  2.1444238E+01 -1.7995583E-03 -1.7995583E-03
  2.1575346E+01 -1.7052194E-03 -1.7052194E-03
  2.1707256E+01 -1.6152789E-03 -1.6152789E-03
  2.1839971E+01 -1.5295612E-03 -1.5295612E-03
  2.1973499E+01 -1.4478958E-03 -1.4478958E-03
  2.2107843E+01 -1.3701180E-03 -1.3701180E-03
  2.2243008E+01 -1.2960684E-03 -1.2960684E-03
  2.2378999E+01 -1.2255930E-03 -1.2255930E-03
  2.2515822E+01 -1.1585427E-03 -1.1585427E-03
  2.2653481E+01 -1.0947737E-03 -1.0947737E-03
  2.2791982E+01 -1.0341469E-03 -1.0341469E-03
  2.2931330E+01 -9.7652800E-04 -9.7652800E-04
  2.3071530E+01 -9.2178756E-04 -9.2178756E-04
  2.3212586E+01 -8.6980058E-04 -8.6980058E-04
  2.3354506E+01 -8.2044652E-04 -8.2044652E-04
  2.3497292E+01 -7.7360920E-04 -7.7360920E-04
  2.3640952E+01 -7.2917667E-04 -7.2917667E-04
  2.3785490E+01 -6.8704109E-04 -6.8704109E-04
  2.3930912E+01 -6.4709861E-04 -6.4709861E-04
  2.4077223E+01 -6.0924930E-04 -6.0924930E-04
  2.4224429E+01 -5.7339702E-04 -5.7339702E-04
  2.4372534E+01 -5.3944929E-04 -5.3944929E-04
  2.4521545E+01 -5.0731723E-04 -5.0731723E-04
  2.4671467E+01 -4.7691542E-04 -4.7691542E-04
  2.4822305E+01 -4.4816183E-04 -4.4816183E-04
  2.4974066E+01 -4.2097768E-04 -4.2097768E-04
  2.5126755E+01 -3.9528738E-04 -3.9528738E-04
  2.5280377E+01 -3.7101840E-04 -3.7101840E-04
  2.5434938E+01 -3.4810120E-04 -3.4810120E-04
  2.5590444E+01 -3.2646911E-04 -3.2646911E-04
  2.5746901E+01 -3.0605827E-04 -3.0605827E-04
  2.5904314E+01 -2.8680750E-04 -2.8680750E-04
  2.6062690E+01 -2.6865825E-04 -2.6865825E-04
  2.6222034E+01 -2.5155449E-04 -2.5155449E-04
  2.6382353E+01 -2.3544262E-04 -2.3544262E-04
  2.6543651E+01 -2.2027139E-04 -2.2027139E-04
  2.6705936E+01 -2.0599184E-04 -2.0599184E-04
  2.6869213E+01 -1.9255719E-04 -1.9255719E-04
  2.7033488E+01 -1.7992277E-04 -1.7992277E-04
  2.7198767E+01 -1.6804596E-04 -1.6804596E-04
  2.7365057E+01 -1.5688609E-04 -1.5688609E-04
  2.7532363E+01 -1.4640438E-04 -1.4640438E-04
  2.7700693E+01 -1.3656388E-04 -1.3656388E-04
  2.7870051E+01 -1.2732937E-04 -1.2732937E-04
  2.8040445E+01 -1.1866732E-04 -1.1866732E-04
  2.8211881E+01 -1.1054582E-04 -1.1054582E-04
  2.8384365E+01 -1.0293451E-04 -1.0293451E-04
  2.8557903E+01 -9.5804511E-05 -9.5804511E-05
  2.8732502E+01 -8.9128379E-05 -8.9128379E-05
  2.8908169E+01 -8.2880041E-05 -8.2880041E-05
  2.9084910E+01 -7.7034737E-05 -7.7034737E-05
  2.9262731E+01 -7.1568964E-05 -7.1568964E-05
  2.9441640E+01 -6.6460426E-05 -6.6460426E-05
  2.9621642E+01 -6.1687980E-05 -6.1687980E-05
  2.9802745E+01 -5.7231585E-05 -5.7231585E-05
  2.9984955E+01 -5.3072258E-05 -5.3072258E-05
  3.0168279E+01 -4.9192021E-05 -4.9192021E-05
  3.0352724E+01 -4.5573861E-05 -4.5573861E-05
  3.0538296E+01 -4.2201683E-05 -4.2201683E-05
  3.0725003E+01 -3.9060269E-05 -3.9060269E-05
  3.0912852E+01 -3.6135239E-05 -3.6135239E-05
  3.1101849E+01 -3.3413008E-05 -3.3413008E-05
  3.1292001E+01 -3.0880752E-05 -3.0880752E-05
  3.1483316E+01 -2.8526371E-05 -2.8526371E-05
  3.1675801E+01 -2.6338450E-05 -2.6338450E-05
  3.1869462E+01 -2.4306231E-05 -2.4306231E-05
  3.2064308E+01 -2.2419577E-05 -2.2419577E-05
  3.2260344E+01 -2.0668942E-05 -2.0668942E-05
  3.2457580E+01 -1.9045344E-05 -1.9045344E-05
  3.2656021E+01 -1.7540329E-05 -1.7540329E-05
  3.2855675E+01 -1.6145952E-05 -1.6145952E-05
  3.3056550E+01 -1.4854745E-05 -1.4854745E-05
  3.3258653E+01 -1.3659694E-05 -1.3659694E-05
  3.3461992E+01 -1.2554217E-05 -1.2554217E-05
  3.3666574E+01 -1.1532137E-05 -1.1532137E-05
  3.3872406E+01 -1.0587660E-05 -1.0587660E-05
  3.4079497E+01 -9.7153587E-06 -9.7153587E-06
  3.4287855E+01 -8.9101484E-06 -8.9101484E-06
  3.4497486E+01 -8.1672688E-06 -8.1672688E-06
  3.4708398E+01 -7.4822658E-06 -7.4822658E-06
  3.4920600E+01 -6.8509744E-06 -6.8509744E-06
  3.5134100E+01 -6.2695018E-06 -6.2695018E-06
  3.5348905E+01 -5.7342118E-06 -5.7342118E-06
  3.5565023E+01 -5.2417097E-06 -5.2417097E-06
  3.5782462E+01 -4.7888282E-06 -4.7888282E-06
  3.6001231E+01 -4.3726137E-06 -4.3726137E-06
  3.6221337E+01 -3.9903137E-06 -3.9903137E-06
  3.6442789E+01 -3.6393642E-06 -3.6393642E-06
  3.6665595E+01 -3.3173786E-06 -3.3173786E-06
  3.6889763E+01 -3.0221365E-06 -3.0221365E-06
  3.7115301E+01 -2.7515733E-06 -2.7515733E-06
  3.7342219E+01 -2.5037706E-06 -2.5037706E-06
  3.7570523E+01 -2.2769466E-06 -2.2769466E-06
  3.7800224E+01 -2.0694478E-06 -2.0694478E-06
  3.8031329E+01 -1.8797403E-06 -1.8797403E-06
  3.8263846E+01 -1.7064021E-06 -1.7064021E-06
  3.8497786E+01 -1.5481158E-06 -1.5481158E-06
  3.8733155E+01 -1.4036618E-06 -1.4036618E-06
  3.8969964E+01 -1.2719114E-06 -1.2719114E-06
  3.9208220E+01 -1.1518210E-06 -1.1518210E-06
  3.9447934E+01 -1.0424259E-06 -1.0424259E-06
  3.9689112E+01 -9.4283525E-07 -9.4283525E-07
  3.9931765E+01 -8.5222691E-07 -8.5222691E-07
  4.0175902E+01 -7.6984237E-07 -7.6984237E-07
  4.0421531E+01 -6.9498244E-07 -6.9498244E-07
  4.0668662E+01 -6.2700301E-07 -6.2700301E-07
  4.0917304E+01 -5.6531109E-07 -5.6531109E-07
  4.1167466E+01 -5.0936108E-07 -5.0936108E-07
  4.1419158E+01 -4.5865135E-07 -4.5865135E-07
  4.1672388E+01 -4.1272097E-07 -4.1272097E-07
  4.1927166E+01 -3.7114669E-07 -3.7114669E-07
  4.2183502E+01 -3.3354015E-07 -3.3354015E-07
  4.2441406E+01 -2.9954518E-07 -2.9954518E-07
  4.2700886E+01 -2.6883543E-07 -2.6883543E-07
  4.2961952E+01 -2.4111199E-07 -2.4111199E-07
  4.3224615E+01 -2.1610136E-07 -2.1610136E-07
  4.3488883E+01 -1.9355338E-07 -1.9355338E-07
  4.3754767E+01 -1.7323944E-07 -1.7323944E-07
  4.4022277E+01 -1.5495077E-07 -1.5495077E-07
  4.4291422E+01 -1.3849681E-07 -1.3849681E-07
  4.4562213E+01 -1.2370382E-07 -1.2370382E-07
  4.4834659E+01 -1.1041341E-07 -1.1041341E-07
  4.5108771E+01 -9.8481373E-08 -9.8481373E-08
  4.5384559E+01 -8.7776452E-08 -8.7776452E-08
  4.5662032E+01 -7.8179290E-08 -7.8179290E-08
  4.5941203E+01 -6.9581421E-08 -6.9581421E-08
  4.6222080E+01 -6.1884349E-08 -6.1884349E-08
  4.6504674E+01 -5.4998696E-08 -5.4998696E-08
  4.6788996E+01 -4.8843420E-08 -4.8843420E-08
  4.7075056E+01 -4.3345088E-08 -4.3345088E-08
  4.7362865E+01 -3.8437214E-08 -3.8437214E-08
  4.7652434E+01 -3.4059646E-08 -3.4059646E-08
  4.7943773E+01 -3.0158005E-08 -3.0158005E-08
  4.8236894E+01 -2.6683164E-08 -2.6683164E-08
  4.8531806E+01 -2.3590779E-08 -2.3590779E-08
  4.8828522E+01 -2.0840851E-08 -2.0840851E-08
  4.9127051E+01 -1.8397330E-08 -1.8397330E-08
  4.9427406E+01 -1.6227749E-08 -1.6227749E-08
  4.9729597E+01 -1.4302892E-08 -1.4302892E-08
  5.0033635E+01 -1.2596487E-08 -1.2596487E-08
  5.0339533E+01 -1.1084930E-08 -1.1084930E-08
  5.0647300E+01 -9.7470297E-09 -9.7470297E-09
  5.0956949E+01 -8.5637771E-09 -8.5637771E-09
  5.1268491E+01 -7.5181337E-09 -7.5181337E-09
  5.1581938E+01 -6.5948390E-09 -6.5948390E-09
  5.1897302E+01 -5.7802370E-09 -5.7802370E-09
  5.2214593E+01 -5.0621187E-09 -5.0621187E-09
  5.2533824E+01 -4.4295739E-09 -4.4295739E-09
  5.2855007E+01 -3.8728647E-09 -3.8728647E-09
  5.3178154E+01 -3.3833072E-09 -3.3833072E-09
  5.3503276E+01 -2.9531592E-09 -2.9531592E-09
  5.3830386E+01 -2.5755291E-09 -2.5755291E-09
  5.4159496E+01 -2.2442851E-09 -2.2442851E-09
  5.4490618E+01 -1.9539762E-09 -1.9539762E-09
  5.4823764E+01 -1.6997608E-09 -1.6997608E-09
  5.5158947E+01 -1.4773437E-09 -1.4773437E-09
  5.5496179E+01 -1.2829156E-09 -1.2829156E-09
  5.5835473E+01 -1.1131026E-09 -1.1131026E-09
  5.6176842E+01 -9.6491796E-10 -9.6491796E-10
  5.6520297E+01 -8.3572173E-10 -8.3572173E-10
  5.6865853E+01 -7.2318016E-10 -7.2318016E-10
  5.7213521E+01 -6.2523300E-10 -6.2523300E-10
  5.7563314E+01 -5.4006571E-10 -5.4006571E-10
  5.7915246E+01 -4.6607710E-10 -4.6607710E-10
  5.8269330E+01 -4.0185768E-10 -4.0185768E-10
  5.8625579E+01 -3.4616971E-10 -3.4616971E-10
  5.8984005E+01 -2.9792359E-10 -2.9792359E-10
  5.9344623E+01 -2.5616315E-10 -2.5616315E-10
  5.9707446E+01 -2.2005052E-10 -2.2005052E-10
  6.0072487E+01 -1.8885134E-10 -1.8885134E-10
  6.0439760E+01 -1.6192291E-10 -1.6192291E-10
  6.0809278E+01 -1.3870211E-10 -1.3870211E-10
  6.1181055E+01 -1.1869674E-10 -1.1869674E-10
  6.1555105E+01 -1.0147946E-10 -1.0147946E-10
  6.1931442E+01 -8.6675638E-11 -8.6675638E-11
  6.2310080E+01 -7.3959245E-11 -7.3959245E-11
  6.2691033E+01 -6.3046550E-11 -6.3046550E-11
  6.3074315E+01 -5.3690900E-11 -5.3690900E-11
  6.3459940E+01 -4.5678422E-11 -4.5678422E-11
  6.3847923E+01 -3.8822822E-11 -3.8822822E-11
  6.4238278E+01 -3.2962650E-11 -3.2962650E-11
  6.4631019E+01 -2.7959267E-11 -2.7959267E-11
  6.5026162E+01 -2.3690944E-11 -2.3690944E-11
  6.5423720E+01 -2.0053679E-11 -2.0053679E-11
  6.5823709E+01 -1.6957148E-11 -1.6957148E-11
  6.6226143E+01 -1.4324640E-11 -1.4324640E-11
  6.6631038E+01 -1.2086973E-11 -1.2086973E-11
  6.7038408E+01 -1.0189522E-11 -1.0189522E-11
  6.7448269E+01 -8.5802736E-12 -8.5802736E-12
  6.7860636E+01 -7.2174047E-12 -7.2174047E-12
  6.8275524E+01 -6.0642006E-12 -6.0642006E-12
  6.8692948E+01 -5.0906407E-12 -5.0906407E-12
  6.9112924E+01 -4.2685591E-12 -4.2685591E-12
  6.9535468E+01 -3.5744768E-12 -3.5744768E-12
  6.9960595E+01 -2.9907547E-12 -2.9907547E-12
  7.0388322E+01 -2.4991430E-12 -2.4991430E-12
  7.0818663E+01 -2.0869161E-12 -2.0869161E-12
  7.1251636E+01 -1.7395601E-12 -1.7395601E-12
  7.1687255E+01 -1.4491109E-12 -1.4491109E-12
  7.2125538E+01 -1.2059461E-12 -1.2059461E-12
  7.2566501E+01 -1.0023599E-12 -1.0023599E-12
  7.3010159E+01 -8.3128602E-13 -8.3128602E-13
  7.3456530E+01 -6.9009303E-13 -6.9009303E-13
  7.3905630E+01 -5.7129493E-13 -5.7129493E-13
  7.4357475E+01 -4.7246161E-13 -4.7246161E-13
  7.4812083E+01 -3.8999992E-13 -3.8999992E-13
  7.5269470E+01 -3.2208416E-13 -3.2208416E-13
  7.5729654E+01 -2.6544431E-13 -2.6544431E-13
  7.6192651E+01 -2.1836745E-13 -2.1836745E-13
  7.6658479E+01 -1.7959380E-13 -1.7959380E-13
  7.7127155E+01 -1.4718500E-13 -1.4718500E-13
  7.7598696E+01 -1.2165080E-13 -1.2165080E-13
  7.8073120E+01 -9.9500216E-14 -9.9500216E-14
  7.8550445E+01 -8.1737031E-14 -8.1737031E-14
  7.9030688E+01 -6.6329902E-14 -6.6329902E-14
  7.9513867E+01 -5.4669118E-14 -5.4669118E-14
  8.0000000E+01 -4.3908155E-14 -4.3908155E-14
