  0.0000000E+00 -1.45206689556818946E+00
  2.4843035E-06 -1.45206689562551716E+00
  4.9837954E-06 -1.45206689579763415E+00
  7.4985687E-06 -1.45206689608688966E+00
  1.0028717E-05 -1.45206689649552612E+00
  1.2574334E-05 -1.45206689702567915E+00
  1.5135514E-05 -1.45206689767967800E+00
  1.7712353E-05 -1.45206689845965498E+00
  2.0304946E-05 -1.45206689936794797E+00
  2.2913389E-05 -1.45206690040675457E+00
  2.5537780E-05 -1.45206690157849705E+00
  2.8178216E-05 -1.45206690288548024E+00
  3.0834795E-05 -1.45206690433012242E+00
  3.3507616E-05 -1.45206690591487275E+00
  3.6196777E-05 -1.45206690764218616E+00
  3.8902380E-05 -1.45206690951455331E+00
  4.1624524E-05 -1.45206691153452128E+00
  4.4363311E-05 -1.45206691370466223E+00
  4.7118842E-05 -1.45206691602757454E+00
  4.9891220E-05 -1.45206691850591563E+00
  5.2680548E-05 -1.45206692114237290E+00
  5.5486929E-05 -1.45206692393964976E+00
  5.8310467E-05 -1.45206692690052108E+00
  6.1151268E-05 -1.45206693002775999E+00
  6.4009437E-05 -1.45206693332423176E+00
  6.6885081E-05 -1.45206693679278076E+00
  6.9778305E-05 -1.45206694043635420E+00
  7.2689218E-05 -1.45206694425789462E+00
  7.5617927E-05 -1.45206694826037630E+00
  7.8564543E-05 -1.45206695244687789E+00
  8.1529173E-05 -1.45206695682045228E+00
  8.4511928E-05 -1.45206696138425007E+00
  8.7512919E-05 -1.45206696614141051E+00
  9.0532257E-05 -1.45206697109517102E+00
  9.3570056E-05 -1.45206697624877235E+00
  9.6626426E-05 -1.45206698160552117E+00
  9.9701483E-05 -1.45206698716875859E+00
  1.0279534E-04 -1.45206699294188590E+00
  1.0590811E-04 -1.45206699892834545E+00
  1.0903991E-04 -1.45206700513160647E+00
  1.1219086E-04 -1.45206701155522699E+00
  1.1536108E-04 -1.45206701820278239E+00
  1.1855067E-04 -1.45206702507791330E+00
  1.2175977E-04 -1.45206703218427924E+00
  1.2498849E-04 -1.45206703952564875E+00
  1.2823694E-04 -1.45206704710578616E+00
  1.3150526E-04 -1.45206705492853239E+00
  1.3479356E-04 -1.45206706299779031E+00
  1.3810196E-04 -1.45206707131748458E+00
  1.4143059E-04 -1.45206707989161621E+00
  1.4477957E-04 -1.45206708872425994E+00
  1.4814902E-04 -1.45206709781950938E+00
  1.5153908E-04 -1.45206710718151855E+00
  1.5494986E-04 -1.45206711681450695E+00
  1.5838149E-04 -1.45206712672277027E+00
  1.6183410E-04 -1.45206713691064593E+00
  1.6530783E-04 -1.45206714738250642E+00
  1.6880279E-04 -1.45206715814282217E+00
  1.7231911E-04 -1.45206716919611534E+00
  1.7585694E-04 -1.45206718054696471E+00
  1.7941639E-04 -1.45206719219998837E+00
  1.8299761E-04 -1.45206720415989698E+00
  1.8660072E-04 -1.45206721643148118E+00
  1.9022586E-04 -1.45206722901955265E+00
  1.9387316E-04 -1.45206724192900039E+00
  1.9754277E-04 -1.45206725516481172E+00
  2.0123480E-04 -1.45206726873199643E+00
  2.0494941E-04 -1.45206728263564866E+00
  2.0868673E-04 -1.45206729688095826E+00
  2.1244690E-04 -1.45206731147313883E+00
  2.1623006E-04 -1.45206732641749703E+00
  2.2003635E-04 -1.45206734171943630E+00
  2.2386591E-04 -1.45206735738439785E+00
  2.2771888E-04 -1.45206737341788750E+00
  2.3159540E-04 -1.45206738982551342E+00
  2.3549563E-04 -1.45206740661294842E+00
  2.3941970E-04 -1.45206742378595877E+00
  2.4336777E-04 -1.45206744135035382E+00
  2.4733997E-04 -1.45206745931204817E+00
  2.5133646E-04 -1.45206747767702105E+00
  2.5535738E-04 -1.45206749645132893E+00
  2.5940288E-04 -1.45206751564113357E+00
  2.6347312E-04 -1.45206753525267396E+00
  2.6756824E-04 -1.45206755529222153E+00
  2.7168839E-04 -1.45206757576619294E+00
  2.7583374E-04 -1.45206759668110008E+00
  2.8000443E-04 -1.45206761804346707E+00
  2.8420062E-04 -1.45206763985996679E+00
  2.8842247E-04 -1.45206766213734650E+00
  2.9267012E-04 -1.45206768488242832E+00
  2.9694375E-04 -1.45206770810216113E+00
  3.0124350E-04 -1.45206773180353843E+00
  3.0556954E-04 -1.45206775599368720E+00
  3.0992203E-04 -1.45206778067979725E+00
  3.1430113E-04 -1.45206780586919337E+00
  3.1870701E-04 -1.45206783156925678E+00
  3.2313981E-04 -1.45206785778748593E+00
  3.2759972E-04 -1.45206788453148672E+00
  3.3208690E-04 -1.45206791180893968E+00
  3.3660151E-04 -1.45206793962765923E+00
  3.4114373E-04 -1.45206796799553506E+00
  3.4571371E-04 -1.45206799692058519E+00
  3.5031163E-04 -1.45206802641092803E+00
  3.5493766E-04 -1.45206805647475923E+00
  3.5959198E-04 -1.45206808712041635E+00
  3.6427475E-04 -1.45206811835637883E+00
  3.6898615E-04 -1.45206815019112967E+00
  3.7372635E-04 -1.45206818263335991E+00
  3.7849554E-04 -1.45206821569187206E+00
  3.8329388E-04 -1.45206824937553680E+00
  3.8812156E-04 -1.45206828369336516E+00
  3.9297876E-04 -1.45206831865448693E+00
  3.9786565E-04 -1.45206835426816272E+00
  4.0278242E-04 -1.45206839054374193E+00
  4.0772924E-04 -1.45206842749072518E+00
  4.1270632E-04 -1.45206846511874987E+00
  4.1771382E-04 -1.45206850343754557E+00
  4.2275193E-04 -1.45206854245698613E+00
  4.2782085E-04 -1.45206858218711066E+00
  4.3292076E-04 -1.45206862263799730E+00
  4.3805184E-04 -1.45206866381994493E+00
  4.4321430E-04 -1.45206870574335856E+00
  4.4840832E-04 -1.45206874841877176E+00
  4.5363410E-04 -1.45206879185685733E+00
  4.5889182E-04 -1.45206883606843373E+00
  4.6418169E-04 -1.45206888106448151E+00
  4.6950390E-04 -1.45206892685605404E+00
  4.7485865E-04 -1.45206897345443009E+00
  4.8024613E-04 -1.45206902087103251E+00
  4.8566656E-04 -1.45206906911735323E+00
  4.9112012E-04 -1.45206911820509932E+00
  4.9660703E-04 -1.45206916814612330E+00
  5.0212748E-04 -1.45206921895241692E+00
  5.0768168E-04 -1.45206927063618063E+00
  5.1326984E-04 -1.45206932320969662E+00
  5.1889216E-04 -1.45206937668540248E+00
  5.2454886E-04 -1.45206943107599984E+00
  5.3024014E-04 -1.45206948639429223E+00
  5.3596622E-04 -1.45206954265322197E+00
  5.4172731E-04 -1.45206959986590944E+00
  5.4752361E-04 -1.45206965804570576E+00
  5.5335536E-04 -1.45206971720611344E+00
  5.5922276E-04 -1.45206977736072984E+00
  5.6512603E-04 -1.45206983852341187E+00
  5.7106539E-04 -1.45206990070821051E+00
  5.7704106E-04 -1.45206996392929177E+00
  5.8305327E-04 -1.45207002820104258E+00
  5.8910223E-04 -1.45207009353805039E+00
  5.9518818E-04 -1.45207015995505317E+00
  6.0131134E-04 -1.45207022746698633E+00
  6.0747193E-04 -1.45207029608903770E+00
  6.1367018E-04 -1.45207036583651972E+00
  6.1990633E-04 -1.45207043672496017E+00
  6.2618061E-04 -1.45207050877013066E+00
  6.3249325E-04 -1.45207058198793604E+00
  6.3884448E-04 -1.45207065639455091E+00
  6.4523454E-04 -1.45207073200635906E+00
  6.5166366E-04 -1.45207080883987838E+00
  6.5813210E-04 -1.45207088691190789E+00
  6.6464008E-04 -1.45207096623944976E+00
  6.7118785E-04 -1.45207104683974353E+00
  6.7777565E-04 -1.45207112873024258E+00
  6.8440373E-04 -1.45207121192856636E+00
  6.9107233E-04 -1.45207129645260236E+00
  6.9778170E-04 -1.45207138232056399E+00
  7.0453209E-04 -1.45207146955074817E+00
  7.1132375E-04 -1.45207155816172229E+00
  7.1815693E-04 -1.45207164817242207E+00
  7.2503189E-04 -1.45207173960184366E+00
  7.3194888E-04 -1.45207183246928606E+00
  7.3890816E-04 -1.45207192679441999E+00
  7.4590999E-04 -1.45207202259704271E+00
  7.5295462E-04 -1.45207211989718443E+00
  7.6004233E-04 -1.45207221871522618E+00
  7.6717337E-04 -1.45207231907176415E+00
  7.7434800E-04 -1.45207242098765432E+00
  7.8156650E-04 -1.45207252448400848E+00
  7.8882913E-04 -1.45207262958231031E+00
  7.9613617E-04 -1.45207273630417100E+00
  8.0348788E-04 -1.45207284467151054E+00
  8.1088453E-04 -1.45207295470669084E+00
  8.1832641E-04 -1.45207306643217349E+00
  8.2581378E-04 -1.45207317987071938E+00
  8.3334693E-04 -1.45207329504551774E+00
  8.4092614E-04 -1.45207341197994899E+00
  8.4855168E-04 -1.45207353069769196E+00
  8.5622384E-04 -1.45207365122276100E+00
  8.6394292E-04 -1.45207377357947331E+00
  8.7170918E-04 -1.45207389779247231E+00
  8.7952292E-04 -1.45207402388670959E+00
  8.8738444E-04 -1.45207415188738875E+00
  8.9529402E-04 -1.45207428182014575E+00
  9.0325196E-04 -1.45207441371086543E+00
  9.1125855E-04 -1.45207454758578680E+00
  9.1931409E-04 -1.45207468347149304E+00
  9.2741888E-04 -1.45207482139491528E+00
  9.3557322E-04 -1.45207496138330172E+00
  9.4377742E-04 -1.45207510346423452E+00
  9.5203177E-04 -1.45207524766575213E+00
  9.6033659E-04 -1.45207539401609642E+00
  9.6869218E-04 -1.45207554254396909E+00
  9.7709886E-04 -1.45207569327843378E+00
  9.8555694E-04 -1.45207584624885477E+00
  9.9406672E-04 -1.45207600148510885E+00
  1.0026285E-03 -1.45207615901732279E+00
  1.0112427E-03 -1.45207631887602884E+00
  1.0199095E-03 -1.45207648109220155E+00
  1.0286293E-03 -1.45207664569715744E+00
  1.0374024E-03 -1.45207681272270839E+00
  1.0462292E-03 -1.45207698220091030E+00
  1.0551099E-03 -1.45207715416431093E+00
  1.0640449E-03 -1.45207732864597983E+00
  1.0730346E-03 -1.45207750567920035E+00
  1.0820792E-03 -1.45207768529781811E+00
  1.0911791E-03 -1.45207786753608104E+00
  1.1003346E-03 -1.45207805242865096E+00
  1.1095461E-03 -1.45207824001068864E+00
  1.1188140E-03 -1.45207843031766548E+00
  1.1281385E-03 -1.45207862338569305E+00
  1.1375200E-03 -1.45207881925126281E+00
  1.1469588E-03 -1.45207901795113692E+00
  1.1564554E-03 -1.45207921952290397E+00
  1.1660100E-03 -1.45207942400441170E+00
  1.1756230E-03 -1.45207963143392127E+00
  1.1852948E-03 -1.45207984185040684E+00
  1.1950258E-03 -1.45208005529313011E+00
  1.2048162E-03 -1.45208027180196453E+00
  1.2146665E-03 -1.45208049141721784E+00
  1.2245770E-03 -1.45208071417978357E+00
  1.2345481E-03 -1.45208094013107747E+00
  1.2445802E-03 -1.45208116931289566E+00
  1.2546736E-03 -1.45208140176774103E+00
  1.2648287E-03 -1.45208163753856367E+00
  1.2750459E-03 -1.45208187666884925E+00
  1.2853255E-03 -1.45208211920270758E+00
  1.2956680E-03 -1.45208236518475275E+00
  1.3060738E-03 -1.45208261466010868E+00
  1.3165431E-03 -1.45208286767458072E+00
  1.3270765E-03 -1.45208312427458996E+00
  1.3376743E-03 -1.45208338450691810E+00
  1.3483368E-03 -1.45208364841910043E+00
  1.3590646E-03 -1.45208391605932707E+00
  1.3698579E-03 -1.45208418747628354E+00
  1.3807172E-03 -1.45208446271935321E+00
  1.3916429E-03 -1.45208474183841685E+00
  1.4026354E-03 -1.45208502488411262E+00
  1.4136951E-03 -1.45208531190773216E+00
  1.4248225E-03 -1.45208560296106626E+00
  1.4360178E-03 -1.45208589809670574E+00
  1.4472816E-03 -1.45208619736788846E+00
  1.4586143E-03 -1.45208650082838719E+00
  1.4700162E-03 -1.45208680853278427E+00
  1.4814879E-03 -1.45208712053640721E+00
  1.4930297E-03 -1.45208743689513753E+00
  1.5046421E-03 -1.45208775766559284E+00
  1.5163254E-03 -1.45208808290515212E+00
  1.5280802E-03 -1.45208841267192423E+00
  1.5399069E-03 -1.45208874702469481E+00
  1.5518058E-03 -1.45208908602301423E+00
  1.5637776E-03 -1.45208942972725596E+00
  1.5758225E-03 -1.45208977819839546E+00
  1.5879410E-03 -1.45209013149825306E+00
  1.6001336E-03 -1.45209048968956589E+00
  1.6124008E-03 -1.45209085283566774E+00
  1.6247430E-03 -1.45209122100074595E+00
  1.6371606E-03 -1.45209159424980894E+00
  1.6496542E-03 -1.45209197264872381E+00
  1.6622241E-03 -1.45209235626416922E+00
  1.6748709E-03 -1.45209274516355147E+00
  1.6875950E-03 -1.45209313941525164E+00
  1.7003969E-03 -1.45209353908852390E+00
  1.7132770E-03 -1.45209394425343796E+00
  1.7262359E-03 -1.45209435498089312E+00
  1.7392741E-03 -1.45209477134273635E+00
  1.7523919E-03 -1.45209519341181448E+00
  1.7655900E-03 -1.45209562126174374E+00
  1.7788687E-03 -1.45209605496702587E+00
  1.7922286E-03 -1.45209649460334522E+00
  1.8056702E-03 -1.45209694024713021E+00
  1.8191940E-03 -1.45209739197574650E+00
  1.8328005E-03 -1.45209784986770041E+00
  1.8464901E-03 -1.45209831400236067E+00
  1.8602635E-03 -1.45209878446009166E+00
  1.8741210E-03 -1.45209926132234379E+00
  1.8880633E-03 -1.45209974467152469E+00
  1.9020908E-03 -1.45210023459110271E+00
  1.9162041E-03 -1.45210073116557981E+00
  1.9304036E-03 -1.45210123448051798E+00
  1.9446900E-03 -1.45210174462254171E+00
  1.9590637E-03 -1.45210226167941725E+00
  1.9735253E-03 -1.45210278574001883E+00
  1.9880753E-03 -1.45210331689417393E+00
  2.0027143E-03 -1.45210385523305119E+00
  2.0174428E-03 -1.45210440084885284E+00
  2.0322613E-03 -1.45210495383485672E+00
  2.0471704E-03 -1.45210551428568513E+00
  2.0621706E-03 -1.45210608229712212E+00
  2.0772626E-03 -1.45210665796600269E+00
  2.0924469E-03 -1.45210724139039438E+00
  2.1077239E-03 -1.45210783266980115E+00
  2.1230944E-03 -1.45210843190482186E+00
  2.1385588E-03 -1.45210903919728995E+00
  2.1541178E-03 -1.45210965465034869E+00
  2.1697719E-03 -1.45211027836842144E+00
  2.1855218E-03 -1.45211091045727136E+00
  2.2013679E-03 -1.45211155102404521E+00
  2.2173109E-03 -1.45211220017707099E+00
  2.2333513E-03 -1.45211285802605827E+00
  2.2494899E-03 -1.45211352468228339E+00
  2.2657270E-03 -1.45211420025823967E+00
  2.2820635E-03 -1.45211488486782425E+00
  2.2984999E-03 -1.45211557862638352E+00
  2.3150367E-03 -1.45211628165076889E+00
  2.3316746E-03 -1.45211699405928996E+00
  2.3484143E-03 -1.45211771597163630E+00
  2.3652563E-03 -1.45211844750899388E+00
  2.3822013E-03 -1.45211918879422375E+00
  2.3992498E-03 -1.45211993995162558E+00
  2.4164026E-03 -1.45212070110691949E+00
  2.4336603E-03 -1.45212147238760614E+00
  2.4510235E-03 -1.45212225392277916E+00
  2.4684928E-03 -1.45212304584291796E+00
  2.4860689E-03 -1.45212384828029517E+00
  2.5037525E-03 -1.45212466136892648E+00
  2.5215442E-03 -1.45212548524432083E+00
  2.5394447E-03 -1.45212632004371756E+00
  2.5574546E-03 -1.45212716590605084E+00
  2.5755747E-03 -1.45212802297221488E+00
  2.5938055E-03 -1.45212889138465417E+00
  2.6121477E-03 -1.45212977128740350E+00
  2.6306021E-03 -1.45213066282671122E+00
  2.6491694E-03 -1.45213156615049277E+00
  2.6678501E-03 -1.45213248140832230E+00
  2.6866451E-03 -1.45213340875192332E+00
  2.7055550E-03 -1.45213434833469202E+00
  2.7245804E-03 -1.45213530031198612E+00
  2.7437222E-03 -1.45213626484121572E+00
  2.7629811E-03 -1.45213724208172112E+00
  2.7823576E-03 -1.45213823219467519E+00
  2.8018527E-03 -1.45213923534340128E+00
  2.8214669E-03 -1.45214025169329619E+00
  2.8412010E-03 -1.45214128141161192E+00
  2.8610558E-03 -1.45214232466794702E+00
  2.8810320E-03 -1.45214338163391798E+00
  2.9011303E-03 -1.45214445248301494E+00
  2.9213515E-03 -1.45214553739136742E+00
  2.9416963E-03 -1.45214663653707721E+00
  2.9621655E-03 -1.45214775010021580E+00
  2.9827599E-03 -1.45214887826346239E+00
  3.0034801E-03 -1.45215002121166115E+00
  3.0243270E-03 -1.45215117913191838E+00
  3.0453014E-03 -1.45215235221364725E+00
  3.0664040E-03 -1.45215354064862234E+00
  3.0876357E-03 -1.45215474463110317E+00
  3.1089971E-03 -1.45215596435777261E+00
  3.1304892E-03 -1.45215720002761550E+00
  3.1521126E-03 -1.45215845184206893E+00
  3.1738682E-03 -1.45215972000528759E+00
  3.1957569E-03 -1.45216100472387377E+00
  3.2177794E-03 -1.45216230620698461E+00
  3.2399365E-03 -1.45216362466636295E+00
  3.2622290E-03 -1.45216496031637288E+00
  3.2846579E-03 -1.45216631337408764E+00
  3.3072239E-03 -1.45216768405927366E+00
  3.3299278E-03 -1.45216907259439831E+00
  3.3527706E-03 -1.45217047920479847E+00
  3.3757530E-03 -1.45217190411850550E+00
  3.3988760E-03 -1.45217334756633498E+00
  3.4221402E-03 -1.45217480978212365E+00
  3.4455468E-03 -1.45217629100258905E+00
  3.4690964E-03 -1.45217779146725690E+00
  3.4927900E-03 -1.45217931141872092E+00
  3.5166285E-03 -1.45218085110269035E+00
  3.5406127E-03 -1.45218241076776455E+00
  3.5647435E-03 -1.45218399066564818E+00
  3.5890219E-03 -1.45218559105127420E+00
  3.6134487E-03 -1.45218721218270264E+00
  3.6380249E-03 -1.45218885432114297E+00
  3.6627513E-03 -1.45219051773109920E+00
  3.6876288E-03 -1.45219220268037130E+00
  3.7126585E-03 -1.45219390944008775E+00
  3.7378412E-03 -1.45219563828465659E+00
  3.7631779E-03 -1.45219738949194510E+00
  3.7886694E-03 -1.45219916334346122E+00
  3.8143168E-03 -1.45220096012384814E+00
  3.8401210E-03 -1.45220278012143389E+00
  3.8660830E-03 -1.45220462362839320E+00
  3.8922037E-03 -1.45220649094009180E+00
  3.9184841E-03 -1.45220838235577832E+00
  3.9449252E-03 -1.45221029817849612E+00
  3.9715279E-03 -1.45221223871485972E+00
  3.9982933E-03 -1.45221420427544823E+00
  4.0252223E-03 -1.45221619517459288E+00
  4.0523159E-03 -1.45221821173053822E+00
  4.0795752E-03 -1.45222025426554802E+00
  4.1070011E-03 -1.45222232310580068E+00
  4.1345947E-03 -1.45222441858158136E+00
  4.1623571E-03 -1.45222654102720550E+00
  4.1902891E-03 -1.45222869078115169E+00
  4.2183919E-03 -1.45223086818621105E+00
  4.2466666E-03 -1.45223307358929166E+00
  4.2751141E-03 -1.45223530734155548E+00
  4.3037355E-03 -1.45223756979875485E+00
  4.3325319E-03 -1.45223986132079297E+00
  4.3615044E-03 -1.45224218227212720E+00
  4.3906540E-03 -1.45224453302192003E+00
  4.4199818E-03 -1.45224691394358119E+00
  4.4494889E-03 -1.45224932541527263E+00
  4.4791764E-03 -1.45225176782002374E+00
  4.5090454E-03 -1.45225424154543203E+00
  4.5390971E-03 -1.45225674698380058E+00
  4.5693324E-03 -1.45225928453255348E+00
  4.5997527E-03 -1.45226185459391632E+00
  4.6303588E-03 -1.45226445757496614E+00
  4.6611522E-03 -1.45226709388809527E+00
  4.6921337E-03 -1.45226976395055729E+00
  4.7233047E-03 -1.45227246818486488E+00
  4.7546663E-03 -1.45227520701884405E+00
  4.7862196E-03 -1.45227798088550686E+00
  4.8179658E-03 -1.45228079022329504E+00
  4.8499061E-03 -1.45228363547596984E+00
  4.8820417E-03 -1.45228651709288870E+00
  4.9143738E-03 -1.45228943552906897E+00
  4.9469035E-03 -1.45229239124494613E+00
  4.9796321E-03 -1.45229538470666464E+00
  5.0125608E-03 -1.45229841638646651E+00
  5.0456908E-03 -1.45230148676205628E+00
  5.0790234E-03 -1.45230459631703779E+00
  5.1125597E-03 -1.45230774554148456E+00
  5.1463011E-03 -1.45231093493107832E+00
  5.1802488E-03 -1.45231416498757904E+00
  5.2144040E-03 -1.45231743621940113E+00
  5.2487680E-03 -1.45232074914089404E+00
  5.2833422E-03 -1.45232410427278213E+00
  5.3181277E-03 -1.45232750214251660E+00
  5.3531259E-03 -1.45233094328367285E+00
  5.3883380E-03 -1.45233442823660597E+00
  5.4237655E-03 -1.45233795754860329E+00
  5.4594095E-03 -1.45234153177338809E+00
  5.4952714E-03 -1.45234515147153731E+00
  5.5313526E-03 -1.45234881721073927E+00
  5.5676544E-03 -1.45235252956565986E+00
  5.6041782E-03 -1.45235628911794468E+00
  5.6409252E-03 -1.45236009645659014E+00
  5.6778969E-03 -1.45236395217783198E+00
  5.7150947E-03 -1.45236785688517744E+00
  5.7525198E-03 -1.45237181118964376E+00
  5.7901738E-03 -1.45237581570995022E+00
  5.8280579E-03 -1.45237987107225996E+00
  5.8661737E-03 -1.45238397791047102E+00
  5.9045226E-03 -1.45238813686662493E+00
  5.9431058E-03 -1.45239234859035315E+00
  5.9819250E-03 -1.45239661373928453E+00
  6.0209815E-03 -1.45240093297950557E+00
  6.0602768E-03 -1.45240530698519876E+00
  6.0998123E-03 -1.45240973643871452E+00
  6.1395895E-03 -1.45241422203087711E+00
  6.1796100E-03 -1.45241876446130247E+00
  6.2198751E-03 -1.45242336443802533E+00
  6.2603863E-03 -1.45242802267775217E+00
  6.3011453E-03 -1.45243273990624600E+00
  6.3421534E-03 -1.45243751685814337E+00
  6.3834123E-03 -1.45244235427716628E+00
  6.4249234E-03 -1.45244725291614740E+00
  6.4666883E-03 -1.45245221353732301E+00
  6.5087085E-03 -1.45245723691230477E+00
  6.5509857E-03 -1.45246232382221385E+00
  6.5935213E-03 -1.45246747505786056E+00
  6.6363169E-03 -1.45247269141972013E+00
  6.6793743E-03 -1.45247797371826270E+00
  6.7226948E-03 -1.45248332277397330E+00
  6.7662802E-03 -1.45248873941727896E+00
  6.8101321E-03 -1.45249422448905485E+00
  6.8542521E-03 -1.45249977884057158E+00
  6.8986418E-03 -1.45250540333346412E+00
  6.9433029E-03 -1.45251109883997387E+00
  6.9882370E-03 -1.45251686624331611E+00
  7.0334459E-03 -1.45252270643744952E+00
  7.0789312E-03 -1.45252862032739771E+00
  7.1246945E-03 -1.45253460882934293E+00
  7.1707377E-03 -1.45254067287076882E+00
  7.2170623E-03 -1.45254681339066338E+00
  7.2636702E-03 -1.45255303133955338E+00
  7.3105630E-03 -1.45255932767962048E+00
  7.3577425E-03 -1.45256570338504098E+00
  7.4052105E-03 -1.45257215944191986E+00
  7.4529686E-03 -1.45257869684862628E+00
  7.5010188E-03 -1.45258531661570145E+00
  7.5493627E-03 -1.45259201976625252E+00
  7.5980021E-03 -1.45259880733599234E+00
  7.6469390E-03 -1.45260568037330029E+00
  7.6961750E-03 -1.45261263993968881E+00
  7.7457121E-03 -1.45261968710961797E+00
  7.7955520E-03 -1.45262682297079060E+00
  7.8456966E-03 -1.45263404862434409E+00
  7.8961478E-03 -1.45264136518498366E+00
  7.9469074E-03 -1.45264877378120305E+00
  7.9979774E-03 -1.45265627555544885E+00
  8.0493596E-03 -1.45266387166406430E+00
  8.1010560E-03 -1.45267156327769276E+00
  8.1530684E-03 -1.45267935158168093E+00
  8.2053988E-03 -1.45268723777568010E+00
  8.2580491E-03 -1.45269522307417720E+00
  8.3110213E-03 -1.45270330870671938E+00
  8.3643174E-03 -1.45271149591789062E+00
  8.4179393E-03 -1.45271978596775009E+00
  8.4718891E-03 -1.45272818013182947E+00
  8.5261687E-03 -1.45273667970132059E+00
  8.5807802E-03 -1.45274528598331165E+00
  8.6357255E-03 -1.45275400030108859E+00
  8.6910068E-03 -1.45276282399424583E+00
  8.7466260E-03 -1.45277175841872586E+00
  8.8025853E-03 -1.45278080494732453E+00
  8.8588867E-03 -1.45278996496968271E+00
  8.9155323E-03 -1.45279923989262372E+00
  8.9725242E-03 -1.45280863114022241E+00
  9.0298646E-03 -1.45281814015399746E+00
  9.0875556E-03 -1.45282776839346628E+00
  9.1455992E-03 -1.45283751733596356E+00
  9.2039977E-03 -1.45284738847706341E+00
  9.2627533E-03 -1.45285738333064507E+00
  9.3218681E-03 -1.45286750342932525E+00
  9.3813442E-03 -1.45287775032467525E+00
  9.4411841E-03 -1.45288812558717950E+00
  9.5013897E-03 -1.45289863080676218E+00
  9.5619635E-03 -1.45290926759290451E+00
  9.6229075E-03 -1.45292003757492960E+00
  9.6842242E-03 -1.45293094240213461E+00
  9.7459158E-03 -1.45294198374410288E+00
  9.8079845E-03 -1.45295316329117541E+00
  9.8704327E-03 -1.45296448275427137E+00
  9.9332627E-03 -1.45297594386532758E+00
  9.9964768E-03 -1.45298754837788802E+00
  1.0060077E-02 -1.45299929806678985E+00
  1.0124067E-02 -1.45301119472878826E+00
  1.0188448E-02 -1.45302324018280538E+00
  1.0253222E-02 -1.45303543627001841E+00
  1.0318392E-02 -1.45304778485439612E+00
  1.0383961E-02 -1.45306028782280805E+00
  1.0449930E-02 -1.45307294708522949E+00
  1.0516303E-02 -1.45308576457515337E+00
  1.0583082E-02 -1.45309874224998303E+00
  1.0650269E-02 -1.45311188209108999E+00
  1.0717867E-02 -1.45312518610421604E+00
  1.0785878E-02 -1.45313865631969619E+00
  1.0854305E-02 -1.45315229479304131E+00
  1.0923150E-02 -1.45316610360497900E+00
  1.0992416E-02 -1.45318008486147110E+00
  1.1062105E-02 -1.45319424069485015E+00
  1.1132221E-02 -1.45320857326351272E+00
  1.1202765E-02 -1.45322308475216233E+00
  1.1273741E-02 -1.45323777737268589E+00
  1.1345150E-02 -1.45325265336399601E+00
  1.1416996E-02 -1.45326771499243401E+00
  1.1489282E-02 -1.45328296455240968E+00
  1.1562009E-02 -1.45329840436638547E+00
  1.1635181E-02 -1.45331403678537319E+00
  1.1708800E-02 -1.45332986418935683E+00
  1.1782870E-02 -1.45334588898742179E+00
  1.1857392E-02 -1.45336211361844292E+00
  1.1932370E-02 -1.45337854055117366E+00
  1.2007806E-02 -1.45339517228453530E+00
  1.2083703E-02 -1.45341201134839837E+00
  1.2160065E-02 -1.45342906030368546E+00
  1.2236893E-02 -1.45344632174255217E+00
  1.2314191E-02 -1.45346379828922534E+00
  1.2391962E-02 -1.45348149260008741E+00
  1.2470208E-02 -1.45349940736409056E+00
  1.2548932E-02 -1.45351754530331867E+00
  1.2628138E-02 -1.45353590917309017E+00
  1.2707828E-02 -1.45355450176285417E+00
  1.2788005E-02 -1.45357332589612764E+00
  1.2868673E-02 -1.45359238443101124E+00
  1.2949833E-02 -1.45361168026082432E+00
  1.3031490E-02 -1.45363121631437187E+00
  1.3113646E-02 -1.45365099555647115E+00
  1.3196304E-02 -1.45367102098821577E+00
  1.3279468E-02 -1.45369129564766020E+00
  1.3363140E-02 -1.45371182261004117E+00
  1.3447324E-02 -1.45373260498834478E+00
  1.3532022E-02 -1.45375364593384937E+00
  1.3617238E-02 -1.45377494863642398E+00
  1.3702975E-02 -1.45379651632514739E+00
  1.3789237E-02 -1.45381835226860590E+00
  1.3876025E-02 -1.45384045977550214E+00
  1.3963345E-02 -1.45386284219532103E+00
  1.4051198E-02 -1.45388550291847141E+00
  1.4139588E-02 -1.45390844537687425E+00
  1.4228519E-02 -1.45393167304473714E+00
  1.4317993E-02 -1.45395518943873681E+00
  1.4408015E-02 -1.45397899811873565E+00
  1.4498587E-02 -1.45400310268828803E+00
  1.4589712E-02 -1.45402750679504544E+00
  1.4681395E-02 -1.45405221413148178E+00
  1.4773638E-02 -1.45407722843525145E+00
  1.4866445E-02 -1.45410255348987194E+00
  1.4959820E-02 -1.45412819312530806E+00
  1.5053765E-02 -1.45415415121840663E+00
  1.5148285E-02 -1.45418043169344857E+00
  1.5243382E-02 -1.45420703852291067E+00
  1.5339061E-02 -1.45423397572809421E+00
  1.5435325E-02 -1.45426124737940476E+00
  1.5532178E-02 -1.45428885759702387E+00
  1.5629623E-02 -1.45431681055175899E+00
  1.5727663E-02 -1.45434511046571768E+00
  1.5826303E-02 -1.45437376161244769E+00
  1.5925546E-02 -1.45440276831768989E+00
  1.6025395E-02 -1.45443213496065638E+00
  1.6125856E-02 -1.45446186597401272E+00
  1.6226930E-02 -1.45449196584447282E+00
  1.6328622E-02 -1.45452243911395507E+00
  1.6430936E-02 -1.45455329038004244E+00
  1.6533875E-02 -1.45458452429628471E+00
  1.6637444E-02 -1.45461614557346008E+00
  1.6741646E-02 -1.45464815898020627E+00
  1.6846485E-02 -1.45468056934311507E+00
  1.6951966E-02 -1.45471338154801333E+00
  1.7058091E-02 -1.45474660054074079E+00
  1.7164864E-02 -1.45478023132749668E+00
  1.7272291E-02 -1.45481427897562776E+00
  1.7380374E-02 -1.45484874861468216E+00
  1.7489118E-02 -1.45488364543698578E+00
  1.7598527E-02 -1.45491897469822140E+00
  1.7708605E-02 -1.45495474171850803E+00
  1.7819356E-02 -1.45499095188297689E+00
  1.7930784E-02 -1.45502761064272579E+00
  1.8042893E-02 -1.45506472351539529E+00
  1.8155688E-02 -1.45510229608614705E+00
  1.8269172E-02 -1.45514033400859533E+00
  1.8383350E-02 -1.45517884300520639E+00
  1.8498226E-02 -1.45521782886854845E+00
  1.8613805E-02 -1.45525729746213739E+00
  1.8730090E-02 -1.45529725472096105E+00
  1.8847086E-02 -1.45533770665271112E+00
  1.8964797E-02 -1.45537865933837041E+00
  1.9083228E-02 -1.45542011893323875E+00
  1.9202383E-02 -1.45546209166799523E+00
  1.9322267E-02 -1.45550458384937120E+00
  1.9442883E-02 -1.45554760186104115E+00
  1.9564237E-02 -1.45559115216473089E+00
  1.9686333E-02 -1.45563524130123612E+00
  1.9809175E-02 -1.45567987589101655E+00
  1.9932769E-02 -1.45572506263545254E+00
  2.0057118E-02 -1.45577080831794792E+00
  2.0182227E-02 -1.45581711980450090E+00
  2.0308101E-02 -1.45586400404501592E+00
  2.0434744E-02 -1.45591146807417338E+00
  2.0562162E-02 -1.45595951901263554E+00
  2.0690359E-02 -1.45600816406797939E+00
  2.0819340E-02 -1.45605741053561588E+00
  2.0949109E-02 -1.45610726580018679E+00
  2.1079672E-02 -1.45615773733616960E+00
  2.1211033E-02 -1.45620883270919865E+00
  2.1343197E-02 -1.45626055957768297E+00
  2.1476169E-02 -1.45631292569306248E+00
  2.1609954E-02 -1.45636593890111699E+00
  2.1744556E-02 -1.45641960714380403E+00
  2.1879982E-02 -1.45647393845956619E+00
  2.2016236E-02 -1.45652894098490027E+00
  2.2153323E-02 -1.45658462295562852E+00
  2.2291248E-02 -1.45664099270780767E+00
  2.2430016E-02 -1.45669805867906055E+00
  2.2569632E-02 -1.45675582940997517E+00
  2.2710103E-02 -1.45681431354525315E+00
  2.2851432E-02 -1.45687351983459856E+00
  2.2993625E-02 -1.45693345713452316E+00
  2.3136687E-02 -1.45699413440941683E+00
  2.3280624E-02 -1.45705556073279396E+00
  2.3425441E-02 -1.45711774528867655E+00
  2.3571143E-02 -1.45718069737272926E+00
  2.3717737E-02 -1.45724442639397456E+00
  2.3865226E-02 -1.45730894187603655E+00
  2.4013617E-02 -1.45737425345823923E+00
  2.4162915E-02 -1.45744037089715817E+00
  2.4313127E-02 -1.45750730406819917E+00
  2.4464256E-02 -1.45757506296700190E+00
  2.4616310E-02 -1.45764365771069215E+00
  2.4769293E-02 -1.45771309853923303E+00
  2.4923211E-02 -1.45778339581738292E+00
  2.5078070E-02 -1.45785456003582792E+00
  2.5233877E-02 -1.45792660181272282E+00
  2.5390635E-02 -1.45799953189528653E+00
  2.5548353E-02 -1.45807336116148289E+00
  2.5707034E-02 -1.45814810062133171E+00
  2.5866685E-02 -1.45822376141841459E+00
  2.6027313E-02 -1.45830035483210674E+00
  2.6188923E-02 -1.45837789227855930E+00
  2.6351520E-02 -1.45845638531237154E+00
  2.6515112E-02 -1.45853584562862171E+00
  2.6679704E-02 -1.45861628506431518E+00
  2.6845302E-02 -1.45869771560033379E+00
  2.7011913E-02 -1.45878014936256806E+00
  2.7179542E-02 -1.45886359862410986E+00
  2.7348197E-02 -1.45894807580726771E+00
  2.7517882E-02 -1.45903359348467565E+00
  2.7688605E-02 -1.45912016438149528E+00
  2.7860371E-02 -1.45920780137734107E+00
  2.8033188E-02 -1.45929651750770573E+00
  2.8207061E-02 -1.45938632596621742E+00
  2.8381997E-02 -1.45947724010656854E+00
  2.8558003E-02 -1.45956927344389853E+00
  2.8735084E-02 -1.45966243965719822E+00
  2.8913249E-02 -1.45975675259116544E+00
  2.9092502E-02 -1.45985222625807198E+00
  2.9272852E-02 -1.45994887484003599E+00
  2.9454304E-02 -1.46004671269060204E+00
  2.9636866E-02 -1.46014575433696558E+00
  2.9820543E-02 -1.46024601448243718E+00
  3.0005344E-02 -1.46034750800781321E+00
  3.0191274E-02 -1.46045024997406037E+00
  3.0378342E-02 -1.46055425562437247E+00
  3.0566553E-02 -1.46065954038583401E+00
  3.0755914E-02 -1.46076611987239313E+00
  3.0946434E-02 -1.46087400988661154E+00
  3.1138118E-02 -1.46098322642163647E+00
  3.1330974E-02 -1.46109378566421011E+00
  3.1525009E-02 -1.46120570399645189E+00
  3.1720230E-02 -1.46131899799801790E+00
  3.1916645E-02 -1.46143368444897703E+00
  3.2114261E-02 -1.46154978033180183E+00
  3.2313085E-02 -1.46166730283382185E+00
  3.2513124E-02 -1.46178626934973699E+00
  3.2714387E-02 -1.46190669748398827E+00
  3.2916880E-02 -1.46202860505335375E+00
  3.3120611E-02 -1.46215201008919471E+00
  3.3325587E-02 -1.46227693084021260E+00
  3.3531817E-02 -1.46240338577510043E+00
  3.3739308E-02 -1.46253139358483786E+00
  3.3948067E-02 -1.46266097318553734E+00
  3.4158102E-02 -1.46279214372107380E+00
  3.4369422E-02 -1.46292492456554979E+00
  3.4582033E-02 -1.46305933532632060E+00
  3.4795945E-02 -1.46319539584658975E+00
  3.5011164E-02 -1.46333312620806866E+00
  3.5227699E-02 -1.46347254673406391E+00
  3.5445558E-02 -1.46361367799195796E+00
  3.5664748E-02 -1.46375654079627826E+00
  3.5885279E-02 -1.46390115621171435E+00
  3.6107158E-02 -1.46404754555580507E+00
  3.6330394E-02 -1.46419573040200568E+00
  3.6554994E-02 -1.46434573258264922E+00
  3.6780968E-02 -1.46449757419199700E+00
  3.7008323E-02 -1.46465127758933700E+00
  3.7237068E-02 -1.46480686540209892E+00
  3.7467212E-02 -1.46496436052891288E+00
  3.7698763E-02 -1.46512378614263006E+00
  3.7931729E-02 -1.46528516569380196E+00
  3.8166120E-02 -1.46544852291392291E+00
  3.8401944E-02 -1.46561388181843544E+00
  3.8639209E-02 -1.46578126671008646E+00
  3.8877925E-02 -1.46595070218243073E+00
  3.9118101E-02 -1.46612221312323165E+00
  3.9359745E-02 -1.46629582471768805E+00
  3.9602866E-02 -1.46647156245196175E+00
  3.9847474E-02 -1.46664945211661868E+00
  4.0093577E-02 -1.46682951981031495E+00
  4.0341184E-02 -1.46701179194330411E+00
  4.0590306E-02 -1.46719629524076689E+00
  4.0840951E-02 -1.46738305674691216E+00
  4.1093128E-02 -1.46757210382830894E+00
  4.1346846E-02 -1.46776346417767978E+00
  4.1602116E-02 -1.46795716581796976E+00
  4.1858947E-02 -1.46815323710552481E+00
  4.2117348E-02 -1.46835170673441762E+00
  4.2377329E-02 -1.46855260374041596E+00
  4.2638899E-02 -1.46875595750424059E+00
  4.2902068E-02 -1.46896179775642355E+00
  4.3166846E-02 -1.46917015458078026E+00
  4.3433243E-02 -1.46938105841813971E+00
  4.3701269E-02 -1.46959454007141743E+00
  4.3970934E-02 -1.46981063070880125E+00
  4.4242247E-02 -1.47002936186844146E+00
  4.4515218E-02 -1.47025076546261402E+00
  4.4789859E-02 -1.47047487378151098E+00
  4.5066179E-02 -1.47070171949844908E+00
  4.5344188E-02 -1.47093133567348944E+00
  4.5623897E-02 -1.47116375575790892E+00
  4.5905316E-02 -1.47139901359910752E+00
  4.6188455E-02 -1.47163714344461360E+00
  4.6473326E-02 -1.47187817994676284E+00
  4.6759938E-02 -1.47212215816732250E+00
  4.7048303E-02 -1.47236911358226652E+00
  4.7338430E-02 -1.47261908208624392E+00
  4.7630331E-02 -1.47287209999706503E+00
  4.7924017E-02 -1.47312820406115774E+00
  4.8219498E-02 -1.47338743145794293E+00
  4.8516786E-02 -1.47364981980437859E+00
  4.8815892E-02 -1.47391540716071012E+00
  4.9116826E-02 -1.47418423203482352E+00
  4.9419600E-02 -1.47445633338713655E+00
  4.9724225E-02 -1.47473175063639728E+00
  5.0030712E-02 -1.47501052366415064E+00
  5.0339073E-02 -1.47529269281990816E+00
  5.0649320E-02 -1.47557829892681158E+00
  5.0961463E-02 -1.47586738328666489E+00
  5.1275515E-02 -1.47615998768498891E+00
  5.1591487E-02 -1.47645615439672584E+00
  5.1909390E-02 -1.47675592619177087E+00
  5.2229237E-02 -1.47705934634004543E+00
  5.2551040E-02 -1.47736645861717997E+00
  5.2874810E-02 -1.47767730731034330E+00
  5.3200559E-02 -1.47799193722361588E+00
  5.3528300E-02 -1.47831039368352135E+00
  5.3858045E-02 -1.47863272254523981E+00
  5.4189806E-02 -1.47895897019813316E+00
  5.4523595E-02 -1.47928918357136685E+00
  5.4859425E-02 -1.47962341014029941E+00
  5.5197307E-02 -1.47996169793210575E+00
  5.5537256E-02 -1.48030409553187092E+00
  5.5879283E-02 -1.48065065208864621E+00
  5.6223401E-02 -1.48100141732162305E+00
  5.6569623E-02 -1.48135644152634471E+00
  5.6917962E-02 -1.48171577558063183E+00
  5.7268431E-02 -1.48207947095144110E+00
  5.7621042E-02 -1.48244757970075680E+00
  5.7975809E-02 -1.48282015449202920E+00
  5.8332744E-02 -1.48319724859690472E+00
  5.8691862E-02 -1.48357891590143853E+00
  5.9053176E-02 -1.48396521091285338E+00
  5.9416699E-02 -1.48435618876619535E+00
  5.9782444E-02 -1.48475190523092526E+00
  6.0150425E-02 -1.48515241671757425E+00
  6.0520656E-02 -1.48555778028470509E+00
  6.0893151E-02 -1.48596805364594520E+00
  6.1267922E-02 -1.48638329517641132E+00
  6.1644986E-02 -1.48680356391997592E+00
  6.2024354E-02 -1.48722891959658821E+00
  6.2406042E-02 -1.48765942260885198E+00
  6.2790063E-02 -1.48809513404928939E+00
  6.3176432E-02 -1.48853611570786981E+00
  6.3565164E-02 -1.48898243007896536E+00
  6.3956272E-02 -1.48943414036874522E+00
  6.4349771E-02 -1.48989131050266144E+00
  6.4745676E-02 -1.49035400513270022E+00
  6.5144001E-02 -1.49082228964500185E+00
  6.5544762E-02 -1.49129623016748258E+00
  6.5947972E-02 -1.49177589357723805E+00
  6.6353648E-02 -1.49226134750841233E+00
  6.6761804E-02 -1.49275266035980647E+00
  6.7172456E-02 -1.49324990130263391E+00
  6.7585618E-02 -1.49375314028851158E+00
  6.8001306E-02 -1.49426244805721464E+00
  6.8419536E-02 -1.49477789614472845E+00
  6.8840322E-02 -1.49529955689111493E+00
  6.9263681E-02 -1.49582750344862814E+00
  6.9689629E-02 -1.49636180978993383E+00
  7.0118181E-02 -1.49690255071622191E+00
  7.0549352E-02 -1.49744980186533949E+00
  7.0983160E-02 -1.49800363972028672E+00
  7.1419620E-02 -1.49856414161718510E+00
  7.1858748E-02 -1.49913138575395810E+00
  7.2300562E-02 -1.49970545119893406E+00
  7.2745076E-02 -1.50028641789877759E+00
  7.3192308E-02 -1.50087436668751151E+00
  7.3642274E-02 -1.50146937929493540E+00
  7.4094991E-02 -1.50207153835522633E+00
  7.4550476E-02 -1.50268092741576109E+00
  7.5008746E-02 -1.50329763094572910E+00
  7.5469818E-02 -1.50392173434498289E+00
  7.5933708E-02 -1.50455332395280150E+00
  7.6400435E-02 -1.50519248705693065E+00
  7.6870015E-02 -1.50583931190234899E+00
  7.7342466E-02 -1.50649388770013570E+00
  7.7817805E-02 -1.50715630463690586E+00
  7.8296051E-02 -1.50782665388344661E+00
  7.8777220E-02 -1.50850502760377503E+00
  7.9261331E-02 -1.50919151896482107E+00
  7.9748402E-02 -1.50988622214504509E+00
  8.0238451E-02 -1.51058923234362319E+00
  8.0731496E-02 -1.51130064579018231E+00
  8.1227555E-02 -1.51202055975376837E+00
  8.1726647E-02 -1.51274907255192126E+00
  8.2228790E-02 -1.51348628356053339E+00
  8.2734004E-02 -1.51423229322296660E+00
  8.3242306E-02 -1.51498720305928103E+00
  8.3753715E-02 -1.51575111567585985E+00
  8.4268252E-02 -1.51652413477482928E+00
  8.4785934E-02 -1.51730636516380102E+00
  8.5306781E-02 -1.51809791276471162E+00
  8.5830813E-02 -1.51889888462380251E+00
  8.6358048E-02 -1.51970938892141372E+00
  8.6888507E-02 -1.52052953498067489E+00
  8.7422208E-02 -1.52135943327778644E+00
  8.7959173E-02 -1.52219919545164695E+00
  8.8499421E-02 -1.52304893431266763E+00
  8.9042971E-02 -1.52390876385308882E+00
  8.9589845E-02 -1.52477879925635862E+00
  9.0140062E-02 -1.52565915690653431E+00
  9.0693644E-02 -1.52654995439810715E+00
  9.1250609E-02 -1.52745131054523209E+00
  9.1810980E-02 -1.52836334539166963E+00
  9.2374777E-02 -1.52928618022037521E+00
  9.2942020E-02 -1.53021993756245300E+00
  9.3512732E-02 -1.53116474120729618E+00
  9.4086933E-02 -1.53212071621192925E+00
  9.4664645E-02 -1.53308798891006481E+00
  9.5245888E-02 -1.53406668692222037E+00
  9.5830685E-02 -1.53505693916472419E+00
  9.6419057E-02 -1.53605887585902190E+00
  9.7011027E-02 -1.53707262854121440E+00
  9.7606616E-02 -1.53809833007127228E+00
  9.8205846E-02 -1.53913611464227484E+00
  9.8808739E-02 -1.54018611778964365E+00
  9.9415319E-02 -1.54124847640009466E+00
  1.0002561E-01 -1.54232332872091304E+00
  1.0063963E-01 -1.54341081436897753E+00
  1.0125740E-01 -1.54451107433920942E+00
  1.0187895E-01 -1.54562425101417977E+00
  1.0250430E-01 -1.54675048817243632E+00
  1.0313347E-01 -1.54788993099685768E+00
  1.0376649E-01 -1.54904272608400428E+00
  1.0440338E-01 -1.55020902145206541E+00
  1.0504417E-01 -1.55138896654920666E+00
  1.0568887E-01 -1.55258271226227884E+00
  1.0633751E-01 -1.55379041092453618E+00
  1.0699012E-01 -1.55501221632368214E+00
  1.0764672E-01 -1.55624828371009638E+00
  1.0830733E-01 -1.55749876980436253E+00
  1.0897198E-01 -1.55876383280473108E+00
  1.0964070E-01 -1.56004363239478550E+00
  1.1031350E-01 -1.56133832975080966E+00
  1.1099042E-01 -1.56264808754868545E+00
  1.1167148E-01 -1.56397306997088004E+00
  1.1235670E-01 -1.56531344271350115E+00
  1.1304611E-01 -1.56666937299245701E+00
  1.1373973E-01 -1.56804102954997071E+00
  1.1443759E-01 -1.56942858266116936E+00
  1.1513972E-01 -1.57083220413921976E+00
  1.1584615E-01 -1.57225206734161649E+00
  1.1655689E-01 -1.57368834717584694E+00
  1.1727198E-01 -1.57514122010384772E+00
  1.1799144E-01 -1.57661086414759000E+00
  1.1871530E-01 -1.57809745889383213E+00
  1.1944358E-01 -1.57960118549809292E+00
  1.2017632E-01 -1.58112222668905589E+00
  1.2091353E-01 -1.58266076677248679E+00
  1.2165526E-01 -1.58421699163459540E+00
  1.2240152E-01 -1.58579108874521890E+00
  1.2315234E-01 -1.58738324716078250E+00
  1.2390775E-01 -1.58899365752676291E+00
  1.2466778E-01 -1.59062251207984873E+00
  1.2543245E-01 -1.59227000464955859E+00
  1.2620180E-01 -1.59393633065983287E+00
  1.2697586E-01 -1.59562168712992114E+00
  1.2775465E-01 -1.59732627267481941E+00
  1.2853819E-01 -1.59905028750571221E+00
  1.2932653E-01 -1.60079393342926246E+00
  1.3011969E-01 -1.60255741384684947E+00
  1.3091770E-01 -1.60434093375364561E+00
  1.3172059E-01 -1.60614469973670349E+00
  1.3252838E-01 -1.60796891997244296E+00
  1.3334112E-01 -1.60981380422396514E+00
  1.3415882E-01 -1.61167956383784672E+00
  1.3498152E-01 -1.61356641174017379E+00
  1.3580925E-01 -1.61547456243187471E+00
  1.3664205E-01 -1.61740423198364724E+00
  1.3747993E-01 -1.61935563803053428E+00
  1.3832294E-01 -1.62132899976517897E+00
  1.3917110E-01 -1.62332453793079456E+00
  1.4002444E-01 -1.62534247481381633E+00
  1.4088301E-01 -1.62738303423525399E+00
  1.4174682E-01 -1.62944644154142626E+00
  1.4261591E-01 -1.63153292359424307E+00
  1.4349032E-01 -1.63364270876052675E+00
  1.4437007E-01 -1.63577602690056789E+00
  1.4525521E-01 -1.63793310935587511E+00
  1.4614575E-01 -1.64011418893576844E+00
  1.4704174E-01 -1.64231949990377246E+00
  1.4794320E-01 -1.64454927796267514E+00
  1.4885018E-01 -1.64680376023863850E+00
  1.4976270E-01 -1.64908318526445097E+00
  1.5068080E-01 -1.65138779296169447E+00
  1.5160452E-01 -1.65371782462231032E+00
  1.5253388E-01 -1.65607352288881171E+00
  1.5346892E-01 -1.65845513173323456E+00
  1.5440968E-01 -1.66086289643524188E+00
  1.5535619E-01 -1.66329706355955409E+00
  1.5630849E-01 -1.66575788093130517E+00
  1.5726661E-01 -1.66824559761070357E+00
  1.5823059E-01 -1.67076046386687249E+00
  1.5920046E-01 -1.67330273114942685E+00
  1.6017626E-01 -1.67587265205990965E+00
  1.6115803E-01 -1.67847048032106505E+00
  1.6214580E-01 -1.68109647074497115E+00
  1.6313961E-01 -1.68375087920017052E+00
  1.6413949E-01 -1.68643396257671307E+00
  1.6514549E-01 -1.68914597875044348E+00
  1.6615764E-01 -1.69188718654487702E+00
  1.6717598E-01 -1.69465784569241462E+00
  1.6820054E-01 -1.69745821679401288E+00
  1.6923136E-01 -1.70028856127576855E+00
  1.7026849E-01 -1.70314914134575113E+00
  1.7131196E-01 -1.70604021994821120E+00
  1.7236181E-01 -1.70896206071540413E+00
  1.7341808E-01 -1.71191492791894784E+00
  1.7448080E-01 -1.71489908641843636E+00
  1.7555002E-01 -1.71791480160830234E+00
  1.7662578E-01 -1.72096233936282528E+00
  1.7770812E-01 -1.72404196597905135E+00
  1.7879707E-01 -1.72715394811802114E+00
  1.7989268E-01 -1.73029855274332589E+00
  1.8099499E-01 -1.73347604705782188E+00
  1.8210404E-01 -1.73668669843809531E+00
  1.8321987E-01 -1.73993077436700339E+00
  1.8434252E-01 -1.74320854236354417E+00
  1.8547204E-01 -1.74652026990975973E+00
  1.8660846E-01 -1.74986622437660055E+00
  1.8775182E-01 -1.75324667294675196E+00
  1.8890218E-01 -1.75666188253389888E+00
  1.9005957E-01 -1.76011211970058157E+00
  1.9122404E-01 -1.76359765057361639E+00
  1.9239563E-01 -1.76711874075585262E+00
  1.9357438E-01 -1.77067565523475956E+00
  1.9476033E-01 -1.77426865829010572E+00
  1.9595354E-01 -1.77789801339728126E+00
  1.9715404E-01 -1.78156398312686237E+00
  1.9836188E-01 -1.78526682904334022E+00
  1.9957711E-01 -1.78900681159937758E+00
  2.0079977E-01 -1.79278419002618428E+00
  2.0202990E-01 -1.79659922222224888E+00
  2.0326755E-01 -1.80045216463782998E+00
  2.0451277E-01 -1.80434327215592893E+00
  2.0576560E-01 -1.80827279797010410E+00
  2.0702609E-01 -1.81224099345868739E+00
  2.0829428E-01 -1.81624810805552972E+00
  2.0957024E-01 -1.82029438911604013E+00
  2.1085399E-01 -1.82438008178078737E+00
  2.1214559E-01 -1.82850542883496470E+00
  2.1344508E-01 -1.83267067056251509E+00
  2.1475252E-01 -1.83687604459810361E+00
  2.1606796E-01 -1.84112178577384666E+00
  2.1739144E-01 -1.84540812596164860E+00
  2.1872300E-01 -1.84973529391262881E+00
  2.2006271E-01 -1.85410351509037263E+00
  2.2141061E-01 -1.85851301150053638E+00
  2.2276676E-01 -1.86296400151664376E+00
  2.2413119E-01 -1.86745669969962380E+00
  2.2550396E-01 -1.87199131661373475E+00
  2.2688513E-01 -1.87656805863755993E+00
  2.2827474E-01 -1.88118712776940344E+00
  2.2967285E-01 -1.88584872142850979E+00
  2.3107950E-01 -1.89055303225062010E+00
  2.3249475E-01 -1.89530024787805296E+00
  2.3391866E-01 -1.90009055074519106E+00
  2.3535127E-01 -1.90492411785831872E+00
  2.3679264E-01 -1.90980112056918672E+00
  2.3824283E-01 -1.91472172434393917E+00
  2.3970188E-01 -1.91968608852608713E+00
  2.4116985E-01 -1.92469436609294786E+00
  2.4264679E-01 -1.92974670340706345E+00
  2.4413277E-01 -1.93484323996095253E+00
  2.4562782E-01 -1.93998410811609179E+00
  2.4713202E-01 -1.94516943283562149E+00
  2.4864542E-01 -1.95039933141009558E+00
  2.5016807E-01 -1.95567391317775385E+00
  2.5170003E-01 -1.96099327923748601E+00
  2.5324135E-01 -1.96635752215516146E+00
  2.5479210E-01 -1.97176672566377720E+00
  2.5635233E-01 -1.97722096435608385E+00
  2.5792209E-01 -1.98272030337015548E+00
  2.5950146E-01 -1.98826479806840872E+00
  2.6109048E-01 -1.99385449370911183E+00
  2.6268921E-01 -1.99948942511046446E+00
  2.6429772E-01 -2.00516961630732249E+00
  2.6591606E-01 -2.01089508020046237E+00
  2.6754430E-01 -2.01666581819811874E+00
  2.6918249E-01 -2.02248181984972319E+00
  2.7083070E-01 -2.02834306247200979E+00
  2.7248899E-01 -2.03424951076688076E+00
  2.7415741E-01 -2.04020111643136515E+00
  2.7583603E-01 -2.04619781775935117E+00
  2.7752492E-01 -2.05223953923510516E+00
  2.7922413E-01 -2.05832619111852111E+00
  2.8093373E-01 -2.06445766902146044E+00
  2.8265378E-01 -2.07063385347602491E+00
  2.8438435E-01 -2.07685460949419776E+00
  2.8612550E-01 -2.08311978611816473E+00
  2.8787729E-01 -2.08942921596228404E+00
  2.8963980E-01 -2.09578271474622113E+00
  2.9141308E-01 -2.10218008081862262E+00
  2.9319720E-01 -2.10862109467199454E+00
  2.9499223E-01 -2.11510551844846262E+00
  2.9679823E-01 -2.12163309543581935E+00
  2.9861527E-01 -2.12820354955505442E+00
  3.0044343E-01 -2.13481658483809866E+00
  3.0228276E-01 -2.14147188489539575E+00
  3.0413333E-01 -2.14816911237528929E+00
  3.0599522E-01 -2.15490790841323454E+00
  3.0786850E-01 -2.16168789207078760E+00
  3.0975322E-01 -2.16850865976611384E+00
  3.1164947E-01 -2.17536978469399545E+00
  3.1355731E-01 -2.18227081623606445E+00
  3.1547682E-01 -2.18921127936205862E+00
  3.1740806E-01 -2.19619067402070689E+00
  3.1935111E-01 -2.20320847452052204E+00
  3.2130604E-01 -2.21026412890130608E+00
  3.2327292E-01 -2.21735705829653806E+00
  3.2525182E-01 -2.22448665628447761E+00
  3.2724282E-01 -2.23165228823004735E+00
  3.2924600E-01 -2.23885329061857119E+00
  3.3126142E-01 -2.24608897037727173E+00
  3.3328917E-01 -2.25335860418830514E+00
  3.3532931E-01 -2.26066143779366024E+00
  3.3738193E-01 -2.26799668528814857E+00
  3.3944709E-01 -2.27536352840395129E+00
  3.4152488E-01 -2.28276111578665475E+00
  3.4361537E-01 -2.29018856226116929E+00
  3.4571865E-01 -2.29764494808864850E+00
  3.4783478E-01 -2.30512931821490552E+00
  3.4996385E-01 -2.31264068150955460E+00
  3.5210594E-01 -2.32017800999676815E+00
  3.5426112E-01 -2.32774023807804342E+00
  3.5642948E-01 -2.33532626174596913E+00
  3.5861110E-01 -2.34293493778983297E+00
  3.6080606E-01 -2.35056508299480083E+00
  3.6301443E-01 -2.35821547333273474E+00
  3.6523631E-01 -2.36588484314473302E+00
  3.6747177E-01 -2.37357188431831112E+00
  3.6972089E-01 -2.38127524545797131E+00
  3.7198377E-01 -2.38899353104796530E+00
  3.7426048E-01 -2.39672530061018119E+00
  3.7655112E-01 -2.40446906785711612E+00
  3.7885575E-01 -2.41222329983785855E+00
  3.8117448E-01 -2.41998641608081844E+00
  3.8350738E-01 -2.42775678773268178E+00
  3.8585455E-01 -2.43553273669150627E+00
  3.8821606E-01 -2.44331253473838306E+00
  3.9059202E-01 -2.45109440266647072E+00
  3.9298249E-01 -2.45887650940648417E+00
  3.9538759E-01 -2.46665697115202054E+00
  3.9780739E-01 -2.47443385048371578E+00
  4.0024198E-01 -2.48220515549257570E+00
  4.0269146E-01 -2.48996883890503495E+00
  4.0515591E-01 -2.49772279720834645E+00
  4.0763543E-01 -2.50546486977810900E+00
  4.1013011E-01 -2.51319283800931315E+00
  4.1264004E-01 -2.52090442445065088E+00
  4.1516532E-01 -2.52859729194343874E+00
  4.1770603E-01 -2.53626904276636411E+00
  4.2026228E-01 -2.54391721778703506E+00
  4.2283416E-01 -2.55153929562023851E+00
  4.2542176E-01 -2.55913269179606973E+00
  4.2802518E-01 -2.56669475793736446E+00
  4.3064452E-01 -2.57422278094746915E+00
  4.3327987E-01 -2.58171398221145854E+00
  4.3593133E-01 -2.58916551681001561E+00
  4.3859901E-01 -2.59657447274817299E+00
  4.4128299E-01 -2.60393787020038792E+00
  4.4398338E-01 -2.61125266077328133E+00
  4.4670028E-01 -2.61851572678730093E+00
  4.4943380E-01 -2.62572388057926664E+00
  4.5218402E-01 -2.63287386382640198E+00
  4.5495106E-01 -2.63996234689501552E+00
  4.5773502E-01 -2.64698592821513534E+00
  4.6053600E-01 -2.65394113368111606E+00
  4.6335410E-01 -2.66082441608235509E+00
  4.6618943E-01 -2.66763215456529723E+00
  4.6904209E-01 -2.67436065412813262E+00
  4.7191220E-01 -2.68100614515083002E+00
  4.7479985E-01 -2.68756478296224044E+00
  4.7770516E-01 -2.69403264744622506E+00
  4.8062823E-01 -2.70040574269028832E+00
  4.8356917E-01 -2.70667999667785919E+00
  4.8652810E-01 -2.71285126102610308E+00
  4.8950511E-01 -2.71891531077329462E+00
  4.9250032E-01 -2.72486784421788597E+00
  4.9551384E-01 -2.73070448280984790E+00
  4.9854579E-01 -2.73642077110011650E+00
  5.0159628E-01 -2.74201217674922493E+00
  5.0466541E-01 -2.74747409059660530E+00
  5.0775331E-01 -2.75280182679631880E+00
  5.1086009E-01 -2.75799062302067322E+00
  5.1398586E-01 -2.76303564073424779E+00
  5.1713075E-01 -2.76793196554144671E+00
  5.2029486E-01 -2.77267460761343809E+00
  5.2347831E-01 -2.77725850219408033E+00
  5.2668123E-01 -2.78167851018868051E+00
  5.2990373E-01 -2.78592941884305390E+00
  5.3314593E-01 -2.79000594251141631E+00
  5.3640795E-01 -2.79390272351796654E+00
  5.3968992E-01 -2.79761433311812224E+00
  5.4299195E-01 -2.80113527256069395E+00
  5.4631417E-01 -2.80445997425472893E+00
  5.4965670E-01 -2.80758280304667984E+00
  5.5301967E-01 -2.81049805761042126E+00
  5.5640319E-01 -2.81319997195300475E+00
  5.5980741E-01 -2.81568271704355455E+00
  5.6323243E-01 -2.81794040256599621E+00
  5.6667840E-01 -2.81996707880008035E+00
  5.7014543E-01 -2.82175673863795007E+00
  5.7363366E-01 -2.82330331973663862E+00
  5.7714322E-01 -2.82460070681271391E+00
  5.8067423E-01 -2.82564273408247768E+00
  5.8422683E-01 -2.82642318785363766E+00
  5.8780115E-01 -2.82693580927102017E+00
  5.9139733E-01 -2.82717429722022651E+00
  5.9501549E-01 -2.82713231139660781E+00
  5.9865577E-01 -2.82680347554076317E+00
  6.0231830E-01 -2.82618138084590109E+00
  6.0600323E-01 -2.82525958954249790E+00
  6.0971069E-01 -2.82403163866355378E+00
  6.1344081E-01 -2.82249104399384709E+00
  6.1719374E-01 -2.82063130421024510E+00
  6.2096961E-01 -2.81844590521577887E+00
  6.2476857E-01 -2.81592832466876919E+00
  6.2859075E-01 -2.81307203671715200E+00
  6.3243631E-01 -2.80987051693892997E+00
  6.3630537E-01 -2.80631724748913403E+00
  6.4019809E-01 -2.80240572246472652E+00
  6.4411460E-01 -2.79812945348632880E+00
  6.4805507E-01 -2.79348197549934962E+00
  6.5201962E-01 -2.78845685280272582E+00
  6.5600841E-01 -2.78304768530520441E+00
  6.6002159E-01 -2.77724811501335322E+00
  6.6405930E-01 -2.77105183275334088E+00
  6.6812170E-01 -2.76445258513184378E+00
  6.7220894E-01 -2.75744418173768624E+00
  6.7632116E-01 -2.75002050258395592E+00
  6.8045853E-01 -2.74217550579709624E+00
  6.8462119E-01 -2.73390323555297288E+00
  6.8880930E-01 -2.72519783026056217E+00
  6.9302301E-01 -2.71605353099630387E+00
  6.9726249E-01 -2.70646469019028801E+00
  7.0152788E-01 -2.69642578056307780E+00
  7.0581936E-01 -2.68593140431521915E+00
  7.1013707E-01 -2.67497630257088881E+00
  7.1448118E-01 -2.66355536507022395E+00
  7.1885185E-01 -2.65166364011489852E+00
  7.2324923E-01 -2.63929634476555153E+00
  7.2767351E-01 -2.62644887528181359E+00
  7.3212483E-01 -2.61311681781339233E+00
  7.3660337E-01 -2.59929595933520030E+00
  7.4110929E-01 -2.58498229881649566E+00
  7.4564275E-01 -2.57017205863180420E+00
  7.5020393E-01 -2.55486169620460535E+00
  7.5479300E-01 -2.53904791587290601E+00
  7.5941013E-01 -2.52272768097896316E+00
  7.6405548E-01 -2.50589822617587155E+00
  7.6872924E-01 -2.48855706994098425E+00
  7.7343157E-01 -2.47070202728730015E+00
  7.7816264E-01 -2.45233122267004466E+00
  7.8292265E-01 -2.43344310307740885E+00
  7.8771175E-01 -2.41403645128866406E+00
  7.9253013E-01 -2.39411039930003700E+00
  7.9737797E-01 -2.37366444190045200E+00
  8.0225546E-01 -2.35269845038080838E+00
  8.0716276E-01 -2.33121268637370793E+00
  8.1210006E-01 -2.30920781580199552E+00
  8.1706755E-01 -2.28668492291973591E+00
  8.2206541E-01 -2.26364552443640088E+00
  8.2709382E-01 -2.24009158370115635E+00
  8.3215298E-01 -2.21602552492975402E+00
  8.3724306E-01 -2.19145024745865324E+00
  8.4236427E-01 -2.16636914000176661E+00
  8.4751679E-01 -2.14078609488934601E+00
  8.5270081E-01 -2.11470552226905939E+00
  8.5791652E-01 -2.08813236424428439E+00
  8.6316412E-01 -2.06107210892128867E+00
  8.6844380E-01 -2.03353080434468803E+00
  8.7375576E-01 -2.00551507229383397E+00
  8.7910020E-01 -1.97703212190723820E+00
  8.8447732E-01 -1.94808976310656523E+00
  8.8988730E-01 -1.91869641979466810E+00
  8.9533037E-01 -1.88886114279288475E+00
  9.0080671E-01 -1.85859362247550597E+00
  9.0631653E-01 -1.82790420108185803E+00
  9.1186003E-01 -1.79680388466377061E+00
  9.1743743E-01 -1.76530435462134805E+00
  9.2304893E-01 -1.73341797880497861E+00
  9.2869474E-01 -1.70115782213586675E+00
  9.3437506E-01 -1.66853765669851595E+00
  9.4009011E-01 -1.63557197127234621E+00
  9.4584010E-01 -1.60227598025653406E+00
  9.5162525E-01 -1.56866563193469322E+00
  9.5744576E-01 -1.53475761604347238E+00
  9.6330187E-01 -1.50056937059777473E+00
  9.6919377E-01 -1.46611908790892720E+00
  9.7512169E-01 -1.43142571976486965E+00
  9.8108586E-01 -1.39650898171632520E+00
  9.8708649E-01 -1.36138935640165548E+00
  9.9312381E-01 -1.32608809588133103E+00
  9.9919804E-01 -1.29062722291570031E+00
  1.0053094E+00 -1.25502953112400162E+00
  1.0114581E+00 -1.21931858398490012E+00
  1.0176445E+00 -1.18351871261424746E+00
  1.0238686E+00 -1.14765501226205369E+00
  1.0301308E+00 -1.11175333746594784E+00
  1.0364313E+00 -1.07584029581284990E+00
  1.0427703E+00 -1.03994324024355844E+00
  1.0491480E+00 -1.00409025982187772E+00
  1.0555648E+00 -9.68310168924148784E-01
  1.0620208E+00 -9.32632494766425402E-01
  1.0685162E+00 -8.97087463180892497E-01
  1.0750514E+00 -8.61705982576576490E-01
  1.0816265E+00 -8.26519625973238026E-01
  1.0882418E+00 -7.91560610985319824E-01
  1.0948976E+00 -7.56861777632485744E-01
  1.1015940E+00 -7.22456563803771989E-01
  1.1083314E+00 -6.88378978151780396E-01
  1.1151100E+00 -6.54663570167473341E-01
  1.1219300E+00 -6.21345397096539576E-01
  1.1287917E+00 -5.88459987245639637E-01
  1.1356954E+00 -5.56043299150160708E-01
  1.1426413E+00 -5.24131675874957348E-01
  1.1496296E+00 -4.92761793521049263E-01
  1.1566607E+00 -4.61970602773348393E-01
  1.1637348E+00 -4.31795261971253064E-01
  1.1708521E+00 -4.02273059769901908E-01
  1.1780129E+00 -3.73441324930458396E-01
  1.1852175E+00 -3.45337320146170690E-01
  1.1924661E+00 -3.17998115971767636E-01
  1.1997591E+00 -2.91460439936063742E-01
  1.2070966E+00 -2.65760494729040120E-01
  1.2144791E+00 -2.40933737857803143E-01
  1.2219066E+00 -2.17014613432454623E-01
  1.2293796E+00 -1.94036224695365744E-01
  1.2368982E+00 -1.72029933499887988E-01
  1.2444628E+00 -1.51024870258101462E-01
  1.2520737E+00 -1.31047334876939564E-01
  1.2597311E+00 -1.12120066029490581E-01
  1.2674353E+00 -9.42613529968615027E-02
  1.2751866E+00 -7.74721182027688499E-02
  1.2829853E+00 -6.18880961256183179E-02
  1.2908317E+00 -4.76229618766410359E-02
  1.2987260E+00 -3.17891519274925496E-02
  1.3066686E+00 -1.15506683419155966E-02
  1.3146598E+00  1.02128982903117987E-02
  1.3226998E+00  3.06118601301150657E-02
  1.3307890E+00  4.97389158182346552E-02
  1.3389277E+00  6.76996517441850326E-02
  1.3471161E+00  8.44650528178584048E-02
  1.3553545E+00  1.00020915073035940E-01
  1.3636433E+00  1.14356356479414584E-01
  1.3719828E+00  1.27463801642827640E-01
  1.3803733E+00  1.39338981100573356E-01
  1.3888151E+00  1.49980946361803841E-01
  1.3973085E+00  1.59392101094828709E-01
  1.4058539E+00  1.67578248156518561E-01
  1.4144514E+00  1.74548651528948162E-01
  1.4231016E+00  1.80316111692966852E-01
  1.4318046E+00  1.84897052481482776E-01
  1.4405608E+00  1.88311617036082291E-01
  1.4493706E+00  1.90583770113188944E-01
  1.4582342E+00  1.91741403658787030E-01
  1.4671520E+00  1.91816442264855336E-01
  1.4761243E+00  1.90844944807746081E-01
  1.4851515E+00  1.88867198297846373E-01
  1.4942339E+00  1.85927799672591709E-01
  1.5033718E+00  1.82075720938586455E-01
  1.5125656E+00  1.77364352758488858E-01
  1.5218156E+00  1.71851521219210823E-01
  1.5311221E+00  1.65599472114360047E-01
  1.5404855E+00  1.58674816669413743E-01
  1.5499062E+00  1.51148432171997027E-01
  1.5593845E+00  1.43095310451549773E-01
  1.5689207E+00  1.34594346619594296E-01
  1.5785152E+00  1.25728077820831924E-01
  1.5881684E+00  1.16582524348078281E-01
  1.5978806E+00  1.07246947422088790E-01
  1.6076522E+00  9.78133323853137560E-02
  1.6174835E+00  8.83750734954667633E-02
  1.6273750E+00  7.90349742245531617E-02
  1.6373269E+00  6.98955318537189813E-02
  1.6473396E+00  6.08857621427364992E-02
  1.6574136E+00  5.19324709772813128E-02
  1.6675491E+00  4.32904033241138589E-02
  1.6777466E+00  3.52131553249777074E-02
  1.6880065E+00  2.77741645057281196E-02
  1.6983291E+00  2.10376684348749891E-02
  1.7087148E+00  1.50652145218548635E-02
  1.7191640E+00  9.90424621285113972E-03
  1.7296771E+00  5.58590015258938338E-03
  1.7402544E+00  2.12178621107700534E-03
  1.7508965E+00 -4.99599077688615725E-04
  1.7616035E+00 -2.31685906415226173E-03
  1.7723761E+00 -3.40011986001078010E-03
  1.7832145E+00 -3.85592910253965094E-03
  1.7941192E+00 -3.83267360573917148E-03
  1.8050905E+00 -3.52656259793714816E-03
  1.8161289E+00 -3.13890221472085248E-03
  1.8272348E+00 -2.71330317442630524E-03
  1.8384086E+00 -2.24923278394777203E-03
  1.8496507E+00 -1.74696735002983442E-03
  1.8609616E+00 -1.19795110770453241E-03
  1.8723416E+00 -5.93373423773182898E-04
  1.8837912E+00  0.00000000000000000E+00
  1.8953107E+00  0.00000000000000000E+00
  1.9069008E+00  0.00000000000000000E+00
  1.9185616E+00  0.00000000000000000E+00
  1.9302938E+00  0.00000000000000000E+00
  1.9420977E+00  0.00000000000000000E+00
  1.9539737E+00  0.00000000000000000E+00
  1.9659224E+00  0.00000000000000000E+00
  1.9779441E+00  0.00000000000000000E+00
  1.9900393E+00  0.00000000000000000E+00
  2.0022084E+00  0.00000000000000000E+00
