 # l=           0 basis function with energy    -1.02672836041631     
  0.0000E+00  0.0000E+00  0.0000E+00  0.0000E+00
  2.4843E-06  2.4291E-05  1.7400E-06  1.1677E-05
  4.9838E-06  4.8528E-05  3.4907E-06  2.3426E-05
  7.4986E-06  7.2835E-05  5.2521E-06  3.5246E-05
  1.0029E-05  9.7242E-05  7.0243E-06  4.7139E-05
  1.2574E-05  1.2116E-04  8.8072E-06  5.9104E-05
  1.5136E-05  1.4564E-04  1.0601E-05  7.1143E-05
  1.7712E-05  1.7029E-04  1.2406E-05  8.3255E-05
  2.0305E-05  1.9504E-04  1.4222E-05  9.5441E-05
  2.2913E-05  2.1993E-04  1.6049E-05  1.0770E-04
  2.5538E-05  2.4495E-04  1.7887E-05  1.2004E-04
  2.8178E-05  2.7011E-04  1.9736E-05  1.3245E-04
  3.0835E-05  2.9540E-04  2.1597E-05  1.4494E-04
  3.3508E-05  3.2083E-04  2.3469E-05  1.5750E-04
  3.6197E-05  3.4641E-04  2.5353E-05  1.7014E-04
  3.8902E-05  3.7212E-04  2.7248E-05  1.8286E-04
  4.1625E-05  3.9798E-04  2.9154E-05  1.9565E-04
  4.4363E-05  4.2399E-04  3.1073E-05  2.0853E-04
  4.7119E-05  4.5014E-04  3.3003E-05  2.2148E-04
  4.9891E-05  4.7644E-04  3.4945E-05  2.3451E-04
  5.2681E-05  5.0289E-04  3.6898E-05  2.4762E-04
  5.5487E-05  5.2950E-04  3.8864E-05  2.6081E-04
  5.8310E-05  5.5625E-04  4.0841E-05  2.7408E-04
  6.1151E-05  5.8316E-04  4.2831E-05  2.8744E-04
  6.4009E-05  6.1022E-04  4.4833E-05  3.0087E-04
  6.6885E-05  6.3744E-04  4.6847E-05  3.1439E-04
  6.9778E-05  6.6481E-04  4.8874E-05  3.2799E-04
  7.2689E-05  6.9234E-04  5.0913E-05  3.4167E-04
  7.5618E-05  7.2003E-04  5.2964E-05  3.5543E-04
  7.8565E-05  7.4789E-04  5.5028E-05  3.6928E-04
  8.1529E-05  7.7590E-04  5.7104E-05  3.8322E-04
  8.4512E-05  8.0407E-04  5.9193E-05  3.9724E-04
  8.7513E-05  8.3241E-04  6.1295E-05  4.1135E-04
  9.0532E-05  8.6092E-04  6.3410E-05  4.2554E-04
  9.3570E-05  8.8959E-04  6.5538E-05  4.3982E-04
  9.6626E-05  9.1842E-04  6.7678E-05  4.5418E-04
  9.9701E-05  9.4743E-04  6.9832E-05  4.6864E-04
  1.0280E-04  9.7660E-04  7.1999E-05  4.8318E-04
  1.0591E-04  1.0059E-03  7.4180E-05  4.9781E-04
  1.0904E-04  1.0355E-03  7.6373E-05  5.1253E-04
  1.1219E-04  1.0651E-03  7.8580E-05  5.2734E-04
  1.1536E-04  1.0950E-03  8.0801E-05  5.4224E-04
  1.1855E-04  1.1250E-03  8.3035E-05  5.5724E-04
  1.2176E-04  1.1553E-03  8.5282E-05  5.7232E-04
  1.2499E-04  1.1856E-03  8.7544E-05  5.8750E-04
  1.2824E-04  1.2162E-03  8.9819E-05  6.0276E-04
  1.3151E-04  1.2470E-03  9.2108E-05  6.1813E-04
  1.3479E-04  1.2779E-03  9.4411E-05  6.3358E-04
  1.3810E-04  1.3090E-03  9.6729E-05  6.4913E-04
  1.4143E-04  1.3403E-03  9.9060E-05  6.6478E-04
  1.4478E-04  1.3717E-03  1.0141E-04  6.8052E-04
  1.4815E-04  1.4034E-03  1.0377E-04  6.9636E-04
  1.5154E-04  1.4352E-03  1.0614E-04  7.1229E-04
  1.5495E-04  1.4673E-03  1.0853E-04  7.2833E-04
  1.5838E-04  1.4995E-03  1.1093E-04  7.4446E-04
  1.6183E-04  1.5319E-03  1.1335E-04  7.6069E-04
  1.6531E-04  1.5645E-03  1.1578E-04  7.7701E-04
  1.6880E-04  1.5973E-03  1.1823E-04  7.9344E-04
  1.7232E-04  1.6303E-03  1.2069E-04  8.0997E-04
  1.7586E-04  1.6635E-03  1.2317E-04  8.2660E-04
  1.7942E-04  1.6968E-03  1.2567E-04  8.4333E-04
  1.8300E-04  1.7304E-03  1.2817E-04  8.6016E-04
  1.8660E-04  1.7642E-03  1.3070E-04  8.7710E-04
  1.9023E-04  1.7981E-03  1.3324E-04  8.9414E-04
  1.9387E-04  1.8323E-03  1.3579E-04  9.1128E-04
  1.9754E-04  1.8667E-03  1.3836E-04  9.2853E-04
  2.0123E-04  1.9012E-03  1.4095E-04  9.4588E-04
  2.0495E-04  1.9360E-03  1.4355E-04  9.6334E-04
  2.0869E-04  1.9710E-03  1.4617E-04  9.8091E-04
  2.1245E-04  2.0061E-03  1.4880E-04  9.9859E-04
  2.1623E-04  2.0415E-03  1.5145E-04  1.0164E-03
  2.2004E-04  2.0771E-03  1.5412E-04  1.0343E-03
  2.2387E-04  2.1129E-03  1.5680E-04  1.0523E-03
  2.2772E-04  2.1490E-03  1.5950E-04  1.0704E-03
  2.3160E-04  2.1852E-03  1.6221E-04  1.0886E-03
  2.3550E-04  2.2216E-03  1.6494E-04  1.1069E-03
  2.3942E-04  2.2583E-03  1.6769E-04  1.1254E-03
  2.4337E-04  2.2952E-03  1.7046E-04  1.1439E-03
  2.4734E-04  2.3323E-03  1.7324E-04  1.1626E-03
  2.5134E-04  2.3696E-03  1.7604E-04  1.1814E-03
  2.5536E-04  2.4071E-03  1.7886E-04  1.2003E-03
  2.5940E-04  2.4449E-03  1.8169E-04  1.2193E-03
  2.6347E-04  2.4828E-03  1.8454E-04  1.2384E-03
  2.6757E-04  2.5210E-03  1.8741E-04  1.2577E-03
  2.7169E-04  2.5595E-03  1.9029E-04  1.2770E-03
  2.7583E-04  2.5981E-03  1.9320E-04  1.2965E-03
  2.8000E-04  2.6370E-03  1.9612E-04  1.3161E-03
  2.8420E-04  2.6761E-03  1.9906E-04  1.3359E-03
  2.8842E-04  2.7154E-03  2.0202E-04  1.3557E-03
  2.9267E-04  2.7550E-03  2.0499E-04  1.3757E-03
  2.9694E-04  2.7948E-03  2.0798E-04  1.3958E-03
  3.0124E-04  2.8348E-03  2.1100E-04  1.4160E-03
  3.0557E-04  2.8751E-03  2.1403E-04  1.4363E-03
  3.0992E-04  2.9156E-03  2.1707E-04  1.4568E-03
  3.1430E-04  2.9564E-03  2.2014E-04  1.4773E-03
  3.1871E-04  2.9974E-03  2.2323E-04  1.4981E-03
  3.2314E-04  3.0386E-03  2.2633E-04  1.5189E-03
  3.2760E-04  3.0801E-03  2.2946E-04  1.5398E-03
  3.3209E-04  3.1218E-03  2.3260E-04  1.5609E-03
  3.3660E-04  3.1638E-03  2.3576E-04  1.5822E-03
  3.4114E-04  3.2060E-03  2.3894E-04  1.6035E-03
  3.4571E-04  3.2484E-03  2.4214E-04  1.6250E-03
  3.5031E-04  3.2911E-03  2.4536E-04  1.6466E-03
  3.5494E-04  3.3341E-03  2.4860E-04  1.6683E-03
  3.5959E-04  3.3773E-03  2.5186E-04  1.6902E-03
  3.6427E-04  3.4208E-03  2.5514E-04  1.7122E-03
  3.6899E-04  3.4645E-03  2.5844E-04  1.7344E-03
  3.7373E-04  3.5085E-03  2.6176E-04  1.7567E-03
  3.7850E-04  3.5527E-03  2.6510E-04  1.7791E-03
  3.8329E-04  3.5972E-03  2.6846E-04  1.8016E-03
  3.8812E-04  3.6420E-03  2.7185E-04  1.8243E-03
  3.9298E-04  3.6870E-03  2.7525E-04  1.8472E-03
  3.9787E-04  3.7323E-03  2.7867E-04  1.8701E-03
  4.0278E-04  3.7779E-03  2.8211E-04  1.8932E-03
  4.0773E-04  3.8237E-03  2.8558E-04  1.9165E-03
  4.1271E-04  3.8698E-03  2.8907E-04  1.9399E-03
  4.1771E-04  3.9162E-03  2.9257E-04  1.9634E-03
  4.2275E-04  3.9628E-03  2.9610E-04  1.9871E-03
  4.2782E-04  4.0098E-03  2.9965E-04  2.0109E-03
  4.3292E-04  4.0570E-03  3.0322E-04  2.0349E-03
  4.3805E-04  4.1044E-03  3.0682E-04  2.0590E-03
  4.4321E-04  4.1522E-03  3.1043E-04  2.0833E-03
  4.4841E-04  4.2002E-03  3.1407E-04  2.1077E-03
  4.5363E-04  4.2485E-03  3.1773E-04  2.1323E-03
  4.5889E-04  4.2971E-03  3.2141E-04  2.1570E-03
  4.6418E-04  4.3460E-03  3.2512E-04  2.1818E-03
  4.6950E-04  4.3952E-03  3.2885E-04  2.2069E-03
  4.7486E-04  4.4447E-03  3.3260E-04  2.2320E-03
  4.8025E-04  4.4944E-03  3.3637E-04  2.2573E-03
  4.8567E-04  4.5445E-03  3.4017E-04  2.2828E-03
  4.9112E-04  4.5948E-03  3.4399E-04  2.3085E-03
  4.9661E-04  4.6454E-03  3.4783E-04  2.3343E-03
  5.0213E-04  4.6964E-03  3.5170E-04  2.3602E-03
  5.0768E-04  4.7476E-03  3.5559E-04  2.3863E-03
  5.1327E-04  4.7991E-03  3.5950E-04  2.4126E-03
  5.1889E-04  4.8510E-03  3.6344E-04  2.4390E-03
  5.2455E-04  4.9031E-03  3.6740E-04  2.4656E-03
  5.3024E-04  4.9556E-03  3.7139E-04  2.4923E-03
  5.3597E-04  5.0083E-03  3.7540E-04  2.5193E-03
  5.4173E-04  5.0614E-03  3.7943E-04  2.5463E-03
  5.4752E-04  5.1148E-03  3.8349E-04  2.5736E-03
  5.5336E-04  5.1685E-03  3.8758E-04  2.6010E-03
  5.5922E-04  5.2225E-03  3.9169E-04  2.6286E-03
  5.6513E-04  5.2768E-03  3.9582E-04  2.6563E-03
  5.7107E-04  5.3314E-03  3.9998E-04  2.6842E-03
  5.7704E-04  5.3864E-03  4.0417E-04  2.7123E-03
  5.8305E-04  5.4417E-03  4.0838E-04  2.7406E-03
  5.8910E-04  5.4973E-03  4.1262E-04  2.7690E-03
  5.9519E-04  5.5532E-03  4.1688E-04  2.7976E-03
  6.0131E-04  5.6095E-03  4.2117E-04  2.8264E-03
  6.0747E-04  5.6661E-03  4.2548E-04  2.8554E-03
  6.1367E-04  5.7230E-03  4.2982E-04  2.8845E-03
  6.1991E-04  5.7803E-03  4.3419E-04  2.9138E-03
  6.2618E-04  5.8379E-03  4.3859E-04  2.9433E-03
  6.3249E-04  5.8958E-03  4.4301E-04  2.9730E-03
  6.3884E-04  5.9541E-03  4.4746E-04  3.0028E-03
  6.4523E-04  6.0127E-03  4.5193E-04  3.0329E-03
  6.5166E-04  6.0716E-03  4.5643E-04  3.0631E-03
  6.5813E-04  6.1309E-03  4.6096E-04  3.0935E-03
  6.6464E-04  6.1906E-03  4.6552E-04  3.1241E-03
  6.7119E-04  6.2506E-03  4.7011E-04  3.1549E-03
  6.7778E-04  6.3109E-03  4.7472E-04  3.1858E-03
  6.8440E-04  6.3716E-03  4.7937E-04  3.2170E-03
  6.9107E-04  6.4327E-03  4.8404E-04  3.2483E-03
  6.9778E-04  6.4941E-03  4.8874E-04  3.2799E-03
  7.0453E-04  6.5559E-03  4.9346E-04  3.3116E-03
  7.1132E-04  6.6180E-03  4.9822E-04  3.3435E-03
  7.1816E-04  6.6805E-03  5.0301E-04  3.3756E-03
  7.2503E-04  6.7434E-03  5.0782E-04  3.4079E-03
  7.3195E-04  6.8066E-03  5.1267E-04  3.4405E-03
  7.3891E-04  6.8702E-03  5.1754E-04  3.4732E-03
  7.4591E-04  6.9342E-03  5.2245E-04  3.5061E-03
  7.5295E-04  6.9985E-03  5.2738E-04  3.5392E-03
  7.6004E-04  7.0632E-03  5.3234E-04  3.5725E-03
  7.6717E-04  7.1283E-03  5.3734E-04  3.6060E-03
  7.7435E-04  7.1938E-03  5.4236E-04  3.6397E-03
  7.8157E-04  7.2597E-03  5.4742E-04  3.6737E-03
  7.8883E-04  7.3259E-03  5.5251E-04  3.7078E-03
  7.9614E-04  7.3925E-03  5.5762E-04  3.7422E-03
  8.0349E-04  7.4596E-03  5.6277E-04  3.7767E-03
  8.1088E-04  7.5270E-03  5.6795E-04  3.8115E-03
  8.1833E-04  7.5948E-03  5.7317E-04  3.8465E-03
  8.2581E-04  7.6630E-03  5.7841E-04  3.8817E-03
  8.3335E-04  7.7316E-03  5.8369E-04  3.9171E-03
  8.4093E-04  7.8006E-03  5.8900E-04  3.9527E-03
  8.4855E-04  7.8700E-03  5.9434E-04  3.9885E-03
  8.5622E-04  7.9398E-03  5.9971E-04  4.0246E-03
  8.6394E-04  8.0100E-03  6.0512E-04  4.0609E-03
  8.7171E-04  8.0806E-03  6.1056E-04  4.0974E-03
  8.7952E-04  8.1516E-03  6.1603E-04  4.1341E-03
  8.8738E-04  8.2231E-03  6.2154E-04  4.1711E-03
  8.9529E-04  8.2949E-03  6.2708E-04  4.2082E-03
  9.0325E-04  8.3672E-03  6.3265E-04  4.2456E-03
  9.1126E-04  8.4399E-03  6.3826E-04  4.2833E-03
  9.1931E-04  8.5130E-03  6.4390E-04  4.3211E-03
  9.2742E-04  8.5865E-03  6.4958E-04  4.3592E-03
  9.3557E-04  8.6605E-03  6.5529E-04  4.3976E-03
  9.4378E-04  8.7349E-03  6.6103E-04  4.4361E-03
  9.5203E-04  8.8098E-03  6.6682E-04  4.4749E-03
  9.6034E-04  8.8850E-03  6.7263E-04  4.5140E-03
  9.6869E-04  8.9607E-03  6.7849E-04  4.5532E-03
  9.7710E-04  9.0369E-03  6.8437E-04  4.5928E-03
  9.8556E-04  9.1134E-03  6.9030E-04  4.6325E-03
  9.9407E-04  9.1905E-03  6.9626E-04  4.6725E-03
  1.0026E-03  9.2680E-03  7.0225E-04  4.7128E-03
  1.0112E-03  9.3459E-03  7.0829E-04  4.7532E-03
  1.0199E-03  9.4243E-03  7.1436E-04  4.7940E-03
  1.0286E-03  9.5031E-03  7.2047E-04  4.8350E-03
  1.0374E-03  9.5824E-03  7.2661E-04  4.8762E-03
  1.0462E-03  9.6621E-03  7.3279E-04  4.9177E-03
  1.0551E-03  9.7423E-03  7.3901E-04  4.9594E-03
  1.0640E-03  9.8230E-03  7.4527E-04  5.0014E-03
  1.0730E-03  9.9041E-03  7.5157E-04  5.0437E-03
  1.0821E-03  9.9857E-03  7.5790E-04  5.0862E-03
  1.0912E-03  1.0068E-02  7.6428E-04  5.1290E-03
  1.1003E-03  1.0150E-02  7.7069E-04  5.1720E-03
  1.1095E-03  1.0233E-02  7.7714E-04  5.2153E-03
  1.1188E-03  1.0317E-02  7.8363E-04  5.2589E-03
  1.1281E-03  1.0401E-02  7.9016E-04  5.3027E-03
  1.1375E-03  1.0485E-02  7.9673E-04  5.3468E-03
  1.1470E-03  1.0570E-02  8.0335E-04  5.3912E-03
  1.1565E-03  1.0656E-02  8.1000E-04  5.4358E-03
  1.1660E-03  1.0742E-02  8.1669E-04  5.4807E-03
  1.1756E-03  1.0828E-02  8.2342E-04  5.5259E-03
  1.1853E-03  1.0915E-02  8.3020E-04  5.5714E-03
  1.1950E-03  1.1003E-02  8.3701E-04  5.6171E-03
  1.2048E-03  1.1091E-02  8.4387E-04  5.6631E-03
  1.2147E-03  1.1179E-02  8.5077E-04  5.7094E-03
  1.2246E-03  1.1268E-02  8.5771E-04  5.7560E-03
  1.2345E-03  1.1357E-02  8.6469E-04  5.8029E-03
  1.2446E-03  1.1447E-02  8.7172E-04  5.8500E-03
  1.2547E-03  1.1538E-02  8.7879E-04  5.8975E-03
  1.2648E-03  1.1629E-02  8.8590E-04  5.9452E-03
  1.2750E-03  1.1721E-02  8.9306E-04  5.9932E-03
  1.2853E-03  1.1813E-02  9.0026E-04  6.0415E-03
  1.2957E-03  1.1905E-02  9.0750E-04  6.0902E-03
  1.3061E-03  1.1998E-02  9.1479E-04  6.1391E-03
  1.3165E-03  1.2092E-02  9.2213E-04  6.1883E-03
  1.3271E-03  1.2186E-02  9.2950E-04  6.2378E-03
  1.3377E-03  1.2281E-02  9.3693E-04  6.2876E-03
  1.3483E-03  1.2376E-02  9.4439E-04  6.3377E-03
  1.3591E-03  1.2472E-02  9.5191E-04  6.3881E-03
  1.3699E-03  1.2569E-02  9.5947E-04  6.4389E-03
  1.3807E-03  1.2665E-02  9.6707E-04  6.4899E-03
  1.3916E-03  1.2763E-02  9.7473E-04  6.5413E-03
  1.4026E-03  1.2861E-02  9.8243E-04  6.5929E-03
  1.4137E-03  1.2960E-02  9.9017E-04  6.6449E-03
  1.4248E-03  1.3059E-02  9.9797E-04  6.6972E-03
  1.4360E-03  1.3159E-02  1.0058E-03  6.7499E-03
  1.4473E-03  1.3259E-02  1.0137E-03  6.8028E-03
  1.4586E-03  1.3360E-02  1.0216E-03  6.8561E-03
  1.4700E-03  1.3461E-02  1.0296E-03  6.9097E-03
  1.4815E-03  1.3563E-02  1.0377E-03  6.9636E-03
  1.4930E-03  1.3666E-02  1.0457E-03  7.0178E-03
  1.5046E-03  1.3769E-02  1.0539E-03  7.0724E-03
  1.5163E-03  1.3873E-02  1.0621E-03  7.1273E-03
  1.5281E-03  1.3977E-02  1.0703E-03  7.1826E-03
  1.5399E-03  1.4082E-02  1.0786E-03  7.2382E-03
  1.5518E-03  1.4188E-02  1.0869E-03  7.2941E-03
  1.5638E-03  1.4294E-02  1.0953E-03  7.3504E-03
  1.5758E-03  1.4401E-02  1.1037E-03  7.4070E-03
  1.5879E-03  1.4508E-02  1.1122E-03  7.4640E-03
  1.6001E-03  1.4616E-02  1.1208E-03  7.5213E-03
  1.6124E-03  1.4725E-02  1.1293E-03  7.5789E-03
  1.6247E-03  1.4834E-02  1.1380E-03  7.6369E-03
  1.6372E-03  1.4944E-02  1.1467E-03  7.6953E-03
  1.6497E-03  1.5055E-02  1.1554E-03  7.7540E-03
  1.6622E-03  1.5166E-02  1.1642E-03  7.8131E-03
  1.6749E-03  1.5278E-02  1.1731E-03  7.8726E-03
  1.6876E-03  1.5390E-02  1.1820E-03  7.9324E-03
  1.7004E-03  1.5503E-02  1.1910E-03  7.9925E-03
  1.7133E-03  1.5617E-02  1.2000E-03  8.0531E-03
  1.7262E-03  1.5731E-02  1.2091E-03  8.1140E-03
  1.7393E-03  1.5846E-02  1.2182E-03  8.1753E-03
  1.7524E-03  1.5962E-02  1.2274E-03  8.2369E-03
  1.7656E-03  1.6078E-02  1.2366E-03  8.2990E-03
  1.7789E-03  1.6195E-02  1.2459E-03  8.3614E-03
  1.7922E-03  1.6312E-02  1.2553E-03  8.4242E-03
  1.8057E-03  1.6431E-02  1.2647E-03  8.4874E-03
  1.8192E-03  1.6549E-02  1.2742E-03  8.5509E-03
  1.8328E-03  1.6669E-02  1.2837E-03  8.6149E-03
  1.8465E-03  1.6789E-02  1.2933E-03  8.6792E-03
  1.8603E-03  1.6910E-02  1.3030E-03  8.7440E-03
  1.8741E-03  1.7032E-02  1.3127E-03  8.8091E-03
  1.8881E-03  1.7154E-02  1.3224E-03  8.8746E-03
  1.9021E-03  1.7277E-02  1.3323E-03  8.9406E-03
  1.9162E-03  1.7401E-02  1.3421E-03  9.0069E-03
  1.9304E-03  1.7525E-02  1.3521E-03  9.0737E-03
  1.9447E-03  1.7650E-02  1.3621E-03  9.1408E-03
  1.9591E-03  1.7776E-02  1.3722E-03  9.2084E-03
  1.9735E-03  1.7903E-02  1.3823E-03  9.2764E-03
  1.9881E-03  1.8030E-02  1.3925E-03  9.3447E-03
  2.0027E-03  1.8158E-02  1.4027E-03  9.4136E-03
  2.0174E-03  1.8286E-02  1.4130E-03  9.4828E-03
  2.0323E-03  1.8416E-02  1.4234E-03  9.5524E-03
  2.0472E-03  1.8546E-02  1.4339E-03  9.6225E-03
  2.0622E-03  1.8677E-02  1.4444E-03  9.6930E-03
  2.0773E-03  1.8808E-02  1.4549E-03  9.7640E-03
  2.0924E-03  1.8940E-02  1.4656E-03  9.8353E-03
  2.1077E-03  1.9073E-02  1.4763E-03  9.9071E-03
  2.1231E-03  1.9207E-02  1.4870E-03  9.9794E-03
  2.1386E-03  1.9342E-02  1.4979E-03  1.0052E-02
  2.1541E-03  1.9477E-02  1.5088E-03  1.0125E-02
  2.1698E-03  1.9613E-02  1.5197E-03  1.0199E-02
  2.1855E-03  1.9750E-02  1.5308E-03  1.0273E-02
  2.2014E-03  1.9887E-02  1.5419E-03  1.0347E-02
  2.2173E-03  2.0026E-02  1.5530E-03  1.0422E-02
  2.2334E-03  2.0165E-02  1.5643E-03  1.0498E-02
  2.2495E-03  2.0305E-02  1.5756E-03  1.0573E-02
  2.2657E-03  2.0445E-02  1.5869E-03  1.0650E-02
  2.2821E-03  2.0587E-02  1.5984E-03  1.0727E-02
  2.2985E-03  2.0729E-02  1.6099E-03  1.0804E-02
  2.3150E-03  2.0872E-02  1.6215E-03  1.0882E-02
  2.3317E-03  2.1016E-02  1.6331E-03  1.0960E-02
  2.3484E-03  2.1160E-02  1.6449E-03  1.1038E-02
  2.3653E-03  2.1306E-02  1.6567E-03  1.1118E-02
  2.3822E-03  2.1452E-02  1.6685E-03  1.1197E-02
  2.3992E-03  2.1599E-02  1.6805E-03  1.1277E-02
  2.4164E-03  2.1747E-02  1.6925E-03  1.1358E-02
  2.4337E-03  2.1895E-02  1.7046E-03  1.1439E-02
  2.4510E-03  2.2045E-02  1.7167E-03  1.1521E-02
  2.4685E-03  2.2195E-02  1.7290E-03  1.1603E-02
  2.4861E-03  2.2346E-02  1.7413E-03  1.1686E-02
  2.5038E-03  2.2498E-02  1.7537E-03  1.1769E-02
  2.5215E-03  2.2651E-02  1.7661E-03  1.1852E-02
  2.5394E-03  2.2804E-02  1.7787E-03  1.1936E-02
  2.5575E-03  2.2959E-02  1.7913E-03  1.2021E-02
  2.5756E-03  2.3114E-02  1.8040E-03  1.2106E-02
  2.5938E-03  2.3270E-02  1.8167E-03  1.2192E-02
  2.6121E-03  2.3427E-02  1.8296E-03  1.2278E-02
  2.6306E-03  2.3585E-02  1.8425E-03  1.2365E-02
  2.6492E-03  2.3744E-02  1.8555E-03  1.2452E-02
  2.6679E-03  2.3904E-02  1.8686E-03  1.2540E-02
  2.6866E-03  2.4064E-02  1.8818E-03  1.2628E-02
  2.7056E-03  2.4225E-02  1.8950E-03  1.2717E-02
  2.7246E-03  2.4388E-02  1.9083E-03  1.2807E-02
  2.7437E-03  2.4551E-02  1.9217E-03  1.2897E-02
  2.7630E-03  2.4715E-02  1.9352E-03  1.2987E-02
  2.7824E-03  2.4880E-02  1.9488E-03  1.3078E-02
  2.8019E-03  2.5046E-02  1.9625E-03  1.3170E-02
  2.8215E-03  2.5212E-02  1.9762E-03  1.3262E-02
  2.8412E-03  2.5380E-02  1.9900E-03  1.3355E-02
  2.8611E-03  2.5549E-02  2.0039E-03  1.3448E-02
  2.8810E-03  2.5718E-02  2.0179E-03  1.3542E-02
  2.9011E-03  2.5888E-02  2.0320E-03  1.3636E-02
  2.9214E-03  2.6060E-02  2.0462E-03  1.3732E-02
  2.9417E-03  2.6232E-02  2.0604E-03  1.3827E-02
  2.9622E-03  2.6405E-02  2.0747E-03  1.3923E-02
  2.9828E-03  2.6579E-02  2.0892E-03  1.4020E-02
  3.0035E-03  2.6754E-02  2.1037E-03  1.4118E-02
  3.0243E-03  2.6930E-02  2.1183E-03  1.4216E-02
  3.0453E-03  2.7107E-02  2.1330E-03  1.4314E-02
  3.0664E-03  2.7285E-02  2.1478E-03  1.4413E-02
  3.0876E-03  2.7464E-02  2.1626E-03  1.4513E-02
  3.1090E-03  2.7644E-02  2.1776E-03  1.4614E-02
  3.1305E-03  2.7825E-02  2.1926E-03  1.4715E-02
  3.1521E-03  2.8007E-02  2.2078E-03  1.4816E-02
  3.1739E-03  2.8190E-02  2.2230E-03  1.4918E-02
  3.1958E-03  2.8373E-02  2.2384E-03  1.5021E-02
  3.2178E-03  2.8558E-02  2.2538E-03  1.5125E-02
  3.2399E-03  2.8744E-02  2.2693E-03  1.5229E-02
  3.2622E-03  2.8931E-02  2.2849E-03  1.5334E-02
  3.2847E-03  2.9118E-02  2.3006E-03  1.5439E-02
  3.3072E-03  2.9307E-02  2.3164E-03  1.5545E-02
  3.3299E-03  2.9497E-02  2.3323E-03  1.5652E-02
  3.3528E-03  2.9688E-02  2.3483E-03  1.5759E-02
  3.3758E-03  2.9879E-02  2.3644E-03  1.5867E-02
  3.3989E-03  3.0072E-02  2.3806E-03  1.5976E-02
  3.4221E-03  3.0266E-02  2.3969E-03  1.6085E-02
  3.4455E-03  3.0461E-02  2.4133E-03  1.6195E-02
  3.4691E-03  3.0657E-02  2.4298E-03  1.6306E-02
  3.4928E-03  3.0854E-02  2.4464E-03  1.6417E-02
  3.5166E-03  3.1052E-02  2.4631E-03  1.6530E-02
  3.5406E-03  3.1251E-02  2.4799E-03  1.6642E-02
  3.5647E-03  3.1451E-02  2.4968E-03  1.6756E-02
  3.5890E-03  3.1652E-02  2.5138E-03  1.6870E-02
  3.6134E-03  3.1854E-02  2.5309E-03  1.6985E-02
  3.6380E-03  3.2058E-02  2.5481E-03  1.7100E-02
  3.6628E-03  3.2262E-02  2.5654E-03  1.7216E-02
  3.6876E-03  3.2468E-02  2.5829E-03  1.7333E-02
  3.7127E-03  3.2674E-02  2.6004E-03  1.7451E-02
  3.7378E-03  3.2882E-02  2.6180E-03  1.7569E-02
  3.7632E-03  3.3090E-02  2.6358E-03  1.7688E-02
  3.7887E-03  3.3300E-02  2.6536E-03  1.7808E-02
  3.8143E-03  3.3511E-02  2.6716E-03  1.7929E-02
  3.8401E-03  3.3723E-02  2.6897E-03  1.8050E-02
  3.8661E-03  3.3936E-02  2.7079E-03  1.8172E-02
  3.8922E-03  3.4151E-02  2.7262E-03  1.8295E-02
  3.9185E-03  3.4366E-02  2.7446E-03  1.8418E-02
  3.9449E-03  3.4583E-02  2.7631E-03  1.8543E-02
  3.9715E-03  3.4800E-02  2.7817E-03  1.8668E-02
  3.9983E-03  3.5019E-02  2.8005E-03  1.8794E-02
  4.0252E-03  3.5239E-02  2.8193E-03  1.8920E-02
  4.0523E-03  3.5460E-02  2.8383E-03  1.9047E-02
  4.0796E-03  3.5682E-02  2.8574E-03  1.9176E-02
  4.1070E-03  3.5906E-02  2.8766E-03  1.9305E-02
  4.1346E-03  3.6130E-02  2.8959E-03  1.9434E-02
  4.1624E-03  3.6356E-02  2.9154E-03  1.9565E-02
  4.1903E-03  3.6583E-02  2.9349E-03  1.9696E-02
  4.2184E-03  3.6811E-02  2.9546E-03  1.9828E-02
  4.2467E-03  3.7040E-02  2.9744E-03  1.9961E-02
  4.2751E-03  3.7270E-02  2.9943E-03  2.0095E-02
  4.3037E-03  3.7502E-02  3.0144E-03  2.0229E-02
  4.3325E-03  3.7735E-02  3.0346E-03  2.0365E-02
  4.3615E-03  3.7969E-02  3.0549E-03  2.0501E-02
  4.3907E-03  3.8204E-02  3.0753E-03  2.0638E-02
  4.4200E-03  3.8440E-02  3.0958E-03  2.0776E-02
  4.4495E-03  3.8678E-02  3.1165E-03  2.0914E-02
  4.4792E-03  3.8917E-02  3.1373E-03  2.1054E-02
  4.5090E-03  3.9157E-02  3.1582E-03  2.1194E-02
  4.5391E-03  3.9398E-02  3.1792E-03  2.1336E-02
  4.5693E-03  3.9640E-02  3.2004E-03  2.1478E-02
  4.5998E-03  3.9884E-02  3.2217E-03  2.1621E-02
  4.6304E-03  4.0129E-02  3.2432E-03  2.1764E-02
  4.6612E-03  4.0375E-02  3.2647E-03  2.1909E-02
  4.6921E-03  4.0623E-02  3.2864E-03  2.2055E-02
  4.7233E-03  4.0872E-02  3.3083E-03  2.2201E-02
  4.7547E-03  4.1122E-02  3.3302E-03  2.2349E-02
  4.7862E-03  4.1373E-02  3.3523E-03  2.2497E-02
  4.8180E-03  4.1625E-02  3.3746E-03  2.2646E-02
  4.8499E-03  4.1879E-02  3.3969E-03  2.2796E-02
  4.8820E-03  4.2134E-02  3.4194E-03  2.2947E-02
  4.9144E-03  4.2390E-02  3.4421E-03  2.3099E-02
  4.9469E-03  4.2648E-02  3.4649E-03  2.3252E-02
  4.9796E-03  4.2907E-02  3.4878E-03  2.3406E-02
  5.0126E-03  4.3167E-02  3.5109E-03  2.3561E-02
  5.0457E-03  4.3429E-02  3.5341E-03  2.3717E-02
  5.0790E-03  4.3692E-02  3.5574E-03  2.3873E-02
  5.1126E-03  4.3956E-02  3.5809E-03  2.4031E-02
  5.1463E-03  4.4221E-02  3.6045E-03  2.4190E-02
  5.1802E-03  4.4488E-02  3.6283E-03  2.4349E-02
  5.2144E-03  4.4756E-02  3.6522E-03  2.4510E-02
  5.2488E-03  4.5025E-02  3.6763E-03  2.4671E-02
  5.2833E-03  4.5296E-02  3.7005E-03  2.4834E-02
  5.3181E-03  4.5568E-02  3.7249E-03  2.4997E-02
  5.3531E-03  4.5842E-02  3.7494E-03  2.5162E-02
  5.3883E-03  4.6116E-02  3.7741E-03  2.5327E-02
  5.4238E-03  4.6393E-02  3.7989E-03  2.5494E-02
  5.4594E-03  4.6670E-02  3.8238E-03  2.5661E-02
  5.4953E-03  4.6949E-02  3.8490E-03  2.5830E-02
  5.5314E-03  4.7229E-02  3.8742E-03  2.5999E-02
  5.5677E-03  4.7511E-02  3.8997E-03  2.6170E-02
  5.6042E-03  4.7794E-02  3.9252E-03  2.6342E-02
  5.6409E-03  4.8078E-02  3.9510E-03  2.6514E-02
  5.6779E-03  4.8364E-02  3.9769E-03  2.6688E-02
  5.7151E-03  4.8651E-02  4.0029E-03  2.6863E-02
  5.7525E-03  4.8939E-02  4.0291E-03  2.7039E-02
  5.7902E-03  4.9229E-02  4.0555E-03  2.7216E-02
  5.8281E-03  4.9520E-02  4.0820E-03  2.7394E-02
  5.8662E-03  4.9813E-02  4.1087E-03  2.7573E-02
  5.9045E-03  5.0107E-02  4.1356E-03  2.7753E-02
  5.9431E-03  5.0403E-02  4.1626E-03  2.7935E-02
  5.9819E-03  5.0700E-02  4.1898E-03  2.8117E-02
  6.0210E-03  5.0998E-02  4.2172E-03  2.8301E-02
  6.0603E-03  5.1298E-02  4.2447E-03  2.8486E-02
  6.0998E-03  5.1599E-02  4.2724E-03  2.8671E-02
  6.1396E-03  5.1902E-02  4.3002E-03  2.8858E-02
  6.1796E-03  5.2206E-02  4.3283E-03  2.9046E-02
  6.2199E-03  5.2511E-02  4.3565E-03  2.9236E-02
  6.2604E-03  5.2818E-02  4.3849E-03  2.9426E-02
  6.3011E-03  5.3127E-02  4.4134E-03  2.9618E-02
  6.3422E-03  5.3437E-02  4.4421E-03  2.9811E-02
  6.3834E-03  5.3748E-02  4.4710E-03  3.0004E-02
  6.4249E-03  5.4061E-02  4.5001E-03  3.0200E-02
  6.4667E-03  5.4375E-02  4.5294E-03  3.0396E-02
  6.5087E-03  5.4691E-02  4.5588E-03  3.0593E-02
  6.5510E-03  5.5008E-02  4.5884E-03  3.0792E-02
  6.5935E-03  5.5327E-02  4.6182E-03  3.0992E-02
  6.6363E-03  5.5647E-02  4.6482E-03  3.1193E-02
  6.6794E-03  5.5969E-02  4.6783E-03  3.1396E-02
  6.7227E-03  5.6292E-02  4.7087E-03  3.1599E-02
  6.7663E-03  5.6617E-02  4.7392E-03  3.1804E-02
  6.8101E-03  5.6943E-02  4.7699E-03  3.2010E-02
  6.8543E-03  5.7271E-02  4.8008E-03  3.2218E-02
  6.8986E-03  5.7600E-02  4.8319E-03  3.2426E-02
  6.9433E-03  5.7931E-02  4.8632E-03  3.2636E-02
  6.9882E-03  5.8263E-02  4.8946E-03  3.2847E-02
  7.0334E-03  5.8597E-02  4.9263E-03  3.3060E-02
  7.0789E-03  5.8932E-02  4.9582E-03  3.3274E-02
  7.1247E-03  5.9269E-02  4.9902E-03  3.3489E-02
  7.1707E-03  5.9607E-02  5.0225E-03  3.3705E-02
  7.2171E-03  5.9947E-02  5.0549E-03  3.3923E-02
  7.2637E-03  6.0288E-02  5.0876E-03  3.4142E-02
  7.3106E-03  6.0631E-02  5.1204E-03  3.4362E-02
  7.3577E-03  6.0975E-02  5.1535E-03  3.4584E-02
  7.4052E-03  6.1321E-02  5.1867E-03  3.4807E-02
  7.4530E-03  6.1669E-02  5.2202E-03  3.5032E-02
  7.5010E-03  6.2018E-02  5.2538E-03  3.5258E-02
  7.5494E-03  6.2369E-02  5.2877E-03  3.5485E-02
  7.5980E-03  6.2721E-02  5.3217E-03  3.5713E-02
  7.6469E-03  6.3075E-02  5.3560E-03  3.5943E-02
  7.6962E-03  6.3430E-02  5.3905E-03  3.6175E-02
  7.7457E-03  6.3787E-02  5.4252E-03  3.6408E-02
  7.7956E-03  6.4145E-02  5.4601E-03  3.6642E-02
  7.8457E-03  6.4505E-02  5.4952E-03  3.6878E-02
  7.8961E-03  6.4867E-02  5.5306E-03  3.7115E-02
  7.9469E-03  6.5230E-02  5.5661E-03  3.7353E-02
  7.9980E-03  6.5595E-02  5.6019E-03  3.7593E-02
  8.0494E-03  6.5961E-02  5.6379E-03  3.7835E-02
  8.1011E-03  6.6329E-02  5.6741E-03  3.8078E-02
  8.1531E-03  6.6699E-02  5.7105E-03  3.8322E-02
  8.2054E-03  6.7070E-02  5.7472E-03  3.8568E-02
  8.2580E-03  6.7442E-02  5.7840E-03  3.8816E-02
  8.3110E-03  6.7817E-02  5.8211E-03  3.9065E-02
  8.3643E-03  6.8193E-02  5.8585E-03  3.9315E-02
  8.4179E-03  6.8570E-02  5.8960E-03  3.9567E-02
  8.4719E-03  6.8949E-02  5.9338E-03  3.9821E-02
  8.5262E-03  6.9330E-02  5.9718E-03  4.0076E-02
  8.5808E-03  6.9712E-02  6.0101E-03  4.0333E-02
  8.6357E-03  7.0096E-02  6.0486E-03  4.0591E-02
  8.6910E-03  7.0481E-02  6.0873E-03  4.0851E-02
  8.7466E-03  7.0868E-02  6.1262E-03  4.1112E-02
  8.8026E-03  7.1257E-02  6.1654E-03  4.1375E-02
  8.8589E-03  7.1648E-02  6.2049E-03  4.1640E-02
  8.9155E-03  7.2039E-02  6.2445E-03  4.1906E-02
  8.9725E-03  7.2433E-02  6.2845E-03  4.2174E-02
  9.0299E-03  7.2828E-02  6.3246E-03  4.2444E-02
  9.0876E-03  7.3225E-02  6.3650E-03  4.2715E-02
  9.1456E-03  7.3623E-02  6.4057E-03  4.2988E-02
  9.2040E-03  7.4023E-02  6.4466E-03  4.3262E-02
  9.2628E-03  7.4425E-02  6.4877E-03  4.3538E-02
  9.3219E-03  7.4828E-02  6.5291E-03  4.3816E-02
  9.3813E-03  7.5233E-02  6.5708E-03  4.4096E-02
  9.4412E-03  7.5640E-02  6.6127E-03  4.4377E-02
  9.5014E-03  7.6048E-02  6.6549E-03  4.4660E-02
  9.5620E-03  7.6457E-02  6.6973E-03  4.4945E-02
  9.6229E-03  7.6869E-02  6.7400E-03  4.5231E-02
  9.6842E-03  7.7282E-02  6.7829E-03  4.5519E-02
  9.7459E-03  7.7696E-02  6.8262E-03  4.5809E-02
  9.8080E-03  7.8113E-02  6.8696E-03  4.6101E-02
  9.8704E-03  7.8530E-02  6.9134E-03  4.6394E-02
  9.9333E-03  7.8950E-02  6.9574E-03  4.6690E-02
  9.9965E-03  7.9371E-02  7.0016E-03  4.6987E-02
  1.0060E-02  7.9794E-02  7.0462E-03  4.7286E-02
  1.0124E-02  8.0218E-02  7.0910E-03  4.7587E-02
  1.0188E-02  8.0644E-02  7.1361E-03  4.7889E-02
  1.0253E-02  8.1072E-02  7.1815E-03  4.8194E-02
  1.0318E-02  8.1501E-02  7.2271E-03  4.8500E-02
  1.0384E-02  8.1932E-02  7.2730E-03  4.8808E-02
  1.0450E-02  8.2364E-02  7.3192E-03  4.9118E-02
  1.0516E-02  8.2798E-02  7.3657E-03  4.9430E-02
  1.0583E-02  8.3234E-02  7.4125E-03  4.9744E-02
  1.0650E-02  8.3671E-02  7.4596E-03  5.0060E-02
  1.0718E-02  8.4110E-02  7.5069E-03  5.0378E-02
  1.0786E-02  8.4551E-02  7.5545E-03  5.0697E-02
  1.0854E-02  8.4993E-02  7.6025E-03  5.1019E-02
  1.0923E-02  8.5436E-02  7.6507E-03  5.1342E-02
  1.0992E-02  8.5882E-02  7.6992E-03  5.1668E-02
  1.1062E-02  8.6329E-02  7.7480E-03  5.1996E-02
  1.1132E-02  8.6777E-02  7.7971E-03  5.2325E-02
  1.1203E-02  8.7227E-02  7.8465E-03  5.2657E-02
  1.1274E-02  8.7679E-02  7.8962E-03  5.2990E-02
  1.1345E-02  8.8132E-02  7.9463E-03  5.3326E-02
  1.1417E-02  8.8587E-02  7.9966E-03  5.3664E-02
  1.1489E-02  8.9044E-02  8.0472E-03  5.4003E-02
  1.1562E-02  8.9502E-02  8.0982E-03  5.4345E-02
  1.1635E-02  8.9962E-02  8.1494E-03  5.4689E-02
  1.1709E-02  9.0423E-02  8.2010E-03  5.5035E-02
  1.1783E-02  9.0886E-02  8.2528E-03  5.5383E-02
  1.1857E-02  9.1350E-02  8.3050E-03  5.5733E-02
  1.1932E-02  9.1816E-02  8.3576E-03  5.6086E-02
  1.2008E-02  9.2284E-02  8.4104E-03  5.6440E-02
  1.2084E-02  9.2753E-02  8.4635E-03  5.6797E-02
  1.2160E-02  9.3223E-02  8.5170E-03  5.7156E-02
  1.2237E-02  9.3696E-02  8.5708E-03  5.7517E-02
  1.2314E-02  9.4169E-02  8.6250E-03  5.7881E-02
  1.2392E-02  9.4645E-02  8.6795E-03  5.8246E-02
  1.2470E-02  9.5121E-02  8.7343E-03  5.8614E-02
  1.2549E-02  9.5600E-02  8.7894E-03  5.8984E-02
  1.2628E-02  9.6080E-02  8.8449E-03  5.9356E-02
  1.2708E-02  9.6561E-02  8.9007E-03  5.9731E-02
  1.2788E-02  9.7044E-02  8.9568E-03  6.0107E-02
  1.2869E-02  9.7528E-02  9.0133E-03  6.0487E-02
  1.2950E-02  9.8014E-02  9.0702E-03  6.0868E-02
  1.3031E-02  9.8502E-02  9.1274E-03  6.1252E-02
  1.3114E-02  9.8990E-02  9.1849E-03  6.1638E-02
  1.3196E-02  9.9481E-02  9.2428E-03  6.2027E-02
  1.3279E-02  9.9973E-02  9.3011E-03  6.2417E-02
  1.3363E-02  1.0047E-01  9.3597E-03  6.2811E-02
  1.3447E-02  1.0096E-01  9.4186E-03  6.3206E-02
  1.3532E-02  1.0146E-01  9.4780E-03  6.3604E-02
  1.3617E-02  1.0195E-01  9.5376E-03  6.4005E-02
  1.3703E-02  1.0245E-01  9.5977E-03  6.4408E-02
  1.3789E-02  1.0295E-01  9.6581E-03  6.4813E-02
  1.3876E-02  1.0346E-01  9.7189E-03  6.5221E-02
  1.3963E-02  1.0396E-01  9.7800E-03  6.5632E-02
  1.4051E-02  1.0446E-01  9.8416E-03  6.6045E-02
  1.4140E-02  1.0497E-01  9.9035E-03  6.6460E-02
  1.4229E-02  1.0548E-01  9.9658E-03  6.6878E-02
  1.4318E-02  1.0599E-01  1.0028E-02  6.7299E-02
  1.4408E-02  1.0650E-01  1.0091E-02  6.7722E-02
  1.4499E-02  1.0701E-01  1.0155E-02  6.8147E-02
  1.4590E-02  1.0752E-01  1.0219E-02  6.8576E-02
  1.4681E-02  1.0804E-01  1.0283E-02  6.9007E-02
  1.4774E-02  1.0855E-01  1.0348E-02  6.9440E-02
  1.4866E-02  1.0907E-01  1.0413E-02  6.9876E-02
  1.4960E-02  1.0959E-01  1.0478E-02  7.0315E-02
  1.5054E-02  1.1011E-01  1.0544E-02  7.0757E-02
  1.5148E-02  1.1063E-01  1.0610E-02  7.1201E-02
  1.5243E-02  1.1115E-01  1.0677E-02  7.1648E-02
  1.5339E-02  1.1167E-01  1.0744E-02  7.2098E-02
  1.5435E-02  1.1220E-01  1.0811E-02  7.2550E-02
  1.5532E-02  1.1272E-01  1.0879E-02  7.3005E-02
  1.5630E-02  1.1325E-01  1.0947E-02  7.3463E-02
  1.5728E-02  1.1378E-01  1.1016E-02  7.3924E-02
  1.5826E-02  1.1431E-01  1.1085E-02  7.4388E-02
  1.5926E-02  1.1484E-01  1.1154E-02  7.4854E-02
  1.6025E-02  1.1537E-01  1.1224E-02  7.5323E-02
  1.6126E-02  1.1590E-01  1.1295E-02  7.5795E-02
  1.6227E-02  1.1644E-01  1.1365E-02  7.6271E-02
  1.6329E-02  1.1697E-01  1.1437E-02  7.6748E-02
  1.6431E-02  1.1751E-01  1.1508E-02  7.7229E-02
  1.6534E-02  1.1805E-01  1.1580E-02  7.7713E-02
  1.6637E-02  1.1859E-01  1.1653E-02  7.8200E-02
  1.6742E-02  1.1913E-01  1.1726E-02  7.8690E-02
  1.6846E-02  1.1967E-01  1.1799E-02  7.9182E-02
  1.6952E-02  1.2021E-01  1.1873E-02  7.9678E-02
  1.7058E-02  1.2075E-01  1.1948E-02  8.0177E-02
  1.7165E-02  1.2129E-01  1.2022E-02  8.0679E-02
  1.7272E-02  1.2184E-01  1.2098E-02  8.1184E-02
  1.7380E-02  1.2238E-01  1.2173E-02  8.1692E-02
  1.7489E-02  1.2293E-01  1.2249E-02  8.2203E-02
  1.7599E-02  1.2348E-01  1.2326E-02  8.2717E-02
  1.7709E-02  1.2403E-01  1.2403E-02  8.3234E-02
  1.7819E-02  1.2458E-01  1.2481E-02  8.3755E-02
  1.7931E-02  1.2513E-01  1.2559E-02  8.4278E-02
  1.8043E-02  1.2568E-01  1.2637E-02  8.4805E-02
  1.8156E-02  1.2623E-01  1.2716E-02  8.5335E-02
  1.8269E-02  1.2678E-01  1.2796E-02  8.5869E-02
  1.8383E-02  1.2733E-01  1.2876E-02  8.6405E-02
  1.8498E-02  1.2789E-01  1.2956E-02  8.6945E-02
  1.8614E-02  1.2844E-01  1.3037E-02  8.7488E-02
  1.8730E-02  1.2900E-01  1.3119E-02  8.8035E-02
  1.8847E-02  1.2956E-01  1.3201E-02  8.8585E-02
  1.8965E-02  1.3011E-01  1.3283E-02  8.9138E-02
  1.9083E-02  1.3067E-01  1.3366E-02  8.9695E-02
  1.9202E-02  1.3123E-01  1.3449E-02  9.0255E-02
  1.9322E-02  1.3179E-01  1.3533E-02  9.0818E-02
  1.9443E-02  1.3235E-01  1.3618E-02  9.1385E-02
  1.9564E-02  1.3291E-01  1.3703E-02  9.1955E-02
  1.9686E-02  1.3347E-01  1.3788E-02  9.2529E-02
  1.9809E-02  1.3403E-01  1.3874E-02  9.3106E-02
  1.9933E-02  1.3459E-01  1.3961E-02  9.3687E-02
  2.0057E-02  1.3515E-01  1.4048E-02  9.4272E-02
  2.0182E-02  1.3571E-01  1.4136E-02  9.4860E-02
  2.0308E-02  1.3628E-01  1.4224E-02  9.5451E-02
  2.0435E-02  1.3684E-01  1.4313E-02  9.6046E-02
  2.0562E-02  1.3740E-01  1.4402E-02  9.6645E-02
  2.0690E-02  1.3797E-01  1.4492E-02  9.7248E-02
  2.0819E-02  1.3853E-01  1.4582E-02  9.7854E-02
  2.0949E-02  1.3910E-01  1.4673E-02  9.8464E-02
  2.1080E-02  1.3966E-01  1.4764E-02  9.9077E-02
  2.1211E-02  1.4023E-01  1.4856E-02  9.9695E-02
  2.1343E-02  1.4079E-01  1.4949E-02  1.0032E-01
  2.1476E-02  1.4136E-01  1.5042E-02  1.0094E-01
  2.1610E-02  1.4192E-01  1.5136E-02  1.0157E-01
  2.1745E-02  1.4249E-01  1.5230E-02  1.0220E-01
  2.1880E-02  1.4305E-01  1.5325E-02  1.0284E-01
  2.2016E-02  1.4362E-01  1.5420E-02  1.0348E-01
  2.2153E-02  1.4418E-01  1.5516E-02  1.0412E-01
  2.2291E-02  1.4475E-01  1.5613E-02  1.0477E-01
  2.2430E-02  1.4532E-01  1.5710E-02  1.0542E-01
  2.2570E-02  1.4588E-01  1.5808E-02  1.0608E-01
  2.2710E-02  1.4645E-01  1.5906E-02  1.0674E-01
  2.2851E-02  1.4701E-01  1.6005E-02  1.0740E-01
  2.2994E-02  1.4758E-01  1.6105E-02  1.0807E-01
  2.3137E-02  1.4814E-01  1.6205E-02  1.0874E-01
  2.3281E-02  1.4870E-01  1.6306E-02  1.0942E-01
  2.3425E-02  1.4927E-01  1.6407E-02  1.1010E-01
  2.3571E-02  1.4983E-01  1.6509E-02  1.1079E-01
  2.3718E-02  1.5040E-01  1.6612E-02  1.1147E-01
  2.3865E-02  1.5096E-01  1.6715E-02  1.1217E-01
  2.4014E-02  1.5152E-01  1.6819E-02  1.1287E-01
  2.4163E-02  1.5208E-01  1.6924E-02  1.1357E-01
  2.4313E-02  1.5264E-01  1.7029E-02  1.1427E-01
  2.4464E-02  1.5320E-01  1.7135E-02  1.1498E-01
  2.4616E-02  1.5376E-01  1.7241E-02  1.1570E-01
  2.4769E-02  1.5432E-01  1.7348E-02  1.1642E-01
  2.4923E-02  1.5488E-01  1.7456E-02  1.1714E-01
  2.5078E-02  1.5544E-01  1.7565E-02  1.1787E-01
  2.5234E-02  1.5600E-01  1.7674E-02  1.1860E-01
  2.5391E-02  1.5655E-01  1.7784E-02  1.1934E-01
  2.5548E-02  1.5711E-01  1.7894E-02  1.2008E-01
  2.5707E-02  1.5766E-01  1.8005E-02  1.2082E-01
  2.5867E-02  1.5822E-01  1.8117E-02  1.2157E-01
  2.6027E-02  1.5877E-01  1.8229E-02  1.2233E-01
  2.6189E-02  1.5932E-01  1.8343E-02  1.2309E-01
  2.6352E-02  1.5987E-01  1.8456E-02  1.2385E-01
  2.6515E-02  1.6042E-01  1.8571E-02  1.2462E-01
  2.6680E-02  1.6097E-01  1.8686E-02  1.2539E-01
  2.6845E-02  1.6151E-01  1.8802E-02  1.2617E-01
  2.7012E-02  1.6206E-01  1.8919E-02  1.2695E-01
  2.7180E-02  1.6260E-01  1.9036E-02  1.2774E-01
  2.7348E-02  1.6314E-01  1.9155E-02  1.2854E-01
  2.7518E-02  1.6368E-01  1.9273E-02  1.2933E-01
  2.7689E-02  1.6422E-01  1.9393E-02  1.3013E-01
  2.7860E-02  1.6476E-01  1.9513E-02  1.3094E-01
  2.8033E-02  1.6530E-01  1.9634E-02  1.3175E-01
  2.8207E-02  1.6583E-01  1.9756E-02  1.3257E-01
  2.8382E-02  1.6637E-01  1.9879E-02  1.3339E-01
  2.8558E-02  1.6690E-01  2.0002E-02  1.3422E-01
  2.8735E-02  1.6743E-01  2.0126E-02  1.3505E-01
  2.8913E-02  1.6795E-01  2.0251E-02  1.3589E-01
  2.9093E-02  1.6848E-01  2.0376E-02  1.3673E-01
  2.9273E-02  1.6900E-01  2.0502E-02  1.3758E-01
  2.9454E-02  1.6952E-01  2.0630E-02  1.3843E-01
  2.9637E-02  1.7004E-01  2.0757E-02  1.3929E-01
  2.9821E-02  1.7056E-01  2.0886E-02  1.4015E-01
  3.0005E-02  1.7108E-01  2.1015E-02  1.4102E-01
  3.0191E-02  1.7159E-01  2.1146E-02  1.4189E-01
  3.0378E-02  1.7210E-01  2.1277E-02  1.4277E-01
  3.0567E-02  1.7261E-01  2.1408E-02  1.4366E-01
  3.0756E-02  1.7311E-01  2.1541E-02  1.4455E-01
  3.0946E-02  1.7362E-01  2.1675E-02  1.4544E-01
  3.1138E-02  1.7412E-01  2.1809E-02  1.4634E-01
  3.1331E-02  1.7461E-01  2.1944E-02  1.4725E-01
  3.1525E-02  1.7511E-01  2.2080E-02  1.4816E-01
  3.1720E-02  1.7560E-01  2.2216E-02  1.4908E-01
  3.1917E-02  1.7609E-01  2.2354E-02  1.5000E-01
  3.2114E-02  1.7658E-01  2.2492E-02  1.5093E-01
  3.2313E-02  1.7706E-01  2.2632E-02  1.5186E-01
  3.2513E-02  1.7754E-01  2.2772E-02  1.5280E-01
  3.2714E-02  1.7802E-01  2.2913E-02  1.5375E-01
  3.2917E-02  1.7849E-01  2.3054E-02  1.5470E-01
  3.3121E-02  1.7896E-01  2.3197E-02  1.5566E-01
  3.3326E-02  1.7943E-01  2.3341E-02  1.5662E-01
  3.3532E-02  1.7990E-01  2.3485E-02  1.5759E-01
  3.3739E-02  1.8036E-01  2.3630E-02  1.5857E-01
  3.3948E-02  1.8081E-01  2.3777E-02  1.5955E-01
  3.4158E-02  1.8127E-01  2.3924E-02  1.6053E-01
  3.4369E-02  1.8172E-01  2.4072E-02  1.6153E-01
  3.4582E-02  1.8216E-01  2.4221E-02  1.6252E-01
  3.4796E-02  1.8261E-01  2.4370E-02  1.6353E-01
  3.5011E-02  1.8304E-01  2.4521E-02  1.6454E-01
  3.5228E-02  1.8348E-01  2.4673E-02  1.6556E-01
  3.5446E-02  1.8391E-01  2.4825E-02  1.6658E-01
  3.5665E-02  1.8434E-01  2.4979E-02  1.6761E-01
  3.5885E-02  1.8476E-01  2.5133E-02  1.6865E-01
  3.6107E-02  1.8518E-01  2.5289E-02  1.6969E-01
  3.6330E-02  1.8559E-01  2.5445E-02  1.7074E-01
  3.6555E-02  1.8600E-01  2.5602E-02  1.7179E-01
  3.6781E-02  1.8640E-01  2.5761E-02  1.7286E-01
  3.7008E-02  1.8680E-01  2.5920E-02  1.7392E-01
  3.7237E-02  1.8720E-01  2.6080E-02  1.7500E-01
  3.7467E-02  1.8759E-01  2.6241E-02  1.7608E-01
  3.7699E-02  1.8798E-01  2.6403E-02  1.7717E-01
  3.7932E-02  1.8836E-01  2.6566E-02  1.7826E-01
  3.8166E-02  1.8873E-01  2.6731E-02  1.7936E-01
  3.8402E-02  1.8910E-01  2.6896E-02  1.8047E-01
  3.8639E-02  1.8947E-01  2.7062E-02  1.8158E-01
  3.8878E-02  1.8983E-01  2.7229E-02  1.8271E-01
  3.9118E-02  1.9019E-01  2.7397E-02  1.8383E-01
  3.9360E-02  1.9054E-01  2.7566E-02  1.8497E-01
  3.9603E-02  1.9088E-01  2.7737E-02  1.8611E-01
  3.9847E-02  1.9122E-01  2.7908E-02  1.8726E-01
  4.0094E-02  1.9155E-01  2.8080E-02  1.8842E-01
  4.0341E-02  1.9188E-01  2.8254E-02  1.8958E-01
  4.0590E-02  1.9220E-01  2.8428E-02  1.9075E-01
  4.0841E-02  1.9251E-01  2.8604E-02  1.9193E-01
  4.1093E-02  1.9282E-01  2.8780E-02  1.9311E-01
  4.1347E-02  1.9313E-01  2.8958E-02  1.9430E-01
  4.1602E-02  1.9342E-01  2.9137E-02  1.9550E-01
  4.1859E-02  1.9371E-01  2.9317E-02  1.9671E-01
  4.2117E-02  1.9400E-01  2.9498E-02  1.9792E-01
  4.2377E-02  1.9428E-01  2.9680E-02  1.9914E-01
  4.2639E-02  1.9455E-01  2.9863E-02  2.0037E-01
  4.2902E-02  1.9481E-01  3.0047E-02  2.0161E-01
  4.3167E-02  1.9507E-01  3.0233E-02  2.0285E-01
  4.3433E-02  1.9532E-01  3.0419E-02  2.0410E-01
  4.3701E-02  1.9556E-01  3.0607E-02  2.0536E-01
  4.3971E-02  1.9580E-01  3.0796E-02  2.0663E-01
  4.4242E-02  1.9603E-01  3.0986E-02  2.0790E-01
  4.4515E-02  1.9625E-01  3.1177E-02  2.0919E-01
  4.4790E-02  1.9646E-01  3.1369E-02  2.1048E-01
  4.5066E-02  1.9667E-01  3.1563E-02  2.1177E-01
  4.5344E-02  1.9687E-01  3.1757E-02  2.1308E-01
  4.5624E-02  1.9706E-01  3.1953E-02  2.1439E-01
  4.5905E-02  1.9725E-01  3.2150E-02  2.1571E-01
  4.6188E-02  1.9742E-01  3.2348E-02  2.1704E-01
  4.6473E-02  1.9759E-01  3.2548E-02  2.1838E-01
  4.6760E-02  1.9775E-01  3.2749E-02  2.1973E-01
  4.7048E-02  1.9790E-01  3.2951E-02  2.2108E-01
  4.7338E-02  1.9804E-01  3.3154E-02  2.2244E-01
  4.7630E-02  1.9818E-01  3.3358E-02  2.2382E-01
  4.7924E-02  1.9831E-01  3.3564E-02  2.2519E-01
  4.8219E-02  1.9842E-01  3.3771E-02  2.2658E-01
  4.8517E-02  1.9853E-01  3.3979E-02  2.2798E-01
  4.8816E-02  1.9863E-01  3.4188E-02  2.2938E-01
  4.9117E-02  1.9872E-01  3.4399E-02  2.3080E-01
  4.9420E-02  1.9881E-01  3.4611E-02  2.3222E-01
  4.9724E-02  1.9888E-01  3.4824E-02  2.3365E-01
  5.0031E-02  1.9894E-01  3.5039E-02  2.3509E-01
  5.0339E-02  1.9900E-01  3.5255E-02  2.3654E-01
  5.0649E-02  1.9904E-01  3.5472E-02  2.3799E-01
  5.0961E-02  1.9908E-01  3.5691E-02  2.3946E-01
  5.1276E-02  1.9910E-01  3.5910E-02  2.4093E-01
  5.1591E-02  1.9912E-01  3.6132E-02  2.4242E-01
  5.1909E-02  1.9912E-01  3.6354E-02  2.4391E-01
  5.2229E-02  1.9912E-01  3.6578E-02  2.4541E-01
  5.2551E-02  1.9910E-01  3.6804E-02  2.4692E-01
  5.2875E-02  1.9908E-01  3.7030E-02  2.4844E-01
  5.3201E-02  1.9904E-01  3.7258E-02  2.4997E-01
  5.3528E-02  1.9900E-01  3.7488E-02  2.5151E-01
  5.3858E-02  1.9894E-01  3.7719E-02  2.5306E-01
  5.4190E-02  1.9887E-01  3.7951E-02  2.5462E-01
  5.4524E-02  1.9879E-01  3.8185E-02  2.5618E-01
  5.4859E-02  1.9870E-01  3.8420E-02  2.5776E-01
  5.5197E-02  1.9860E-01  3.8656E-02  2.5935E-01
  5.5537E-02  1.9849E-01  3.8894E-02  2.6094E-01
  5.5879E-02  1.9837E-01  3.9134E-02  2.6255E-01
  5.6223E-02  1.9823E-01  3.9375E-02  2.6416E-01
  5.6570E-02  1.9809E-01  3.9617E-02  2.6579E-01
  5.6918E-02  1.9793E-01  3.9861E-02  2.6742E-01
  5.7268E-02  1.9776E-01  4.0107E-02  2.6907E-01
  5.7621E-02  1.9758E-01  4.0353E-02  2.7072E-01
  5.7976E-02  1.9739E-01  4.0602E-02  2.7239E-01
  5.8333E-02  1.9718E-01  4.0852E-02  2.7406E-01
  5.8692E-02  1.9696E-01  4.1103E-02  2.7575E-01
  5.9053E-02  1.9673E-01  4.1356E-02  2.7745E-01
  5.9417E-02  1.9649E-01  4.1611E-02  2.7915E-01
  5.9782E-02  1.9623E-01  4.1867E-02  2.8087E-01
  6.0150E-02  1.9596E-01  4.2124E-02  2.8260E-01
  6.0521E-02  1.9568E-01  4.2384E-02  2.8433E-01
  6.0893E-02  1.9539E-01  4.2644E-02  2.8608E-01
  6.1268E-02  1.9508E-01  4.2907E-02  2.8784E-01
  6.1645E-02  1.9476E-01  4.3171E-02  2.8961E-01
  6.2024E-02  1.9443E-01  4.3436E-02  2.9139E-01
  6.2406E-02  1.9408E-01  4.3704E-02  2.9318E-01
  6.2790E-02  1.9372E-01  4.3972E-02  2.9498E-01
  6.3176E-02  1.9335E-01  4.4243E-02  2.9680E-01
  6.3565E-02  1.9296E-01  4.4515E-02  2.9862E-01
  6.3956E-02  1.9255E-01  4.4789E-02  3.0046E-01
  6.4350E-02  1.9214E-01  4.5064E-02  3.0230E-01
  6.4746E-02  1.9171E-01  4.5342E-02  3.0416E-01
  6.5144E-02  1.9126E-01  4.5620E-02  3.0603E-01
  6.5545E-02  1.9080E-01  4.5901E-02  3.0791E-01
  6.5948E-02  1.9033E-01  4.6183E-02  3.0980E-01
  6.6354E-02  1.8984E-01  4.6467E-02  3.1171E-01
  6.6762E-02  1.8934E-01  4.6753E-02  3.1362E-01
  6.7172E-02  1.8882E-01  4.7040E-02  3.1555E-01
  6.7586E-02  1.8829E-01  4.7330E-02  3.1749E-01
  6.8001E-02  1.8774E-01  4.7621E-02  3.1944E-01
  6.8420E-02  1.8718E-01  4.7913E-02  3.2140E-01
  6.8840E-02  1.8660E-01  4.8208E-02  3.2337E-01
  6.9264E-02  1.8600E-01  4.8504E-02  3.2536E-01
  6.9690E-02  1.8539E-01  4.8803E-02  3.2736E-01
  7.0118E-02  1.8477E-01  4.9103E-02  3.2937E-01
  7.0549E-02  1.8413E-01  4.9404E-02  3.3139E-01
  7.0983E-02  1.8347E-01  4.9708E-02  3.3342E-01
  7.1420E-02  1.8280E-01  5.0014E-02  3.3547E-01
  7.1859E-02  1.8211E-01  5.0321E-02  3.3753E-01
  7.2301E-02  1.8140E-01  5.0630E-02  3.3960E-01
  7.2745E-02  1.8068E-01  5.0941E-02  3.4169E-01
  7.3192E-02  1.7994E-01  5.1254E-02  3.4379E-01
  7.3642E-02  1.7919E-01  5.1569E-02  3.4590E-01
  7.4095E-02  1.7841E-01  5.1886E-02  3.4802E-01
  7.4550E-02  1.7763E-01  5.2205E-02  3.5016E-01
  7.5009E-02  1.7682E-01  5.2526E-02  3.5230E-01
  7.5470E-02  1.7600E-01  5.2849E-02  3.5447E-01
  7.5934E-02  1.7516E-01  5.3173E-02  3.5664E-01
  7.6400E-02  1.7430E-01  5.3500E-02  3.5883E-01
  7.6870E-02  1.7343E-01  5.3829E-02  3.6103E-01
  7.7342E-02  1.7254E-01  5.4159E-02  3.6325E-01
  7.7818E-02  1.7163E-01  5.4492E-02  3.6548E-01
  7.8296E-02  1.7070E-01  5.4827E-02  3.6772E-01
  7.8777E-02  1.6976E-01  5.5164E-02  3.6997E-01
  7.9261E-02  1.6879E-01  5.5502E-02  3.7224E-01
  7.9748E-02  1.6781E-01  5.5843E-02  3.7453E-01
  8.0238E-02  1.6682E-01  5.6186E-02  3.7682E-01
  8.0731E-02  1.6580E-01  5.6531E-02  3.7914E-01
  8.1228E-02  1.6476E-01  5.6879E-02  3.8146E-01
  8.1727E-02  1.6371E-01  5.7228E-02  3.8380E-01
  8.2229E-02  1.6264E-01  5.7579E-02  3.8615E-01
  8.2734E-02  1.6155E-01  5.7933E-02  3.8852E-01
  8.3242E-02  1.6044E-01  5.8289E-02  3.9090E-01
  8.3754E-02  1.5932E-01  5.8647E-02  3.9330E-01
  8.4268E-02  1.5817E-01  5.9007E-02  3.9571E-01
  8.4786E-02  1.5701E-01  5.9369E-02  3.9814E-01
  8.5307E-02  1.5582E-01  5.9733E-02  4.0058E-01
  8.5831E-02  1.5462E-01  6.0100E-02  4.0303E-01
  8.6358E-02  1.5340E-01  6.0469E-02  4.0550E-01
  8.6889E-02  1.5216E-01  6.0840E-02  4.0799E-01
  8.7422E-02  1.5090E-01  6.1214E-02  4.1049E-01
  8.7959E-02  1.4962E-01  6.1590E-02  4.1300E-01
  8.8499E-02  1.4832E-01  6.1968E-02  4.1554E-01
  8.9043E-02  1.4700E-01  6.2348E-02  4.1808E-01
  8.9590E-02  1.4566E-01  6.2731E-02  4.2064E-01
  9.0140E-02  1.4431E-01  6.3116E-02  4.2322E-01
  9.0694E-02  1.4293E-01  6.3503E-02  4.2581E-01
  9.1251E-02  1.4153E-01  6.3893E-02  4.2842E-01
  9.1811E-02  1.4012E-01  6.4285E-02  4.3105E-01
  9.2375E-02  1.3868E-01  6.4679E-02  4.3369E-01
  9.2942E-02  1.3723E-01  6.5076E-02  4.3634E-01
  9.3513E-02  1.3575E-01  6.5476E-02  4.3902E-01
  9.4087E-02  1.3425E-01  6.5877E-02  4.4170E-01
  9.4665E-02  1.3274E-01  6.6282E-02  4.4441E-01
  9.5246E-02  1.3120E-01  6.6688E-02  4.4713E-01
  9.5831E-02  1.2965E-01  6.7097E-02  4.4987E-01
  9.6419E-02  1.2807E-01  6.7509E-02  4.5262E-01
  9.7011E-02  1.2647E-01  6.7923E-02  4.5539E-01
  9.7607E-02  1.2486E-01  6.8340E-02  4.5818E-01
  9.8206E-02  1.2322E-01  6.8759E-02  4.6099E-01
  9.8809E-02  1.2156E-01  6.9181E-02  4.6381E-01
  9.9415E-02  1.1988E-01  6.9605E-02  4.6665E-01
  1.0003E-01  1.1819E-01  7.0032E-02  4.6950E-01
  1.0064E-01  1.1647E-01  7.0462E-02  4.7237E-01
  1.0126E-01  1.1473E-01  7.0894E-02  4.7527E-01
  1.0188E-01  1.1297E-01  7.1329E-02  4.7817E-01
  1.0250E-01  1.1119E-01  7.1766E-02  4.8110E-01
  1.0313E-01  1.0939E-01  7.2207E-02  4.8404E-01
  1.0377E-01  1.0757E-01  7.2649E-02  4.8700E-01
  1.0440E-01  1.0573E-01  7.3095E-02  4.8998E-01
  1.0504E-01  1.0386E-01  7.3543E-02  4.9298E-01
  1.0569E-01  1.0198E-01  7.3994E-02  4.9599E-01
  1.0634E-01  1.0008E-01  7.4448E-02  4.9903E-01
  1.0699E-01  9.8155E-02  7.4904E-02  5.0208E-01
  1.0765E-01  9.6210E-02  7.5364E-02  5.0515E-01
  1.0831E-01  9.4246E-02  7.5826E-02  5.0824E-01
  1.0897E-01  9.2261E-02  7.6291E-02  5.1135E-01
  1.0964E-01  9.0255E-02  7.6758E-02  5.1447E-01
  1.1031E-01  8.8229E-02  7.7229E-02  5.1762E-01
  1.1099E-01  8.6183E-02  7.7702E-02  5.2078E-01
  1.1167E-01  8.4116E-02  7.8179E-02  5.2396E-01
  1.1236E-01  8.2029E-02  7.8658E-02  5.2717E-01
  1.1305E-01  7.9921E-02  7.9140E-02  5.3039E-01
  1.1374E-01  7.7794E-02  7.9625E-02  5.3363E-01
  1.1444E-01  7.5646E-02  8.0113E-02  5.3689E-01
  1.1514E-01  7.3478E-02  8.0604E-02  5.4017E-01
  1.1585E-01  7.1289E-02  8.1098E-02  5.4347E-01
  1.1656E-01  6.9081E-02  8.1595E-02  5.4679E-01
  1.1727E-01  6.6852E-02  8.2095E-02  5.5013E-01
  1.1799E-01  6.4604E-02  8.2598E-02  5.5349E-01
  1.1872E-01  6.2336E-02  8.3105E-02  5.5687E-01
  1.1944E-01  6.0048E-02  8.3614E-02  5.6027E-01
  1.2018E-01  5.7740E-02  8.4126E-02  5.6369E-01
  1.2091E-01  5.5412E-02  8.4642E-02  5.6713E-01
  1.2166E-01  5.3065E-02  8.5160E-02  5.7059E-01
  1.2240E-01  5.0698E-02  8.5682E-02  5.7407E-01
  1.2315E-01  4.8312E-02  8.6207E-02  5.7758E-01
  1.2391E-01  4.5907E-02  8.6735E-02  5.8110E-01
  1.2467E-01  4.3482E-02  8.7266E-02  5.8465E-01
  1.2543E-01  4.1038E-02  8.7801E-02  5.8822E-01
  1.2620E-01  3.8576E-02  8.8339E-02  5.9180E-01
  1.2698E-01  3.6094E-02  8.8880E-02  5.9541E-01
  1.2775E-01  3.3594E-02  8.9424E-02  5.9905E-01
  1.2854E-01  3.1075E-02  8.9972E-02  6.0270E-01
  1.2933E-01  2.8537E-02  9.0523E-02  6.0638E-01
  1.3012E-01  2.5981E-02  9.1078E-02  6.1007E-01
  1.3092E-01  2.3407E-02  9.1636E-02  6.1379E-01
  1.3172E-01  2.0815E-02  9.2197E-02  6.1753E-01
  1.3253E-01  1.8205E-02  9.2761E-02  6.2130E-01
  1.3334E-01  1.5577E-02  9.3329E-02  6.2509E-01
  1.3416E-01  1.2931E-02  9.3901E-02  6.2890E-01
  1.3498E-01  1.0268E-02  9.4476E-02  6.3273E-01
  1.3581E-01  7.5872E-03  9.5054E-02  6.3658E-01
  1.3664E-01  4.8895E-03  9.5636E-02  6.4046E-01
  1.3748E-01  2.1749E-03  9.6222E-02  6.4436E-01
  1.3832E-01 -5.5643E-04  9.6811E-02  6.4829E-01
  1.3917E-01 -3.3044E-03  9.7404E-02  6.5224E-01
  1.4002E-01 -6.0688E-03  9.8000E-02  6.5621E-01
  1.4088E-01 -8.8493E-03  9.8600E-02  6.6020E-01
  1.4175E-01 -1.1646E-02  9.9204E-02  6.6422E-01
  1.4262E-01 -1.4458E-02  9.9811E-02  6.6826E-01
  1.4349E-01 -1.7286E-02  1.0042E-01  6.7233E-01
  1.4437E-01 -2.0130E-02  1.0104E-01  6.7642E-01
  1.4526E-01 -2.2988E-02  1.0165E-01  6.8054E-01
  1.4615E-01 -2.5861E-02  1.0228E-01  6.8468E-01
  1.4704E-01 -2.8749E-02  1.0290E-01  6.8884E-01
  1.4794E-01 -3.1652E-02  1.0353E-01  6.9303E-01
  1.4885E-01 -3.4568E-02  1.0417E-01  6.9725E-01
  1.4976E-01 -3.7499E-02  1.0480E-01  7.0149E-01
  1.5068E-01 -4.0443E-02  1.0545E-01  7.0575E-01
  1.5160E-01 -4.3400E-02  1.0609E-01  7.1004E-01
  1.5253E-01 -4.6371E-02  1.0674E-01  7.1435E-01
  1.5347E-01 -4.9355E-02  1.0739E-01  7.1870E-01
  1.5441E-01 -5.2351E-02  1.0805E-01  7.2306E-01
  1.5536E-01 -5.5359E-02  1.0871E-01  7.2745E-01
  1.5631E-01 -5.8379E-02  1.0938E-01  7.3187E-01
  1.5727E-01 -6.1411E-02  1.1004E-01  7.3632E-01
  1.5823E-01 -6.4455E-02  1.1072E-01  7.4079E-01
  1.5920E-01 -6.7509E-02  1.1140E-01  7.4528E-01
  1.6018E-01 -7.0575E-02  1.1208E-01  7.4981E-01
  1.6116E-01 -7.3650E-02  1.1276E-01  7.5436E-01
  1.6215E-01 -7.6736E-02  1.1345E-01  7.5893E-01
  1.6314E-01 -7.9832E-02  1.1415E-01  7.6354E-01
  1.6414E-01 -8.2937E-02  1.1484E-01  7.6817E-01
  1.6515E-01 -8.6051E-02  1.1555E-01  7.7282E-01
  1.6616E-01 -8.9174E-02  1.1625E-01  7.7751E-01
  1.6718E-01 -9.2305E-02  1.1696E-01  7.8222E-01
  1.6820E-01 -9.5444E-02  1.1768E-01  7.8696E-01
  1.6923E-01 -9.8591E-02  1.1840E-01  7.9173E-01
  1.7027E-01 -1.0175E-01  1.1912E-01  7.9653E-01
  1.7131E-01 -1.0491E-01  1.1985E-01  8.0135E-01
  1.7236E-01 -1.0807E-01  1.2058E-01  8.0620E-01
  1.7342E-01 -1.1125E-01  1.2132E-01  8.1108E-01
  1.7448E-01 -1.1443E-01  1.2206E-01  8.1599E-01
  1.7555E-01 -1.1761E-01  1.2281E-01  8.2093E-01
  1.7663E-01 -1.2080E-01  1.2356E-01  8.2590E-01
  1.7771E-01 -1.2400E-01  1.2431E-01  8.3089E-01
  1.7880E-01 -1.2719E-01  1.2507E-01  8.3592E-01
  1.7989E-01 -1.3039E-01  1.2584E-01  8.4097E-01
  1.8099E-01 -1.3360E-01  1.2661E-01  8.4605E-01
  1.8210E-01 -1.3681E-01  1.2738E-01  8.5116E-01
  1.8322E-01 -1.4002E-01  1.2816E-01  8.5630E-01
  1.8434E-01 -1.4323E-01  1.2894E-01  8.6148E-01
  1.8547E-01 -1.4644E-01  1.2973E-01  8.6668E-01
  1.8661E-01 -1.4966E-01  1.3052E-01  8.7191E-01
  1.8775E-01 -1.5287E-01  1.3132E-01  8.7717E-01
  1.8890E-01 -1.5609E-01  1.3212E-01  8.8246E-01
  1.9006E-01 -1.5930E-01  1.3293E-01  8.8778E-01
  1.9122E-01 -1.6251E-01  1.3374E-01  8.9314E-01
  1.9240E-01 -1.6573E-01  1.3456E-01  8.9852E-01
  1.9357E-01 -1.6893E-01  1.3538E-01  9.0393E-01
  1.9476E-01 -1.7214E-01  1.3621E-01  9.0938E-01
  1.9595E-01 -1.7535E-01  1.3704E-01  9.1485E-01
  1.9715E-01 -1.7855E-01  1.3787E-01  9.2036E-01
  1.9836E-01 -1.8174E-01  1.3872E-01  9.2590E-01
  1.9958E-01 -1.8494E-01  1.3956E-01  9.3147E-01
  2.0080E-01 -1.8812E-01  1.4042E-01  9.3707E-01
  2.0203E-01 -1.9130E-01  1.4127E-01  9.4271E-01
  2.0327E-01 -1.9448E-01  1.4214E-01  9.4837E-01
  2.0451E-01 -1.9765E-01  1.4300E-01  9.5407E-01
  2.0577E-01 -2.0081E-01  1.4388E-01  9.5980E-01
  2.0703E-01 -2.0396E-01  1.4475E-01  9.6556E-01
  2.0829E-01 -2.0711E-01  1.4564E-01  9.7136E-01
  2.0957E-01 -2.1024E-01  1.4653E-01  9.7718E-01
  2.1085E-01 -2.1337E-01  1.4742E-01  9.8304E-01
  2.1215E-01 -2.1649E-01  1.4832E-01  9.8894E-01
  2.1345E-01 -2.1959E-01  1.4923E-01  9.9486E-01
  2.1475E-01 -2.2269E-01  1.5014E-01  1.0008E+00
  2.1607E-01 -2.2577E-01  1.5105E-01  1.0068E+00
  2.1739E-01 -2.2884E-01  1.5197E-01  1.0128E+00
  2.1872E-01 -2.3189E-01  1.5290E-01  1.0189E+00
  2.2006E-01 -2.3494E-01  1.5383E-01  1.0250E+00
  2.2141E-01 -2.3797E-01  1.5477E-01  1.0311E+00
  2.2277E-01 -2.4098E-01  1.5571E-01  1.0373E+00
  2.2413E-01 -2.4398E-01  1.5666E-01  1.0435E+00
  2.2550E-01 -2.4696E-01  1.5762E-01  1.0497E+00
  2.2689E-01 -2.4992E-01  1.5858E-01  1.0560E+00
  2.2827E-01 -2.5287E-01  1.5955E-01  1.0623E+00
  2.2967E-01 -2.5580E-01  1.6052E-01  1.0686E+00
  2.3108E-01 -2.5871E-01  1.6150E-01  1.0749E+00
  2.3249E-01 -2.6160E-01  1.6248E-01  1.0813E+00
  2.3392E-01 -2.6447E-01  1.6347E-01  1.0878E+00
  2.3535E-01 -2.6732E-01  1.6447E-01  1.0942E+00
  2.3679E-01 -2.7015E-01  1.6547E-01  1.1008E+00
  2.3824E-01 -2.7295E-01  1.6648E-01  1.1073E+00
  2.3970E-01 -2.7574E-01  1.6750E-01  1.1139E+00
  2.4117E-01 -2.7850E-01  1.6852E-01  1.1205E+00
  2.4265E-01 -2.8123E-01  1.6954E-01  1.1271E+00
  2.4413E-01 -2.8394E-01  1.7058E-01  1.1338E+00
  2.4563E-01 -2.8663E-01  1.7161E-01  1.1405E+00
  2.4713E-01 -2.8929E-01  1.7266E-01  1.1473E+00
  2.4865E-01 -2.9192E-01  1.7371E-01  1.1540E+00
  2.5017E-01 -2.9452E-01  1.7477E-01  1.1609E+00
  2.5170E-01 -2.9710E-01  1.7583E-01  1.1677E+00
  2.5324E-01 -2.9965E-01  1.7690E-01  1.1746E+00
  2.5479E-01 -3.0217E-01  1.7798E-01  1.1815E+00
  2.5635E-01 -3.0465E-01  1.7906E-01  1.1885E+00
  2.5792E-01 -3.0711E-01  1.8015E-01  1.1955E+00
  2.5950E-01 -3.0953E-01  1.8125E-01  1.2025E+00
  2.6109E-01 -3.1193E-01  1.8235E-01  1.2096E+00
  2.6269E-01 -3.1429E-01  1.8346E-01  1.2167E+00
  2.6430E-01 -3.1661E-01  1.8458E-01  1.2239E+00
  2.6592E-01 -3.1890E-01  1.8570E-01  1.2310E+00
  2.6754E-01 -3.2116E-01  1.8683E-01  1.2382E+00
  2.6918E-01 -3.2338E-01  1.8797E-01  1.2455E+00
  2.7083E-01 -3.2556E-01  1.8911E-01  1.2528E+00
  2.7249E-01 -3.2770E-01  1.9026E-01  1.2601E+00
  2.7416E-01 -3.2981E-01  1.9142E-01  1.2675E+00
  2.7584E-01 -3.3188E-01  1.9258E-01  1.2749E+00
  2.7752E-01 -3.3391E-01  1.9375E-01  1.2823E+00
  2.7922E-01 -3.3590E-01  1.9493E-01  1.2898E+00
  2.8093E-01 -3.3785E-01  1.9612E-01  1.2973E+00
  2.8265E-01 -3.3975E-01  1.9731E-01  1.3048E+00
  2.8438E-01 -3.4162E-01  1.9851E-01  1.3124E+00
  2.8613E-01 -3.4344E-01  1.9971E-01  1.3200E+00
  2.8788E-01 -3.4522E-01  2.0093E-01  1.3276E+00
  2.8964E-01 -3.4695E-01  2.0215E-01  1.3353E+00
  2.9141E-01 -3.4864E-01  2.0338E-01  1.3430E+00
  2.9320E-01 -3.5028E-01  2.0461E-01  1.3508E+00
  2.9499E-01 -3.5187E-01  2.0585E-01  1.3586E+00
  2.9680E-01 -3.5342E-01  2.0710E-01  1.3664E+00
  2.9862E-01 -3.5492E-01  2.0836E-01  1.3743E+00
  3.0044E-01 -3.5638E-01  2.0962E-01  1.3822E+00
  3.0228E-01 -3.5778E-01  2.1090E-01  1.3901E+00
  3.0413E-01 -3.5913E-01  2.1218E-01  1.3981E+00
  3.0600E-01 -3.6044E-01  2.1346E-01  1.4061E+00
  3.0787E-01 -3.6169E-01  2.1476E-01  1.4141E+00
  3.0975E-01 -3.6289E-01  2.1606E-01  1.4222E+00
  3.1165E-01 -3.6404E-01  2.1737E-01  1.4303E+00
  3.1356E-01 -3.6513E-01  2.1869E-01  1.4384E+00
  3.1548E-01 -3.6617E-01  2.2002E-01  1.4466E+00
  3.1741E-01 -3.6716E-01  2.2135E-01  1.4548E+00
  3.1935E-01 -3.6809E-01  2.2269E-01  1.4630E+00
  3.2131E-01 -3.6896E-01  2.2404E-01  1.4713E+00
  3.2327E-01 -3.6978E-01  2.2540E-01  1.4796E+00
  3.2525E-01 -3.7054E-01  2.2676E-01  1.4880E+00
  3.2724E-01 -3.7125E-01  2.2814E-01  1.4963E+00
  3.2925E-01 -3.7189E-01  2.2952E-01  1.5048E+00
  3.3126E-01 -3.7248E-01  2.3091E-01  1.5132E+00
  3.3329E-01 -3.7301E-01  2.3231E-01  1.5217E+00
  3.3533E-01 -3.7348E-01  2.3371E-01  1.5302E+00
  3.3738E-01 -3.7388E-01  2.3513E-01  1.5387E+00
  3.3945E-01 -3.7423E-01  2.3655E-01  1.5473E+00
  3.4152E-01 -3.7451E-01  2.3798E-01  1.5559E+00
  3.4362E-01 -3.7474E-01  2.3942E-01  1.5645E+00
  3.4572E-01 -3.7490E-01  2.4087E-01  1.5731E+00
  3.4783E-01 -3.7499E-01  2.4233E-01  1.5818E+00
  3.4996E-01 -3.7502E-01  2.4379E-01  1.5906E+00
  3.5211E-01 -3.7499E-01  2.4526E-01  1.5993E+00
  3.5426E-01 -3.7489E-01  2.4675E-01  1.6081E+00
  3.5643E-01 -3.7473E-01  2.4824E-01  1.6169E+00
  3.5861E-01 -3.7450E-01  2.4974E-01  1.6257E+00
  3.6081E-01 -3.7421E-01  2.5124E-01  1.6345E+00
  3.6301E-01 -3.7385E-01  2.5276E-01  1.6434E+00
  3.6524E-01 -3.7342E-01  2.5429E-01  1.6523E+00
  3.6747E-01 -3.7292E-01  2.5582E-01  1.6613E+00
  3.6972E-01 -3.7235E-01  2.5736E-01  1.6702E+00
  3.7198E-01 -3.7172E-01  2.5892E-01  1.6792E+00
  3.7426E-01 -3.7102E-01  2.6048E-01  1.6882E+00
  3.7655E-01 -3.7024E-01  2.6205E-01  1.6972E+00
  3.7886E-01 -3.6940E-01  2.6363E-01  1.7063E+00
  3.8117E-01 -3.6849E-01  2.6522E-01  1.7153E+00
  3.8351E-01 -3.6750E-01  2.6682E-01  1.7244E+00
  3.8585E-01 -3.6645E-01  2.6842E-01  1.7335E+00
  3.8822E-01 -3.6532E-01  2.7004E-01  1.7426E+00
  3.9059E-01 -3.6412E-01  2.7166E-01  1.7518E+00
  3.9298E-01 -3.6285E-01  2.7330E-01  1.7610E+00
  3.9539E-01 -3.6150E-01  2.7494E-01  1.7701E+00
  3.9781E-01 -3.6009E-01  2.7660E-01  1.7793E+00
  4.0024E-01 -3.5860E-01  2.7826E-01  1.7885E+00
  4.0269E-01 -3.5703E-01  2.7993E-01  1.7978E+00
  4.0516E-01 -3.5540E-01  2.8162E-01  1.8070E+00
  4.0764E-01 -3.5369E-01  2.8331E-01  1.8162E+00
  4.1013E-01 -3.5190E-01  2.8501E-01  1.8255E+00
  4.1264E-01 -3.5004E-01  2.8672E-01  1.8347E+00
  4.1517E-01 -3.4810E-01  2.8844E-01  1.8440E+00
  4.1771E-01 -3.4610E-01  2.9017E-01  1.8533E+00
  4.2026E-01 -3.4401E-01  2.9191E-01  1.8626E+00
  4.2283E-01 -3.4185E-01  2.9367E-01  1.8719E+00
  4.2542E-01 -3.3962E-01  2.9543E-01  1.8812E+00
  4.2803E-01 -3.3730E-01  2.9720E-01  1.8905E+00
  4.3064E-01 -3.3492E-01  2.9898E-01  1.8998E+00
  4.3328E-01 -3.3245E-01  3.0077E-01  1.9091E+00
  4.3593E-01 -3.2992E-01  3.0257E-01  1.9184E+00
  4.3860E-01 -3.2730E-01  3.0438E-01  1.9276E+00
  4.4128E-01 -3.2461E-01  3.0620E-01  1.9369E+00
  4.4398E-01 -3.2184E-01  3.0803E-01  1.9462E+00
  4.4670E-01 -3.1900E-01  3.0987E-01  1.9555E+00
  4.4943E-01 -3.1608E-01  3.1172E-01  1.9647E+00
  4.5218E-01 -3.1309E-01  3.1359E-01  1.9740E+00
  4.5495E-01 -3.1001E-01  3.1546E-01  1.9832E+00
  4.5774E-01 -3.0687E-01  3.1734E-01  1.9925E+00
  4.6054E-01 -3.0364E-01  3.1923E-01  2.0017E+00
  4.6335E-01 -3.0034E-01  3.2114E-01  2.0108E+00
  4.6619E-01 -2.9697E-01  3.2305E-01  2.0200E+00
  4.6904E-01 -2.9351E-01  3.2498E-01  2.0292E+00
  4.7191E-01 -2.8999E-01  3.2691E-01  2.0383E+00
  4.7480E-01 -2.8638E-01  3.2886E-01  2.0474E+00
  4.7771E-01 -2.8270E-01  3.3081E-01  2.0564E+00
  4.8063E-01 -2.7895E-01  3.3278E-01  2.0655E+00
  4.8357E-01 -2.7512E-01  3.3476E-01  2.0745E+00
  4.8653E-01 -2.7121E-01  3.3675E-01  2.0835E+00
  4.8951E-01 -2.6723E-01  3.3875E-01  2.0924E+00
  4.9250E-01 -2.6318E-01  3.4076E-01  2.1013E+00
  4.9551E-01 -2.5905E-01  3.4278E-01  2.1101E+00
  4.9855E-01 -2.5485E-01  3.4481E-01  2.1189E+00
  5.0160E-01 -2.5057E-01  3.4685E-01  2.1277E+00
  5.0467E-01 -2.4622E-01  3.4891E-01  2.1364E+00
  5.0775E-01 -2.4180E-01  3.5097E-01  2.1451E+00
  5.1086E-01 -2.3730E-01  3.5305E-01  2.1537E+00
  5.1399E-01 -2.3273E-01  3.5513E-01  2.1622E+00
  5.1713E-01 -2.2809E-01  3.5723E-01  2.1707E+00
  5.2029E-01 -2.2338E-01  3.5934E-01  2.1791E+00
  5.2348E-01 -2.1860E-01  3.6146E-01  2.1875E+00
  5.2668E-01 -2.1374E-01  3.6359E-01  2.1957E+00
  5.2990E-01 -2.0882E-01  3.6573E-01  2.2040E+00
  5.3315E-01 -2.0382E-01  3.6789E-01  2.2121E+00
  5.3641E-01 -1.9876E-01  3.7005E-01  2.2202E+00
  5.3969E-01 -1.9363E-01  3.7223E-01  2.2281E+00
  5.4299E-01 -1.8843E-01  3.7442E-01  2.2360E+00
  5.4631E-01 -1.8316E-01  3.7662E-01  2.2438E+00
  5.4966E-01 -1.7782E-01  3.7883E-01  2.2515E+00
  5.5302E-01 -1.7242E-01  3.8105E-01  2.2591E+00
  5.5640E-01 -1.6695E-01  3.8328E-01  2.2667E+00
  5.5981E-01 -1.6142E-01  3.8552E-01  2.2741E+00
  5.6323E-01 -1.5582E-01  3.8778E-01  2.2814E+00
  5.6668E-01 -1.5015E-01  3.9005E-01  2.2886E+00
  5.7015E-01 -1.4443E-01  3.9232E-01  2.2956E+00
  5.7363E-01 -1.3864E-01  3.9461E-01  2.3026E+00
  5.7714E-01 -1.3278E-01  3.9691E-01  2.3094E+00
  5.8067E-01 -1.2687E-01  3.9923E-01  2.3162E+00
  5.8423E-01 -1.2090E-01  4.0155E-01  2.3227E+00
  5.8780E-01 -1.1486E-01  4.0389E-01  2.3292E+00
  5.9140E-01 -1.0877E-01  4.0623E-01  2.3355E+00
  5.9502E-01 -1.0262E-01  4.0859E-01  2.3416E+00
  5.9866E-01 -9.6411E-02  4.1096E-01  2.3477E+00
  6.0232E-01 -9.0146E-02  4.1334E-01  2.3535E+00
  6.0600E-01 -8.3825E-02  4.1573E-01  2.3592E+00
  6.0971E-01 -7.7449E-02  4.1814E-01  2.3648E+00
  6.1344E-01 -7.1020E-02  4.2055E-01  2.3701E+00
  6.1719E-01 -6.4537E-02  4.2298E-01  2.3753E+00
  6.2097E-01 -5.8002E-02  4.2542E-01  2.3804E+00
  6.2477E-01 -5.1416E-02  4.2786E-01  2.3852E+00
  6.2859E-01 -4.4780E-02  4.3033E-01  2.3899E+00
  6.3244E-01 -3.8094E-02  4.3280E-01  2.3943E+00
  6.3631E-01 -3.1361E-02  4.3528E-01  2.3986E+00
  6.4020E-01 -2.4580E-02  4.3777E-01  2.4027E+00
  6.4411E-01 -1.7752E-02  4.4028E-01  2.4065E+00
  6.4806E-01 -1.0880E-02  4.4280E-01  2.4102E+00
  6.5202E-01 -3.9635E-03  4.4532E-01  2.4136E+00
  6.5601E-01  2.9961E-03  4.4786E-01  2.4168E+00
  6.6002E-01  9.9976E-03  4.5041E-01  2.4198E+00
  6.6406E-01  1.7040E-02  4.5298E-01  2.4225E+00
  6.6812E-01  2.4122E-02  4.5555E-01  2.4251E+00
  6.7221E-01  3.1243E-02  4.5813E-01  2.4273E+00
  6.7632E-01  3.8401E-02  4.6072E-01  2.4293E+00
  6.8046E-01  4.5595E-02  4.6333E-01  2.4311E+00
  6.8462E-01  5.2825E-02  4.6595E-01  2.4326E+00
  6.8881E-01  6.0088E-02  4.6857E-01  2.4338E+00
  6.9302E-01  6.7384E-02  4.7121E-01  2.4348E+00
  6.9726E-01  7.4712E-02  4.7386E-01  2.4355E+00
  7.0153E-01  8.2070E-02  4.7652E-01  2.4359E+00
  7.0582E-01  8.9456E-02  4.7918E-01  2.4360E+00
  7.1014E-01  9.6871E-02  4.8186E-01  2.4358E+00
  7.1448E-01  1.0431E-01  4.8455E-01  2.4353E+00
  7.1885E-01  1.1178E-01  4.8725E-01  2.4345E+00
  7.2325E-01  1.1927E-01  4.8996E-01  2.4334E+00
  7.2767E-01  1.2678E-01  4.9268E-01  2.4319E+00
  7.3212E-01  1.3431E-01  4.9541E-01  2.4302E+00
  7.3660E-01  1.4187E-01  4.9815E-01  2.4281E+00
  7.4111E-01  1.4944E-01  5.0090E-01  2.4257E+00
  7.4564E-01  1.5703E-01  5.0366E-01  2.4229E+00
  7.5020E-01  1.6464E-01  5.0643E-01  2.4198E+00
  7.5479E-01  1.7226E-01  5.0921E-01  2.4163E+00
  7.5941E-01  1.7989E-01  5.1200E-01  2.4125E+00
  7.6406E-01  1.8753E-01  5.1479E-01  2.4083E+00
  7.6873E-01  1.9519E-01  5.1760E-01  2.4037E+00
  7.7343E-01  2.0285E-01  5.2041E-01  2.3988E+00
  7.7816E-01  2.1053E-01  5.2324E-01  2.3935E+00
  7.8292E-01  2.1820E-01  5.2607E-01  2.3878E+00
  7.8771E-01  2.2589E-01  5.2891E-01  2.3817E+00
  7.9253E-01  2.3357E-01  5.3176E-01  2.3752E+00
  7.9738E-01  2.4126E-01  5.3461E-01  2.3683E+00
  8.0226E-01  2.4895E-01  5.3748E-01  2.3610E+00
  8.0716E-01  2.5664E-01  5.4035E-01  2.3533E+00
  8.1210E-01  2.6432E-01  5.4323E-01  2.3452E+00
  8.1707E-01  2.7200E-01  5.4612E-01  2.3367E+00
  8.2207E-01  2.7968E-01  5.4901E-01  2.3277E+00
  8.2709E-01  2.8734E-01  5.5191E-01  2.3184E+00
  8.3215E-01  2.9500E-01  5.5482E-01  2.3085E+00
  8.3724E-01  3.0265E-01  5.5773E-01  2.2983E+00
  8.4236E-01  3.1029E-01  5.6065E-01  2.2876E+00
  8.4752E-01  3.1792E-01  5.6358E-01  2.2765E+00
  8.5270E-01  3.2553E-01  5.6651E-01  2.2649E+00
  8.5792E-01  3.3312E-01  5.6945E-01  2.2529E+00
  8.6316E-01  3.4070E-01  5.7239E-01  2.2404E+00
  8.6844E-01  3.4826E-01  5.7534E-01  2.2275E+00
  8.7376E-01  3.5580E-01  5.7829E-01  2.2142E+00
  8.7910E-01  3.6332E-01  5.8125E-01  2.2003E+00
  8.8448E-01  3.7081E-01  5.8421E-01  2.1861E+00
  8.8989E-01  3.7828E-01  5.8717E-01  2.1713E+00
  8.9533E-01  3.8572E-01  5.9014E-01  2.1561E+00
  9.0081E-01  3.9314E-01  5.9311E-01  2.1405E+00
  9.0632E-01  4.0052E-01  5.9609E-01  2.1244E+00
  9.1186E-01  4.0788E-01  5.9906E-01  2.1078E+00
  9.1744E-01  4.1520E-01  6.0204E-01  2.0908E+00
  9.2305E-01  4.2249E-01  6.0502E-01  2.0733E+00
  9.2869E-01  4.2975E-01  6.0800E-01  2.0554E+00
  9.3438E-01  4.3697E-01  6.1099E-01  2.0370E+00
  9.4009E-01  4.4415E-01  6.1397E-01  2.0181E+00
  9.4584E-01  4.5129E-01  6.1695E-01  1.9988E+00
  9.5163E-01  4.5839E-01  6.1994E-01  1.9791E+00
  9.5745E-01  4.6545E-01  6.2292E-01  1.9589E+00
  9.6330E-01  4.7247E-01  6.2590E-01  1.9383E+00
  9.6919E-01  4.7944E-01  6.2888E-01  1.9172E+00
  9.7512E-01  4.8637E-01  6.3186E-01  1.8958E+00
  9.8109E-01  4.9325E-01  6.3483E-01  1.8738E+00
  9.8709E-01  5.0008E-01  6.3780E-01  1.8515E+00
  9.9312E-01  5.0686E-01  6.4077E-01  1.8288E+00
  9.9920E-01  5.1359E-01  6.4374E-01  1.8056E+00
  1.0053E+00  5.2027E-01  6.4669E-01  1.7821E+00
  1.0115E+00  5.2690E-01  6.4965E-01  1.7582E+00
  1.0176E+00  5.3347E-01  6.5260E-01  1.7339E+00
  1.0239E+00  5.3999E-01  6.5554E-01  1.7092E+00
  1.0301E+00  5.4644E-01  6.5848E-01  1.6841E+00
  1.0364E+00  5.5285E-01  6.6140E-01  1.6588E+00
  1.0428E+00  5.5919E-01  6.6432E-01  1.6330E+00
  1.0491E+00  5.6547E-01  6.6724E-01  1.6070E+00
  1.0556E+00  5.7169E-01  6.7014E-01  1.5806E+00
  1.0620E+00  5.7785E-01  6.7303E-01  1.5539E+00
  1.0685E+00  5.8395E-01  6.7591E-01  1.5269E+00
  1.0751E+00  5.8998E-01  6.7878E-01  1.4996E+00
  1.0816E+00  5.9595E-01  6.8164E-01  1.4721E+00
  1.0882E+00  6.0184E-01  6.8448E-01  1.4443E+00
  1.0949E+00  6.0768E-01  6.8731E-01  1.4163E+00
  1.1016E+00  6.1344E-01  6.9013E-01  1.3881E+00
  1.1083E+00  6.1913E-01  6.9293E-01  1.3597E+00
  1.1151E+00  6.2475E-01  6.9572E-01  1.3311E+00
  1.1219E+00  6.3030E-01  6.9849E-01  1.3023E+00
  1.1288E+00  6.3577E-01  7.0124E-01  1.2733E+00
  1.1357E+00  6.4117E-01  7.0397E-01  1.2443E+00
  1.1426E+00  6.4650E-01  7.0669E-01  1.2151E+00
  1.1496E+00  6.5174E-01  7.0938E-01  1.1858E+00
  1.1567E+00  6.5691E-01  7.1205E-01  1.1565E+00
  1.1637E+00  6.6200E-01  7.1470E-01  1.1271E+00
  1.1709E+00  6.6700E-01  7.1733E-01  1.0976E+00
  1.1780E+00  6.7193E-01  7.1993E-01  1.0682E+00
  1.1852E+00  6.7677E-01  7.2251E-01  1.0388E+00
  1.1925E+00  6.8152E-01  7.2507E-01  1.0094E+00
  1.1998E+00  6.8619E-01  7.2759E-01  9.8004E-01
  1.2071E+00  6.9077E-01  7.3009E-01  9.5078E-01
  1.2145E+00  6.9527E-01  7.3256E-01  9.2162E-01
  1.2219E+00  6.9967E-01  7.3500E-01  8.9258E-01
  1.2294E+00  7.0398E-01  7.3741E-01  8.6370E-01
  1.2369E+00  7.0821E-01  7.3979E-01  8.3498E-01
  1.2445E+00  7.1234E-01  7.4213E-01  8.0645E-01
  1.2521E+00  7.1637E-01  7.4444E-01  7.7814E-01
  1.2597E+00  7.2031E-01  7.4671E-01  7.5008E-01
  1.2674E+00  7.2416E-01  7.4895E-01  7.2227E-01
  1.2752E+00  7.2790E-01  7.5114E-01  6.9476E-01
  1.2830E+00  7.3155E-01  7.5330E-01  6.6755E-01
  1.2908E+00  7.3510E-01  7.5542E-01  6.4068E-01
  1.2987E+00  7.3856E-01  7.5750E-01  6.1416E-01
  1.3067E+00  7.4191E-01  7.5953E-01  5.8802E-01
  1.3147E+00  7.4516E-01  7.6152E-01  5.6227E-01
  1.3227E+00  7.4830E-01  7.6346E-01  5.3694E-01
  1.3308E+00  7.5135E-01  7.6536E-01  5.1206E-01
  1.3389E+00  7.5429E-01  7.6720E-01  4.8762E-01
  1.3471E+00  7.5713E-01  7.6900E-01  4.6367E-01
  1.3554E+00  7.5987E-01  7.7075E-01  4.4021E-01
  1.3636E+00  7.6250E-01  7.7244E-01  4.1726E-01
  1.3720E+00  7.6502E-01  7.7408E-01  3.9483E-01
  1.3804E+00  7.6744E-01  7.7567E-01  3.7295E-01
  1.3888E+00  7.6975E-01  7.7719E-01  3.5162E-01
  1.3973E+00  7.7195E-01  7.7866E-01  3.3085E-01
  1.4059E+00  7.7405E-01  7.8007E-01  3.1065E-01
  1.4145E+00  7.7603E-01  7.8141E-01  2.9104E-01
  1.4231E+00  7.7791E-01  7.8270E-01  2.7201E-01
  1.4318E+00  7.7968E-01  7.8391E-01  2.5358E-01
  1.4406E+00  7.8135E-01  7.8507E-01  2.3574E-01
  1.4494E+00  7.8290E-01  7.8615E-01  2.1850E-01
  1.4582E+00  7.8434E-01  7.8716E-01  2.0185E-01
  1.4672E+00  7.8568E-01  7.8811E-01  1.8580E-01
  1.4761E+00  7.8690E-01  7.8898E-01  1.7032E-01
  1.4852E+00  7.8802E-01  7.8977E-01  1.5543E-01
  1.4942E+00  7.8902E-01  7.9049E-01  1.4110E-01
  1.5034E+00  7.8991E-01  7.9113E-01  1.2732E-01
  1.5126E+00  7.9070E-01  7.9169E-01  1.1408E-01
  1.5218E+00  7.9137E-01  7.9217E-01  1.0136E-01
  1.5311E+00  7.9194E-01  7.9257E-01  8.9137E-02
  1.5405E+00  7.9239E-01  7.9288E-01  7.7390E-02
  1.5499E+00  7.9274E-01  7.9311E-01  6.6092E-02
  1.5594E+00  7.9297E-01  7.9324E-01  5.5216E-02
  1.5689E+00  7.9310E-01  7.9329E-01  4.4733E-02
  1.5785E+00  7.9312E-01  7.9324E-01  3.4611E-02
  1.5882E+00  7.9302E-01  7.9311E-01  2.4815E-02
  1.5979E+00  7.9282E-01  7.9287E-01  1.5311E-02
  1.6077E+00  7.9251E-01  7.9254E-01  6.0625E-03
  1.6175E+00  7.9210E-01  7.9211E-01 -2.9691E-03
  1.6274E+00  7.9157E-01  7.9158E-01 -1.1821E-02
  1.6373E+00  7.9094E-01  7.9094E-01 -2.0533E-02
  1.6473E+00  7.9020E-01  7.9020E-01 -2.7737E-02
  1.6574E+00  7.8936E-01  7.8936E-01 -2.5333E-02
  1.6675E+00  7.8841E-01  7.8841E-01 -2.1374E-02
  1.6777E+00  7.8735E-01  7.8735E-01 -1.7826E-02
  1.6880E+00  7.8619E-01  7.8619E-01 -1.4549E-02
  1.6983E+00  7.8493E-01  7.8493E-01 -1.1575E-02
  1.7087E+00  7.8356E-01  7.8356E-01 -8.9294E-03
  1.7192E+00  7.8209E-01  7.8209E-01 -6.6321E-03
  1.7297E+00  7.8052E-01  7.8052E-01 -4.6953E-03
  1.7403E+00  7.7885E-01  7.7885E-01 -3.1221E-03
  1.7509E+00  7.7707E-01  7.7707E-01 -1.9058E-03
  1.7616E+00  7.7520E-01  7.7520E-01 -1.0272E-03
  1.7724E+00  7.7323E-01  7.7323E-01 -4.5387E-04
  1.7832E+00  7.7116E-01  7.7116E-01 -1.3765E-04
  1.7941E+00  7.6900E-01  7.6900E-01 -1.2805E-05
  1.8051E+00  7.6674E-01  7.6674E-01  0.0000E+00
  1.8161E+00  7.6438E-01  7.6438E-01  0.0000E+00
  1.8272E+00  7.6193E-01  7.6193E-01  0.0000E+00
  1.8384E+00  7.5938E-01  7.5938E-01  0.0000E+00
  1.8497E+00  7.5675E-01  7.5675E-01  0.0000E+00
  1.8610E+00  7.5402E-01  7.5402E-01  0.0000E+00
  1.8723E+00  7.5121E-01  7.5121E-01  0.0000E+00
  1.8838E+00  7.4830E-01  7.4830E-01  0.0000E+00
  1.8953E+00  7.4531E-01  7.4531E-01  0.0000E+00
  1.9069E+00  7.4223E-01  7.4223E-01  0.0000E+00
  1.9186E+00  7.3907E-01  7.3907E-01  0.0000E+00
  1.9303E+00  7.3582E-01  7.3582E-01  0.0000E+00
  1.9421E+00  7.3249E-01  7.3249E-01  0.0000E+00
  1.9540E+00  7.2908E-01  7.2908E-01  0.0000E+00
  1.9659E+00  7.2559E-01  7.2559E-01  0.0000E+00
  1.9779E+00  7.2202E-01  7.2202E-01  0.0000E+00
  1.9900E+00  7.1837E-01  7.1837E-01  0.0000E+00
  2.0022E+00  7.1465E-01  7.1465E-01  0.0000E+00
  2.0145E+00  7.1085E-01  7.1085E-01  0.0000E+00
  2.0268E+00  7.0697E-01  7.0697E-01  0.0000E+00
  2.0392E+00  7.0303E-01  7.0303E-01  0.0000E+00
  2.0516E+00  6.9902E-01  6.9902E-01  0.0000E+00
  2.0642E+00  6.9493E-01  6.9493E-01  0.0000E+00
  2.0768E+00  6.9078E-01  6.9078E-01  0.0000E+00
  2.0895E+00  6.8656E-01  6.8656E-01  0.0000E+00
  2.1023E+00  6.8228E-01  6.8228E-01  0.0000E+00
  2.1151E+00  6.7794E-01  6.7794E-01  0.0000E+00
  2.1281E+00  6.7353E-01  6.7353E-01  0.0000E+00
  2.1411E+00  6.6906E-01  6.6906E-01  0.0000E+00
  2.1542E+00  6.6453E-01  6.6453E-01  0.0000E+00
  2.1673E+00  6.5995E-01  6.5995E-01  0.0000E+00
  2.1806E+00  6.5531E-01  6.5531E-01  0.0000E+00
  2.1939E+00  6.5062E-01  6.5062E-01  0.0000E+00
  2.2073E+00  6.4587E-01  6.4587E-01  0.0000E+00
  2.2208E+00  6.4108E-01  6.4108E-01  0.0000E+00
  2.2344E+00  6.3623E-01  6.3623E-01  0.0000E+00
  2.2481E+00  6.3134E-01  6.3134E-01  0.0000E+00
  2.2618E+00  6.2640E-01  6.2640E-01  0.0000E+00
  2.2757E+00  6.2141E-01  6.2141E-01  0.0000E+00
  2.2896E+00  6.1638E-01  6.1638E-01  0.0000E+00
  2.3036E+00  6.1132E-01  6.1132E-01  0.0000E+00
  2.3177E+00  6.0621E-01  6.0621E-01  0.0000E+00
  2.3318E+00  6.0106E-01  6.0106E-01  0.0000E+00
  2.3461E+00  5.9587E-01  5.9587E-01  0.0000E+00
  2.3604E+00  5.9066E-01  5.9066E-01  0.0000E+00
  2.3749E+00  5.8540E-01  5.8540E-01  0.0000E+00
  2.3894E+00  5.8012E-01  5.8012E-01  0.0000E+00
  2.4040E+00  5.7480E-01  5.7480E-01  0.0000E+00
  2.4187E+00  5.6946E-01  5.6946E-01  0.0000E+00
  2.4335E+00  5.6409E-01  5.6409E-01  0.0000E+00
  2.4484E+00  5.5869E-01  5.5869E-01  0.0000E+00
  2.4634E+00  5.5327E-01  5.5327E-01  0.0000E+00
  2.4784E+00  5.4783E-01  5.4783E-01  0.0000E+00
  2.4936E+00  5.4237E-01  5.4237E-01  0.0000E+00
  2.5088E+00  5.3689E-01  5.3689E-01  0.0000E+00
  2.5242E+00  5.3139E-01  5.3139E-01  0.0000E+00
  2.5396E+00  5.2587E-01  5.2587E-01  0.0000E+00
  2.5551E+00  5.2034E-01  5.2034E-01  0.0000E+00
