 # l=           0 basis function with energy     4.16017351400000     
  0.0000E+00  0.0000E+00  0.0000E+00  0.0000E+00
  2.4843E-06 -3.6237E-06 -3.1019E-06 -7.2069E-06
  4.9838E-06 -7.1887E-06 -6.2228E-06 -1.4458E-05
  7.4986E-06 -1.0662E-05 -9.3628E-06 -2.1753E-05
  1.0029E-05 -1.3995E-05 -1.2522E-05 -2.9093E-05
  1.2574E-05 -1.7143E-05 -1.5700E-05 -3.6478E-05
  1.5136E-05 -2.0472E-05 -1.8898E-05 -4.3908E-05
  1.7712E-05 -2.3819E-05 -2.2116E-05 -5.1383E-05
  2.0305E-05 -2.7194E-05 -2.5353E-05 -5.8904E-05
  2.2913E-05 -3.0599E-05 -2.8610E-05 -6.6471E-05
  2.5538E-05 -3.4027E-05 -3.1887E-05 -7.4084E-05
  2.8178E-05 -3.7478E-05 -3.5184E-05 -8.1744E-05
  3.0835E-05 -4.0951E-05 -3.8501E-05 -8.9451E-05
  3.3508E-05 -4.4447E-05 -4.1838E-05 -9.7205E-05
  3.6197E-05 -4.7963E-05 -4.5196E-05 -1.0501E-04
  3.8902E-05 -5.1501E-05 -4.8574E-05 -1.1285E-04
  4.1625E-05 -5.5059E-05 -5.1973E-05 -1.2075E-04
  4.4363E-05 -5.8639E-05 -5.5392E-05 -1.2870E-04
  4.7119E-05 -6.2240E-05 -5.8833E-05 -1.3669E-04
  4.9891E-05 -6.5863E-05 -6.2295E-05 -1.4473E-04
  5.2681E-05 -6.9506E-05 -6.5777E-05 -1.5282E-04
  5.5487E-05 -7.3171E-05 -6.9282E-05 -1.6097E-04
  5.8310E-05 -7.6857E-05 -7.2807E-05 -1.6916E-04
  6.1151E-05 -8.0565E-05 -7.6354E-05 -1.7740E-04
  6.4009E-05 -8.4294E-05 -7.9923E-05 -1.8569E-04
  6.6885E-05 -8.8046E-05 -8.3513E-05 -1.9403E-04
  6.9778E-05 -9.1819E-05 -8.7126E-05 -2.0242E-04
  7.2689E-05 -9.5614E-05 -9.0760E-05 -2.1087E-04
  7.5618E-05 -9.9431E-05 -9.4417E-05 -2.1937E-04
  7.8565E-05 -1.0327E-04 -9.8096E-05 -2.2791E-04
  8.1529E-05 -1.0713E-04 -1.0180E-04 -2.3651E-04
  8.4512E-05 -1.1102E-04 -1.0552E-04 -2.4517E-04
  8.7513E-05 -1.1493E-04 -1.0927E-04 -2.5387E-04
  9.0532E-05 -1.1886E-04 -1.1304E-04 -2.6263E-04
  9.3570E-05 -1.2281E-04 -1.1683E-04 -2.7144E-04
  9.6626E-05 -1.2678E-04 -1.2065E-04 -2.8031E-04
  9.9701E-05 -1.3078E-04 -1.2449E-04 -2.8923E-04
  1.0280E-04 -1.3481E-04 -1.2835E-04 -2.9821E-04
  1.0591E-04 -1.3885E-04 -1.3224E-04 -3.0724E-04
  1.0904E-04 -1.4292E-04 -1.3615E-04 -3.1632E-04
  1.1219E-04 -1.4702E-04 -1.4008E-04 -3.2546E-04
  1.1536E-04 -1.5114E-04 -1.4404E-04 -3.3466E-04
  1.1855E-04 -1.5528E-04 -1.4802E-04 -3.4391E-04
  1.2176E-04 -1.5944E-04 -1.5203E-04 -3.5322E-04
  1.2499E-04 -1.6364E-04 -1.5606E-04 -3.6259E-04
  1.2824E-04 -1.6785E-04 -1.6012E-04 -3.7201E-04
  1.3151E-04 -1.7209E-04 -1.6420E-04 -3.8149E-04
  1.3479E-04 -1.7636E-04 -1.6830E-04 -3.9103E-04
  1.3810E-04 -1.8065E-04 -1.7244E-04 -4.0063E-04
  1.4143E-04 -1.8496E-04 -1.7659E-04 -4.1029E-04
  1.4478E-04 -1.8930E-04 -1.8077E-04 -4.2000E-04
  1.4815E-04 -1.9367E-04 -1.8498E-04 -4.2978E-04
  1.5154E-04 -1.9806E-04 -1.8921E-04 -4.3961E-04
  1.5495E-04 -2.0248E-04 -1.9347E-04 -4.4950E-04
  1.5838E-04 -2.0692E-04 -1.9776E-04 -4.5946E-04
  1.6183E-04 -2.1139E-04 -2.0207E-04 -4.6948E-04
  1.6531E-04 -2.1589E-04 -2.0641E-04 -4.7955E-04
  1.6880E-04 -2.2041E-04 -2.1077E-04 -4.8969E-04
  1.7232E-04 -2.2496E-04 -2.1516E-04 -4.9989E-04
  1.7586E-04 -2.2954E-04 -2.1958E-04 -5.1016E-04
  1.7942E-04 -2.3414E-04 -2.2402E-04 -5.2048E-04
  1.8300E-04 -2.3877E-04 -2.2849E-04 -5.3087E-04
  1.8660E-04 -2.4343E-04 -2.3299E-04 -5.4132E-04
  1.9023E-04 -2.4811E-04 -2.3752E-04 -5.5184E-04
  1.9387E-04 -2.5283E-04 -2.4207E-04 -5.6242E-04
  1.9754E-04 -2.5757E-04 -2.4665E-04 -5.7307E-04
  2.0123E-04 -2.6233E-04 -2.5126E-04 -5.8378E-04
  2.0495E-04 -2.6713E-04 -2.5590E-04 -5.9455E-04
  2.0869E-04 -2.7196E-04 -2.6057E-04 -6.0539E-04
  2.1245E-04 -2.7681E-04 -2.6526E-04 -6.1630E-04
  2.1623E-04 -2.8169E-04 -2.6999E-04 -6.2728E-04
  2.2004E-04 -2.8660E-04 -2.7474E-04 -6.3832E-04
  2.2387E-04 -2.9154E-04 -2.7952E-04 -6.4943E-04
  2.2772E-04 -2.9651E-04 -2.8433E-04 -6.6061E-04
  2.3160E-04 -3.0150E-04 -2.8917E-04 -6.7185E-04
  2.3550E-04 -3.0653E-04 -2.9404E-04 -6.8317E-04
  2.3942E-04 -3.1159E-04 -2.9894E-04 -6.9455E-04
  2.4337E-04 -3.1667E-04 -3.0387E-04 -7.0600E-04
  2.4734E-04 -3.2179E-04 -3.0883E-04 -7.1753E-04
  2.5134E-04 -3.2694E-04 -3.1382E-04 -7.2912E-04
  2.5536E-04 -3.3211E-04 -3.1884E-04 -7.4078E-04
  2.5940E-04 -3.3732E-04 -3.2389E-04 -7.5252E-04
  2.6347E-04 -3.4256E-04 -3.2898E-04 -7.6433E-04
  2.6757E-04 -3.4783E-04 -3.3409E-04 -7.7621E-04
  2.7169E-04 -3.5313E-04 -3.3923E-04 -7.8816E-04
  2.7583E-04 -3.5846E-04 -3.4441E-04 -8.0019E-04
  2.8000E-04 -3.6382E-04 -3.4962E-04 -8.1228E-04
  2.8420E-04 -3.6922E-04 -3.5486E-04 -8.2446E-04
  2.8842E-04 -3.7464E-04 -3.6013E-04 -8.3670E-04
  2.9267E-04 -3.8010E-04 -3.6543E-04 -8.4903E-04
  2.9694E-04 -3.8559E-04 -3.7077E-04 -8.6142E-04
  3.0124E-04 -3.9111E-04 -3.7614E-04 -8.7390E-04
  3.0557E-04 -3.9667E-04 -3.8154E-04 -8.8645E-04
  3.0992E-04 -4.0226E-04 -3.8697E-04 -8.9907E-04
  3.1430E-04 -4.0788E-04 -3.9244E-04 -9.1178E-04
  3.1871E-04 -4.1353E-04 -3.9794E-04 -9.2456E-04
  3.2314E-04 -4.1922E-04 -4.0348E-04 -9.3742E-04
  3.2760E-04 -4.2494E-04 -4.0904E-04 -9.5036E-04
  3.3209E-04 -4.3070E-04 -4.1465E-04 -9.6337E-04
  3.3660E-04 -4.3648E-04 -4.2028E-04 -9.7647E-04
  3.4114E-04 -4.4231E-04 -4.2596E-04 -9.8965E-04
  3.4571E-04 -4.4816E-04 -4.3166E-04 -1.0029E-03
  3.5031E-04 -4.5406E-04 -4.3740E-04 -1.0162E-03
  3.5494E-04 -4.5998E-04 -4.4318E-04 -1.0297E-03
  3.5959E-04 -4.6594E-04 -4.4899E-04 -1.0432E-03
  3.6427E-04 -4.7194E-04 -4.5484E-04 -1.0568E-03
  3.6899E-04 -4.7797E-04 -4.6072E-04 -1.0704E-03
  3.7373E-04 -4.8404E-04 -4.6664E-04 -1.0842E-03
  3.7850E-04 -4.9014E-04 -4.7259E-04 -1.0980E-03
  3.8329E-04 -4.9628E-04 -4.7858E-04 -1.1119E-03
  3.8812E-04 -5.0245E-04 -4.8461E-04 -1.1259E-03
  3.9298E-04 -5.0866E-04 -4.9068E-04 -1.1400E-03
  3.9787E-04 -5.1491E-04 -4.9678E-04 -1.1542E-03
  4.0278E-04 -5.2120E-04 -5.0292E-04 -1.1685E-03
  4.0773E-04 -5.2752E-04 -5.0909E-04 -1.1828E-03
  4.1271E-04 -5.3388E-04 -5.1531E-04 -1.1972E-03
  4.1771E-04 -5.4027E-04 -5.2156E-04 -1.2118E-03
  4.2275E-04 -5.4671E-04 -5.2785E-04 -1.2264E-03
  4.2782E-04 -5.5318E-04 -5.3418E-04 -1.2411E-03
  4.3292E-04 -5.5969E-04 -5.4055E-04 -1.2559E-03
  4.3805E-04 -5.6624E-04 -5.4696E-04 -1.2708E-03
  4.4321E-04 -5.7282E-04 -5.5340E-04 -1.2858E-03
  4.4841E-04 -5.7945E-04 -5.5989E-04 -1.3008E-03
  4.5363E-04 -5.8611E-04 -5.6641E-04 -1.3160E-03
  4.5889E-04 -5.9282E-04 -5.7298E-04 -1.3312E-03
  4.6418E-04 -5.9956E-04 -5.7958E-04 -1.3466E-03
  4.6950E-04 -6.0634E-04 -5.8623E-04 -1.3620E-03
  4.7486E-04 -6.1316E-04 -5.9291E-04 -1.3776E-03
  4.8025E-04 -6.2003E-04 -5.9964E-04 -1.3932E-03
  4.8567E-04 -6.2693E-04 -6.0641E-04 -1.4089E-03
  4.9112E-04 -6.3387E-04 -6.1322E-04 -1.4247E-03
  4.9661E-04 -6.4086E-04 -6.2007E-04 -1.4406E-03
  5.0213E-04 -6.4788E-04 -6.2696E-04 -1.4567E-03
  5.0768E-04 -6.5495E-04 -6.3390E-04 -1.4728E-03
  5.1327E-04 -6.6206E-04 -6.4087E-04 -1.4890E-03
  5.1889E-04 -6.6920E-04 -6.4789E-04 -1.5053E-03
  5.2455E-04 -6.7640E-04 -6.5496E-04 -1.5217E-03
  5.3024E-04 -6.8363E-04 -6.6206E-04 -1.5382E-03
  5.3597E-04 -6.9091E-04 -6.6921E-04 -1.5548E-03
  5.4173E-04 -6.9823E-04 -6.7641E-04 -1.5715E-03
  5.4752E-04 -7.0559E-04 -6.8364E-04 -1.5883E-03
  5.5336E-04 -7.1299E-04 -6.9093E-04 -1.6053E-03
  5.5922E-04 -7.2044E-04 -6.9825E-04 -1.6223E-03
  5.6513E-04 -7.2793E-04 -7.0562E-04 -1.6394E-03
  5.7107E-04 -7.3547E-04 -7.1304E-04 -1.6566E-03
  5.7704E-04 -7.4305E-04 -7.2050E-04 -1.6740E-03
  5.8305E-04 -7.5068E-04 -7.2801E-04 -1.6914E-03
  5.8910E-04 -7.5835E-04 -7.3556E-04 -1.7090E-03
  5.9519E-04 -7.6606E-04 -7.4316E-04 -1.7266E-03
  6.0131E-04 -7.7382E-04 -7.5080E-04 -1.7444E-03
  6.0747E-04 -7.8163E-04 -7.5850E-04 -1.7623E-03
  6.1367E-04 -7.8948E-04 -7.6624E-04 -1.7802E-03
  6.1991E-04 -7.9737E-04 -7.7402E-04 -1.7983E-03
  6.2618E-04 -8.0532E-04 -7.8186E-04 -1.8165E-03
  6.3249E-04 -8.1331E-04 -7.8974E-04 -1.8348E-03
  6.3884E-04 -8.2134E-04 -7.9767E-04 -1.8533E-03
  6.4523E-04 -8.2943E-04 -8.0565E-04 -1.8718E-03
  6.5166E-04 -8.3756E-04 -8.1367E-04 -1.8905E-03
  6.5813E-04 -8.4574E-04 -8.2175E-04 -1.9092E-03
  6.6464E-04 -8.5396E-04 -8.2988E-04 -1.9281E-03
  6.7119E-04 -8.6224E-04 -8.3805E-04 -1.9471E-03
  6.7778E-04 -8.7056E-04 -8.4628E-04 -1.9662E-03
  6.8440E-04 -8.7893E-04 -8.5455E-04 -1.9854E-03
  6.9107E-04 -8.8735E-04 -8.6288E-04 -2.0048E-03
  6.9778E-04 -8.9582E-04 -8.7126E-04 -2.0242E-03
  7.0453E-04 -9.0434E-04 -8.7969E-04 -2.0438E-03
  7.1132E-04 -9.1291E-04 -8.8817E-04 -2.0635E-03
  7.1816E-04 -9.2153E-04 -8.9670E-04 -2.0834E-03
  7.2503E-04 -9.3020E-04 -9.0528E-04 -2.1033E-03
  7.3195E-04 -9.3892E-04 -9.1392E-04 -2.1234E-03
  7.3891E-04 -9.4769E-04 -9.2261E-04 -2.1435E-03
  7.4591E-04 -9.5651E-04 -9.3135E-04 -2.1639E-03
  7.5295E-04 -9.6539E-04 -9.4015E-04 -2.1843E-03
  7.6004E-04 -9.7431E-04 -9.4900E-04 -2.2049E-03
  7.6717E-04 -9.8329E-04 -9.5790E-04 -2.2255E-03
  7.7435E-04 -9.9232E-04 -9.6686E-04 -2.2464E-03
  7.8157E-04 -1.0014E-03 -9.7587E-04 -2.2673E-03
  7.8883E-04 -1.0105E-03 -9.8494E-04 -2.2884E-03
  7.9614E-04 -1.0197E-03 -9.9406E-04 -2.3096E-03
  8.0349E-04 -1.0290E-03 -1.0032E-03 -2.3309E-03
  8.1088E-04 -1.0383E-03 -1.0125E-03 -2.3523E-03
  8.1833E-04 -1.0476E-03 -1.0218E-03 -2.3739E-03
  8.2581E-04 -1.0570E-03 -1.0311E-03 -2.3957E-03
  8.3335E-04 -1.0665E-03 -1.0405E-03 -2.4175E-03
  8.4093E-04 -1.0760E-03 -1.0500E-03 -2.4395E-03
  8.4855E-04 -1.0856E-03 -1.0595E-03 -2.4616E-03
  8.5622E-04 -1.0952E-03 -1.0691E-03 -2.4839E-03
  8.6394E-04 -1.1049E-03 -1.0787E-03 -2.5063E-03
  8.7171E-04 -1.1146E-03 -1.0884E-03 -2.5288E-03
  8.7952E-04 -1.1244E-03 -1.0982E-03 -2.5515E-03
  8.8738E-04 -1.1343E-03 -1.1080E-03 -2.5743E-03
  8.9529E-04 -1.1442E-03 -1.1179E-03 -2.5972E-03
  9.0325E-04 -1.1541E-03 -1.1278E-03 -2.6203E-03
  9.1126E-04 -1.1642E-03 -1.1378E-03 -2.6435E-03
  9.1931E-04 -1.1742E-03 -1.1479E-03 -2.6669E-03
  9.2742E-04 -1.1844E-03 -1.1580E-03 -2.6904E-03
  9.3557E-04 -1.1946E-03 -1.1682E-03 -2.7141E-03
  9.4378E-04 -1.2048E-03 -1.1784E-03 -2.7379E-03
  9.5203E-04 -1.2152E-03 -1.1887E-03 -2.7618E-03
  9.6034E-04 -1.2255E-03 -1.1991E-03 -2.7859E-03
  9.6869E-04 -1.2360E-03 -1.2095E-03 -2.8101E-03
  9.7710E-04 -1.2465E-03 -1.2200E-03 -2.8345E-03
  9.8556E-04 -1.2570E-03 -1.2306E-03 -2.8591E-03
  9.9407E-04 -1.2677E-03 -1.2412E-03 -2.8838E-03
  1.0026E-03 -1.2783E-03 -1.2519E-03 -2.9086E-03
  1.0112E-03 -1.2891E-03 -1.2626E-03 -2.9336E-03
  1.0199E-03 -1.2999E-03 -1.2735E-03 -2.9587E-03
  1.0286E-03 -1.3108E-03 -1.2844E-03 -2.9840E-03
  1.0374E-03 -1.3217E-03 -1.2953E-03 -3.0095E-03
  1.0462E-03 -1.3327E-03 -1.3063E-03 -3.0351E-03
  1.0551E-03 -1.3437E-03 -1.3174E-03 -3.0608E-03
  1.0640E-03 -1.3549E-03 -1.3286E-03 -3.0868E-03
  1.0730E-03 -1.3661E-03 -1.3398E-03 -3.1128E-03
  1.0821E-03 -1.3773E-03 -1.3511E-03 -3.1391E-03
  1.0912E-03 -1.3886E-03 -1.3625E-03 -3.1655E-03
  1.1003E-03 -1.4000E-03 -1.3739E-03 -3.1920E-03
  1.1095E-03 -1.4114E-03 -1.3854E-03 -3.2188E-03
  1.1188E-03 -1.4230E-03 -1.3970E-03 -3.2456E-03
  1.1281E-03 -1.4345E-03 -1.4086E-03 -3.2727E-03
  1.1375E-03 -1.4462E-03 -1.4203E-03 -3.2999E-03
  1.1470E-03 -1.4579E-03 -1.4321E-03 -3.3273E-03
  1.1565E-03 -1.4697E-03 -1.4440E-03 -3.3548E-03
  1.1660E-03 -1.4815E-03 -1.4559E-03 -3.3826E-03
  1.1756E-03 -1.4935E-03 -1.4679E-03 -3.4104E-03
  1.1853E-03 -1.5054E-03 -1.4800E-03 -3.4385E-03
  1.1950E-03 -1.5175E-03 -1.4921E-03 -3.4667E-03
  1.2048E-03 -1.5296E-03 -1.5043E-03 -3.4951E-03
  1.2147E-03 -1.5418E-03 -1.5166E-03 -3.5237E-03
  1.2246E-03 -1.5541E-03 -1.5290E-03 -3.5525E-03
  1.2345E-03 -1.5664E-03 -1.5415E-03 -3.5814E-03
  1.2446E-03 -1.5788E-03 -1.5540E-03 -3.6105E-03
  1.2547E-03 -1.5913E-03 -1.5666E-03 -3.6398E-03
  1.2648E-03 -1.6038E-03 -1.5793E-03 -3.6692E-03
  1.2750E-03 -1.6165E-03 -1.5920E-03 -3.6989E-03
  1.2853E-03 -1.6292E-03 -1.6049E-03 -3.7287E-03
  1.2957E-03 -1.6419E-03 -1.6178E-03 -3.7587E-03
  1.3061E-03 -1.6548E-03 -1.6308E-03 -3.7889E-03
  1.3165E-03 -1.6677E-03 -1.6439E-03 -3.8192E-03
  1.3271E-03 -1.6807E-03 -1.6570E-03 -3.8498E-03
  1.3377E-03 -1.6937E-03 -1.6702E-03 -3.8805E-03
  1.3483E-03 -1.7069E-03 -1.6836E-03 -3.9115E-03
  1.3591E-03 -1.7201E-03 -1.6969E-03 -3.9426E-03
  1.3699E-03 -1.7334E-03 -1.7104E-03 -3.9739E-03
  1.3807E-03 -1.7467E-03 -1.7240E-03 -4.0054E-03
  1.3916E-03 -1.7602E-03 -1.7376E-03 -4.0371E-03
  1.4026E-03 -1.7737E-03 -1.7514E-03 -4.0690E-03
  1.4137E-03 -1.7873E-03 -1.7652E-03 -4.1011E-03
  1.4248E-03 -1.8009E-03 -1.7791E-03 -4.1334E-03
  1.4360E-03 -1.8147E-03 -1.7930E-03 -4.1658E-03
  1.4473E-03 -1.8285E-03 -1.8071E-03 -4.1985E-03
  1.4586E-03 -1.8424E-03 -1.8212E-03 -4.2314E-03
  1.4700E-03 -1.8564E-03 -1.8355E-03 -4.2645E-03
  1.4815E-03 -1.8705E-03 -1.8498E-03 -4.2977E-03
  1.4930E-03 -1.8846E-03 -1.8642E-03 -4.3312E-03
  1.5046E-03 -1.8988E-03 -1.8787E-03 -4.3649E-03
  1.5163E-03 -1.9132E-03 -1.8933E-03 -4.3988E-03
  1.5281E-03 -1.9275E-03 -1.9080E-03 -4.4329E-03
  1.5399E-03 -1.9420E-03 -1.9228E-03 -4.4672E-03
  1.5518E-03 -1.9566E-03 -1.9376E-03 -4.5017E-03
  1.5638E-03 -1.9712E-03 -1.9526E-03 -4.5365E-03
  1.5758E-03 -1.9859E-03 -1.9676E-03 -4.5714E-03
  1.5879E-03 -2.0007E-03 -1.9827E-03 -4.6066E-03
  1.6001E-03 -2.0156E-03 -1.9980E-03 -4.6419E-03
  1.6124E-03 -2.0306E-03 -2.0133E-03 -4.6775E-03
  1.6247E-03 -2.0456E-03 -2.0287E-03 -4.7133E-03
  1.6372E-03 -2.0608E-03 -2.0442E-03 -4.7493E-03
  1.6497E-03 -2.0760E-03 -2.0598E-03 -4.7856E-03
  1.6622E-03 -2.0913E-03 -2.0755E-03 -4.8220E-03
  1.6749E-03 -2.1067E-03 -2.0913E-03 -4.8587E-03
  1.6876E-03 -2.1222E-03 -2.1072E-03 -4.8956E-03
  1.7004E-03 -2.1378E-03 -2.1231E-03 -4.9328E-03
  1.7133E-03 -2.1534E-03 -2.1392E-03 -4.9701E-03
  1.7262E-03 -2.1692E-03 -2.1554E-03 -5.0077E-03
  1.7393E-03 -2.1850E-03 -2.1717E-03 -5.0456E-03
  1.7524E-03 -2.2010E-03 -2.1881E-03 -5.0836E-03
  1.7656E-03 -2.2170E-03 -2.2045E-03 -5.1219E-03
  1.7789E-03 -2.2331E-03 -2.2211E-03 -5.1604E-03
  1.7922E-03 -2.2493E-03 -2.2378E-03 -5.1992E-03
  1.8057E-03 -2.2656E-03 -2.2546E-03 -5.2382E-03
  1.8192E-03 -2.2820E-03 -2.2715E-03 -5.2774E-03
  1.8328E-03 -2.2984E-03 -2.2885E-03 -5.3169E-03
  1.8465E-03 -2.3150E-03 -2.3056E-03 -5.3566E-03
  1.8603E-03 -2.3317E-03 -2.3228E-03 -5.3965E-03
  1.8741E-03 -2.3484E-03 -2.3401E-03 -5.4367E-03
  1.8881E-03 -2.3653E-03 -2.3575E-03 -5.4772E-03
  1.9021E-03 -2.3822E-03 -2.3750E-03 -5.5179E-03
  1.9162E-03 -2.3993E-03 -2.3926E-03 -5.5588E-03
  1.9304E-03 -2.4164E-03 -2.4103E-03 -5.6000E-03
  1.9447E-03 -2.4336E-03 -2.4282E-03 -5.6415E-03
  1.9591E-03 -2.4510E-03 -2.4461E-03 -5.6832E-03
  1.9735E-03 -2.4684E-03 -2.4642E-03 -5.7251E-03
  1.9881E-03 -2.4859E-03 -2.4823E-03 -5.7673E-03
  2.0027E-03 -2.5035E-03 -2.5006E-03 -5.8098E-03
  2.0174E-03 -2.5212E-03 -2.5190E-03 -5.8525E-03
  2.0323E-03 -2.5391E-03 -2.5375E-03 -5.8955E-03
  2.0472E-03 -2.5570E-03 -2.5561E-03 -5.9387E-03
  2.0622E-03 -2.5750E-03 -2.5749E-03 -5.9823E-03
  2.0773E-03 -2.5931E-03 -2.5937E-03 -6.0260E-03
  2.0924E-03 -2.6113E-03 -2.6127E-03 -6.0701E-03
  2.1077E-03 -2.6297E-03 -2.6317E-03 -6.1144E-03
  2.1231E-03 -2.6481E-03 -2.6509E-03 -6.1590E-03
  2.1386E-03 -2.6666E-03 -2.6702E-03 -6.2039E-03
  2.1541E-03 -2.6852E-03 -2.6897E-03 -6.2490E-03
  2.1698E-03 -2.7040E-03 -2.7092E-03 -6.2944E-03
  2.1855E-03 -2.7228E-03 -2.7289E-03 -6.3401E-03
  2.2014E-03 -2.7417E-03 -2.7487E-03 -6.3861E-03
  2.2173E-03 -2.7608E-03 -2.7686E-03 -6.4323E-03
  2.2334E-03 -2.7799E-03 -2.7886E-03 -6.4788E-03
  2.2495E-03 -2.7992E-03 -2.8088E-03 -6.5257E-03
  2.2657E-03 -2.8186E-03 -2.8290E-03 -6.5728E-03
  2.2821E-03 -2.8380E-03 -2.8494E-03 -6.6201E-03
  2.2985E-03 -2.8576E-03 -2.8700E-03 -6.6678E-03
  2.3150E-03 -2.8773E-03 -2.8906E-03 -6.7158E-03
  2.3317E-03 -2.8971E-03 -2.9114E-03 -6.7641E-03
  2.3484E-03 -2.9170E-03 -2.9323E-03 -6.8126E-03
  2.3653E-03 -2.9370E-03 -2.9533E-03 -6.8615E-03
  2.3822E-03 -2.9571E-03 -2.9745E-03 -6.9106E-03
  2.3992E-03 -2.9774E-03 -2.9958E-03 -6.9601E-03
  2.4164E-03 -2.9977E-03 -3.0172E-03 -7.0098E-03
  2.4337E-03 -3.0182E-03 -3.0387E-03 -7.0599E-03
  2.4510E-03 -3.0387E-03 -3.0604E-03 -7.1103E-03
  2.4685E-03 -3.0594E-03 -3.0822E-03 -7.1610E-03
  2.4861E-03 -3.0802E-03 -3.1042E-03 -7.2119E-03
  2.5038E-03 -3.1011E-03 -3.1262E-03 -7.2632E-03
  2.5215E-03 -3.1222E-03 -3.1485E-03 -7.3149E-03
  2.5394E-03 -3.1433E-03 -3.1708E-03 -7.3668E-03
  2.5575E-03 -3.1646E-03 -3.1933E-03 -7.4190E-03
  2.5756E-03 -3.1860E-03 -3.2159E-03 -7.4716E-03
  2.5938E-03 -3.2074E-03 -3.2387E-03 -7.5245E-03
  2.6121E-03 -3.2291E-03 -3.2616E-03 -7.5777E-03
  2.6306E-03 -3.2508E-03 -3.2846E-03 -7.6312E-03
  2.6492E-03 -3.2726E-03 -3.3078E-03 -7.6851E-03
  2.6679E-03 -3.2946E-03 -3.3311E-03 -7.7393E-03
  2.6866E-03 -3.3167E-03 -3.3546E-03 -7.7938E-03
  2.7056E-03 -3.3389E-03 -3.3782E-03 -7.8486E-03
  2.7246E-03 -3.3612E-03 -3.4020E-03 -7.9038E-03
  2.7437E-03 -3.3837E-03 -3.4259E-03 -7.9594E-03
  2.7630E-03 -3.4062E-03 -3.4499E-03 -8.0152E-03
  2.7824E-03 -3.4289E-03 -3.4741E-03 -8.0714E-03
  2.8019E-03 -3.4517E-03 -3.4985E-03 -8.1280E-03
  2.8215E-03 -3.4747E-03 -3.5230E-03 -8.1849E-03
  2.8412E-03 -3.4977E-03 -3.5476E-03 -8.2421E-03
  2.8611E-03 -3.5209E-03 -3.5724E-03 -8.2997E-03
  2.8810E-03 -3.5443E-03 -3.5973E-03 -8.3577E-03
  2.9011E-03 -3.5677E-03 -3.6224E-03 -8.4160E-03
  2.9214E-03 -3.5913E-03 -3.6477E-03 -8.4746E-03
  2.9417E-03 -3.6150E-03 -3.6731E-03 -8.5337E-03
  2.9622E-03 -3.6388E-03 -3.6986E-03 -8.5930E-03
  2.9828E-03 -3.6627E-03 -3.7244E-03 -8.6528E-03
  3.0035E-03 -3.6868E-03 -3.7502E-03 -8.7129E-03
  3.0243E-03 -3.7110E-03 -3.7763E-03 -8.7734E-03
  3.0453E-03 -3.7353E-03 -3.8025E-03 -8.8342E-03
  3.0664E-03 -3.7598E-03 -3.8288E-03 -8.8954E-03
  3.0876E-03 -3.7844E-03 -3.8553E-03 -8.9570E-03
  3.1090E-03 -3.8091E-03 -3.8820E-03 -9.0190E-03
  3.1305E-03 -3.8340E-03 -3.9088E-03 -9.0813E-03
  3.1521E-03 -3.8590E-03 -3.9358E-03 -9.1440E-03
  3.1739E-03 -3.8841E-03 -3.9630E-03 -9.2071E-03
  3.1958E-03 -3.9094E-03 -3.9903E-03 -9.2706E-03
  3.2178E-03 -3.9348E-03 -4.0178E-03 -9.3345E-03
  3.2399E-03 -3.9603E-03 -4.0455E-03 -9.3988E-03
  3.2622E-03 -3.9860E-03 -4.0733E-03 -9.4635E-03
  3.2847E-03 -4.0118E-03 -4.1013E-03 -9.5285E-03
  3.3072E-03 -4.0378E-03 -4.1295E-03 -9.5940E-03
  3.3299E-03 -4.0638E-03 -4.1579E-03 -9.6598E-03
  3.3528E-03 -4.0901E-03 -4.1864E-03 -9.7261E-03
  3.3758E-03 -4.1164E-03 -4.2151E-03 -9.7928E-03
  3.3989E-03 -4.1429E-03 -4.2440E-03 -9.8599E-03
  3.4221E-03 -4.1696E-03 -4.2730E-03 -9.9273E-03
  3.4455E-03 -4.1963E-03 -4.3022E-03 -9.9952E-03
  3.4691E-03 -4.2233E-03 -4.3316E-03 -1.0064E-02
  3.4928E-03 -4.2503E-03 -4.3612E-03 -1.0132E-02
  3.5166E-03 -4.2775E-03 -4.3910E-03 -1.0201E-02
  3.5406E-03 -4.3049E-03 -4.4209E-03 -1.0271E-02
  3.5647E-03 -4.3324E-03 -4.4511E-03 -1.0341E-02
  3.5890E-03 -4.3600E-03 -4.4814E-03 -1.0411E-02
  3.6134E-03 -4.3878E-03 -4.5119E-03 -1.0482E-02
  3.6380E-03 -4.4157E-03 -4.5426E-03 -1.0554E-02
  3.6628E-03 -4.4438E-03 -4.5735E-03 -1.0625E-02
  3.6876E-03 -4.4720E-03 -4.6045E-03 -1.0697E-02
  3.7127E-03 -4.5004E-03 -4.6358E-03 -1.0770E-02
  3.7378E-03 -4.5289E-03 -4.6672E-03 -1.0843E-02
  3.7632E-03 -4.5576E-03 -4.6989E-03 -1.0917E-02
  3.7887E-03 -4.5864E-03 -4.7307E-03 -1.0991E-02
  3.8143E-03 -4.6153E-03 -4.7627E-03 -1.1065E-02
  3.8401E-03 -4.6445E-03 -4.7949E-03 -1.1140E-02
  3.8661E-03 -4.6737E-03 -4.8274E-03 -1.1215E-02
  3.8922E-03 -4.7031E-03 -4.8600E-03 -1.1291E-02
  3.9185E-03 -4.7327E-03 -4.8928E-03 -1.1367E-02
  3.9449E-03 -4.7624E-03 -4.9258E-03 -1.1444E-02
  3.9715E-03 -4.7923E-03 -4.9590E-03 -1.1521E-02
  3.9983E-03 -4.8223E-03 -4.9924E-03 -1.1599E-02
  4.0252E-03 -4.8525E-03 -5.0261E-03 -1.1677E-02
  4.0523E-03 -4.8829E-03 -5.0599E-03 -1.1755E-02
  4.0796E-03 -4.9133E-03 -5.0939E-03 -1.1834E-02
  4.1070E-03 -4.9440E-03 -5.1282E-03 -1.1914E-02
  4.1346E-03 -4.9748E-03 -5.1626E-03 -1.1994E-02
  4.1624E-03 -5.0058E-03 -5.1973E-03 -1.2075E-02
  4.1903E-03 -5.0369E-03 -5.2322E-03 -1.2156E-02
  4.2184E-03 -5.0682E-03 -5.2673E-03 -1.2237E-02
  4.2467E-03 -5.0996E-03 -5.3026E-03 -1.2319E-02
  4.2751E-03 -5.1312E-03 -5.3381E-03 -1.2402E-02
  4.3037E-03 -5.1630E-03 -5.3739E-03 -1.2485E-02
  4.3325E-03 -5.1949E-03 -5.4098E-03 -1.2568E-02
  4.3615E-03 -5.2270E-03 -5.4460E-03 -1.2652E-02
  4.3907E-03 -5.2592E-03 -5.4824E-03 -1.2737E-02
  4.4200E-03 -5.2916E-03 -5.5190E-03 -1.2822E-02
  4.4495E-03 -5.3242E-03 -5.5559E-03 -1.2907E-02
  4.4792E-03 -5.3570E-03 -5.5929E-03 -1.2994E-02
  4.5090E-03 -5.3899E-03 -5.6302E-03 -1.3080E-02
  4.5391E-03 -5.4229E-03 -5.6678E-03 -1.3167E-02
  4.5693E-03 -5.4562E-03 -5.7055E-03 -1.3255E-02
  4.5998E-03 -5.4896E-03 -5.7435E-03 -1.3343E-02
  4.6304E-03 -5.5231E-03 -5.7817E-03 -1.3432E-02
  4.6612E-03 -5.5569E-03 -5.8202E-03 -1.3521E-02
  4.6921E-03 -5.5908E-03 -5.8589E-03 -1.3611E-02
  4.7233E-03 -5.6249E-03 -5.8978E-03 -1.3702E-02
  4.7547E-03 -5.6591E-03 -5.9370E-03 -1.3793E-02
  4.7862E-03 -5.6935E-03 -5.9764E-03 -1.3884E-02
  4.8180E-03 -5.7281E-03 -6.0160E-03 -1.3976E-02
  4.8499E-03 -5.7628E-03 -6.0559E-03 -1.4069E-02
  4.8820E-03 -5.7978E-03 -6.0960E-03 -1.4162E-02
  4.9144E-03 -5.8329E-03 -6.1364E-03 -1.4256E-02
  4.9469E-03 -5.8681E-03 -6.1770E-03 -1.4350E-02
  4.9796E-03 -5.9036E-03 -6.2179E-03 -1.4445E-02
  5.0126E-03 -5.9392E-03 -6.2590E-03 -1.4541E-02
  5.0457E-03 -5.9750E-03 -6.3004E-03 -1.4637E-02
  5.0790E-03 -6.0110E-03 -6.3420E-03 -1.4733E-02
  5.1126E-03 -6.0471E-03 -6.3839E-03 -1.4831E-02
  5.1463E-03 -6.0834E-03 -6.4260E-03 -1.4929E-02
  5.1802E-03 -6.1199E-03 -6.4684E-03 -1.5027E-02
  5.2144E-03 -6.1566E-03 -6.5111E-03 -1.5126E-02
  5.2488E-03 -6.1935E-03 -6.5540E-03 -1.5226E-02
  5.2833E-03 -6.2305E-03 -6.5972E-03 -1.5326E-02
  5.3181E-03 -6.2677E-03 -6.6406E-03 -1.5427E-02
  5.3531E-03 -6.3051E-03 -6.6843E-03 -1.5529E-02
  5.3883E-03 -6.3427E-03 -6.7283E-03 -1.5631E-02
  5.4238E-03 -6.3804E-03 -6.7725E-03 -1.5733E-02
  5.4594E-03 -6.4183E-03 -6.8170E-03 -1.5837E-02
  5.4953E-03 -6.4565E-03 -6.8618E-03 -1.5941E-02
  5.5314E-03 -6.4948E-03 -6.9069E-03 -1.6045E-02
  5.5677E-03 -6.5332E-03 -6.9522E-03 -1.6151E-02
  5.6042E-03 -6.5719E-03 -6.9978E-03 -1.6257E-02
  5.6409E-03 -6.6107E-03 -7.0437E-03 -1.6363E-02
  5.6779E-03 -6.6498E-03 -7.0899E-03 -1.6471E-02
  5.7151E-03 -6.6890E-03 -7.1363E-03 -1.6578E-02
  5.7525E-03 -6.7284E-03 -7.1831E-03 -1.6687E-02
  5.7902E-03 -6.7680E-03 -7.2301E-03 -1.6796E-02
  5.8281E-03 -6.8077E-03 -7.2774E-03 -1.6906E-02
  5.8662E-03 -6.8477E-03 -7.3250E-03 -1.7017E-02
  5.9045E-03 -6.8878E-03 -7.3729E-03 -1.7128E-02
  5.9431E-03 -6.9282E-03 -7.4211E-03 -1.7240E-02
  5.9819E-03 -6.9687E-03 -7.4696E-03 -1.7352E-02
  6.0210E-03 -7.0094E-03 -7.5183E-03 -1.7466E-02
  6.0603E-03 -7.0503E-03 -7.5674E-03 -1.7580E-02
  6.0998E-03 -7.0914E-03 -7.6168E-03 -1.7694E-02
  6.1396E-03 -7.1327E-03 -7.6665E-03 -1.7810E-02
  6.1796E-03 -7.1741E-03 -7.7164E-03 -1.7926E-02
  6.2199E-03 -7.2158E-03 -7.7667E-03 -1.8043E-02
  6.2604E-03 -7.2576E-03 -7.8173E-03 -1.8160E-02
  6.3011E-03 -7.2997E-03 -7.8682E-03 -1.8278E-02
  6.3422E-03 -7.3419E-03 -7.9194E-03 -1.8397E-02
  6.3834E-03 -7.3843E-03 -7.9710E-03 -1.8517E-02
  6.4249E-03 -7.4269E-03 -8.0228E-03 -1.8637E-02
  6.4667E-03 -7.4698E-03 -8.0750E-03 -1.8758E-02
  6.5087E-03 -7.5128E-03 -8.1274E-03 -1.8880E-02
  6.5510E-03 -7.5560E-03 -8.1802E-03 -1.9003E-02
  6.5935E-03 -7.5993E-03 -8.2334E-03 -1.9126E-02
  6.6363E-03 -7.6429E-03 -8.2868E-03 -1.9250E-02
  6.6794E-03 -7.6867E-03 -8.3406E-03 -1.9375E-02
  6.7227E-03 -7.7307E-03 -8.3947E-03 -1.9501E-02
  6.7663E-03 -7.7749E-03 -8.4491E-03 -1.9627E-02
  6.8101E-03 -7.8192E-03 -8.5039E-03 -1.9755E-02
  6.8543E-03 -7.8638E-03 -8.5590E-03 -1.9882E-02
  6.8986E-03 -7.9086E-03 -8.6144E-03 -2.0011E-02
  6.9433E-03 -7.9535E-03 -8.6702E-03 -2.0141E-02
  6.9882E-03 -7.9987E-03 -8.7263E-03 -2.0271E-02
  7.0334E-03 -8.0440E-03 -8.7828E-03 -2.0402E-02
  7.0789E-03 -8.0896E-03 -8.8396E-03 -2.0534E-02
  7.1247E-03 -8.1353E-03 -8.8967E-03 -2.0667E-02
  7.1707E-03 -8.1813E-03 -8.9543E-03 -2.0800E-02
  7.2171E-03 -8.2274E-03 -9.0121E-03 -2.0935E-02
  7.2637E-03 -8.2738E-03 -9.0703E-03 -2.1070E-02
  7.3106E-03 -8.3203E-03 -9.1289E-03 -2.1206E-02
  7.3577E-03 -8.3670E-03 -9.1878E-03 -2.1343E-02
  7.4052E-03 -8.4140E-03 -9.2471E-03 -2.1480E-02
  7.4530E-03 -8.4611E-03 -9.3067E-03 -2.1619E-02
  7.5010E-03 -8.5085E-03 -9.3668E-03 -2.1758E-02
  7.5494E-03 -8.5560E-03 -9.4271E-03 -2.1898E-02
  7.5980E-03 -8.6037E-03 -9.4879E-03 -2.2040E-02
  7.6469E-03 -8.6517E-03 -9.5490E-03 -2.2181E-02
  7.6962E-03 -8.6998E-03 -9.6105E-03 -2.2324E-02
  7.7457E-03 -8.7482E-03 -9.6724E-03 -2.2468E-02
  7.7956E-03 -8.7967E-03 -9.7346E-03 -2.2612E-02
  7.8457E-03 -8.8455E-03 -9.7973E-03 -2.2758E-02
  7.8961E-03 -8.8944E-03 -9.8603E-03 -2.2904E-02
  7.9469E-03 -8.9436E-03 -9.9237E-03 -2.3051E-02
  7.9980E-03 -8.9929E-03 -9.9875E-03 -2.3200E-02
  8.0494E-03 -9.0425E-03 -1.0052E-02 -2.3349E-02
  8.1011E-03 -9.0922E-03 -1.0116E-02 -2.3498E-02
  8.1531E-03 -9.1422E-03 -1.0181E-02 -2.3649E-02
  8.2054E-03 -9.1923E-03 -1.0247E-02 -2.3801E-02
  8.2580E-03 -9.2427E-03 -1.0312E-02 -2.3954E-02
  8.3110E-03 -9.2932E-03 -1.0378E-02 -2.4107E-02
  8.3643E-03 -9.3440E-03 -1.0445E-02 -2.4262E-02
  8.4179E-03 -9.3949E-03 -1.0512E-02 -2.4417E-02
  8.4719E-03 -9.4461E-03 -1.0579E-02 -2.4574E-02
  8.5262E-03 -9.4975E-03 -1.0647E-02 -2.4731E-02
  8.5808E-03 -9.5490E-03 -1.0715E-02 -2.4890E-02
  8.6357E-03 -9.6008E-03 -1.0784E-02 -2.5049E-02
  8.6910E-03 -9.6528E-03 -1.0853E-02 -2.5209E-02
  8.7466E-03 -9.7049E-03 -1.0923E-02 -2.5371E-02
  8.8026E-03 -9.7573E-03 -1.0992E-02 -2.5533E-02
  8.8589E-03 -9.8098E-03 -1.1063E-02 -2.5696E-02
  8.9155E-03 -9.8626E-03 -1.1134E-02 -2.5860E-02
  8.9725E-03 -9.9156E-03 -1.1205E-02 -2.6026E-02
  9.0299E-03 -9.9687E-03 -1.1276E-02 -2.6192E-02
  9.0876E-03 -1.0022E-02 -1.1348E-02 -2.6359E-02
  9.1456E-03 -1.0076E-02 -1.1421E-02 -2.6528E-02
  9.2040E-03 -1.0129E-02 -1.1494E-02 -2.6697E-02
  9.2628E-03 -1.0183E-02 -1.1567E-02 -2.6867E-02
  9.3219E-03 -1.0238E-02 -1.1641E-02 -2.7039E-02
  9.3813E-03 -1.0292E-02 -1.1715E-02 -2.7211E-02
  9.4412E-03 -1.0346E-02 -1.1790E-02 -2.7385E-02
  9.5014E-03 -1.0401E-02 -1.1865E-02 -2.7559E-02
  9.5620E-03 -1.0456E-02 -1.1941E-02 -2.7735E-02
  9.6229E-03 -1.0511E-02 -1.2017E-02 -2.7912E-02
  9.6842E-03 -1.0567E-02 -1.2094E-02 -2.8089E-02
  9.7459E-03 -1.0622E-02 -1.2171E-02 -2.8268E-02
  9.8080E-03 -1.0678E-02 -1.2248E-02 -2.8448E-02
  9.8704E-03 -1.0734E-02 -1.2326E-02 -2.8629E-02
  9.9333E-03 -1.0790E-02 -1.2405E-02 -2.8812E-02
  9.9965E-03 -1.0846E-02 -1.2484E-02 -2.8995E-02
  1.0060E-02 -1.0903E-02 -1.2563E-02 -2.9179E-02
  1.0124E-02 -1.0960E-02 -1.2643E-02 -2.9365E-02
  1.0188E-02 -1.1016E-02 -1.2724E-02 -2.9551E-02
  1.0253E-02 -1.1074E-02 -1.2805E-02 -2.9739E-02
  1.0318E-02 -1.1131E-02 -1.2886E-02 -2.9928E-02
  1.0384E-02 -1.1188E-02 -1.2968E-02 -3.0118E-02
  1.0450E-02 -1.1246E-02 -1.3050E-02 -3.0310E-02
  1.0516E-02 -1.1304E-02 -1.3133E-02 -3.0502E-02
  1.0583E-02 -1.1362E-02 -1.3217E-02 -3.0696E-02
  1.0650E-02 -1.1420E-02 -1.3301E-02 -3.0890E-02
  1.0718E-02 -1.1478E-02 -1.3385E-02 -3.1086E-02
  1.0786E-02 -1.1537E-02 -1.3470E-02 -3.1284E-02
  1.0854E-02 -1.1596E-02 -1.3556E-02 -3.1482E-02
  1.0923E-02 -1.1655E-02 -1.3642E-02 -3.1682E-02
  1.0992E-02 -1.1714E-02 -1.3728E-02 -3.1882E-02
  1.1062E-02 -1.1773E-02 -1.3815E-02 -3.2085E-02
  1.1132E-02 -1.1833E-02 -1.3903E-02 -3.2288E-02
  1.1203E-02 -1.1892E-02 -1.3991E-02 -3.2492E-02
  1.1274E-02 -1.1952E-02 -1.4080E-02 -3.2698E-02
  1.1345E-02 -1.2012E-02 -1.4169E-02 -3.2905E-02
  1.1417E-02 -1.2073E-02 -1.4259E-02 -3.3113E-02
  1.1489E-02 -1.2133E-02 -1.4349E-02 -3.3323E-02
  1.1562E-02 -1.2194E-02 -1.4440E-02 -3.3534E-02
  1.1635E-02 -1.2254E-02 -1.4531E-02 -3.3746E-02
  1.1709E-02 -1.2315E-02 -1.4623E-02 -3.3959E-02
  1.1783E-02 -1.2376E-02 -1.4716E-02 -3.4174E-02
  1.1857E-02 -1.2438E-02 -1.4809E-02 -3.4390E-02
  1.1932E-02 -1.2499E-02 -1.4903E-02 -3.4608E-02
  1.2008E-02 -1.2561E-02 -1.4997E-02 -3.4826E-02
  1.2084E-02 -1.2622E-02 -1.5092E-02 -3.5046E-02
  1.2160E-02 -1.2684E-02 -1.5187E-02 -3.5268E-02
  1.2237E-02 -1.2746E-02 -1.5283E-02 -3.5490E-02
  1.2314E-02 -1.2809E-02 -1.5380E-02 -3.5714E-02
  1.2392E-02 -1.2871E-02 -1.5477E-02 -3.5940E-02
  1.2470E-02 -1.2933E-02 -1.5575E-02 -3.6167E-02
  1.2549E-02 -1.2996E-02 -1.5673E-02 -3.6395E-02
  1.2628E-02 -1.3059E-02 -1.5772E-02 -3.6624E-02
  1.2708E-02 -1.3122E-02 -1.5872E-02 -3.6855E-02
  1.2788E-02 -1.3185E-02 -1.5972E-02 -3.7088E-02
  1.2869E-02 -1.3249E-02 -1.6073E-02 -3.7322E-02
  1.2950E-02 -1.3312E-02 -1.6174E-02 -3.7557E-02
  1.3031E-02 -1.3376E-02 -1.6276E-02 -3.7794E-02
  1.3114E-02 -1.3439E-02 -1.6379E-02 -3.8032E-02
  1.3196E-02 -1.3503E-02 -1.6482E-02 -3.8271E-02
  1.3279E-02 -1.3567E-02 -1.6586E-02 -3.8512E-02
  1.3363E-02 -1.3632E-02 -1.6691E-02 -3.8755E-02
  1.3447E-02 -1.3696E-02 -1.6796E-02 -3.8999E-02
  1.3532E-02 -1.3760E-02 -1.6902E-02 -3.9244E-02
  1.3617E-02 -1.3825E-02 -1.7008E-02 -3.9491E-02
  1.3703E-02 -1.3890E-02 -1.7115E-02 -3.9740E-02
  1.3789E-02 -1.3954E-02 -1.7223E-02 -3.9990E-02
  1.3876E-02 -1.4019E-02 -1.7332E-02 -4.0241E-02
  1.3963E-02 -1.4084E-02 -1.7441E-02 -4.0495E-02
  1.4051E-02 -1.4150E-02 -1.7550E-02 -4.0749E-02
  1.4140E-02 -1.4215E-02 -1.7661E-02 -4.1005E-02
  1.4229E-02 -1.4280E-02 -1.7772E-02 -4.1263E-02
  1.4318E-02 -1.4346E-02 -1.7884E-02 -4.1522E-02
  1.4408E-02 -1.4412E-02 -1.7996E-02 -4.1783E-02
  1.4499E-02 -1.4477E-02 -1.8110E-02 -4.2046E-02
  1.4590E-02 -1.4543E-02 -1.8224E-02 -4.2310E-02
  1.4681E-02 -1.4609E-02 -1.8338E-02 -4.2575E-02
  1.4774E-02 -1.4675E-02 -1.8454E-02 -4.2843E-02
  1.4866E-02 -1.4741E-02 -1.8570E-02 -4.3112E-02
  1.4960E-02 -1.4808E-02 -1.8686E-02 -4.3382E-02
  1.5054E-02 -1.4874E-02 -1.8804E-02 -4.3655E-02
  1.5148E-02 -1.4940E-02 -1.8922E-02 -4.3928E-02
  1.5243E-02 -1.5007E-02 -1.9041E-02 -4.4204E-02
  1.5339E-02 -1.5073E-02 -1.9160E-02 -4.4481E-02
  1.5435E-02 -1.5140E-02 -1.9281E-02 -4.4760E-02
  1.5532E-02 -1.5207E-02 -1.9402E-02 -4.5041E-02
  1.5630E-02 -1.5274E-02 -1.9524E-02 -4.5323E-02
  1.5728E-02 -1.5340E-02 -1.9646E-02 -4.5607E-02
  1.5826E-02 -1.5407E-02 -1.9769E-02 -4.5893E-02
  1.5926E-02 -1.5474E-02 -1.9894E-02 -4.6181E-02
  1.6025E-02 -1.5541E-02 -2.0018E-02 -4.6470E-02
  1.6126E-02 -1.5609E-02 -2.0144E-02 -4.6761E-02
  1.6227E-02 -1.5676E-02 -2.0270E-02 -4.7054E-02
  1.6329E-02 -1.5743E-02 -2.0398E-02 -4.7348E-02
  1.6431E-02 -1.5810E-02 -2.0525E-02 -4.7645E-02
  1.6534E-02 -1.5877E-02 -2.0654E-02 -4.7943E-02
  1.6637E-02 -1.5945E-02 -2.0784E-02 -4.8243E-02
  1.6742E-02 -1.6012E-02 -2.0914E-02 -4.8545E-02
  1.6846E-02 -1.6079E-02 -2.1045E-02 -4.8849E-02
  1.6952E-02 -1.6147E-02 -2.1177E-02 -4.9154E-02
  1.7058E-02 -1.6214E-02 -2.1310E-02 -4.9462E-02
  1.7165E-02 -1.6282E-02 -2.1443E-02 -4.9771E-02
  1.7272E-02 -1.6349E-02 -2.1578E-02 -5.0082E-02
  1.7380E-02 -1.6416E-02 -2.1713E-02 -5.0395E-02
  1.7489E-02 -1.6484E-02 -2.1849E-02 -5.0710E-02
  1.7599E-02 -1.6551E-02 -2.1986E-02 -5.1027E-02
  1.7709E-02 -1.6619E-02 -2.2123E-02 -5.1346E-02
  1.7819E-02 -1.6686E-02 -2.2262E-02 -5.1667E-02
  1.7931E-02 -1.6753E-02 -2.2401E-02 -5.1990E-02
  1.8043E-02 -1.6821E-02 -2.2541E-02 -5.2314E-02
  1.8156E-02 -1.6888E-02 -2.2682E-02 -5.2641E-02
  1.8269E-02 -1.6955E-02 -2.2824E-02 -5.2970E-02
  1.8383E-02 -1.7023E-02 -2.2967E-02 -5.3300E-02
  1.8498E-02 -1.7090E-02 -2.3111E-02 -5.3633E-02
  1.8614E-02 -1.7157E-02 -2.3255E-02 -5.3968E-02
  1.8730E-02 -1.7224E-02 -2.3401E-02 -5.4305E-02
  1.8847E-02 -1.7291E-02 -2.3547E-02 -5.4644E-02
  1.8965E-02 -1.7358E-02 -2.3694E-02 -5.4984E-02
  1.9083E-02 -1.7425E-02 -2.3843E-02 -5.5327E-02
  1.9202E-02 -1.7492E-02 -2.3992E-02 -5.5672E-02
  1.9322E-02 -1.7558E-02 -2.4142E-02 -5.6020E-02
  1.9443E-02 -1.7625E-02 -2.4293E-02 -5.6369E-02
  1.9564E-02 -1.7692E-02 -2.4444E-02 -5.6720E-02
  1.9686E-02 -1.7758E-02 -2.4597E-02 -5.7074E-02
  1.9809E-02 -1.7824E-02 -2.4751E-02 -5.7429E-02
  1.9933E-02 -1.7891E-02 -2.4905E-02 -5.7787E-02
  2.0057E-02 -1.7957E-02 -2.5061E-02 -5.8147E-02
  2.0182E-02 -1.8023E-02 -2.5218E-02 -5.8510E-02
  2.0308E-02 -1.8088E-02 -2.5375E-02 -5.8874E-02
  2.0435E-02 -1.8154E-02 -2.5534E-02 -5.9241E-02
  2.0562E-02 -1.8220E-02 -2.5693E-02 -5.9610E-02
  2.0690E-02 -1.8285E-02 -2.5853E-02 -5.9981E-02
  2.0819E-02 -1.8350E-02 -2.6015E-02 -6.0354E-02
  2.0949E-02 -1.8415E-02 -2.6177E-02 -6.0730E-02
  2.1080E-02 -1.8480E-02 -2.6341E-02 -6.1108E-02
  2.1211E-02 -1.8545E-02 -2.6505E-02 -6.1488E-02
  2.1343E-02 -1.8609E-02 -2.6670E-02 -6.1871E-02
  2.1476E-02 -1.8673E-02 -2.6837E-02 -6.2255E-02
  2.1610E-02 -1.8737E-02 -2.7004E-02 -6.2643E-02
  2.1745E-02 -1.8801E-02 -2.7173E-02 -6.3032E-02
  2.1880E-02 -1.8865E-02 -2.7342E-02 -6.3424E-02
  2.2016E-02 -1.8928E-02 -2.7513E-02 -6.3819E-02
  2.2153E-02 -1.8991E-02 -2.7684E-02 -6.4215E-02
  2.2291E-02 -1.9054E-02 -2.7857E-02 -6.4614E-02
  2.2430E-02 -1.9117E-02 -2.8031E-02 -6.5016E-02
  2.2570E-02 -1.9179E-02 -2.8206E-02 -6.5420E-02
  2.2710E-02 -1.9241E-02 -2.8381E-02 -6.5827E-02
  2.2851E-02 -1.9303E-02 -2.8558E-02 -6.6236E-02
  2.2994E-02 -1.9365E-02 -2.8736E-02 -6.6647E-02
  2.3137E-02 -1.9426E-02 -2.8916E-02 -6.7061E-02
  2.3281E-02 -1.9487E-02 -2.9096E-02 -6.7477E-02
  2.3425E-02 -1.9548E-02 -2.9277E-02 -6.7896E-02
  2.3571E-02 -1.9608E-02 -2.9460E-02 -6.8318E-02
  2.3718E-02 -1.9668E-02 -2.9643E-02 -6.8742E-02
  2.3865E-02 -1.9727E-02 -2.9828E-02 -6.9169E-02
  2.4014E-02 -1.9787E-02 -3.0014E-02 -6.9598E-02
  2.4163E-02 -1.9845E-02 -3.0201E-02 -7.0030E-02
  2.4313E-02 -1.9904E-02 -3.0389E-02 -7.0464E-02
  2.4464E-02 -1.9962E-02 -3.0578E-02 -7.0902E-02
  2.4616E-02 -2.0020E-02 -3.0769E-02 -7.1341E-02
  2.4769E-02 -2.0077E-02 -3.0960E-02 -7.1784E-02
  2.4923E-02 -2.0134E-02 -3.1153E-02 -7.2229E-02
  2.5078E-02 -2.0190E-02 -3.1347E-02 -7.2677E-02
  2.5234E-02 -2.0246E-02 -3.1542E-02 -7.3128E-02
  2.5391E-02 -2.0302E-02 -3.1738E-02 -7.3581E-02
  2.5548E-02 -2.0357E-02 -3.1936E-02 -7.4037E-02
  2.5707E-02 -2.0412E-02 -3.2135E-02 -7.4496E-02
  2.5867E-02 -2.0466E-02 -3.2335E-02 -7.4958E-02
  2.6027E-02 -2.0519E-02 -3.2536E-02 -7.5422E-02
  2.6189E-02 -2.0573E-02 -3.2739E-02 -7.5889E-02
  2.6352E-02 -2.0625E-02 -3.2942E-02 -7.6359E-02
  2.6515E-02 -2.0677E-02 -3.3147E-02 -7.6832E-02
  2.6680E-02 -2.0729E-02 -3.3354E-02 -7.7308E-02
  2.6845E-02 -2.0780E-02 -3.3561E-02 -7.7787E-02
  2.7012E-02 -2.0830E-02 -3.3770E-02 -7.8269E-02
  2.7180E-02 -2.0880E-02 -3.3980E-02 -7.8753E-02
  2.7348E-02 -2.0929E-02 -3.4192E-02 -7.9241E-02
  2.7518E-02 -2.0978E-02 -3.4404E-02 -7.9731E-02
  2.7689E-02 -2.1026E-02 -3.4618E-02 -8.0225E-02
  2.7860E-02 -2.1073E-02 -3.4834E-02 -8.0721E-02
  2.8033E-02 -2.1120E-02 -3.5050E-02 -8.1220E-02
  2.8207E-02 -2.1166E-02 -3.5268E-02 -8.1723E-02
  2.8382E-02 -2.1211E-02 -3.5488E-02 -8.2228E-02
  2.8558E-02 -2.1256E-02 -3.5708E-02 -8.2737E-02
  2.8735E-02 -2.1300E-02 -3.5930E-02 -8.3249E-02
  2.8913E-02 -2.1344E-02 -3.6154E-02 -8.3763E-02
  2.9093E-02 -2.1386E-02 -3.6379E-02 -8.4281E-02
  2.9273E-02 -2.1428E-02 -3.6605E-02 -8.4802E-02
  2.9454E-02 -2.1469E-02 -3.6832E-02 -8.5327E-02
  2.9637E-02 -2.1509E-02 -3.7061E-02 -8.5854E-02
  2.9821E-02 -2.1549E-02 -3.7292E-02 -8.6384E-02
  3.0005E-02 -2.1587E-02 -3.7524E-02 -8.6918E-02
  3.0191E-02 -2.1625E-02 -3.7757E-02 -8.7455E-02
  3.0378E-02 -2.1662E-02 -3.7991E-02 -8.7996E-02
  3.0567E-02 -2.1699E-02 -3.8228E-02 -8.8539E-02
  3.0756E-02 -2.1734E-02 -3.8465E-02 -8.9086E-02
  3.0946E-02 -2.1768E-02 -3.8704E-02 -8.9636E-02
  3.1138E-02 -2.1802E-02 -3.8945E-02 -9.0190E-02
  3.1331E-02 -2.1834E-02 -3.9187E-02 -9.0746E-02
  3.1525E-02 -2.1866E-02 -3.9430E-02 -9.1307E-02
  3.1720E-02 -2.1897E-02 -3.9675E-02 -9.1870E-02
  3.1917E-02 -2.1927E-02 -3.9922E-02 -9.2437E-02
  3.2114E-02 -2.1955E-02 -4.0170E-02 -9.3008E-02
  3.2313E-02 -2.1983E-02 -4.0420E-02 -9.3582E-02
  3.2513E-02 -2.2010E-02 -4.0671E-02 -9.4159E-02
  3.2714E-02 -2.2036E-02 -4.0923E-02 -9.4740E-02
  3.2917E-02 -2.2060E-02 -4.1178E-02 -9.5324E-02
  3.3121E-02 -2.2084E-02 -4.1433E-02 -9.5912E-02
  3.3326E-02 -2.2107E-02 -4.1691E-02 -9.6503E-02
  3.3532E-02 -2.2128E-02 -4.1950E-02 -9.7098E-02
  3.3739E-02 -2.2148E-02 -4.2210E-02 -9.7697E-02
  3.3948E-02 -2.2167E-02 -4.2473E-02 -9.8299E-02
  3.4158E-02 -2.2185E-02 -4.2736E-02 -9.8905E-02
  3.4369E-02 -2.2202E-02 -4.3002E-02 -9.9515E-02
  3.4582E-02 -2.2218E-02 -4.3269E-02 -1.0013E-01
  3.4796E-02 -2.2232E-02 -4.3538E-02 -1.0074E-01
  3.5011E-02 -2.2245E-02 -4.3808E-02 -1.0137E-01
  3.5228E-02 -2.2257E-02 -4.4080E-02 -1.0199E-01
  3.5446E-02 -2.2268E-02 -4.4354E-02 -1.0262E-01
  3.5665E-02 -2.2277E-02 -4.4630E-02 -1.0325E-01
  3.5885E-02 -2.2285E-02 -4.4907E-02 -1.0389E-01
  3.6107E-02 -2.2291E-02 -4.5186E-02 -1.0453E-01
  3.6330E-02 -2.2297E-02 -4.5466E-02 -1.0517E-01
  3.6555E-02 -2.2300E-02 -4.5749E-02 -1.0582E-01
  3.6781E-02 -2.2303E-02 -4.6033E-02 -1.0647E-01
  3.7008E-02 -2.2304E-02 -4.6319E-02 -1.0712E-01
  3.7237E-02 -2.2303E-02 -4.6606E-02 -1.0778E-01
  3.7467E-02 -2.2301E-02 -4.6896E-02 -1.0845E-01
  3.7699E-02 -2.2298E-02 -4.7187E-02 -1.0911E-01
  3.7932E-02 -2.2293E-02 -4.7480E-02 -1.0978E-01
  3.8166E-02 -2.2287E-02 -4.7775E-02 -1.1046E-01
  3.8402E-02 -2.2279E-02 -4.8072E-02 -1.1114E-01
  3.8639E-02 -2.2269E-02 -4.8370E-02 -1.1182E-01
  3.8878E-02 -2.2258E-02 -4.8670E-02 -1.1251E-01
  3.9118E-02 -2.2245E-02 -4.8973E-02 -1.1320E-01
  3.9360E-02 -2.2230E-02 -4.9277E-02 -1.1390E-01
  3.9603E-02 -2.2214E-02 -4.9583E-02 -1.1460E-01
  3.9847E-02 -2.2196E-02 -4.9891E-02 -1.1530E-01
  4.0094E-02 -2.2176E-02 -5.0201E-02 -1.1601E-01
  4.0341E-02 -2.2155E-02 -5.0512E-02 -1.1672E-01
  4.0590E-02 -2.2131E-02 -5.0826E-02 -1.1744E-01
  4.0841E-02 -2.2106E-02 -5.1142E-02 -1.1816E-01
  4.1093E-02 -2.2080E-02 -5.1459E-02 -1.1889E-01
  4.1347E-02 -2.2051E-02 -5.1779E-02 -1.1962E-01
  4.1602E-02 -2.2020E-02 -5.2100E-02 -1.2035E-01
  4.1859E-02 -2.1988E-02 -5.2424E-02 -1.2109E-01
  4.2117E-02 -2.1953E-02 -5.2750E-02 -1.2183E-01
  4.2377E-02 -2.1917E-02 -5.3077E-02 -1.2258E-01
  4.2639E-02 -2.1878E-02 -5.3407E-02 -1.2333E-01
  4.2902E-02 -2.1838E-02 -5.3739E-02 -1.2409E-01
  4.3167E-02 -2.1795E-02 -5.4072E-02 -1.2485E-01
  4.3433E-02 -2.1751E-02 -5.4408E-02 -1.2562E-01
  4.3701E-02 -2.1704E-02 -5.4746E-02 -1.2639E-01
  4.3971E-02 -2.1656E-02 -5.5086E-02 -1.2716E-01
  4.4242E-02 -2.1605E-02 -5.5428E-02 -1.2794E-01
  4.4515E-02 -2.1552E-02 -5.5773E-02 -1.2872E-01
  4.4790E-02 -2.1496E-02 -5.6119E-02 -1.2951E-01
  4.5066E-02 -2.1439E-02 -5.6468E-02 -1.3031E-01
  4.5344E-02 -2.1379E-02 -5.6819E-02 -1.3111E-01
  4.5624E-02 -2.1317E-02 -5.7172E-02 -1.3191E-01
  4.5905E-02 -2.1252E-02 -5.7527E-02 -1.3272E-01
  4.6188E-02 -2.1186E-02 -5.7884E-02 -1.3353E-01
  4.6473E-02 -2.1117E-02 -5.8244E-02 -1.3435E-01
  4.6760E-02 -2.1045E-02 -5.8606E-02 -1.3517E-01
  4.7048E-02 -2.0971E-02 -5.8970E-02 -1.3600E-01
  4.7338E-02 -2.0895E-02 -5.9336E-02 -1.3683E-01
  4.7630E-02 -2.0816E-02 -5.9705E-02 -1.3767E-01
  4.7924E-02 -2.0734E-02 -6.0076E-02 -1.3851E-01
  4.8219E-02 -2.0650E-02 -6.0449E-02 -1.3936E-01
  4.8517E-02 -2.0563E-02 -6.0825E-02 -1.4021E-01
  4.8816E-02 -2.0474E-02 -6.1203E-02 -1.4107E-01
  4.9117E-02 -2.0382E-02 -6.1583E-02 -1.4193E-01
  4.9420E-02 -2.0288E-02 -6.1966E-02 -1.4280E-01
  4.9724E-02 -2.0190E-02 -6.2351E-02 -1.4367E-01
  5.0031E-02 -2.0090E-02 -6.2739E-02 -1.4455E-01
  5.0339E-02 -1.9988E-02 -6.3129E-02 -1.4544E-01
  5.0649E-02 -1.9882E-02 -6.3522E-02 -1.4632E-01
  5.0961E-02 -1.9774E-02 -6.3916E-02 -1.4722E-01
  5.1276E-02 -1.9662E-02 -6.4314E-02 -1.4812E-01
  5.1591E-02 -1.9548E-02 -6.4714E-02 -1.4902E-01
  5.1909E-02 -1.9431E-02 -6.5116E-02 -1.4993E-01
  5.2229E-02 -1.9311E-02 -6.5521E-02 -1.5085E-01
  5.2551E-02 -1.9188E-02 -6.5929E-02 -1.5177E-01
  5.2875E-02 -1.9061E-02 -6.6339E-02 -1.5270E-01
  5.3201E-02 -1.8932E-02 -6.6751E-02 -1.5363E-01
  5.3528E-02 -1.8800E-02 -6.7167E-02 -1.5457E-01
  5.3858E-02 -1.8665E-02 -6.7584E-02 -1.5551E-01
  5.4190E-02 -1.8526E-02 -6.8005E-02 -1.5646E-01
  5.4524E-02 -1.8384E-02 -6.8428E-02 -1.5741E-01
  5.4859E-02 -1.8239E-02 -6.8854E-02 -1.5837E-01
  5.5197E-02 -1.8091E-02 -6.9282E-02 -1.5934E-01
  5.5537E-02 -1.7939E-02 -6.9713E-02 -1.6031E-01
  5.5879E-02 -1.7784E-02 -7.0147E-02 -1.6129E-01
  5.6223E-02 -1.7626E-02 -7.0584E-02 -1.6227E-01
  5.6570E-02 -1.7464E-02 -7.1023E-02 -1.6326E-01
  5.6918E-02 -1.7299E-02 -7.1465E-02 -1.6426E-01
  5.7268E-02 -1.7131E-02 -7.1910E-02 -1.6526E-01
  5.7621E-02 -1.6959E-02 -7.2358E-02 -1.6626E-01
  5.7976E-02 -1.6783E-02 -7.2809E-02 -1.6728E-01
  5.8333E-02 -1.6604E-02 -7.3262E-02 -1.6829E-01
  5.8692E-02 -1.6421E-02 -7.3718E-02 -1.6932E-01
  5.9053E-02 -1.6235E-02 -7.4178E-02 -1.7035E-01
  5.9417E-02 -1.6045E-02 -7.4640E-02 -1.7139E-01
  5.9782E-02 -1.5851E-02 -7.5105E-02 -1.7243E-01
  6.0150E-02 -1.5654E-02 -7.5573E-02 -1.7348E-01
  6.0521E-02 -1.5453E-02 -7.6043E-02 -1.7453E-01
  6.0893E-02 -1.5248E-02 -7.6517E-02 -1.7559E-01
  6.1268E-02 -1.5039E-02 -7.6994E-02 -1.7666E-01
  6.1645E-02 -1.4826E-02 -7.7474E-02 -1.7774E-01
  6.2024E-02 -1.4610E-02 -7.7957E-02 -1.7882E-01
  6.2406E-02 -1.4389E-02 -7.8443E-02 -1.7990E-01
  6.2790E-02 -1.4165E-02 -7.8932E-02 -1.8100E-01
  6.3176E-02 -1.3936E-02 -7.9425E-02 -1.8209E-01
  6.3565E-02 -1.3704E-02 -7.9920E-02 -1.8320E-01
  6.3956E-02 -1.3467E-02 -8.0418E-02 -1.8431E-01
  6.4350E-02 -1.3226E-02 -8.0920E-02 -1.8543E-01
  6.4746E-02 -1.2981E-02 -8.1425E-02 -1.8656E-01
  6.5144E-02 -1.2732E-02 -8.1933E-02 -1.8769E-01
  6.5545E-02 -1.2479E-02 -8.2444E-02 -1.8883E-01
  6.5948E-02 -1.2222E-02 -8.2959E-02 -1.8997E-01
  6.6354E-02 -1.1960E-02 -8.3477E-02 -1.9113E-01
  6.6762E-02 -1.1694E-02 -8.3998E-02 -1.9228E-01
  6.7172E-02 -1.1424E-02 -8.4523E-02 -1.9345E-01
  6.7586E-02 -1.1149E-02 -8.5050E-02 -1.9462E-01
  6.8001E-02 -1.0870E-02 -8.5582E-02 -1.9580E-01
  6.8420E-02 -1.0587E-02 -8.6116E-02 -1.9699E-01
  6.8840E-02 -1.0299E-02 -8.6654E-02 -1.9818E-01
  6.9264E-02 -1.0007E-02 -8.7196E-02 -1.9938E-01
  6.9690E-02 -9.7099E-03 -8.7741E-02 -2.0059E-01
  7.0118E-02 -9.4085E-03 -8.8289E-02 -2.0180E-01
  7.0549E-02 -9.1026E-03 -8.8841E-02 -2.0302E-01
  7.0983E-02 -8.7920E-03 -8.9397E-02 -2.0425E-01
  7.1420E-02 -8.4768E-03 -8.9956E-02 -2.0548E-01
  7.1859E-02 -8.1570E-03 -9.0518E-02 -2.0673E-01
  7.2301E-02 -7.8325E-03 -9.1085E-02 -2.0798E-01
  7.2745E-02 -7.5033E-03 -9.1655E-02 -2.0923E-01
  7.3192E-02 -7.1694E-03 -9.2228E-02 -2.1050E-01
  7.3642E-02 -6.8307E-03 -9.2805E-02 -2.1177E-01
  7.4095E-02 -6.4872E-03 -9.3386E-02 -2.1305E-01
  7.4550E-02 -6.1389E-03 -9.3971E-02 -2.1433E-01
  7.5009E-02 -5.7857E-03 -9.4560E-02 -2.1563E-01
  7.5470E-02 -5.4277E-03 -9.5152E-02 -2.1693E-01
  7.5934E-02 -5.0649E-03 -9.5748E-02 -2.1824E-01
  7.6400E-02 -4.6971E-03 -9.6348E-02 -2.1955E-01
  7.6870E-02 -4.3243E-03 -9.6952E-02 -2.2088E-01
  7.7342E-02 -3.9467E-03 -9.7559E-02 -2.2221E-01
  7.7818E-02 -3.5640E-03 -9.8171E-02 -2.2355E-01
  7.8296E-02 -3.1764E-03 -9.8787E-02 -2.2489E-01
  7.8777E-02 -2.7837E-03 -9.9406E-02 -2.2625E-01
  7.9261E-02 -2.3860E-03 -1.0003E-01 -2.2761E-01
  7.9748E-02 -1.9832E-03 -1.0066E-01 -2.2898E-01
  8.0238E-02 -1.5754E-03 -1.0129E-01 -2.3036E-01
  8.0731E-02 -1.1625E-03 -1.0193E-01 -2.3174E-01
  8.1228E-02 -7.4449E-04 -1.0257E-01 -2.3314E-01
  8.1727E-02 -3.2136E-04 -1.0321E-01 -2.3454E-01
  8.2229E-02  1.0691E-04 -1.0386E-01 -2.3595E-01
  8.2734E-02  5.4033E-04 -1.0451E-01 -2.3737E-01
  8.3242E-02  9.7891E-04 -1.0517E-01 -2.3879E-01
  8.3754E-02  1.4227E-03 -1.0583E-01 -2.4022E-01
  8.4268E-02  1.8716E-03 -1.0649E-01 -2.4167E-01
  8.4786E-02  2.3257E-03 -1.0716E-01 -2.4312E-01
  8.5307E-02  2.7850E-03 -1.0784E-01 -2.4457E-01
  8.5831E-02  3.2496E-03 -1.0852E-01 -2.4604E-01
  8.6358E-02  3.7193E-03 -1.0920E-01 -2.4752E-01
  8.6889E-02  4.1943E-03 -1.0989E-01 -2.4900E-01
  8.7422E-02  4.6745E-03 -1.1058E-01 -2.5049E-01
  8.7959E-02  5.1599E-03 -1.1127E-01 -2.5199E-01
  8.8499E-02  5.6505E-03 -1.1198E-01 -2.5350E-01
  8.9043E-02  6.1464E-03 -1.1268E-01 -2.5502E-01
  8.9590E-02  6.6475E-03 -1.1339E-01 -2.5654E-01
  9.0140E-02  7.1538E-03 -1.1411E-01 -2.5808E-01
  9.0694E-02  7.6654E-03 -1.1483E-01 -2.5962E-01
  9.1251E-02  8.1821E-03 -1.1555E-01 -2.6117E-01
  9.1811E-02  8.7041E-03 -1.1628E-01 -2.6273E-01
  9.2375E-02  9.2313E-03 -1.1701E-01 -2.6430E-01
  9.2942E-02  9.7636E-03 -1.1775E-01 -2.6588E-01
  9.3513E-02  1.0301E-02 -1.1850E-01 -2.6746E-01
  9.4087E-02  1.0844E-02 -1.1924E-01 -2.6906E-01
  9.4665E-02  1.1392E-02 -1.2000E-01 -2.7066E-01
  9.5246E-02  1.1945E-02 -1.2076E-01 -2.7227E-01
  9.5831E-02  1.2503E-02 -1.2152E-01 -2.7390E-01
  9.6419E-02  1.3066E-02 -1.2229E-01 -2.7553E-01
  9.7011E-02  1.3634E-02 -1.2306E-01 -2.7717E-01
  9.7607E-02  1.4208E-02 -1.2384E-01 -2.7882E-01
  9.8206E-02  1.4786E-02 -1.2463E-01 -2.8047E-01
  9.8809E-02  1.5369E-02 -1.2541E-01 -2.8214E-01
  9.9415E-02  1.5958E-02 -1.2621E-01 -2.8382E-01
  1.0003E-01  1.6551E-02 -1.2701E-01 -2.8550E-01
  1.0064E-01  1.7149E-02 -1.2781E-01 -2.8720E-01
  1.0126E-01  1.7752E-02 -1.2862E-01 -2.8890E-01
  1.0188E-01  1.8360E-02 -1.2944E-01 -2.9062E-01
  1.0250E-01  1.8972E-02 -1.3026E-01 -2.9234E-01
  1.0313E-01  1.9590E-02 -1.3109E-01 -2.9407E-01
  1.0377E-01  2.0212E-02 -1.3192E-01 -2.9581E-01
  1.0440E-01  2.0839E-02 -1.3276E-01 -2.9757E-01
  1.0504E-01  2.1470E-02 -1.3360E-01 -2.9933E-01
  1.0569E-01  2.2106E-02 -1.3445E-01 -3.0110E-01
  1.0634E-01  2.2746E-02 -1.3531E-01 -3.0288E-01
  1.0699E-01  2.3391E-02 -1.3617E-01 -3.0467E-01
  1.0765E-01  2.4040E-02 -1.3703E-01 -3.0647E-01
  1.0831E-01  2.4694E-02 -1.3791E-01 -3.0827E-01
  1.0897E-01  2.5351E-02 -1.3879E-01 -3.1009E-01
  1.0964E-01  2.6013E-02 -1.3967E-01 -3.1192E-01
  1.1031E-01  2.6679E-02 -1.4056E-01 -3.1376E-01
  1.1099E-01  2.7349E-02 -1.4146E-01 -3.1561E-01
  1.1167E-01  2.8023E-02 -1.4236E-01 -3.1747E-01
  1.1236E-01  2.8701E-02 -1.4327E-01 -3.1933E-01
  1.1305E-01  2.9383E-02 -1.4418E-01 -3.2121E-01
  1.1374E-01  3.0068E-02 -1.4510E-01 -3.2310E-01
  1.1444E-01  3.0757E-02 -1.4603E-01 -3.2500E-01
  1.1514E-01  3.1450E-02 -1.4696E-01 -3.2691E-01
  1.1585E-01  3.2146E-02 -1.4790E-01 -3.2882E-01
  1.1656E-01  3.2845E-02 -1.4885E-01 -3.3075E-01
  1.1727E-01  3.3547E-02 -1.4980E-01 -3.3269E-01
  1.1799E-01  3.4253E-02 -1.5076E-01 -3.3464E-01
  1.1872E-01  3.4961E-02 -1.5173E-01 -3.3660E-01
  1.1944E-01  3.5673E-02 -1.5270E-01 -3.3857E-01
  1.2018E-01  3.6387E-02 -1.5368E-01 -3.4055E-01
  1.2091E-01  3.7104E-02 -1.5466E-01 -3.4253E-01
  1.2166E-01  3.7823E-02 -1.5566E-01 -3.4453E-01
  1.2240E-01  3.8545E-02 -1.5666E-01 -3.4654E-01
  1.2315E-01  3.9269E-02 -1.5766E-01 -3.4856E-01
  1.2391E-01  3.9995E-02 -1.5868E-01 -3.5060E-01
  1.2467E-01  4.0723E-02 -1.5970E-01 -3.5264E-01
  1.2543E-01  4.1453E-02 -1.6072E-01 -3.5469E-01
  1.2620E-01  4.2184E-02 -1.6176E-01 -3.5675E-01
  1.2698E-01  4.2917E-02 -1.6280E-01 -3.5882E-01
  1.2775E-01  4.3651E-02 -1.6385E-01 -3.6091E-01
  1.2854E-01  4.4387E-02 -1.6490E-01 -3.6300E-01
  1.2933E-01  4.5123E-02 -1.6597E-01 -3.6511E-01
  1.3012E-01  4.5861E-02 -1.6704E-01 -3.6722E-01
  1.3092E-01  4.6599E-02 -1.6812E-01 -3.6935E-01
  1.3172E-01  4.7337E-02 -1.6920E-01 -3.7148E-01
  1.3253E-01  4.8076E-02 -1.7030E-01 -3.7363E-01
  1.3334E-01  4.8815E-02 -1.7140E-01 -3.7579E-01
  1.3416E-01  4.9554E-02 -1.7251E-01 -3.7796E-01
  1.3498E-01  5.0292E-02 -1.7362E-01 -3.8014E-01
  1.3581E-01  5.1030E-02 -1.7475E-01 -3.8233E-01
  1.3664E-01  5.1767E-02 -1.7588E-01 -3.8453E-01
  1.3748E-01  5.2503E-02 -1.7702E-01 -3.8674E-01
  1.3832E-01  5.3238E-02 -1.7817E-01 -3.8896E-01
  1.3917E-01  5.3972E-02 -1.7932E-01 -3.9120E-01
  1.4002E-01  5.4703E-02 -1.8049E-01 -3.9344E-01
  1.4088E-01  5.5433E-02 -1.8166E-01 -3.9570E-01
  1.4175E-01  5.6161E-02 -1.8284E-01 -3.9796E-01
  1.4262E-01  5.6886E-02 -1.8403E-01 -4.0024E-01
  1.4349E-01  5.7609E-02 -1.8523E-01 -4.0253E-01
  1.4437E-01  5.8329E-02 -1.8644E-01 -4.0483E-01
  1.4526E-01  5.9045E-02 -1.8765E-01 -4.0714E-01
  1.4615E-01  5.9759E-02 -1.8887E-01 -4.0946E-01
  1.4704E-01  6.0468E-02 -1.9011E-01 -4.1179E-01
  1.4794E-01  6.1173E-02 -1.9135E-01 -4.1413E-01
  1.4885E-01  6.1874E-02 -1.9260E-01 -4.1649E-01
  1.4976E-01  6.2570E-02 -1.9386E-01 -4.1885E-01
  1.5068E-01  6.3261E-02 -1.9512E-01 -4.2123E-01
  1.5160E-01  6.3947E-02 -1.9640E-01 -4.2361E-01
  1.5253E-01  6.4627E-02 -1.9769E-01 -4.2601E-01
  1.5347E-01  6.5301E-02 -1.9898E-01 -4.2842E-01
  1.5441E-01  6.5969E-02 -2.0029E-01 -4.3084E-01
  1.5536E-01  6.6631E-02 -2.0160E-01 -4.3327E-01
  1.5631E-01  6.7285E-02 -2.0293E-01 -4.3571E-01
  1.5727E-01  6.7932E-02 -2.0426E-01 -4.3817E-01
  1.5823E-01  6.8571E-02 -2.0560E-01 -4.4063E-01
  1.5920E-01  6.9202E-02 -2.0695E-01 -4.4311E-01
  1.6018E-01  6.9824E-02 -2.0832E-01 -4.4559E-01
  1.6116E-01  7.0438E-02 -2.0969E-01 -4.4809E-01
  1.6215E-01  7.1042E-02 -2.1107E-01 -4.5060E-01
  1.6314E-01  7.1637E-02 -2.1246E-01 -4.5312E-01
  1.6414E-01  7.2222E-02 -2.1387E-01 -4.5565E-01
  1.6515E-01  7.2796E-02 -2.1528E-01 -4.5819E-01
  1.6616E-01  7.3359E-02 -2.1670E-01 -4.6074E-01
  1.6718E-01  7.3911E-02 -2.1813E-01 -4.6330E-01
  1.6820E-01  7.4450E-02 -2.1958E-01 -4.6588E-01
  1.6923E-01  7.4978E-02 -2.2103E-01 -4.6846E-01
  1.7027E-01  7.5493E-02 -2.2250E-01 -4.7106E-01
  1.7131E-01  7.5994E-02 -2.2397E-01 -4.7366E-01
  1.7236E-01  7.6482E-02 -2.2546E-01 -4.7628E-01
  1.7342E-01  7.6956E-02 -2.2696E-01 -4.7891E-01
  1.7448E-01  7.7415E-02 -2.2847E-01 -4.8154E-01
  1.7555E-01  7.7859E-02 -2.2999E-01 -4.8419E-01
  1.7663E-01  7.8287E-02 -2.3152E-01 -4.8685E-01
  1.7771E-01  7.8699E-02 -2.3306E-01 -4.8952E-01
  1.7880E-01  7.9094E-02 -2.3461E-01 -4.9221E-01
  1.7989E-01  7.9472E-02 -2.3618E-01 -4.9490E-01
  1.8099E-01  7.9832E-02 -2.3776E-01 -4.9760E-01
  1.8210E-01  8.0174E-02 -2.3934E-01 -5.0031E-01
  1.8322E-01  8.0496E-02 -2.4094E-01 -5.0303E-01
  1.8434E-01  8.0800E-02 -2.4256E-01 -5.0577E-01
  1.8547E-01  8.1083E-02 -2.4418E-01 -5.0851E-01
  1.8661E-01  8.1345E-02 -2.4582E-01 -5.1127E-01
  1.8775E-01  8.1586E-02 -2.4747E-01 -5.1403E-01
  1.8890E-01  8.1805E-02 -2.4913E-01 -5.1681E-01
  1.9006E-01  8.2001E-02 -2.5080E-01 -5.1959E-01
  1.9122E-01  8.2175E-02 -2.5249E-01 -5.2238E-01
  1.9240E-01  8.2324E-02 -2.5419E-01 -5.2519E-01
  1.9357E-01  8.2449E-02 -2.5590E-01 -5.2800E-01
  1.9476E-01  8.2549E-02 -2.5762E-01 -5.3083E-01
  1.9595E-01  8.2623E-02 -2.5936E-01 -5.3366E-01
  1.9715E-01  8.2671E-02 -2.6111E-01 -5.3651E-01
  1.9836E-01  8.2692E-02 -2.6287E-01 -5.3936E-01
  1.9958E-01  8.2684E-02 -2.6465E-01 -5.4222E-01
  2.0080E-01  8.2648E-02 -2.6644E-01 -5.4510E-01
  2.0203E-01  8.2583E-02 -2.6824E-01 -5.4798E-01
  2.0327E-01  8.2488E-02 -2.7006E-01 -5.5087E-01
  2.0451E-01  8.2362E-02 -2.7189E-01 -5.5377E-01
  2.0577E-01  8.2204E-02 -2.7373E-01 -5.5668E-01
  2.0703E-01  8.2015E-02 -2.7559E-01 -5.5960E-01
  2.0829E-01  8.1792E-02 -2.7747E-01 -5.6253E-01
  2.0957E-01  8.1536E-02 -2.7935E-01 -5.6546E-01
  2.1085E-01  8.1245E-02 -2.8126E-01 -5.6841E-01
  2.1215E-01  8.0918E-02 -2.8317E-01 -5.7136E-01
  2.1345E-01  8.0556E-02 -2.8510E-01 -5.7432E-01
  2.1475E-01  8.0156E-02 -2.8705E-01 -5.7729E-01
  2.1607E-01  7.9719E-02 -2.8901E-01 -5.8027E-01
  2.1739E-01  7.9243E-02 -2.9098E-01 -5.8326E-01
  2.1872E-01  7.8727E-02 -2.9297E-01 -5.8625E-01
  2.2006E-01  7.8172E-02 -2.9498E-01 -5.8925E-01
  2.2141E-01  7.7575E-02 -2.9700E-01 -5.9226E-01
  2.2277E-01  7.6936E-02 -2.9903E-01 -5.9528E-01
  2.2413E-01  7.6254E-02 -3.0109E-01 -5.9831E-01
  2.2550E-01  7.5529E-02 -3.0315E-01 -6.0134E-01
  2.2689E-01  7.4758E-02 -3.0524E-01 -6.0438E-01
  2.2827E-01  7.3943E-02 -3.0733E-01 -6.0742E-01
  2.2967E-01  7.3080E-02 -3.0945E-01 -6.1048E-01
  2.3108E-01  7.2170E-02 -3.1158E-01 -6.1354E-01
  2.3249E-01  7.1212E-02 -3.1373E-01 -6.1660E-01
  2.3392E-01  7.0205E-02 -3.1589E-01 -6.1967E-01
  2.3535E-01  6.9147E-02 -3.1807E-01 -6.2275E-01
  2.3679E-01  6.8039E-02 -3.2027E-01 -6.2583E-01
  2.3824E-01  6.6878E-02 -3.2248E-01 -6.2892E-01
  2.3970E-01  6.5664E-02 -3.2471E-01 -6.3202E-01
  2.4117E-01  6.4396E-02 -3.2696E-01 -6.3512E-01
  2.4265E-01  6.3073E-02 -3.2923E-01 -6.3822E-01
  2.4413E-01  6.1694E-02 -3.3151E-01 -6.4133E-01
  2.4563E-01  6.0257E-02 -3.3381E-01 -6.4445E-01
  2.4713E-01  5.8763E-02 -3.3613E-01 -6.4757E-01
  2.4865E-01  5.7210E-02 -3.3846E-01 -6.5069E-01
  2.5017E-01  5.5597E-02 -3.4082E-01 -6.5381E-01
  2.5170E-01  5.3922E-02 -3.4319E-01 -6.5694E-01
  2.5324E-01  5.2186E-02 -3.4558E-01 -6.6008E-01
  2.5479E-01  5.0387E-02 -3.4798E-01 -6.6321E-01
  2.5635E-01  4.8523E-02 -3.5041E-01 -6.6635E-01
  2.5792E-01  4.6594E-02 -3.5286E-01 -6.6949E-01
  2.5950E-01  4.4599E-02 -3.5532E-01 -6.7264E-01
  2.6109E-01  4.2536E-02 -3.5780E-01 -6.7578E-01
  2.6269E-01  4.0406E-02 -3.6030E-01 -6.7893E-01
  2.6430E-01  3.8206E-02 -3.6282E-01 -6.8208E-01
  2.6592E-01  3.5935E-02 -3.6536E-01 -6.8523E-01
  2.6754E-01  3.3593E-02 -3.6792E-01 -6.8838E-01
  2.6918E-01  3.1178E-02 -3.7050E-01 -6.9153E-01
  2.7083E-01  2.8690E-02 -3.7309E-01 -6.9468E-01
  2.7249E-01  2.6127E-02 -3.7571E-01 -6.9783E-01
  2.7416E-01  2.3488E-02 -3.7835E-01 -7.0098E-01
  2.7584E-01  2.0772E-02 -3.8100E-01 -7.0413E-01
  2.7752E-01  1.7978E-02 -3.8368E-01 -7.0728E-01
  2.7922E-01  1.5106E-02 -3.8637E-01 -7.1043E-01
  2.8093E-01  1.2153E-02 -3.8909E-01 -7.1357E-01
  2.8265E-01  9.1190E-03 -3.9183E-01 -7.1671E-01
  2.8438E-01  6.0028E-03 -3.9459E-01 -7.1985E-01
  2.8613E-01  2.8034E-03 -3.9736E-01 -7.2299E-01
  2.8788E-01 -4.8040E-04 -4.0016E-01 -7.2612E-01
  2.8964E-01 -3.8496E-03 -4.0298E-01 -7.2924E-01
  2.9141E-01 -7.3053E-03 -4.0582E-01 -7.3237E-01
  2.9320E-01 -1.0849E-02 -4.0868E-01 -7.3548E-01
  2.9499E-01 -1.4480E-02 -4.1157E-01 -7.3860E-01
  2.9680E-01 -1.8202E-02 -4.1447E-01 -7.4170E-01
  2.9862E-01 -2.2014E-02 -4.1739E-01 -7.4480E-01
  3.0044E-01 -2.5918E-02 -4.2034E-01 -7.4790E-01
  3.0228E-01 -2.9915E-02 -4.2331E-01 -7.5098E-01
  3.0413E-01 -3.4005E-02 -4.2630E-01 -7.5406E-01
  3.0600E-01 -3.8190E-02 -4.2931E-01 -7.5713E-01
  3.0787E-01 -4.2471E-02 -4.3234E-01 -7.6019E-01
  3.0975E-01 -4.6849E-02 -4.3539E-01 -7.6324E-01
  3.1165E-01 -5.1325E-02 -4.3847E-01 -7.6628E-01
  3.1356E-01 -5.5899E-02 -4.4157E-01 -7.6931E-01
  3.1548E-01 -6.0573E-02 -4.4469E-01 -7.7233E-01
  3.1741E-01 -6.5347E-02 -4.4783E-01 -7.7533E-01
  3.1935E-01 -7.0224E-02 -4.5099E-01 -7.7833E-01
  3.2131E-01 -7.5203E-02 -4.5418E-01 -7.8131E-01
  3.2327E-01 -8.0285E-02 -4.5738E-01 -7.8428E-01
  3.2525E-01 -8.5471E-02 -4.6061E-01 -7.8723E-01
  3.2724E-01 -9.0763E-02 -4.6387E-01 -7.9017E-01
  3.2925E-01 -9.6161E-02 -4.6714E-01 -7.9309E-01
  3.3126E-01 -1.0167E-01 -4.7044E-01 -7.9600E-01
  3.3329E-01 -1.0728E-01 -4.7375E-01 -7.9889E-01
  3.3533E-01 -1.1300E-01 -4.7709E-01 -8.0176E-01
  3.3738E-01 -1.1883E-01 -4.8046E-01 -8.0461E-01
  3.3945E-01 -1.2477E-01 -4.8384E-01 -8.0744E-01
  3.4152E-01 -1.3082E-01 -4.8725E-01 -8.1026E-01
  3.4362E-01 -1.3698E-01 -4.9068E-01 -8.1305E-01
  3.4572E-01 -1.4326E-01 -4.9413E-01 -8.1582E-01
  3.4783E-01 -1.4965E-01 -4.9760E-01 -8.1857E-01
  3.4996E-01 -1.5615E-01 -5.0110E-01 -8.2130E-01
  3.5211E-01 -1.6276E-01 -5.0462E-01 -8.2400E-01
  3.5426E-01 -1.6949E-01 -5.0815E-01 -8.2668E-01
  3.5643E-01 -1.7634E-01 -5.1172E-01 -8.2933E-01
  3.5861E-01 -1.8330E-01 -5.1530E-01 -8.3195E-01
  3.6081E-01 -1.9037E-01 -5.1890E-01 -8.3455E-01
  3.6301E-01 -1.9757E-01 -5.2253E-01 -8.3712E-01
  3.6524E-01 -2.0488E-01 -5.2617E-01 -8.3966E-01
  3.6747E-01 -2.1231E-01 -5.2984E-01 -8.4217E-01
  3.6972E-01 -2.1985E-01 -5.3353E-01 -8.4465E-01
  3.7198E-01 -2.2752E-01 -5.3724E-01 -8.4709E-01
  3.7426E-01 -2.3530E-01 -5.4097E-01 -8.4951E-01
  3.7655E-01 -2.4320E-01 -5.4472E-01 -8.5188E-01
  3.7886E-01 -2.5122E-01 -5.4849E-01 -8.5423E-01
  3.8117E-01 -2.5936E-01 -5.5228E-01 -8.5653E-01
  3.8351E-01 -2.6761E-01 -5.5609E-01 -8.5880E-01
  3.8585E-01 -2.7599E-01 -5.5991E-01 -8.6103E-01
  3.8822E-01 -2.8448E-01 -5.6376E-01 -8.6323E-01
  3.9059E-01 -2.9310E-01 -5.6763E-01 -8.6538E-01
  3.9298E-01 -3.0183E-01 -5.7151E-01 -8.6748E-01
  3.9539E-01 -3.1068E-01 -5.7542E-01 -8.6955E-01
  3.9781E-01 -3.1965E-01 -5.7934E-01 -8.7157E-01
  4.0024E-01 -3.2873E-01 -5.8327E-01 -8.7354E-01
  4.0269E-01 -3.3794E-01 -5.8723E-01 -8.7547E-01
  4.0516E-01 -3.4726E-01 -5.9120E-01 -8.7735E-01
  4.0764E-01 -3.5670E-01 -5.9519E-01 -8.7918E-01
  4.1013E-01 -3.6625E-01 -5.9919E-01 -8.8096E-01
  4.1264E-01 -3.7592E-01 -6.0321E-01 -8.8269E-01
  4.1517E-01 -3.8570E-01 -6.0724E-01 -8.8436E-01
  4.1771E-01 -3.9560E-01 -6.1128E-01 -8.8598E-01
  4.2026E-01 -4.0561E-01 -6.1534E-01 -8.8754E-01
  4.2283E-01 -4.1574E-01 -6.1942E-01 -8.8905E-01
  4.2542E-01 -4.2597E-01 -6.2350E-01 -8.9049E-01
  4.2803E-01 -4.3632E-01 -6.2759E-01 -8.9188E-01
  4.3064E-01 -4.4677E-01 -6.3170E-01 -8.9320E-01
  4.3328E-01 -4.5734E-01 -6.3582E-01 -8.9446E-01
  4.3593E-01 -4.6800E-01 -6.3994E-01 -8.9565E-01
  4.3860E-01 -4.7878E-01 -6.4407E-01 -8.9678E-01
  4.4128E-01 -4.8966E-01 -6.4821E-01 -8.9784E-01
  4.4398E-01 -5.0064E-01 -6.5236E-01 -8.9882E-01
  4.4670E-01 -5.1172E-01 -6.5651E-01 -8.9974E-01
  4.4943E-01 -5.2290E-01 -6.6067E-01 -9.0058E-01
  4.5218E-01 -5.3418E-01 -6.6483E-01 -9.0135E-01
  4.5495E-01 -5.4555E-01 -6.6900E-01 -9.0204E-01
  4.5774E-01 -5.5701E-01 -6.7316E-01 -9.0265E-01
  4.6054E-01 -5.6857E-01 -6.7733E-01 -9.0318E-01
  4.6335E-01 -5.8022E-01 -6.8150E-01 -9.0363E-01
  4.6619E-01 -5.9195E-01 -6.8566E-01 -9.0399E-01
  4.6904E-01 -6.0376E-01 -6.8982E-01 -9.0427E-01
  4.7191E-01 -6.1566E-01 -6.9398E-01 -9.0446E-01
  4.7480E-01 -6.2763E-01 -6.9813E-01 -9.0456E-01
  4.7771E-01 -6.3968E-01 -7.0227E-01 -9.0457E-01
  4.8063E-01 -6.5181E-01 -7.0640E-01 -9.0449E-01
  4.8357E-01 -6.6400E-01 -7.1053E-01 -9.0431E-01
  4.8653E-01 -6.7626E-01 -7.1464E-01 -9.0403E-01
  4.8951E-01 -6.8859E-01 -7.1874E-01 -9.0365E-01
  4.9250E-01 -7.0097E-01 -7.2282E-01 -9.0317E-01
  4.9551E-01 -7.1341E-01 -7.2689E-01 -9.0259E-01
  4.9855E-01 -7.2591E-01 -7.3093E-01 -9.0190E-01
  5.0160E-01 -7.3845E-01 -7.3496E-01 -9.0110E-01
  5.0467E-01 -7.5104E-01 -7.3897E-01 -9.0019E-01
  5.0775E-01 -7.6366E-01 -7.4295E-01 -8.9917E-01
  5.1086E-01 -7.7633E-01 -7.4690E-01 -8.9803E-01
  5.1399E-01 -7.8903E-01 -7.5082E-01 -8.9678E-01
  5.1713E-01 -8.0175E-01 -7.5472E-01 -8.9541E-01
  5.2029E-01 -8.1450E-01 -7.5857E-01 -8.9391E-01
  5.2348E-01 -8.2727E-01 -7.6240E-01 -8.9229E-01
  5.2668E-01 -8.4005E-01 -7.6618E-01 -8.9055E-01
  5.2990E-01 -8.5284E-01 -7.6993E-01 -8.8868E-01
  5.3315E-01 -8.6563E-01 -7.7363E-01 -8.8667E-01
  5.3641E-01 -8.7842E-01 -7.7728E-01 -8.8454E-01
  5.3969E-01 -8.9120E-01 -7.8088E-01 -8.8227E-01
  5.4299E-01 -9.0397E-01 -7.8444E-01 -8.7986E-01
  5.4631E-01 -9.1672E-01 -7.8793E-01 -8.7730E-01
  5.4966E-01 -9.2944E-01 -7.9137E-01 -8.7461E-01
  5.5302E-01 -9.4213E-01 -7.9475E-01 -8.7177E-01
  5.5640E-01 -9.5478E-01 -7.9806E-01 -8.6878E-01
  5.5981E-01 -9.6739E-01 -8.0131E-01 -8.6565E-01
  5.6323E-01 -9.7994E-01 -8.0448E-01 -8.6236E-01
  5.6668E-01 -9.9244E-01 -8.0758E-01 -8.5891E-01
  5.7015E-01 -1.0049E+00 -8.1059E-01 -8.5531E-01
  5.7363E-01 -1.0172E+00 -8.1353E-01 -8.5155E-01
  5.7714E-01 -1.0295E+00 -8.1637E-01 -8.4762E-01
  5.8067E-01 -1.0417E+00 -8.1913E-01 -8.4353E-01
  5.8423E-01 -1.0538E+00 -8.2179E-01 -8.3927E-01
  5.8780E-01 -1.0658E+00 -8.2435E-01 -8.3484E-01
  5.9140E-01 -1.0776E+00 -8.2681E-01 -8.3024E-01
  5.9502E-01 -1.0894E+00 -8.2915E-01 -8.2546E-01
  5.9866E-01 -1.1010E+00 -8.3139E-01 -8.2051E-01
  6.0232E-01 -1.1125E+00 -8.3350E-01 -8.1538E-01
  6.0600E-01 -1.1238E+00 -8.3549E-01 -8.1006E-01
  6.0971E-01 -1.1350E+00 -8.3735E-01 -8.0456E-01
  6.1344E-01 -1.1460E+00 -8.3908E-01 -7.9887E-01
  6.1719E-01 -1.1568E+00 -8.4067E-01 -7.9300E-01
  6.2097E-01 -1.1674E+00 -8.4211E-01 -7.8693E-01
  6.2477E-01 -1.1779E+00 -8.4340E-01 -7.8067E-01
  6.2859E-01 -1.1881E+00 -8.4453E-01 -7.7421E-01
  6.3244E-01 -1.1981E+00 -8.4550E-01 -7.6755E-01
  6.3631E-01 -1.2079E+00 -8.4630E-01 -7.6070E-01
  6.4020E-01 -1.2175E+00 -8.4692E-01 -7.5364E-01
  6.4411E-01 -1.2267E+00 -8.4736E-01 -7.4637E-01
  6.4806E-01 -1.2358E+00 -8.4761E-01 -7.3890E-01
  6.5202E-01 -1.2445E+00 -8.4767E-01 -7.3122E-01
  6.5601E-01 -1.2530E+00 -8.4752E-01 -7.2333E-01
  6.6002E-01 -1.2612E+00 -8.4715E-01 -7.1523E-01
  6.6406E-01 -1.2690E+00 -8.4657E-01 -7.0692E-01
  6.6812E-01 -1.2766E+00 -8.4576E-01 -6.9839E-01
  6.7221E-01 -1.2837E+00 -8.4472E-01 -6.8964E-01
  6.7632E-01 -1.2906E+00 -8.4343E-01 -6.8068E-01
  6.8046E-01 -1.2971E+00 -8.4189E-01 -6.7149E-01
  6.8462E-01 -1.3032E+00 -8.4009E-01 -6.6209E-01
  6.8881E-01 -1.3089E+00 -8.3803E-01 -6.5246E-01
  6.9302E-01 -1.3142E+00 -8.3568E-01 -6.4261E-01
  6.9726E-01 -1.3191E+00 -8.3304E-01 -6.3254E-01
  7.0153E-01 -1.3235E+00 -8.3011E-01 -6.2224E-01
  7.0582E-01 -1.3275E+00 -8.2687E-01 -6.1172E-01
  7.1014E-01 -1.3311E+00 -8.2332E-01 -6.0097E-01
  7.1448E-01 -1.3341E+00 -8.1944E-01 -5.9000E-01
  7.1885E-01 -1.3367E+00 -8.1522E-01 -5.7880E-01
  7.2325E-01 -1.3387E+00 -8.1065E-01 -5.6738E-01
  7.2767E-01 -1.3403E+00 -8.0572E-01 -5.5573E-01
  7.3212E-01 -1.3413E+00 -8.0042E-01 -5.4386E-01
  7.3660E-01 -1.3417E+00 -7.9474E-01 -5.3177E-01
  7.4111E-01 -1.3416E+00 -7.8866E-01 -5.1945E-01
  7.4564E-01 -1.3408E+00 -7.8218E-01 -5.0691E-01
  7.5020E-01 -1.3395E+00 -7.7528E-01 -4.9415E-01
  7.5479E-01 -1.3375E+00 -7.6795E-01 -4.8116E-01
  7.5941E-01 -1.3349E+00 -7.6018E-01 -4.6797E-01
  7.6406E-01 -1.3316E+00 -7.5194E-01 -4.5455E-01
  7.6873E-01 -1.3277E+00 -7.4324E-01 -4.4093E-01
  7.7343E-01 -1.3230E+00 -7.3406E-01 -4.2709E-01
  7.7816E-01 -1.3177E+00 -7.2437E-01 -4.1305E-01
  7.8292E-01 -1.3116E+00 -7.1418E-01 -3.9880E-01
  7.8771E-01 -1.3047E+00 -7.0346E-01 -3.8435E-01
  7.9253E-01 -1.2971E+00 -6.9219E-01 -3.6970E-01
  7.9738E-01 -1.2887E+00 -6.8037E-01 -3.5486E-01
  8.0226E-01 -1.2795E+00 -6.6798E-01 -3.3983E-01
  8.0716E-01 -1.2694E+00 -6.5500E-01 -3.2462E-01
  8.1210E-01 -1.2585E+00 -6.4141E-01 -3.0923E-01
  8.1707E-01 -1.2468E+00 -6.2721E-01 -2.9366E-01
  8.2207E-01 -1.2341E+00 -6.1237E-01 -2.7792E-01
  8.2709E-01 -1.2206E+00 -5.9687E-01 -2.6203E-01
  8.3215E-01 -1.2061E+00 -5.8071E-01 -2.4597E-01
  8.3724E-01 -1.1907E+00 -5.6385E-01 -2.2977E-01
  8.4236E-01 -1.1743E+00 -5.4629E-01 -2.1343E-01
  8.4752E-01 -1.1569E+00 -5.2800E-01 -1.9695E-01
  8.5270E-01 -1.1385E+00 -5.0898E-01 -1.8035E-01
  8.5792E-01 -1.1190E+00 -4.8919E-01 -1.6363E-01
  8.6316E-01 -1.0986E+00 -4.6862E-01 -1.4680E-01
  8.6844E-01 -1.0770E+00 -4.4725E-01 -1.2987E-01
  8.7376E-01 -1.0544E+00 -4.2506E-01 -1.1285E-01
  8.7910E-01 -1.0306E+00 -4.0203E-01 -9.5749E-02
  8.8448E-01 -1.0057E+00 -3.7814E-01 -7.8580E-02
  8.8989E-01 -9.7964E-01 -3.5337E-01 -6.1353E-02
  8.9533E-01 -9.5241E-01 -3.2770E-01 -4.4079E-02
  9.0081E-01 -9.2397E-01 -3.0111E-01 -2.6770E-02
  9.0632E-01 -8.9432E-01 -2.7357E-01 -9.4383E-03
  9.1186E-01 -8.6342E-01 -2.4507E-01  7.9041E-03
  9.1744E-01 -8.3126E-01 -2.1559E-01  2.5244E-02
  9.2305E-01 -7.9781E-01 -1.8509E-01  4.2567E-02
  9.2869E-01 -7.6306E-01 -1.5357E-01  5.9860E-02
  9.3438E-01 -7.2697E-01 -1.2099E-01  7.7109E-02
  9.4009E-01 -6.8954E-01 -8.7334E-02  9.4298E-02
  9.4584E-01 -6.5074E-01 -5.2579E-02  1.1141E-01
  9.5163E-01 -6.1054E-01 -1.6703E-02  1.2844E-01
  9.5745E-01 -5.6893E-01  2.0320E-02  1.4536E-01
  9.6330E-01 -5.2589E-01  5.8512E-02  1.6215E-01
  9.6919E-01 -4.8139E-01  9.7897E-02  1.7881E-01
  9.7512E-01 -4.3542E-01  1.3850E-01  1.9531E-01
  9.8109E-01 -3.8796E-01  1.8034E-01  2.1164E-01
  9.8709E-01 -3.3897E-01  2.2345E-01  2.2778E-01
  9.9312E-01 -2.8845E-01  2.6785E-01  2.4371E-01
  9.9920E-01 -2.3638E-01  3.1356E-01  2.5941E-01
  1.0053E+00 -1.8272E-01  3.6061E-01  2.7487E-01
  1.0115E+00 -1.2747E-01  4.0903E-01  2.9007E-01
  1.0176E+00 -7.0611E-02  4.5883E-01  3.0498E-01
  1.0239E+00 -1.2114E-02  5.1004E-01  3.1959E-01
  1.0301E+00  4.8037E-02  5.6269E-01  3.3389E-01
  1.0364E+00  1.0986E-01  6.1680E-01  3.4784E-01
  1.0428E+00  1.7337E-01  6.7240E-01  3.6144E-01
  1.0491E+00  2.3859E-01  7.2950E-01  3.7466E-01
  1.0556E+00  3.0554E-01  7.8815E-01  3.8748E-01
  1.0620E+00  3.7422E-01  8.4835E-01  3.9989E-01
  1.0685E+00  4.4467E-01  9.1013E-01  4.1186E-01
  1.0751E+00  5.1689E-01  9.7352E-01  4.2339E-01
  1.0816E+00  5.9090E-01  1.0385E+00  4.3444E-01
  1.0882E+00  6.6672E-01  1.1052E+00  4.4501E-01
  1.0949E+00  7.4436E-01  1.1736E+00  4.5507E-01
  1.1016E+00  8.2383E-01  1.2436E+00  4.6460E-01
  1.1083E+00  9.0516E-01  1.3154E+00  4.7360E-01
  1.1151E+00  9.8834E-01  1.3889E+00  4.8204E-01
  1.1219E+00  1.0734E+00  1.4642E+00  4.8991E-01
  1.1288E+00  1.1603E+00  1.5413E+00  4.9719E-01
  1.1357E+00  1.2492E+00  1.6201E+00  5.0387E-01
  1.1426E+00  1.3399E+00  1.7008E+00  5.0994E-01
  1.1496E+00  1.4326E+00  1.7834E+00  5.1538E-01
  1.1567E+00  1.5271E+00  1.8678E+00  5.2018E-01
  1.1637E+00  1.6236E+00  1.9541E+00  5.2432E-01
  1.1709E+00  1.7221E+00  2.0423E+00  5.2781E-01
  1.1780E+00  1.8224E+00  2.1324E+00  5.3063E-01
  1.1852E+00  1.9248E+00  2.2245E+00  5.3278E-01
  1.1925E+00  2.0290E+00  2.3185E+00  5.3424E-01
  1.1998E+00  2.1352E+00  2.4144E+00  5.3501E-01
  1.2071E+00  2.2434E+00  2.5124E+00  5.3510E-01
  1.2145E+00  2.3535E+00  2.6123E+00  5.3449E-01
  1.2219E+00  2.4655E+00  2.7142E+00  5.3318E-01
  1.2294E+00  2.5795E+00  2.8181E+00  5.3118E-01
  1.2369E+00  2.6954E+00  2.9241E+00  5.2849E-01
  1.2445E+00  2.8132E+00  3.0320E+00  5.2512E-01
  1.2521E+00  2.9330E+00  3.1420E+00  5.2106E-01
  1.2597E+00  3.0547E+00  3.2540E+00  5.1632E-01
  1.2674E+00  3.1783E+00  3.3681E+00  5.1092E-01
  1.2752E+00  3.3038E+00  3.4841E+00  5.0487E-01
  1.2830E+00  3.4311E+00  3.6022E+00  4.9817E-01
  1.2908E+00  3.5603E+00  3.7224E+00  4.9085E-01
  1.2987E+00  3.6914E+00  3.8445E+00  4.8291E-01
  1.3067E+00  3.8243E+00  3.9687E+00  4.7437E-01
  1.3147E+00  3.9590E+00  4.0949E+00  4.6526E-01
  1.3227E+00  4.0955E+00  4.2230E+00  4.5560E-01
  1.3308E+00  4.2338E+00  4.3532E+00  4.4540E-01
  1.3389E+00  4.3738E+00  4.4853E+00  4.3469E-01
  1.3471E+00  4.5155E+00  4.6194E+00  4.2350E-01
  1.3554E+00  4.6589E+00  4.7554E+00  4.1185E-01
  1.3636E+00  4.8040E+00  4.8933E+00  3.9978E-01
  1.3720E+00  4.9506E+00  5.0332E+00  3.8730E-01
  1.3804E+00  5.0989E+00  5.1748E+00  3.7445E-01
  1.3888E+00  5.2488E+00  5.3183E+00  3.6126E-01
  1.3973E+00  5.4001E+00  5.4636E+00  3.4777E-01
  1.4059E+00  5.5529E+00  5.6107E+00  3.3399E-01
  1.4145E+00  5.7072E+00  5.7594E+00  3.1998E-01
  1.4231E+00  5.8628E+00  5.9099E+00  3.0574E-01
  1.4318E+00  6.0198E+00  6.0620E+00  2.9133E-01
  1.4406E+00  6.1781E+00  6.2156E+00  2.7676E-01
  1.4494E+00  6.3376E+00  6.3708E+00  2.6207E-01
  1.4582E+00  6.4983E+00  6.5275E+00  2.4729E-01
  1.4672E+00  6.6601E+00  6.6856E+00  2.3244E-01
  1.4761E+00  6.8231E+00  6.8451E+00  2.1755E-01
  1.4852E+00  6.9870E+00  7.0059E+00  2.0264E-01
  1.4942E+00  7.1518E+00  7.1679E+00  1.8773E-01
  1.5034E+00  7.3176E+00  7.3311E+00  1.7283E-01
  1.5126E+00  7.4842E+00  7.4953E+00  1.5798E-01
  1.5218E+00  7.6515E+00  7.6606E+00  1.4316E-01
  1.5311E+00  7.8194E+00  7.8268E+00  1.2840E-01
  1.5405E+00  7.9880E+00  7.9938E+00  1.1369E-01
  1.5499E+00  8.1571E+00  8.1615E+00  9.9036E-02
  1.5594E+00  8.3266E+00  8.3300E+00  8.4427E-02
  1.5689E+00  8.4965E+00  8.4989E+00  6.9855E-02
  1.5785E+00  8.6667E+00  8.6683E+00  5.5304E-02
  1.5882E+00  8.8370E+00  8.8381E+00  4.0755E-02
  1.5979E+00  9.0074E+00  9.0081E+00  2.6184E-02
  1.6077E+00  9.1778E+00  9.1782E+00  1.1561E-02
  1.6175E+00  9.3481E+00  9.3483E+00 -3.1455E-03
  1.6274E+00  9.5182E+00  9.5182E+00 -1.7973E-02
  1.6373E+00  9.6879E+00  9.6880E+00 -3.2960E-02
  1.6473E+00  9.8573E+00  9.8573E+00 -4.5773E-02
  1.6574E+00  1.0026E+01  1.0026E+01 -4.2682E-02
  1.6675E+00  1.0194E+01  1.0194E+01 -3.7299E-02
  1.6777E+00  1.0362E+01  1.0362E+01 -3.2728E-02
  1.6880E+00  1.0528E+01  1.0528E+01 -2.7294E-02
  1.6983E+00  1.0694E+01  1.0694E+01 -2.2012E-02
  1.7087E+00  1.0859E+01  1.0859E+01 -1.7235E-02
  1.7192E+00  1.1022E+01  1.1022E+01 -1.2999E-02
  1.7297E+00  1.1184E+01  1.1184E+01 -9.3565E-03
  1.7403E+00  1.1345E+01  1.1345E+01 -6.3399E-03
  1.7509E+00  1.1504E+01  1.1504E+01 -3.9636E-03
  1.7616E+00  1.1661E+01  1.1661E+01 -2.2162E-03
  1.7724E+00  1.1816E+01  1.1816E+01 -1.0566E-03
  1.7832E+00  1.1969E+01  1.1969E+01 -4.0746E-04
  1.7941E+00  1.2121E+01  1.2121E+01 -1.4907E-04
  1.8051E+00  1.2269E+01  1.2269E+01  0.0000E+00
  1.8161E+00  1.2416E+01  1.2416E+01  0.0000E+00
  1.8272E+00  1.2560E+01  1.2560E+01  0.0000E+00
  1.8384E+00  1.2701E+01  1.2701E+01  0.0000E+00
  1.8497E+00  1.2839E+01  1.2839E+01  0.0000E+00
  1.8610E+00  1.2975E+01  1.2975E+01  0.0000E+00
  1.8723E+00  1.3107E+01  1.3107E+01  0.0000E+00
  1.8838E+00  1.3236E+01  1.3236E+01  0.0000E+00
  1.8953E+00  1.3361E+01  1.3361E+01  0.0000E+00
  1.9069E+00  1.3483E+01  1.3483E+01  0.0000E+00
  1.9186E+00  1.3601E+01  1.3601E+01  0.0000E+00
  1.9303E+00  1.3715E+01  1.3715E+01  0.0000E+00
  1.9421E+00  1.3825E+01  1.3825E+01  0.0000E+00
  1.9540E+00  1.3930E+01  1.3930E+01  0.0000E+00
  1.9659E+00  1.4031E+01  1.4031E+01  0.0000E+00
  1.9779E+00  1.4128E+01  1.4128E+01  0.0000E+00
  1.9900E+00  1.4220E+01  1.4220E+01  0.0000E+00
  2.0022E+00  1.4307E+01  1.4307E+01  0.0000E+00
  2.0145E+00  1.4389E+01  1.4389E+01  0.0000E+00
  2.0268E+00  1.4465E+01  1.4465E+01  0.0000E+00
  2.0392E+00  1.4537E+01  1.4537E+01  0.0000E+00
  2.0516E+00  1.4602E+01  1.4602E+01  0.0000E+00
  2.0642E+00  1.4662E+01  1.4662E+01  0.0000E+00
  2.0768E+00  1.4716E+01  1.4716E+01  0.0000E+00
  2.0895E+00  1.4764E+01  1.4764E+01  0.0000E+00
  2.1023E+00  1.4806E+01  1.4806E+01  0.0000E+00
  2.1151E+00  1.4842E+01  1.4842E+01  0.0000E+00
  2.1281E+00  1.4871E+01  1.4871E+01  0.0000E+00
  2.1411E+00  1.4894E+01  1.4894E+01  0.0000E+00
  2.1542E+00  1.4909E+01  1.4909E+01  0.0000E+00
  2.1673E+00  1.4918E+01  1.4918E+01  0.0000E+00
  2.1806E+00  1.4920E+01  1.4920E+01  0.0000E+00
  2.1939E+00  1.4914E+01  1.4914E+01  0.0000E+00
  2.2073E+00  1.4902E+01  1.4902E+01  0.0000E+00
  2.2208E+00  1.4881E+01  1.4881E+01  0.0000E+00
  2.2344E+00  1.4854E+01  1.4854E+01  0.0000E+00
  2.2481E+00  1.4818E+01  1.4818E+01  0.0000E+00
  2.2618E+00  1.4775E+01  1.4775E+01  0.0000E+00
  2.2757E+00  1.4724E+01  1.4724E+01  0.0000E+00
  2.2896E+00  1.4664E+01  1.4664E+01  0.0000E+00
  2.3036E+00  1.4597E+01  1.4597E+01  0.0000E+00
  2.3177E+00  1.4521E+01  1.4521E+01  0.0000E+00
  2.3318E+00  1.4438E+01  1.4438E+01  0.0000E+00
  2.3461E+00  1.4345E+01  1.4345E+01  0.0000E+00
  2.3604E+00  1.4245E+01  1.4245E+01  0.0000E+00
  2.3749E+00  1.4135E+01  1.4135E+01  0.0000E+00
  2.3894E+00  1.4018E+01  1.4018E+01  0.0000E+00
  2.4040E+00  1.3891E+01  1.3891E+01  0.0000E+00
  2.4187E+00  1.3756E+01  1.3756E+01  0.0000E+00
  2.4335E+00  1.3613E+01  1.3613E+01  0.0000E+00
  2.4484E+00  1.3461E+01  1.3461E+01  0.0000E+00
  2.4634E+00  1.3300E+01  1.3300E+01  0.0000E+00
  2.4784E+00  1.3130E+01  1.3130E+01  0.0000E+00
  2.4936E+00  1.2952E+01  1.2952E+01  0.0000E+00
  2.5088E+00  1.2765E+01  1.2765E+01  0.0000E+00
  2.5242E+00  1.2569E+01  1.2569E+01  0.0000E+00
  2.5396E+00  1.2365E+01  1.2365E+01  0.0000E+00
  2.5551E+00  1.2153E+01  1.2153E+01  0.0000E+00
