 # l=           0 energy=  -5.00000000000000     
  0.0000E+00  0.0000E+00  0.0000E+00  0.0000E+00
  2.4843E-06  1.0428E-06  1.4887E-05  1.6900E-05
  4.9838E-06  2.0920E-06  2.9743E-05  3.3760E-05
  7.4986E-06  3.1477E-06  4.4646E-05  5.0663E-05
  1.0029E-05  4.2098E-06  5.9614E-05  6.7625E-05
  1.2574E-05  5.2783E-06  7.4290E-05  8.4244E-05
  1.5136E-05  6.3534E-06  8.9300E-05  1.0125E-04
  1.7712E-05  7.4351E-06  1.0442E-04  1.1839E-04
  2.0305E-05  8.5234E-06  1.1960E-04  1.3559E-04
  2.2913E-05  9.6184E-06  1.3487E-04  1.5289E-04
  2.5538E-05  1.0720E-05  1.5021E-04  1.7028E-04
  2.8178E-05  1.1828E-05  1.6564E-04  1.8776E-04
  3.0835E-05  1.2944E-05  1.8115E-04  2.0534E-04
  3.3508E-05  1.4066E-05  1.9675E-04  2.2302E-04
  3.6197E-05  1.5194E-05  2.1244E-04  2.4079E-04
  3.8902E-05  1.6330E-05  2.2821E-04  2.5867E-04
  4.1625E-05  1.7473E-05  2.4407E-04  2.7664E-04
  4.4363E-05  1.8622E-05  2.6002E-04  2.9472E-04
  4.7119E-05  1.9779E-05  2.7606E-04  3.1290E-04
  4.9891E-05  2.0943E-05  2.9219E-04  3.3118E-04
  5.2681E-05  2.2114E-05  3.0841E-04  3.4956E-04
  5.5487E-05  2.3292E-05  3.2473E-04  3.6805E-04
  5.8310E-05  2.4477E-05  3.4114E-04  3.8665E-04
  6.1151E-05  2.5669E-05  3.5764E-04  4.0535E-04
  6.4009E-05  2.6869E-05  3.7424E-04  4.2416E-04
  6.6885E-05  2.8076E-05  3.9093E-04  4.4308E-04
  6.9778E-05  2.9291E-05  4.0772E-04  4.6211E-04
  7.2689E-05  3.0513E-05  4.2460E-04  4.8125E-04
  7.5618E-05  3.1742E-05  4.4159E-04  5.0049E-04
  7.8565E-05  3.2979E-05  4.5867E-04  5.1985E-04
  8.1529E-05  3.4224E-05  4.7585E-04  5.3932E-04
  8.4512E-05  3.5476E-05  4.9313E-04  5.5891E-04
  8.7513E-05  3.6735E-05  5.1051E-04  5.7861E-04
  9.0532E-05  3.8003E-05  5.2799E-04  5.9842E-04
  9.3570E-05  3.9278E-05  5.4557E-04  6.1835E-04
  9.6626E-05  4.0561E-05  5.6326E-04  6.3839E-04
  9.9701E-05  4.1852E-05  5.8105E-04  6.5855E-04
  1.0280E-04  4.3150E-05  5.9894E-04  6.7883E-04
  1.0591E-04  4.4457E-05  6.1694E-04  6.9923E-04
  1.0904E-04  4.5772E-05  6.3504E-04  7.1974E-04
  1.1219E-04  4.7094E-05  6.5325E-04  7.4038E-04
  1.1536E-04  4.8425E-05  6.7156E-04  7.6113E-04
  1.1855E-04  4.9764E-05  6.8998E-04  7.8201E-04
  1.2176E-04  5.1111E-05  7.0851E-04  8.0301E-04
  1.2499E-04  5.2466E-05  7.2715E-04  8.2413E-04
  1.2824E-04  5.3830E-05  7.4590E-04  8.4538E-04
  1.3151E-04  5.5202E-05  7.6476E-04  8.6675E-04
  1.3479E-04  5.6582E-05  7.8372E-04  8.8824E-04
  1.3810E-04  5.7971E-05  8.0280E-04  9.0987E-04
  1.4143E-04  5.9368E-05  8.2199E-04  9.3161E-04
  1.4478E-04  6.0774E-05  8.4129E-04  9.5349E-04
  1.4815E-04  6.2189E-05  8.6071E-04  9.7550E-04
  1.5154E-04  6.3612E-05  8.8024E-04  9.9763E-04
  1.5495E-04  6.5043E-05  8.9989E-04  1.0199E-03
  1.5838E-04  6.6484E-05  9.1965E-04  1.0423E-03
  1.6183E-04  6.7933E-05  9.3952E-04  1.0648E-03
  1.6531E-04  6.9391E-05  9.5952E-04  1.0875E-03
  1.6880E-04  7.0858E-05  9.7963E-04  1.1103E-03
  1.7232E-04  7.2334E-05  9.9986E-04  1.1332E-03
  1.7586E-04  7.3820E-05  1.0202E-03  1.1563E-03
  1.7942E-04  7.5314E-05  1.0407E-03  1.1794E-03
  1.8300E-04  7.6817E-05  1.0613E-03  1.2028E-03
  1.8660E-04  7.8329E-05  1.0820E-03  1.2263E-03
  1.9023E-04  7.9851E-05  1.1028E-03  1.2499E-03
  1.9387E-04  8.1382E-05  1.1238E-03  1.2736E-03
  1.9754E-04  8.2923E-05  1.1448E-03  1.2975E-03
  2.0123E-04  8.4472E-05  1.1660E-03  1.3215E-03
  2.0495E-04  8.6032E-05  1.1874E-03  1.3457E-03
  2.0869E-04  8.7600E-05  1.2088E-03  1.3700E-03
  2.1245E-04  8.9179E-05  1.2304E-03  1.3945E-03
  2.1623E-04  9.0767E-05  1.2521E-03  1.4191E-03
  2.2004E-04  9.2365E-05  1.2739E-03  1.4438E-03
  2.2387E-04  9.3972E-05  1.2959E-03  1.4687E-03
  2.2772E-04  9.5590E-05  1.3180E-03  1.4937E-03
  2.3160E-04  9.7217E-05  1.3402E-03  1.5189E-03
  2.3550E-04  9.8854E-05  1.3626E-03  1.5442E-03
  2.3942E-04  1.0050E-04  1.3851E-03  1.5697E-03
  2.4337E-04  1.0216E-04  1.4077E-03  1.5954E-03
  2.4734E-04  1.0383E-04  1.4304E-03  1.6211E-03
  2.5134E-04  1.0550E-04  1.4533E-03  1.6471E-03
  2.5536E-04  1.0719E-04  1.4763E-03  1.6732E-03
  2.5940E-04  1.0889E-04  1.4995E-03  1.6994E-03
  2.6347E-04  1.1060E-04  1.5228E-03  1.7258E-03
  2.6757E-04  1.1232E-04  1.5462E-03  1.7523E-03
  2.7169E-04  1.1405E-04  1.5698E-03  1.7791E-03
  2.7583E-04  1.1579E-04  1.5935E-03  1.8059E-03
  2.8000E-04  1.1754E-04  1.6173E-03  1.8329E-03
  2.8420E-04  1.1930E-04  1.6413E-03  1.8601E-03
  2.8842E-04  1.2107E-04  1.6654E-03  1.8875E-03
  2.9267E-04  1.2285E-04  1.6897E-03  1.9150E-03
  2.9694E-04  1.2465E-04  1.7141E-03  1.9426E-03
  3.0124E-04  1.2645E-04  1.7387E-03  1.9705E-03
  3.0557E-04  1.2827E-04  1.7634E-03  1.9985E-03
  3.0992E-04  1.3010E-04  1.7882E-03  2.0266E-03
  3.1430E-04  1.3193E-04  1.8132E-03  2.0549E-03
  3.1871E-04  1.3378E-04  1.8384E-03  2.0834E-03
  3.2314E-04  1.3564E-04  1.8637E-03  2.1121E-03
  3.2760E-04  1.3752E-04  1.8891E-03  2.1409E-03
  3.3209E-04  1.3940E-04  1.9147E-03  2.1699E-03
  3.3660E-04  1.4130E-04  1.9404E-03  2.1991E-03
  3.4114E-04  1.4320E-04  1.9663E-03  2.2284E-03
  3.4571E-04  1.4512E-04  1.9924E-03  2.2580E-03
  3.5031E-04  1.4705E-04  2.0186E-03  2.2876E-03
  3.5494E-04  1.4899E-04  2.0449E-03  2.3175E-03
  3.5959E-04  1.5095E-04  2.0714E-03  2.3475E-03
  3.6427E-04  1.5291E-04  2.0981E-03  2.3778E-03
  3.6899E-04  1.5489E-04  2.1249E-03  2.4082E-03
  3.7373E-04  1.5688E-04  2.1519E-03  2.4387E-03
  3.7850E-04  1.5888E-04  2.1790E-03  2.4695E-03
  3.8329E-04  1.6090E-04  2.2063E-03  2.5004E-03
  3.8812E-04  1.6292E-04  2.2338E-03  2.5315E-03
  3.9298E-04  1.6496E-04  2.2614E-03  2.5628E-03
  3.9787E-04  1.6701E-04  2.2892E-03  2.5943E-03
  4.0278E-04  1.6908E-04  2.3171E-03  2.6260E-03
  4.0773E-04  1.7115E-04  2.3452E-03  2.6578E-03
  4.1271E-04  1.7324E-04  2.3735E-03  2.6899E-03
  4.1771E-04  1.7534E-04  2.4019E-03  2.7221E-03
  4.2275E-04  1.7746E-04  2.4306E-03  2.7545E-03
  4.2782E-04  1.7959E-04  2.4593E-03  2.7872E-03
  4.3292E-04  1.8173E-04  2.4883E-03  2.8200E-03
  4.3805E-04  1.8388E-04  2.5174E-03  2.8530E-03
  4.4321E-04  1.8605E-04  2.5467E-03  2.8861E-03
  4.4841E-04  1.8823E-04  2.5762E-03  2.9195E-03
  4.5363E-04  1.9042E-04  2.6058E-03  2.9531E-03
  4.5889E-04  1.9263E-04  2.6356E-03  2.9869E-03
  4.6418E-04  1.9485E-04  2.6656E-03  3.0209E-03
  4.6950E-04  1.9708E-04  2.6958E-03  3.0551E-03
  4.7486E-04  1.9933E-04  2.7261E-03  3.0894E-03
  4.8025E-04  2.0159E-04  2.7566E-03  3.1240E-03
  4.8567E-04  2.0387E-04  2.7873E-03  3.1588E-03
  4.9112E-04  2.0616E-04  2.8182E-03  3.1938E-03
  4.9661E-04  2.0846E-04  2.8492E-03  3.2290E-03
  5.0213E-04  2.1078E-04  2.8805E-03  3.2644E-03
  5.0768E-04  2.1311E-04  2.9119E-03  3.3000E-03
  5.1327E-04  2.1546E-04  2.9435E-03  3.3358E-03
  5.1889E-04  2.1782E-04  2.9753E-03  3.3719E-03
  5.2455E-04  2.2019E-04  3.0073E-03  3.4081E-03
  5.3024E-04  2.2258E-04  3.0395E-03  3.4446E-03
  5.3597E-04  2.2498E-04  3.0718E-03  3.4812E-03
  5.4173E-04  2.2740E-04  3.1044E-03  3.5181E-03
  5.4752E-04  2.2983E-04  3.1371E-03  3.5552E-03
  5.5336E-04  2.3228E-04  3.1701E-03  3.5925E-03
  5.5922E-04  2.3475E-04  3.2032E-03  3.6301E-03
  5.6513E-04  2.3722E-04  3.2365E-03  3.6678E-03
  5.7107E-04  2.3972E-04  3.2700E-03  3.7058E-03
  5.7704E-04  2.4222E-04  3.3037E-03  3.7440E-03
  5.8305E-04  2.4475E-04  3.3376E-03  3.7825E-03
  5.8910E-04  2.4729E-04  3.3718E-03  3.8211E-03
  5.9519E-04  2.4984E-04  3.4061E-03  3.8600E-03
  6.0131E-04  2.5241E-04  3.4406E-03  3.8991E-03
  6.0747E-04  2.5500E-04  3.4753E-03  3.9384E-03
  6.1367E-04  2.5760E-04  3.5102E-03  3.9780E-03
  6.1991E-04  2.6022E-04  3.5453E-03  4.0178E-03
  6.2618E-04  2.6285E-04  3.5807E-03  4.0578E-03
  6.3249E-04  2.6550E-04  3.6162E-03  4.0981E-03
  6.3884E-04  2.6817E-04  3.6519E-03  4.1386E-03
  6.4523E-04  2.7085E-04  3.6879E-03  4.1794E-03
  6.5166E-04  2.7355E-04  3.7241E-03  4.2203E-03
  6.5813E-04  2.7626E-04  3.7604E-03  4.2616E-03
  6.6464E-04  2.7900E-04  3.7970E-03  4.3030E-03
  6.7119E-04  2.8174E-04  3.8338E-03  4.3447E-03
  6.7778E-04  2.8451E-04  3.8708E-03  4.3867E-03
  6.8440E-04  2.8729E-04  3.9081E-03  4.4289E-03
  6.9107E-04  2.9009E-04  3.9455E-03  4.4713E-03
  6.9778E-04  2.9291E-04  3.9832E-03  4.5140E-03
  7.0453E-04  2.9574E-04  4.0211E-03  4.5569E-03
  7.1132E-04  2.9859E-04  4.0592E-03  4.6001E-03
  7.1816E-04  3.0146E-04  4.0975E-03  4.6436E-03
  7.2503E-04  3.0435E-04  4.1361E-03  4.6872E-03
  7.3195E-04  3.0725E-04  4.1749E-03  4.7312E-03
  7.3891E-04  3.1017E-04  4.2139E-03  4.7754E-03
  7.4591E-04  3.1311E-04  4.2531E-03  4.8199E-03
  7.5295E-04  3.1607E-04  4.2926E-03  4.8646E-03
  7.6004E-04  3.1904E-04  4.3323E-03  4.9096E-03
  7.6717E-04  3.2204E-04  4.3723E-03  4.9548E-03
  7.7435E-04  3.2505E-04  4.4124E-03  5.0003E-03
  7.8157E-04  3.2808E-04  4.4528E-03  5.0461E-03
  7.8883E-04  3.3113E-04  4.4935E-03  5.0922E-03
  7.9614E-04  3.3419E-04  4.5343E-03  5.1385E-03
  8.0349E-04  3.3728E-04  4.5754E-03  5.1851E-03
  8.1088E-04  3.4039E-04  4.6168E-03  5.2319E-03
  8.1833E-04  3.4351E-04  4.6584E-03  5.2791E-03
  8.2581E-04  3.4665E-04  4.7002E-03  5.3265E-03
  8.3335E-04  3.4981E-04  4.7423E-03  5.3741E-03
  8.4093E-04  3.5300E-04  4.7846E-03  5.4221E-03
  8.4855E-04  3.5620E-04  4.8272E-03  5.4703E-03
  8.5622E-04  3.5942E-04  4.8700E-03  5.5189E-03
  8.6394E-04  3.6266E-04  4.9131E-03  5.5677E-03
  8.7171E-04  3.6592E-04  4.9564E-03  5.6167E-03
  8.7952E-04  3.6920E-04  5.0000E-03  5.6661E-03
  8.8738E-04  3.7250E-04  5.0438E-03  5.7158E-03
  8.9529E-04  3.7582E-04  5.0879E-03  5.7657E-03
  9.0325E-04  3.7916E-04  5.1322E-03  5.8160E-03
  9.1126E-04  3.8252E-04  5.1768E-03  5.8665E-03
  9.1931E-04  3.8590E-04  5.2217E-03  5.9173E-03
  9.2742E-04  3.8930E-04  5.2668E-03  5.9684E-03
  9.3557E-04  3.9273E-04  5.3121E-03  6.0199E-03
  9.4378E-04  3.9617E-04  5.3578E-03  6.0716E-03
  9.5203E-04  3.9963E-04  5.4037E-03  6.1236E-03
  9.6034E-04  4.0312E-04  5.4499E-03  6.1759E-03
  9.6869E-04  4.0663E-04  5.4963E-03  6.2285E-03
  9.7710E-04  4.1016E-04  5.5430E-03  6.2814E-03
  9.8556E-04  4.1371E-04  5.5900E-03  6.3347E-03
  9.9407E-04  4.1728E-04  5.6372E-03  6.3882E-03
  1.0026E-03  4.2087E-04  5.6848E-03  6.4421E-03
  1.0112E-03  4.2449E-04  5.7326E-03  6.4962E-03
  1.0199E-03  4.2813E-04  5.7807E-03  6.5507E-03
  1.0286E-03  4.3179E-04  5.8290E-03  6.6055E-03
  1.0374E-03  4.3547E-04  5.8776E-03  6.6606E-03
  1.0462E-03  4.3918E-04  5.9266E-03  6.7161E-03
  1.0551E-03  4.4290E-04  5.9758E-03  6.7718E-03
  1.0640E-03  4.4665E-04  6.0253E-03  6.8279E-03
  1.0730E-03  4.5043E-04  6.0750E-03  6.8843E-03
  1.0821E-03  4.5422E-04  6.1251E-03  6.9410E-03
  1.0912E-03  4.5804E-04  6.1755E-03  6.9981E-03
  1.1003E-03  4.6189E-04  6.2261E-03  7.0554E-03
  1.1095E-03  4.6575E-04  6.2770E-03  7.1132E-03
  1.1188E-03  4.6964E-04  6.3283E-03  7.1712E-03
  1.1281E-03  4.7356E-04  6.3798E-03  7.2296E-03
  1.1375E-03  4.7750E-04  6.4316E-03  7.2883E-03
  1.1470E-03  4.8146E-04  6.4837E-03  7.3474E-03
  1.1565E-03  4.8545E-04  6.5362E-03  7.4068E-03
  1.1660E-03  4.8946E-04  6.5889E-03  7.4665E-03
  1.1756E-03  4.9349E-04  6.6419E-03  7.5266E-03
  1.1853E-03  4.9755E-04  6.6953E-03  7.5870E-03
  1.1950E-03  5.0164E-04  6.7489E-03  7.6478E-03
  1.2048E-03  5.0575E-04  6.8029E-03  7.7089E-03
  1.2147E-03  5.0988E-04  6.8571E-03  7.7704E-03
  1.2246E-03  5.1404E-04  6.9117E-03  7.8323E-03
  1.2345E-03  5.1823E-04  6.9666E-03  7.8945E-03
  1.2446E-03  5.2244E-04  7.0218E-03  7.9570E-03
  1.2547E-03  5.2667E-04  7.0773E-03  8.0199E-03
  1.2648E-03  5.3094E-04  7.1332E-03  8.0832E-03
  1.2750E-03  5.3523E-04  7.1893E-03  8.1468E-03
  1.2853E-03  5.3954E-04  7.2458E-03  8.2108E-03
  1.2957E-03  5.4388E-04  7.3026E-03  8.2752E-03
  1.3061E-03  5.4825E-04  7.3598E-03  8.3400E-03
  1.3165E-03  5.5265E-04  7.4172E-03  8.4051E-03
  1.3271E-03  5.5707E-04  7.4750E-03  8.4706E-03
  1.3377E-03  5.6152E-04  7.5332E-03  8.5364E-03
  1.3483E-03  5.6599E-04  7.5916E-03  8.6027E-03
  1.3591E-03  5.7049E-04  7.6504E-03  8.6693E-03
  1.3699E-03  5.7503E-04  7.7096E-03  8.7363E-03
  1.3807E-03  5.7958E-04  7.7690E-03  8.8037E-03
  1.3916E-03  5.8417E-04  7.8289E-03  8.8714E-03
  1.4026E-03  5.8878E-04  7.8890E-03  8.9396E-03
  1.4137E-03  5.9343E-04  7.9495E-03  9.0082E-03
  1.4248E-03  5.9810E-04  8.0104E-03  9.0771E-03
  1.4360E-03  6.0280E-04  8.0716E-03  9.1464E-03
  1.4473E-03  6.0753E-04  8.1331E-03  9.2162E-03
  1.4586E-03  6.1228E-04  8.1950E-03  9.2863E-03
  1.4700E-03  6.1707E-04  8.2573E-03  9.3568E-03
  1.4815E-03  6.2188E-04  8.3199E-03  9.4278E-03
  1.4930E-03  6.2673E-04  8.3829E-03  9.4991E-03
  1.5046E-03  6.3160E-04  8.4462E-03  9.5709E-03
  1.5163E-03  6.3651E-04  8.5099E-03  9.6430E-03
  1.5281E-03  6.4144E-04  8.5739E-03  9.7156E-03
  1.5399E-03  6.4641E-04  8.6383E-03  9.7886E-03
  1.5518E-03  6.5140E-04  8.7031E-03  9.8620E-03
  1.5638E-03  6.5643E-04  8.7683E-03  9.9358E-03
  1.5758E-03  6.6148E-04  8.8338E-03  1.0010E-02
  1.5879E-03  6.6657E-04  8.8997E-03  1.0085E-02
  1.6001E-03  6.7169E-04  8.9660E-03  1.0160E-02
  1.6124E-03  6.7684E-04  9.0326E-03  1.0235E-02
  1.6247E-03  6.8202E-04  9.0996E-03  1.0311E-02
  1.6372E-03  6.8723E-04  9.1671E-03  1.0388E-02
  1.6497E-03  6.9248E-04  9.2349E-03  1.0464E-02
  1.6622E-03  6.9775E-04  9.3030E-03  1.0542E-02
  1.6749E-03  7.0306E-04  9.3716E-03  1.0619E-02
  1.6876E-03  7.0840E-04  9.4406E-03  1.0697E-02
  1.7004E-03  7.1378E-04  9.5099E-03  1.0776E-02
  1.7133E-03  7.1918E-04  9.5796E-03  1.0855E-02
  1.7262E-03  7.2462E-04  9.6498E-03  1.0934E-02
  1.7393E-03  7.3009E-04  9.7203E-03  1.1014E-02
  1.7524E-03  7.3560E-04  9.7912E-03  1.1095E-02
  1.7656E-03  7.4114E-04  9.8626E-03  1.1176E-02
  1.7789E-03  7.4672E-04  9.9343E-03  1.1257E-02
  1.7922E-03  7.5232E-04  1.0006E-02  1.1339E-02
  1.8057E-03  7.5797E-04  1.0079E-02  1.1421E-02
  1.8192E-03  7.6364E-04  1.0152E-02  1.1503E-02
  1.8328E-03  7.6935E-04  1.0225E-02  1.1587E-02
  1.8465E-03  7.7510E-04  1.0299E-02  1.1670E-02
  1.8603E-03  7.8088E-04  1.0373E-02  1.1754E-02
  1.8741E-03  7.8670E-04  1.0448E-02  1.1839E-02
  1.8881E-03  7.9255E-04  1.0523E-02  1.1924E-02
  1.9021E-03  7.9844E-04  1.0598E-02  1.2009E-02
  1.9162E-03  8.0436E-04  1.0674E-02  1.2095E-02
  1.9304E-03  8.1033E-04  1.0751E-02  1.2182E-02
  1.9447E-03  8.1632E-04  1.0827E-02  1.2269E-02
  1.9591E-03  8.2236E-04  1.0905E-02  1.2356E-02
  1.9735E-03  8.2843E-04  1.0982E-02  1.2444E-02
  1.9881E-03  8.3453E-04  1.1060E-02  1.2532E-02
  2.0027E-03  8.4068E-04  1.1139E-02  1.2621E-02
  2.0174E-03  8.4686E-04  1.1218E-02  1.2711E-02
  2.0323E-03  8.5308E-04  1.1297E-02  1.2801E-02
  2.0472E-03  8.5934E-04  1.1377E-02  1.2891E-02
  2.0622E-03  8.6564E-04  1.1457E-02  1.2982E-02
  2.0773E-03  8.7197E-04  1.1538E-02  1.3073E-02
  2.0924E-03  8.7835E-04  1.1619E-02  1.3165E-02
  2.1077E-03  8.8476E-04  1.1701E-02  1.3258E-02
  2.1231E-03  8.9121E-04  1.1783E-02  1.3351E-02
  2.1386E-03  8.9770E-04  1.1865E-02  1.3444E-02
  2.1541E-03  9.0423E-04  1.1948E-02  1.3538E-02
  2.1698E-03  9.1080E-04  1.2032E-02  1.3633E-02
  2.1855E-03  9.1742E-04  1.2116E-02  1.3728E-02
  2.2014E-03  9.2407E-04  1.2200E-02  1.3824E-02
  2.2173E-03  9.3076E-04  1.2285E-02  1.3920E-02
  2.2334E-03  9.3749E-04  1.2370E-02  1.4016E-02
  2.2495E-03  9.4427E-04  1.2456E-02  1.4114E-02
  2.2657E-03  9.5108E-04  1.2542E-02  1.4211E-02
  2.2821E-03  9.5794E-04  1.2629E-02  1.4310E-02
  2.2985E-03  9.6484E-04  1.2716E-02  1.4409E-02
  2.3150E-03  9.7178E-04  1.2804E-02  1.4508E-02
  2.3317E-03  9.7877E-04  1.2892E-02  1.4608E-02
  2.3484E-03  9.8579E-04  1.2981E-02  1.4708E-02
  2.3653E-03  9.9286E-04  1.3070E-02  1.4809E-02
  2.3822E-03  9.9998E-04  1.3160E-02  1.4911E-02
  2.3992E-03  1.0071E-03  1.3250E-02  1.5013E-02
  2.4164E-03  1.0143E-03  1.3341E-02  1.5116E-02
  2.4337E-03  1.0216E-03  1.3432E-02  1.5219E-02
  2.4510E-03  1.0289E-03  1.3524E-02  1.5323E-02
  2.4685E-03  1.0362E-03  1.3616E-02  1.5428E-02
  2.4861E-03  1.0436E-03  1.3709E-02  1.5533E-02
  2.5038E-03  1.0510E-03  1.3802E-02  1.5638E-02
  2.5215E-03  1.0585E-03  1.3896E-02  1.5744E-02
  2.5394E-03  1.0660E-03  1.3990E-02  1.5851E-02
  2.5575E-03  1.0735E-03  1.4085E-02  1.5959E-02
  2.5756E-03  1.0811E-03  1.4180E-02  1.6066E-02
  2.5938E-03  1.0888E-03  1.4276E-02  1.6175E-02
  2.6121E-03  1.0965E-03  1.4372E-02  1.6284E-02
  2.6306E-03  1.1042E-03  1.4469E-02  1.6394E-02
  2.6492E-03  1.1120E-03  1.4566E-02  1.6504E-02
  2.6679E-03  1.1199E-03  1.4664E-02  1.6615E-02
  2.6866E-03  1.1278E-03  1.4763E-02  1.6727E-02
  2.7056E-03  1.1357E-03  1.4862E-02  1.6839E-02
  2.7246E-03  1.1437E-03  1.4961E-02  1.6952E-02
  2.7437E-03  1.1517E-03  1.5062E-02  1.7065E-02
  2.7630E-03  1.1598E-03  1.5162E-02  1.7179E-02
  2.7824E-03  1.1679E-03  1.5263E-02  1.7294E-02
  2.8019E-03  1.1761E-03  1.5365E-02  1.7409E-02
  2.8215E-03  1.1844E-03  1.5467E-02  1.7525E-02
  2.8412E-03  1.1926E-03  1.5570E-02  1.7642E-02
  2.8611E-03  1.2010E-03  1.5674E-02  1.7759E-02
  2.8810E-03  1.2094E-03  1.5778E-02  1.7877E-02
  2.9011E-03  1.2178E-03  1.5882E-02  1.7995E-02
  2.9214E-03  1.2263E-03  1.5988E-02  1.8114E-02
  2.9417E-03  1.2348E-03  1.6093E-02  1.8234E-02
  2.9622E-03  1.2434E-03  1.6200E-02  1.8354E-02
  2.9828E-03  1.2521E-03  1.6306E-02  1.8475E-02
  3.0035E-03  1.2608E-03  1.6414E-02  1.8597E-02
  3.0243E-03  1.2695E-03  1.6522E-02  1.8719E-02
  3.0453E-03  1.2783E-03  1.6630E-02  1.8842E-02
  3.0664E-03  1.2872E-03  1.6740E-02  1.8966E-02
  3.0876E-03  1.2961E-03  1.6849E-02  1.9090E-02
  3.1090E-03  1.3051E-03  1.6960E-02  1.9215E-02
  3.1305E-03  1.3141E-03  1.7071E-02  1.9341E-02
  3.1521E-03  1.3232E-03  1.7182E-02  1.9467E-02
  3.1739E-03  1.3323E-03  1.7295E-02  1.9594E-02
  3.1958E-03  1.3415E-03  1.7407E-02  1.9722E-02
  3.2178E-03  1.3507E-03  1.7521E-02  1.9851E-02
  3.2399E-03  1.3600E-03  1.7635E-02  1.9980E-02
  3.2622E-03  1.3694E-03  1.7749E-02  2.0110E-02
  3.2847E-03  1.3788E-03  1.7865E-02  2.0240E-02
  3.3072E-03  1.3883E-03  1.7980E-02  2.0371E-02
  3.3299E-03  1.3978E-03  1.8097E-02  2.0503E-02
  3.3528E-03  1.4074E-03  1.8214E-02  2.0636E-02
  3.3758E-03  1.4170E-03  1.8332E-02  2.0769E-02
  3.3989E-03  1.4267E-03  1.8450E-02  2.0903E-02
  3.4221E-03  1.4365E-03  1.8569E-02  2.1038E-02
  3.4455E-03  1.4463E-03  1.8689E-02  2.1173E-02
  3.4691E-03  1.4562E-03  1.8809E-02  2.1309E-02
  3.4928E-03  1.4662E-03  1.8930E-02  2.1446E-02
  3.5166E-03  1.4762E-03  1.9051E-02  2.1584E-02
  3.5406E-03  1.4862E-03  1.9173E-02  2.1722E-02
  3.5647E-03  1.4964E-03  1.9296E-02  2.1862E-02
  3.5890E-03  1.5066E-03  1.9420E-02  2.2001E-02
  3.6134E-03  1.5168E-03  1.9544E-02  2.2142E-02
  3.6380E-03  1.5271E-03  1.9669E-02  2.2283E-02
  3.6628E-03  1.5375E-03  1.9794E-02  2.2425E-02
  3.6876E-03  1.5479E-03  1.9920E-02  2.2568E-02
  3.7127E-03  1.5585E-03  2.0047E-02  2.2712E-02
  3.7378E-03  1.5690E-03  2.0174E-02  2.2856E-02
  3.7632E-03  1.5797E-03  2.0302E-02  2.3001E-02
  3.7887E-03  1.5904E-03  2.0431E-02  2.3147E-02
  3.8143E-03  1.6011E-03  2.0561E-02  2.3294E-02
  3.8401E-03  1.6120E-03  2.0691E-02  2.3441E-02
  3.8661E-03  1.6229E-03  2.0822E-02  2.3589E-02
  3.8922E-03  1.6338E-03  2.0953E-02  2.3738E-02
  3.9185E-03  1.6449E-03  2.1085E-02  2.3888E-02
  3.9449E-03  1.6560E-03  2.1218E-02  2.4038E-02
  3.9715E-03  1.6671E-03  2.1352E-02  2.4190E-02
  3.9983E-03  1.6784E-03  2.1486E-02  2.4342E-02
  4.0252E-03  1.6897E-03  2.1621E-02  2.4495E-02
  4.0523E-03  1.7010E-03  2.1757E-02  2.4648E-02
  4.0796E-03  1.7125E-03  2.1893E-02  2.4803E-02
  4.1070E-03  1.7240E-03  2.2030E-02  2.4958E-02
  4.1346E-03  1.7356E-03  2.2168E-02  2.5114E-02
  4.1624E-03  1.7472E-03  2.2307E-02  2.5271E-02
  4.1903E-03  1.7589E-03  2.2446E-02  2.5429E-02
  4.2184E-03  1.7707E-03  2.2586E-02  2.5587E-02
  4.2467E-03  1.7826E-03  2.2727E-02  2.5747E-02
  4.2751E-03  1.7946E-03  2.2868E-02  2.5907E-02
  4.3037E-03  1.8066E-03  2.3010E-02  2.6068E-02
  4.3325E-03  1.8187E-03  2.3153E-02  2.6229E-02
  4.3615E-03  1.8308E-03  2.3297E-02  2.6392E-02
  4.3907E-03  1.8431E-03  2.3441E-02  2.6556E-02
  4.4200E-03  1.8554E-03  2.3586E-02  2.6720E-02
  4.4495E-03  1.8678E-03  2.3732E-02  2.6885E-02
  4.4792E-03  1.8802E-03  2.3879E-02  2.7051E-02
  4.5090E-03  1.8927E-03  2.4026E-02  2.7218E-02
  4.5391E-03  1.9054E-03  2.4174E-02  2.7386E-02
  4.5693E-03  1.9181E-03  2.4323E-02  2.7554E-02
  4.5998E-03  1.9308E-03  2.4473E-02  2.7724E-02
  4.6304E-03  1.9437E-03  2.4623E-02  2.7894E-02
  4.6612E-03  1.9566E-03  2.4774E-02  2.8065E-02
  4.6921E-03  1.9696E-03  2.4926E-02  2.8237E-02
  4.7233E-03  1.9827E-03  2.5079E-02  2.8410E-02
  4.7547E-03  1.9959E-03  2.5232E-02  2.8584E-02
  4.7862E-03  2.0091E-03  2.5386E-02  2.8758E-02
  4.8180E-03  2.0224E-03  2.5541E-02  2.8934E-02
  4.8499E-03  2.0358E-03  2.5697E-02  2.9110E-02
  4.8820E-03  2.0493E-03  2.5854E-02  2.9288E-02
  4.9144E-03  2.0629E-03  2.6011E-02  2.9466E-02
  4.9469E-03  2.0765E-03  2.6169E-02  2.9645E-02
  4.9796E-03  2.0903E-03  2.6328E-02  2.9825E-02
  5.0126E-03  2.1041E-03  2.6488E-02  3.0006E-02
  5.0457E-03  2.1180E-03  2.6649E-02  3.0188E-02
  5.0790E-03  2.1320E-03  2.6810E-02  3.0370E-02
  5.1126E-03  2.1461E-03  2.6972E-02  3.0554E-02
  5.1463E-03  2.1602E-03  2.7135E-02  3.0738E-02
  5.1802E-03  2.1745E-03  2.7299E-02  3.0924E-02
  5.2144E-03  2.1888E-03  2.7463E-02  3.1110E-02
  5.2488E-03  2.2033E-03  2.7629E-02  3.1297E-02
  5.2833E-03  2.2178E-03  2.7795E-02  3.1486E-02
  5.3181E-03  2.2324E-03  2.7962E-02  3.1675E-02
  5.3531E-03  2.2471E-03  2.8130E-02  3.1865E-02
  5.3883E-03  2.2618E-03  2.8299E-02  3.2056E-02
  5.4238E-03  2.2767E-03  2.8468E-02  3.2248E-02
  5.4594E-03  2.2917E-03  2.8639E-02  3.2441E-02
  5.4953E-03  2.3067E-03  2.8810E-02  3.2635E-02
  5.5314E-03  2.3219E-03  2.8982E-02  3.2829E-02
  5.5677E-03  2.3371E-03  2.9155E-02  3.3025E-02
  5.6042E-03  2.3524E-03  2.9329E-02  3.3222E-02
  5.6409E-03  2.3679E-03  2.9503E-02  3.3419E-02
  5.6779E-03  2.3834E-03  2.9679E-02  3.3618E-02
  5.7151E-03  2.3990E-03  2.9855E-02  3.3818E-02
  5.7525E-03  2.4147E-03  3.0032E-02  3.4018E-02
  5.7902E-03  2.4305E-03  3.0210E-02  3.4220E-02
  5.8281E-03  2.4464E-03  3.0389E-02  3.4422E-02
  5.8662E-03  2.4624E-03  3.0569E-02  3.4626E-02
  5.9045E-03  2.4785E-03  3.0749E-02  3.4830E-02
  5.9431E-03  2.4947E-03  3.0931E-02  3.5036E-02
  5.9819E-03  2.5110E-03  3.1113E-02  3.5242E-02
  6.0210E-03  2.5274E-03  3.1296E-02  3.5449E-02
  6.0603E-03  2.5439E-03  3.1480E-02  3.5658E-02
  6.0998E-03  2.5605E-03  3.1665E-02  3.5867E-02
  6.1396E-03  2.5772E-03  3.1851E-02  3.6078E-02
  6.1796E-03  2.5940E-03  3.2038E-02  3.6289E-02
  6.2199E-03  2.6109E-03  3.2226E-02  3.6501E-02
  6.2604E-03  2.6279E-03  3.2414E-02  3.6715E-02
  6.3011E-03  2.6450E-03  3.2604E-02  3.6929E-02
  6.3422E-03  2.6622E-03  3.2794E-02  3.7145E-02
  6.3834E-03  2.6795E-03  3.2985E-02  3.7361E-02
  6.4249E-03  2.6970E-03  3.3177E-02  3.7579E-02
  6.4667E-03  2.7145E-03  3.3370E-02  3.7797E-02
  6.5087E-03  2.7321E-03  3.3564E-02  3.8017E-02
  6.5510E-03  2.7499E-03  3.3759E-02  3.8237E-02
  6.5935E-03  2.7677E-03  3.3955E-02  3.8459E-02
  6.6363E-03  2.7857E-03  3.4151E-02  3.8681E-02
  6.6794E-03  2.8038E-03  3.4349E-02  3.8905E-02
  6.7227E-03  2.8219E-03  3.4547E-02  3.9130E-02
  6.7663E-03  2.8402E-03  3.4747E-02  3.9355E-02
  6.8101E-03  2.8586E-03  3.4947E-02  3.9582E-02
  6.8543E-03  2.8772E-03  3.5148E-02  3.9810E-02
  6.8986E-03  2.8958E-03  3.5351E-02  4.0039E-02
  6.9433E-03  2.9145E-03  3.5554E-02  4.0269E-02
  6.9882E-03  2.9334E-03  3.5758E-02  4.0500E-02
  7.0334E-03  2.9524E-03  3.5963E-02  4.0732E-02
  7.0789E-03  2.9715E-03  3.6169E-02  4.0965E-02
  7.1247E-03  2.9907E-03  3.6376E-02  4.1199E-02
  7.1707E-03  3.0100E-03  3.6583E-02  4.1434E-02
  7.2171E-03  3.0295E-03  3.6792E-02  4.1670E-02
  7.2637E-03  3.0490E-03  3.7002E-02  4.1908E-02
  7.3106E-03  3.0687E-03  3.7212E-02  4.2146E-02
  7.3577E-03  3.0885E-03  3.7424E-02  4.2385E-02
  7.4052E-03  3.1084E-03  3.7637E-02  4.2626E-02
  7.4530E-03  3.1285E-03  3.7850E-02  4.2868E-02
  7.5010E-03  3.1486E-03  3.8065E-02  4.3110E-02
  7.5494E-03  3.1689E-03  3.8280E-02  4.3354E-02
  7.5980E-03  3.1893E-03  3.8496E-02  4.3599E-02
  7.6469E-03  3.2099E-03  3.8714E-02  4.3845E-02
  7.6962E-03  3.2306E-03  3.8932E-02  4.4092E-02
  7.7457E-03  3.2514E-03  3.9151E-02  4.4340E-02
  7.7956E-03  3.2723E-03  3.9371E-02  4.4589E-02
  7.8457E-03  3.2933E-03  3.9593E-02  4.4839E-02
  7.8961E-03  3.3145E-03  3.9815E-02  4.5091E-02
  7.9469E-03  3.3358E-03  4.0038E-02  4.5343E-02
  7.9980E-03  3.3572E-03  4.0262E-02  4.5597E-02
  8.0494E-03  3.3788E-03  4.0487E-02  4.5852E-02
  8.1011E-03  3.4005E-03  4.0713E-02  4.6107E-02
  8.1531E-03  3.4223E-03  4.0940E-02  4.6364E-02
  8.2054E-03  3.4443E-03  4.1168E-02  4.6622E-02
  8.2580E-03  3.4664E-03  4.1397E-02  4.6881E-02
  8.3110E-03  3.4886E-03  4.1627E-02  4.7141E-02
  8.3643E-03  3.5110E-03  4.1858E-02  4.7403E-02
  8.4179E-03  3.5335E-03  4.2090E-02  4.7665E-02
  8.4719E-03  3.5562E-03  4.2323E-02  4.7929E-02
  8.5262E-03  3.5789E-03  4.2557E-02  4.8193E-02
  8.5808E-03  3.6019E-03  4.2792E-02  4.8459E-02
  8.6357E-03  3.6249E-03  4.3027E-02  4.8726E-02
  8.6910E-03  3.6481E-03  4.3264E-02  4.8994E-02
  8.7466E-03  3.6715E-03  4.3502E-02  4.9263E-02
  8.8026E-03  3.6950E-03  4.3741E-02  4.9533E-02
  8.8589E-03  3.7186E-03  4.3981E-02  4.9805E-02
  8.9155E-03  3.7424E-03  4.4222E-02  5.0077E-02
  8.9725E-03  3.7663E-03  4.4464E-02  5.0351E-02
  9.0299E-03  3.7904E-03  4.4706E-02  5.0626E-02
  9.0876E-03  3.8146E-03  4.4950E-02  5.0901E-02
  9.1456E-03  3.8389E-03  4.5195E-02  5.1178E-02
  9.2040E-03  3.8634E-03  4.5441E-02  5.1457E-02
  9.2628E-03  3.8881E-03  4.5688E-02  5.1736E-02
  9.3219E-03  3.9129E-03  4.5936E-02  5.2016E-02
  9.3813E-03  3.9379E-03  4.6184E-02  5.2298E-02
  9.4412E-03  3.9630E-03  4.6434E-02  5.2580E-02
  9.5014E-03  3.9883E-03  4.6685E-02  5.2864E-02
  9.5620E-03  4.0137E-03  4.6937E-02  5.3149E-02
  9.6229E-03  4.0393E-03  4.7190E-02  5.3435E-02
  9.6842E-03  4.0650E-03  4.7444E-02  5.3722E-02
  9.7459E-03  4.0909E-03  4.7698E-02  5.4010E-02
  9.8080E-03  4.1170E-03  4.7954E-02  5.4300E-02
  9.8704E-03  4.1432E-03  4.8211E-02  5.4590E-02
  9.9333E-03  4.1695E-03  4.8469E-02  5.4882E-02
  9.9965E-03  4.1961E-03  4.8728E-02  5.5175E-02
  1.0060E-02  4.2228E-03  4.8988E-02  5.5469E-02
  1.0124E-02  4.2496E-03  4.9248E-02  5.5764E-02
  1.0188E-02  4.2766E-03  4.9510E-02  5.6060E-02
  1.0253E-02  4.3038E-03  4.9773E-02  5.6357E-02
  1.0318E-02  4.3312E-03  5.0037E-02  5.6655E-02
  1.0384E-02  4.3587E-03  5.0302E-02  5.6955E-02
  1.0450E-02  4.3864E-03  5.0568E-02  5.7256E-02
  1.0516E-02  4.4143E-03  5.0835E-02  5.7557E-02
  1.0583E-02  4.4423E-03  5.1102E-02  5.7860E-02
  1.0650E-02  4.4705E-03  5.1371E-02  5.8164E-02
  1.0718E-02  4.4989E-03  5.1641E-02  5.8470E-02
  1.0786E-02  4.5274E-03  5.1912E-02  5.8776E-02
  1.0854E-02  4.5561E-03  5.2184E-02  5.9083E-02
  1.0923E-02  4.5850E-03  5.2457E-02  5.9392E-02
  1.0992E-02  4.6141E-03  5.2731E-02  5.9702E-02
  1.1062E-02  4.6433E-03  5.3005E-02  6.0012E-02
  1.1132E-02  4.6728E-03  5.3281E-02  6.0324E-02
  1.1203E-02  4.7024E-03  5.3558E-02  6.0637E-02
  1.1274E-02  4.7322E-03  5.3836E-02  6.0951E-02
  1.1345E-02  4.7621E-03  5.4115E-02  6.1267E-02
  1.1417E-02  4.7923E-03  5.4394E-02  6.1583E-02
  1.1489E-02  4.8226E-03  5.4675E-02  6.1900E-02
  1.1562E-02  4.8532E-03  5.4957E-02  6.2219E-02
  1.1635E-02  4.8839E-03  5.5240E-02  6.2538E-02
  1.1709E-02  4.9148E-03  5.5523E-02  6.2859E-02
  1.1783E-02  4.9459E-03  5.5808E-02  6.3181E-02
  1.1857E-02  4.9771E-03  5.6093E-02  6.3504E-02
  1.1932E-02  5.0086E-03  5.6380E-02  6.3828E-02
  1.2008E-02  5.0403E-03  5.6668E-02  6.4153E-02
  1.2084E-02  5.0721E-03  5.6956E-02  6.4479E-02
  1.2160E-02  5.1042E-03  5.7246E-02  6.4807E-02
  1.2237E-02  5.1364E-03  5.7536E-02  6.5135E-02
  1.2314E-02  5.1689E-03  5.7828E-02  6.5464E-02
  1.2392E-02  5.2015E-03  5.8120E-02  6.5795E-02
  1.2470E-02  5.2343E-03  5.8413E-02  6.6126E-02
  1.2549E-02  5.2674E-03  5.8708E-02  6.6459E-02
  1.2628E-02  5.3006E-03  5.9003E-02  6.6793E-02
  1.2708E-02  5.3341E-03  5.9299E-02  6.7127E-02
  1.2788E-02  5.3677E-03  5.9596E-02  6.7463E-02
  1.2869E-02  5.4016E-03  5.9894E-02  6.7800E-02
  1.2950E-02  5.4356E-03  6.0193E-02  6.8138E-02
  1.3031E-02  5.4699E-03  6.0493E-02  6.8477E-02
  1.3114E-02  5.5044E-03  6.0794E-02  6.8817E-02
  1.3196E-02  5.5391E-03  6.1095E-02  6.9158E-02
  1.3279E-02  5.5740E-03  6.1398E-02  6.9500E-02
  1.3363E-02  5.6091E-03  6.1702E-02  6.9843E-02
  1.3447E-02  5.6444E-03  6.2006E-02  7.0187E-02
  1.3532E-02  5.6800E-03  6.2312E-02  7.0532E-02
  1.3617E-02  5.7157E-03  6.2618E-02  7.0878E-02
  1.3703E-02  5.7517E-03  6.2925E-02  7.1226E-02
  1.3789E-02  5.7879E-03  6.3233E-02  7.1574E-02
  1.3876E-02  5.8243E-03  6.3542E-02  7.1923E-02
  1.3963E-02  5.8610E-03  6.3852E-02  7.2273E-02
  1.4051E-02  5.8979E-03  6.4162E-02  7.2624E-02
  1.4140E-02  5.9350E-03  6.4474E-02  7.2976E-02
  1.4229E-02  5.9723E-03  6.4786E-02  7.3329E-02
  1.4318E-02  6.0098E-03  6.5100E-02  7.3683E-02
  1.4408E-02  6.0476E-03  6.5414E-02  7.4038E-02
  1.4499E-02  6.0856E-03  6.5729E-02  7.4394E-02
  1.4590E-02  6.1239E-03  6.6045E-02  7.4750E-02
  1.4681E-02  6.1623E-03  6.6361E-02  7.5108E-02
  1.4774E-02  6.2011E-03  6.6679E-02  7.5467E-02
  1.4866E-02  6.2400E-03  6.6997E-02  7.5826E-02
  1.4960E-02  6.2792E-03  6.7316E-02  7.6187E-02
  1.5054E-02  6.3186E-03  6.7636E-02  7.6548E-02
  1.5148E-02  6.3583E-03  6.7957E-02  7.6911E-02
  1.5243E-02  6.3982E-03  6.8279E-02  7.7274E-02
  1.5339E-02  6.4383E-03  6.8601E-02  7.7638E-02
  1.5435E-02  6.4787E-03  6.8924E-02  7.8003E-02
  1.5532E-02  6.5194E-03  6.9248E-02  7.8369E-02
  1.5630E-02  6.5603E-03  6.9572E-02  7.8735E-02
  1.5728E-02  6.6014E-03  6.9898E-02  7.9103E-02
  1.5826E-02  6.6428E-03  7.0224E-02  7.9471E-02
  1.5926E-02  6.6845E-03  7.0551E-02  7.9840E-02
  1.6025E-02  6.7264E-03  7.0878E-02  8.0210E-02
  1.6126E-02  6.7685E-03  7.1207E-02  8.0581E-02
  1.6227E-02  6.8109E-03  7.1536E-02  8.0952E-02
  1.6329E-02  6.8536E-03  7.1866E-02  8.1325E-02
  1.6431E-02  6.8966E-03  7.2196E-02  8.1698E-02
  1.6534E-02  6.9398E-03  7.2527E-02  8.2072E-02
  1.6637E-02  6.9832E-03  7.2859E-02  8.2446E-02
  1.6742E-02  7.0269E-03  7.3192E-02  8.2822E-02
  1.6846E-02  7.0709E-03  7.3525E-02  8.3198E-02
  1.6952E-02  7.1152E-03  7.3858E-02  8.3575E-02
  1.7058E-02  7.1597E-03  7.4193E-02  8.3952E-02
  1.7165E-02  7.2045E-03  7.4528E-02  8.4330E-02
  1.7272E-02  7.2496E-03  7.4864E-02  8.4709E-02
  1.7380E-02  7.2950E-03  7.5200E-02  8.5089E-02
  1.7489E-02  7.3406E-03  7.5537E-02  8.5469E-02
  1.7599E-02  7.3865E-03  7.5874E-02  8.5850E-02
  1.7709E-02  7.4327E-03  7.6212E-02  8.6232E-02
  1.7819E-02  7.4792E-03  7.6551E-02  8.6614E-02
  1.7931E-02  7.5259E-03  7.6890E-02  8.6997E-02
  1.8043E-02  7.5730E-03  7.7230E-02  8.7380E-02
  1.8156E-02  7.6203E-03  7.7570E-02  8.7764E-02
  1.8269E-02  7.6679E-03  7.7911E-02  8.8148E-02
  1.8383E-02  7.7159E-03  7.8252E-02  8.8533E-02
  1.8498E-02  7.7641E-03  7.8594E-02  8.8919E-02
  1.8614E-02  7.8126E-03  7.8936E-02  8.9305E-02
  1.8730E-02  7.8614E-03  7.9279E-02  8.9692E-02
  1.8847E-02  7.9104E-03  7.9622E-02  9.0079E-02
  1.8965E-02  7.9598E-03  7.9966E-02  9.0467E-02
  1.9083E-02  8.0095E-03  8.0310E-02  9.0855E-02
  1.9202E-02  8.0595E-03  8.0654E-02  9.1243E-02
  1.9322E-02  8.1098E-03  8.0999E-02  9.1632E-02
  1.9443E-02  8.1604E-03  8.1344E-02  9.2021E-02
  1.9564E-02  8.2114E-03  8.1690E-02  9.2411E-02
  1.9686E-02  8.2626E-03  8.2036E-02  9.2801E-02
  1.9809E-02  8.3141E-03  8.2382E-02  9.3192E-02
  1.9933E-02  8.3660E-03  8.2728E-02  9.3583E-02
  2.0057E-02  8.4182E-03  8.3075E-02  9.3974E-02
  2.0182E-02  8.4707E-03  8.3422E-02  9.4365E-02
  2.0308E-02  8.5235E-03  8.3770E-02  9.4757E-02
  2.0435E-02  8.5766E-03  8.4118E-02  9.5149E-02
  2.0562E-02  8.6301E-03  8.4466E-02  9.5541E-02
  2.0690E-02  8.6839E-03  8.4814E-02  9.5934E-02
  2.0819E-02  8.7380E-03  8.5162E-02  9.6327E-02
  2.0949E-02  8.7924E-03  8.5511E-02  9.6720E-02
  2.1080E-02  8.8472E-03  8.5860E-02  9.7113E-02
  2.1211E-02  8.9023E-03  8.6208E-02  9.7506E-02
  2.1343E-02  8.9578E-03  8.6558E-02  9.7899E-02
  2.1476E-02  9.0136E-03  8.6907E-02  9.8293E-02
  2.1610E-02  9.0697E-03  8.7256E-02  9.8687E-02
  2.1745E-02  9.1262E-03  8.7605E-02  9.9080E-02
  2.1880E-02  9.1830E-03  8.7955E-02  9.9474E-02
  2.2016E-02  9.2402E-03  8.8304E-02  9.9868E-02
  2.2153E-02  9.2977E-03  8.8654E-02  1.0026E-01
  2.2291E-02  9.3555E-03  8.9003E-02  1.0066E-01
  2.2430E-02  9.4138E-03  8.9353E-02  1.0105E-01
  2.2570E-02  9.4723E-03  8.9702E-02  1.0144E-01
  2.2710E-02  9.5313E-03  9.0052E-02  1.0184E-01
  2.2851E-02  9.5906E-03  9.0401E-02  1.0223E-01
  2.2994E-02  9.6502E-03  9.0750E-02  1.0262E-01
  2.3137E-02  9.7102E-03  9.1099E-02  1.0302E-01
  2.3281E-02  9.7706E-03  9.1448E-02  1.0341E-01
  2.3425E-02  9.8314E-03  9.1797E-02  1.0380E-01
  2.3571E-02  9.8925E-03  9.2146E-02  1.0419E-01
  2.3718E-02  9.9540E-03  9.2494E-02  1.0459E-01
  2.3865E-02  1.0016E-02  9.2842E-02  1.0498E-01
  2.4014E-02  1.0078E-02  9.3190E-02  1.0537E-01
  2.4163E-02  1.0141E-02  9.3538E-02  1.0576E-01
  2.4313E-02  1.0204E-02  9.3885E-02  1.0615E-01
  2.4464E-02  1.0267E-02  9.4232E-02  1.0654E-01
  2.4616E-02  1.0331E-02  9.4579E-02  1.0693E-01
  2.4769E-02  1.0395E-02  9.4925E-02  1.0732E-01
  2.4923E-02  1.0460E-02  9.5271E-02  1.0771E-01
  2.5078E-02  1.0525E-02  9.5616E-02  1.0810E-01
  2.5234E-02  1.0590E-02  9.5961E-02  1.0849E-01
  2.5391E-02  1.0656E-02  9.6306E-02  1.0888E-01
  2.5548E-02  1.0722E-02  9.6650E-02  1.0926E-01
  2.5707E-02  1.0789E-02  9.6993E-02  1.0965E-01
  2.5867E-02  1.0855E-02  9.7336E-02  1.1003E-01
  2.6027E-02  1.0923E-02  9.7679E-02  1.1042E-01
  2.6189E-02  1.0991E-02  9.8020E-02  1.1080E-01
  2.6352E-02  1.1059E-02  9.8361E-02  1.1119E-01
  2.6515E-02  1.1127E-02  9.8702E-02  1.1157E-01
  2.6680E-02  1.1197E-02  9.9042E-02  1.1195E-01
  2.6845E-02  1.1266E-02  9.9381E-02  1.1233E-01
  2.7012E-02  1.1336E-02  9.9719E-02  1.1271E-01
  2.7180E-02  1.1406E-02  1.0006E-01  1.1309E-01
  2.7348E-02  1.1477E-02  1.0039E-01  1.1347E-01
  2.7518E-02  1.1548E-02  1.0073E-01  1.1385E-01
  2.7689E-02  1.1620E-02  1.0106E-01  1.1422E-01
  2.7860E-02  1.1692E-02  1.0140E-01  1.1460E-01
  2.8033E-02  1.1764E-02  1.0173E-01  1.1497E-01
  2.8207E-02  1.1837E-02  1.0206E-01  1.1535E-01
  2.8382E-02  1.1911E-02  1.0239E-01  1.1572E-01
  2.8558E-02  1.1984E-02  1.0272E-01  1.1609E-01
  2.8735E-02  1.2059E-02  1.0305E-01  1.1646E-01
  2.8913E-02  1.2133E-02  1.0338E-01  1.1682E-01
  2.9093E-02  1.2208E-02  1.0371E-01  1.1719E-01
  2.9273E-02  1.2284E-02  1.0403E-01  1.1756E-01
  2.9454E-02  1.2360E-02  1.0436E-01  1.1792E-01
  2.9637E-02  1.2437E-02  1.0468E-01  1.1828E-01
  2.9821E-02  1.2514E-02  1.0500E-01  1.1864E-01
  3.0005E-02  1.2591E-02  1.0532E-01  1.1900E-01
  3.0191E-02  1.2669E-02  1.0564E-01  1.1936E-01
  3.0378E-02  1.2748E-02  1.0596E-01  1.1972E-01
  3.0567E-02  1.2827E-02  1.0628E-01  1.2007E-01
  3.0756E-02  1.2906E-02  1.0659E-01  1.2042E-01
  3.0946E-02  1.2986E-02  1.0690E-01  1.2078E-01
  3.1138E-02  1.3066E-02  1.0722E-01  1.2113E-01
  3.1331E-02  1.3147E-02  1.0753E-01  1.2147E-01
  3.1525E-02  1.3229E-02  1.0784E-01  1.2182E-01
  3.1720E-02  1.3310E-02  1.0814E-01  1.2216E-01
  3.1917E-02  1.3393E-02  1.0845E-01  1.2250E-01
  3.2114E-02  1.3476E-02  1.0875E-01  1.2284E-01
  3.2313E-02  1.3559E-02  1.0905E-01  1.2318E-01
  3.2513E-02  1.3643E-02  1.0935E-01  1.2352E-01
  3.2714E-02  1.3727E-02  1.0965E-01  1.2385E-01
  3.2917E-02  1.3812E-02  1.0995E-01  1.2418E-01
  3.3121E-02  1.3898E-02  1.1024E-01  1.2451E-01
  3.3326E-02  1.3984E-02  1.1054E-01  1.2484E-01
  3.3532E-02  1.4070E-02  1.1083E-01  1.2516E-01
  3.3739E-02  1.4157E-02  1.1111E-01  1.2549E-01
  3.3948E-02  1.4245E-02  1.1140E-01  1.2581E-01
  3.4158E-02  1.4333E-02  1.1169E-01  1.2612E-01
  3.4369E-02  1.4421E-02  1.1197E-01  1.2644E-01
  3.4582E-02  1.4510E-02  1.1225E-01  1.2675E-01
  3.4796E-02  1.4600E-02  1.1252E-01  1.2706E-01
  3.5011E-02  1.4690E-02  1.1280E-01  1.2737E-01
  3.5228E-02  1.4781E-02  1.1307E-01  1.2767E-01
  3.5446E-02  1.4872E-02  1.1334E-01  1.2797E-01
  3.5665E-02  1.4964E-02  1.1361E-01  1.2827E-01
  3.5885E-02  1.5057E-02  1.1388E-01  1.2857E-01
  3.6107E-02  1.5150E-02  1.1414E-01  1.2886E-01
  3.6330E-02  1.5243E-02  1.1440E-01  1.2915E-01
  3.6555E-02  1.5337E-02  1.1466E-01  1.2944E-01
  3.6781E-02  1.5432E-02  1.1491E-01  1.2972E-01
  3.7008E-02  1.5527E-02  1.1517E-01  1.3000E-01
  3.7237E-02  1.5623E-02  1.1541E-01  1.3028E-01
  3.7467E-02  1.5720E-02  1.1566E-01  1.3055E-01
  3.7699E-02  1.5817E-02  1.1591E-01  1.3082E-01
  3.7932E-02  1.5914E-02  1.1615E-01  1.3109E-01
  3.8166E-02  1.6013E-02  1.1638E-01  1.3135E-01
  3.8402E-02  1.6112E-02  1.1662E-01  1.3161E-01
  3.8639E-02  1.6211E-02  1.1685E-01  1.3187E-01
  3.8878E-02  1.6311E-02  1.1708E-01  1.3212E-01
  3.9118E-02  1.6412E-02  1.1730E-01  1.3237E-01
  3.9360E-02  1.6513E-02  1.1753E-01  1.3262E-01
  3.9603E-02  1.6615E-02  1.1775E-01  1.3286E-01
  3.9847E-02  1.6717E-02  1.1796E-01  1.3310E-01
  4.0094E-02  1.6820E-02  1.1817E-01  1.3334E-01
  4.0341E-02  1.6924E-02  1.1838E-01  1.3357E-01
  4.0590E-02  1.7029E-02  1.1859E-01  1.3379E-01
  4.0841E-02  1.7134E-02  1.1879E-01  1.3401E-01
  4.1093E-02  1.7239E-02  1.1899E-01  1.3423E-01
  4.1347E-02  1.7346E-02  1.1918E-01  1.3445E-01
  4.1602E-02  1.7453E-02  1.1937E-01  1.3466E-01
  4.1859E-02  1.7560E-02  1.1956E-01  1.3486E-01
  4.2117E-02  1.7668E-02  1.1974E-01  1.3506E-01
  4.2377E-02  1.7777E-02  1.1992E-01  1.3526E-01
  4.2639E-02  1.7887E-02  1.2010E-01  1.3545E-01
  4.2902E-02  1.7997E-02  1.2027E-01  1.3564E-01
  4.3167E-02  1.8108E-02  1.2043E-01  1.3582E-01
  4.3433E-02  1.8220E-02  1.2060E-01  1.3600E-01
  4.3701E-02  1.8332E-02  1.2075E-01  1.3617E-01
  4.3971E-02  1.8445E-02  1.2091E-01  1.3634E-01
  4.4242E-02  1.8559E-02  1.2106E-01  1.3650E-01
  4.4515E-02  1.8673E-02  1.2120E-01  1.3666E-01
  4.4790E-02  1.8788E-02  1.2135E-01  1.3681E-01
  4.5066E-02  1.8904E-02  1.2148E-01  1.3696E-01
  4.5344E-02  1.9020E-02  1.2162E-01  1.3710E-01
  4.5624E-02  1.9137E-02  1.2174E-01  1.3724E-01
  4.5905E-02  1.9255E-02  1.2187E-01  1.3737E-01
  4.6188E-02  1.9374E-02  1.2198E-01  1.3750E-01
  4.6473E-02  1.9493E-02  1.2210E-01  1.3762E-01
  4.6760E-02  1.9613E-02  1.2221E-01  1.3773E-01
  4.7048E-02  1.9734E-02  1.2231E-01  1.3784E-01
  4.7338E-02  1.9855E-02  1.2241E-01  1.3795E-01
  4.7630E-02  1.9978E-02  1.2250E-01  1.3804E-01
  4.7924E-02  2.0101E-02  1.2259E-01  1.3814E-01
  4.8219E-02  2.0224E-02  1.2267E-01  1.3822E-01
  4.8517E-02  2.0349E-02  1.2275E-01  1.3830E-01
  4.8816E-02  2.0474E-02  1.2282E-01  1.3838E-01
  4.9117E-02  2.0600E-02  1.2289E-01  1.3844E-01
  4.9420E-02  2.0727E-02  1.2295E-01  1.3851E-01
  4.9724E-02  2.0854E-02  1.2301E-01  1.3856E-01
  5.0031E-02  2.0983E-02  1.2306E-01  1.3861E-01
  5.0339E-02  2.1112E-02  1.2310E-01  1.3865E-01
  5.0649E-02  2.1242E-02  1.2314E-01  1.3869E-01
  5.0961E-02  2.1372E-02  1.2318E-01  1.3872E-01
  5.1276E-02  2.1504E-02  1.2321E-01  1.3874E-01
  5.1591E-02  2.1636E-02  1.2323E-01  1.3876E-01
  5.1909E-02  2.1769E-02  1.2324E-01  1.3877E-01
  5.2229E-02  2.1903E-02  1.2325E-01  1.3877E-01
  5.2551E-02  2.2038E-02  1.2326E-01  1.3876E-01
  5.2875E-02  2.2173E-02  1.2325E-01  1.3875E-01
  5.3201E-02  2.2310E-02  1.2325E-01  1.3873E-01
  5.3528E-02  2.2447E-02  1.2323E-01  1.3871E-01
  5.3858E-02  2.2585E-02  1.2321E-01  1.3867E-01
  5.4190E-02  2.2724E-02  1.2318E-01  1.3863E-01
  5.4524E-02  2.2863E-02  1.2315E-01  1.3858E-01
  5.4859E-02  2.3004E-02  1.2311E-01  1.3853E-01
  5.5197E-02  2.3145E-02  1.2306E-01  1.3846E-01
  5.5537E-02  2.3287E-02  1.2300E-01  1.3839E-01
  5.5879E-02  2.3430E-02  1.2294E-01  1.3831E-01
  5.6223E-02  2.3574E-02  1.2287E-01  1.3822E-01
  5.6570E-02  2.3719E-02  1.2280E-01  1.3813E-01
  5.6918E-02  2.3865E-02  1.2272E-01  1.3803E-01
  5.7268E-02  2.4012E-02  1.2263E-01  1.3792E-01
  5.7621E-02  2.4159E-02  1.2253E-01  1.3780E-01
  5.7976E-02  2.4307E-02  1.2243E-01  1.3767E-01
  5.8333E-02  2.4457E-02  1.2232E-01  1.3753E-01
  5.8692E-02  2.4607E-02  1.2220E-01  1.3739E-01
  5.9053E-02  2.4758E-02  1.2207E-01  1.3723E-01
  5.9417E-02  2.4910E-02  1.2194E-01  1.3707E-01
  5.9782E-02  2.5063E-02  1.2180E-01  1.3690E-01
  6.0150E-02  2.5217E-02  1.2165E-01  1.3672E-01
  6.0521E-02  2.5372E-02  1.2149E-01  1.3653E-01
  6.0893E-02  2.5528E-02  1.2133E-01  1.3634E-01
  6.1268E-02  2.5684E-02  1.2116E-01  1.3613E-01
  6.1645E-02  2.5842E-02  1.2098E-01  1.3592E-01
  6.2024E-02  2.6000E-02  1.2079E-01  1.3569E-01
  6.2406E-02  2.6160E-02  1.2060E-01  1.3546E-01
  6.2790E-02  2.6321E-02  1.2039E-01  1.3521E-01
  6.3176E-02  2.6482E-02  1.2018E-01  1.3496E-01
  6.3565E-02  2.6645E-02  1.1996E-01  1.3470E-01
  6.3956E-02  2.6808E-02  1.1973E-01  1.3443E-01
  6.4350E-02  2.6972E-02  1.1949E-01  1.3415E-01
  6.4746E-02  2.7138E-02  1.1925E-01  1.3386E-01
  6.5144E-02  2.7304E-02  1.1899E-01  1.3356E-01
  6.5545E-02  2.7472E-02  1.1873E-01  1.3325E-01
  6.5948E-02  2.7640E-02  1.1846E-01  1.3292E-01
  6.6354E-02  2.7810E-02  1.1817E-01  1.3259E-01
  6.6762E-02  2.7980E-02  1.1789E-01  1.3225E-01
  6.7172E-02  2.8152E-02  1.1759E-01  1.3190E-01
  6.7586E-02  2.8324E-02  1.1728E-01  1.3154E-01
  6.8001E-02  2.8498E-02  1.1696E-01  1.3117E-01
  6.8420E-02  2.8673E-02  1.1664E-01  1.3079E-01
  6.8840E-02  2.8849E-02  1.1630E-01  1.3039E-01
  6.9264E-02  2.9025E-02  1.1596E-01  1.2999E-01
  6.9690E-02  2.9203E-02  1.1560E-01  1.2958E-01
  7.0118E-02  2.9382E-02  1.1524E-01  1.2915E-01
  7.0549E-02  2.9562E-02  1.1487E-01  1.2871E-01
  7.0983E-02  2.9743E-02  1.1449E-01  1.2827E-01
  7.1420E-02  2.9926E-02  1.1409E-01  1.2781E-01
  7.1859E-02  3.0109E-02  1.1369E-01  1.2734E-01
  7.2301E-02  3.0293E-02  1.1328E-01  1.2686E-01
  7.2745E-02  3.0479E-02  1.1286E-01  1.2637E-01
  7.3192E-02  3.0666E-02  1.1243E-01  1.2587E-01
  7.3642E-02  3.0853E-02  1.1199E-01  1.2535E-01
  7.4095E-02  3.1042E-02  1.1154E-01  1.2483E-01
  7.4550E-02  3.1232E-02  1.1107E-01  1.2429E-01
  7.5009E-02  3.1424E-02  1.1060E-01  1.2374E-01
  7.5470E-02  3.1616E-02  1.1012E-01  1.2318E-01
  7.5934E-02  3.1810E-02  1.0963E-01  1.2261E-01
  7.6400E-02  3.2004E-02  1.0913E-01  1.2202E-01
  7.6870E-02  3.2200E-02  1.0861E-01  1.2143E-01
  7.7342E-02  3.2397E-02  1.0809E-01  1.2082E-01
  7.7818E-02  3.2596E-02  1.0756E-01  1.2020E-01
  7.8296E-02  3.2795E-02  1.0701E-01  1.1956E-01
  7.8777E-02  3.2996E-02  1.0646E-01  1.1892E-01
  7.9261E-02  3.3198E-02  1.0589E-01  1.1826E-01
  7.9748E-02  3.3401E-02  1.0532E-01  1.1759E-01
  8.0238E-02  3.3605E-02  1.0473E-01  1.1691E-01
  8.0731E-02  3.3811E-02  1.0413E-01  1.1622E-01
  8.1228E-02  3.4017E-02  1.0352E-01  1.1551E-01
  8.1727E-02  3.4225E-02  1.0290E-01  1.1479E-01
  8.2229E-02  3.4435E-02  1.0227E-01  1.1406E-01
  8.2734E-02  3.4645E-02  1.0163E-01  1.1332E-01
  8.3242E-02  3.4857E-02  1.0097E-01  1.1256E-01
  8.3754E-02  3.5070E-02  1.0031E-01  1.1179E-01
  8.4268E-02  3.5284E-02  9.9632E-02  1.1100E-01
  8.4786E-02  3.5500E-02  9.8945E-02  1.1021E-01
  8.5307E-02  3.5717E-02  9.8246E-02  1.0940E-01
  8.5831E-02  3.5935E-02  9.7535E-02  1.0858E-01
  8.6358E-02  3.6155E-02  9.6814E-02  1.0774E-01
  8.6889E-02  3.6376E-02  9.6080E-02  1.0689E-01
  8.7422E-02  3.6598E-02  9.5336E-02  1.0603E-01
  8.7959E-02  3.6822E-02  9.4579E-02  1.0516E-01
  8.8499E-02  3.7047E-02  9.3811E-02  1.0427E-01
  8.9043E-02  3.7273E-02  9.3031E-02  1.0337E-01
  8.9590E-02  3.7501E-02  9.2239E-02  1.0245E-01
  9.0140E-02  3.7730E-02  9.1436E-02  1.0152E-01
  9.0694E-02  3.7960E-02  9.0621E-02  1.0058E-01
  9.1251E-02  3.8192E-02  8.9793E-02  9.9623E-02
  9.1811E-02  3.8425E-02  8.8954E-02  9.8653E-02
  9.2375E-02  3.8659E-02  8.8103E-02  9.7670E-02
  9.2942E-02  3.8895E-02  8.7240E-02  9.6673E-02
  9.3513E-02  3.9133E-02  8.6365E-02  9.5662E-02
  9.4087E-02  3.9371E-02  8.5478E-02  9.4637E-02
  9.4665E-02  3.9612E-02  8.4579E-02  9.3599E-02
  9.5246E-02  3.9853E-02  8.3668E-02  9.2547E-02
  9.5831E-02  4.0097E-02  8.2745E-02  9.1481E-02
  9.6419E-02  4.0341E-02  8.1809E-02  9.0401E-02
  9.7011E-02  4.0587E-02  8.0861E-02  8.9307E-02
  9.7607E-02  4.0835E-02  7.9902E-02  8.8199E-02
  9.8206E-02  4.1084E-02  7.8929E-02  8.7077E-02
  9.8809E-02  4.1334E-02  7.7945E-02  8.5941E-02
  9.9415E-02  4.1586E-02  7.6948E-02  8.4790E-02
  1.0003E-01  4.1840E-02  7.5939E-02  8.3626E-02
  1.0064E-01  4.2095E-02  7.4918E-02  8.2448E-02
  1.0126E-01  4.2351E-02  7.3884E-02  8.1256E-02
  1.0188E-01  4.2609E-02  7.2838E-02  8.0049E-02
  1.0250E-01  4.2869E-02  7.1780E-02  7.8829E-02
  1.0313E-01  4.3130E-02  7.0709E-02  7.7594E-02
  1.0377E-01  4.3393E-02  6.9626E-02  7.6345E-02
  1.0440E-01  4.3657E-02  6.8531E-02  7.5082E-02
  1.0504E-01  4.3923E-02  6.7423E-02  7.3804E-02
  1.0569E-01  4.4191E-02  6.6303E-02  7.2513E-02
  1.0634E-01  4.4460E-02  6.5170E-02  7.1207E-02
  1.0699E-01  4.4730E-02  6.4025E-02  6.9887E-02
  1.0765E-01  4.5003E-02  6.2868E-02  6.8553E-02
  1.0831E-01  4.5277E-02  6.1698E-02  6.7205E-02
  1.0897E-01  4.5552E-02  6.0516E-02  6.5843E-02
  1.0964E-01  4.5829E-02  5.9322E-02  6.4466E-02
  1.1031E-01  4.6108E-02  5.8115E-02  6.3076E-02
  1.1099E-01  4.6389E-02  5.6896E-02  6.1671E-02
  1.1167E-01  4.6671E-02  5.5664E-02  6.0252E-02
  1.1236E-01  4.6955E-02  5.4420E-02  5.8819E-02
  1.1305E-01  4.7240E-02  5.3164E-02  5.7372E-02
  1.1374E-01  4.7527E-02  5.1896E-02  5.5911E-02
  1.1444E-01  4.7816E-02  5.0616E-02  5.4436E-02
  1.1514E-01  4.8107E-02  4.9323E-02  5.2947E-02
  1.1585E-01  4.8399E-02  4.8018E-02  5.1444E-02
  1.1656E-01  4.8694E-02  4.6701E-02  4.9927E-02
  1.1727E-01  4.8990E-02  4.5372E-02  4.8396E-02
  1.1799E-01  4.9287E-02  4.4030E-02  4.6851E-02
  1.1872E-01  4.9587E-02  4.2677E-02  4.5292E-02
  1.1944E-01  4.9888E-02  4.1312E-02  4.3720E-02
  1.2018E-01  5.0191E-02  3.9934E-02  4.2134E-02
  1.2091E-01  5.0496E-02  3.8545E-02  4.0534E-02
  1.2166E-01  5.0802E-02  3.7144E-02  3.8921E-02
  1.2240E-01  5.1111E-02  3.5731E-02  3.7294E-02
  1.2315E-01  5.1421E-02  3.4306E-02  3.5654E-02
  1.2391E-01  5.1733E-02  3.2870E-02  3.4000E-02
  1.2467E-01  5.2047E-02  3.1422E-02  3.2333E-02
  1.2543E-01  5.2362E-02  2.9962E-02  3.0652E-02
  1.2620E-01  5.2680E-02  2.8491E-02  2.8958E-02
  1.2698E-01  5.3000E-02  2.7008E-02  2.7251E-02
  1.2775E-01  5.3321E-02  2.5514E-02  2.5531E-02
  1.2854E-01  5.3644E-02  2.4009E-02  2.3798E-02
  1.2933E-01  5.3970E-02  2.2492E-02  2.2053E-02
  1.3012E-01  5.4297E-02  2.0964E-02  2.0294E-02
  1.3092E-01  5.4626E-02  1.9425E-02  1.8522E-02
  1.3172E-01  5.4957E-02  1.7875E-02  1.6738E-02
  1.3253E-01  5.5290E-02  1.6314E-02  1.4941E-02
  1.3334E-01  5.5625E-02  1.4742E-02  1.3132E-02
  1.3416E-01  5.5961E-02  1.3160E-02  1.1310E-02
  1.3498E-01  5.6300E-02  1.1567E-02  9.4765E-03
  1.3581E-01  5.6641E-02  9.9627E-03  7.6305E-03
  1.3664E-01  5.6984E-02  8.3485E-03  5.7725E-03
  1.3748E-01  5.7329E-02  6.7238E-03  3.9025E-03
  1.3832E-01  5.7676E-02  5.0889E-03  2.0207E-03
  1.3917E-01  5.8025E-02  3.4439E-03  1.2728E-04
  1.4002E-01  5.8376E-02  1.7888E-03 -1.7777E-03
  1.4088E-01  5.8729E-02  1.2376E-04 -3.6942E-03
  1.4175E-01  5.9084E-02 -1.5511E-03 -5.6219E-03
  1.4262E-01  5.9441E-02 -3.2356E-03 -7.5608E-03
  1.4349E-01  5.9800E-02 -4.9297E-03 -9.5108E-03
  1.4437E-01  6.0162E-02 -6.6333E-03 -1.1472E-02
  1.4526E-01  6.0525E-02 -8.3461E-03 -1.3443E-02
  1.4615E-01  6.0891E-02 -1.0068E-02 -1.5425E-02
  1.4704E-01  6.1259E-02 -1.1799E-02 -1.7418E-02
  1.4794E-01  6.1629E-02 -1.3539E-02 -1.9421E-02
  1.4885E-01  6.2001E-02 -1.5288E-02 -2.1434E-02
  1.4976E-01  6.2375E-02 -1.7045E-02 -2.3456E-02
  1.5068E-01  6.2752E-02 -1.8811E-02 -2.5489E-02
  1.5160E-01  6.3130E-02 -2.0585E-02 -2.7531E-02
  1.5253E-01  6.3511E-02 -2.2368E-02 -2.9583E-02
  1.5347E-01  6.3894E-02 -2.4158E-02 -3.1644E-02
  1.5441E-01  6.4279E-02 -2.5956E-02 -3.3714E-02
  1.5536E-01  6.4667E-02 -2.7762E-02 -3.5793E-02
  1.5631E-01  6.5057E-02 -2.9575E-02 -3.7881E-02
  1.5727E-01  6.5449E-02 -3.1396E-02 -3.9977E-02
  1.5823E-01  6.5843E-02 -3.3224E-02 -4.2081E-02
  1.5920E-01  6.6240E-02 -3.5059E-02 -4.4194E-02
  1.6018E-01  6.6639E-02 -3.6900E-02 -4.6314E-02
  1.6116E-01  6.7040E-02 -3.8748E-02 -4.8442E-02
  1.6215E-01  6.7444E-02 -4.0603E-02 -5.0578E-02
  1.6314E-01  6.7849E-02 -4.2464E-02 -5.2721E-02
  1.6414E-01  6.8258E-02 -4.4331E-02 -5.4871E-02
  1.6515E-01  6.8668E-02 -4.6204E-02 -5.7027E-02
  1.6616E-01  6.9081E-02 -4.8082E-02 -5.9191E-02
  1.6718E-01  6.9497E-02 -4.9966E-02 -6.1360E-02
  1.6820E-01  6.9914E-02 -5.1855E-02 -6.3536E-02
  1.6923E-01  7.0335E-02 -5.3749E-02 -6.5718E-02
  1.7027E-01  7.0757E-02 -5.5648E-02 -6.7905E-02
  1.7131E-01  7.1182E-02 -5.7551E-02 -7.0098E-02
  1.7236E-01  7.1610E-02 -5.9459E-02 -7.2296E-02
  1.7342E-01  7.2040E-02 -6.1371E-02 -7.4499E-02
  1.7448E-01  7.2472E-02 -6.3287E-02 -7.6706E-02
  1.7555E-01  7.2907E-02 -6.5206E-02 -7.8918E-02
  1.7663E-01  7.3344E-02 -6.7129E-02 -8.1134E-02
  1.7771E-01  7.3784E-02 -6.9055E-02 -8.3353E-02
  1.7880E-01  7.4227E-02 -7.0984E-02 -8.5576E-02
  1.7989E-01  7.4672E-02 -7.2916E-02 -8.7803E-02
  1.8099E-01  7.5119E-02 -7.4850E-02 -9.0033E-02
  1.8210E-01  7.5569E-02 -7.6787E-02 -9.2265E-02
  1.8322E-01  7.6022E-02 -7.8725E-02 -9.4500E-02
  1.8434E-01  7.6477E-02 -8.0665E-02 -9.6736E-02
  1.8547E-01  7.6935E-02 -8.2607E-02 -9.8975E-02
  1.8661E-01  7.7395E-02 -8.4550E-02 -1.0122E-01
  1.8775E-01  7.7858E-02 -8.6493E-02 -1.0346E-01
  1.8890E-01  7.8324E-02 -8.8437E-02 -1.0570E-01
  1.9006E-01  7.8792E-02 -9.0382E-02 -1.0794E-01
  1.9122E-01  7.9263E-02 -9.2327E-02 -1.1019E-01
  1.9240E-01  7.9737E-02 -9.4271E-02 -1.1243E-01
  1.9357E-01  8.0213E-02 -9.6215E-02 -1.1467E-01
  1.9476E-01  8.0692E-02 -9.8158E-02 -1.1691E-01
  1.9595E-01  8.1174E-02 -1.0010E-01 -1.1916E-01
  1.9715E-01  8.1658E-02 -1.0204E-01 -1.2140E-01
  1.9836E-01  8.2146E-02 -1.0398E-01 -1.2363E-01
  1.9958E-01  8.2636E-02 -1.0592E-01 -1.2587E-01
  2.0080E-01  8.3128E-02 -1.0785E-01 -1.2810E-01
  2.0203E-01  8.3624E-02 -1.0978E-01 -1.3034E-01
  2.0327E-01  8.4122E-02 -1.1171E-01 -1.3256E-01
  2.0451E-01  8.4623E-02 -1.1364E-01 -1.3479E-01
  2.0577E-01  8.5127E-02 -1.1556E-01 -1.3701E-01
  2.0703E-01  8.5634E-02 -1.1748E-01 -1.3923E-01
  2.0829E-01  8.6144E-02 -1.1940E-01 -1.4144E-01
  2.0957E-01  8.6656E-02 -1.2131E-01 -1.4365E-01
  2.1085E-01  8.7171E-02 -1.2321E-01 -1.4585E-01
  2.1215E-01  8.7690E-02 -1.2511E-01 -1.4805E-01
  2.1345E-01  8.8211E-02 -1.2701E-01 -1.5024E-01
  2.1475E-01  8.8735E-02 -1.2890E-01 -1.5242E-01
  2.1607E-01  8.9262E-02 -1.3078E-01 -1.5460E-01
  2.1739E-01  8.9791E-02 -1.3265E-01 -1.5677E-01
  2.1872E-01  9.0324E-02 -1.3452E-01 -1.5894E-01
  2.2006E-01  9.0860E-02 -1.3639E-01 -1.6109E-01
  2.2141E-01  9.1399E-02 -1.3824E-01 -1.6324E-01
  2.2277E-01  9.1940E-02 -1.4009E-01 -1.6538E-01
  2.2413E-01  9.2485E-02 -1.4193E-01 -1.6751E-01
  2.2550E-01  9.3033E-02 -1.4376E-01 -1.6963E-01
  2.2689E-01  9.3584E-02 -1.4558E-01 -1.7174E-01
  2.2827E-01  9.4138E-02 -1.4739E-01 -1.7384E-01
  2.2967E-01  9.4694E-02 -1.4919E-01 -1.7593E-01
  2.3108E-01  9.5254E-02 -1.5098E-01 -1.7801E-01
  2.3249E-01  9.5817E-02 -1.5276E-01 -1.8007E-01
  2.3392E-01  9.6384E-02 -1.5453E-01 -1.8213E-01
  2.3535E-01  9.6953E-02 -1.5629E-01 -1.8417E-01
  2.3679E-01  9.7525E-02 -1.5804E-01 -1.8620E-01
  2.3824E-01  9.8101E-02 -1.5978E-01 -1.8822E-01
  2.3970E-01  9.8679E-02 -1.6150E-01 -1.9022E-01
  2.4117E-01  9.9261E-02 -1.6321E-01 -1.9221E-01
  2.4265E-01  9.9846E-02 -1.6491E-01 -1.9418E-01
  2.4413E-01  1.0043E-01 -1.6659E-01 -1.9614E-01
  2.4563E-01  1.0103E-01 -1.6826E-01 -1.9809E-01
  2.4713E-01  1.0162E-01 -1.6992E-01 -2.0001E-01
  2.4865E-01  1.0222E-01 -1.7156E-01 -2.0193E-01
  2.5017E-01  1.0282E-01 -1.7319E-01 -2.0382E-01
  2.5170E-01  1.0342E-01 -1.7480E-01 -2.0570E-01
  2.5324E-01  1.0403E-01 -1.7640E-01 -2.0756E-01
  2.5479E-01  1.0464E-01 -1.7798E-01 -2.0940E-01
  2.5635E-01  1.0526E-01 -1.7954E-01 -2.1123E-01
  2.5792E-01  1.0587E-01 -1.8108E-01 -2.1303E-01
  2.5950E-01  1.0649E-01 -1.8261E-01 -2.1482E-01
  2.6109E-01  1.0712E-01 -1.8412E-01 -2.1658E-01
  2.6269E-01  1.0775E-01 -1.8562E-01 -2.1833E-01
  2.6430E-01  1.0838E-01 -1.8709E-01 -2.2006E-01
  2.6592E-01  1.0901E-01 -1.8855E-01 -2.2176E-01
  2.6754E-01  1.0965E-01 -1.8998E-01 -2.2344E-01
  2.6918E-01  1.1029E-01 -1.9140E-01 -2.2510E-01
  2.7083E-01  1.1093E-01 -1.9280E-01 -2.2674E-01
  2.7249E-01  1.1158E-01 -1.9417E-01 -2.2836E-01
  2.7416E-01  1.1223E-01 -1.9553E-01 -2.2995E-01
  2.7584E-01  1.1289E-01 -1.9686E-01 -2.3152E-01
  2.7752E-01  1.1355E-01 -1.9817E-01 -2.3307E-01
  2.7922E-01  1.1421E-01 -1.9946E-01 -2.3459E-01
  2.8093E-01  1.1487E-01 -2.0073E-01 -2.3608E-01
  2.8265E-01  1.1554E-01 -2.0197E-01 -2.3755E-01
  2.8438E-01  1.1622E-01 -2.0320E-01 -2.3899E-01
  2.8613E-01  1.1689E-01 -2.0439E-01 -2.4041E-01
  2.8788E-01  1.1757E-01 -2.0557E-01 -2.4180E-01
  2.8964E-01  1.1825E-01 -2.0672E-01 -2.4316E-01
  2.9141E-01  1.1894E-01 -2.0784E-01 -2.4450E-01
  2.9320E-01  1.1963E-01 -2.0894E-01 -2.4581E-01
  2.9499E-01  1.2032E-01 -2.1002E-01 -2.4709E-01
  2.9680E-01  1.2102E-01 -2.1106E-01 -2.4834E-01
  2.9862E-01  1.2172E-01 -2.1209E-01 -2.4956E-01
  3.0044E-01  1.2243E-01 -2.1308E-01 -2.5075E-01
  3.0228E-01  1.2314E-01 -2.1405E-01 -2.5191E-01
  3.0413E-01  1.2385E-01 -2.1499E-01 -2.5304E-01
  3.0600E-01  1.2456E-01 -2.1590E-01 -2.5414E-01
  3.0787E-01  1.2528E-01 -2.1679E-01 -2.5521E-01
  3.0975E-01  1.2601E-01 -2.1765E-01 -2.5624E-01
  3.1165E-01  1.2673E-01 -2.1847E-01 -2.5725E-01
  3.1356E-01  1.2747E-01 -2.1927E-01 -2.5822E-01
  3.1548E-01  1.2820E-01 -2.2004E-01 -2.5916E-01
  3.1741E-01  1.2894E-01 -2.2078E-01 -2.6006E-01
  3.1935E-01  1.2968E-01 -2.2149E-01 -2.6093E-01
  3.2131E-01  1.3043E-01 -2.2216E-01 -2.6177E-01
  3.2327E-01  1.3118E-01 -2.2281E-01 -2.6257E-01
  3.2525E-01  1.3193E-01 -2.2343E-01 -2.6334E-01
  3.2724E-01  1.3269E-01 -2.2401E-01 -2.6407E-01
  3.2925E-01  1.3345E-01 -2.2456E-01 -2.6476E-01
  3.3126E-01  1.3421E-01 -2.2508E-01 -2.6542E-01
  3.3329E-01  1.3498E-01 -2.2557E-01 -2.6605E-01
  3.3533E-01  1.3576E-01 -2.2602E-01 -2.6663E-01
  3.3738E-01  1.3653E-01 -2.2644E-01 -2.6718E-01
  3.3945E-01  1.3731E-01 -2.2683E-01 -2.6769E-01
  3.4152E-01  1.3810E-01 -2.2718E-01 -2.6816E-01
  3.4362E-01  1.3889E-01 -2.2750E-01 -2.6860E-01
  3.4572E-01  1.3968E-01 -2.2778E-01 -2.6900E-01
  3.4783E-01  1.4048E-01 -2.2803E-01 -2.6935E-01
  3.4996E-01  1.4128E-01 -2.2825E-01 -2.6967E-01
  3.5211E-01  1.4208E-01 -2.2842E-01 -2.6995E-01
  3.5426E-01  1.4289E-01 -2.2857E-01 -2.7019E-01
  3.5643E-01  1.4370E-01 -2.2867E-01 -2.7039E-01
  3.5861E-01  1.4452E-01 -2.2874E-01 -2.7054E-01
  3.6081E-01  1.4534E-01 -2.2878E-01 -2.7066E-01
  3.6301E-01  1.4617E-01 -2.2877E-01 -2.7073E-01
  3.6524E-01  1.4700E-01 -2.2873E-01 -2.7077E-01
  3.6747E-01  1.4783E-01 -2.2865E-01 -2.7076E-01
  3.6972E-01  1.4867E-01 -2.2854E-01 -2.7071E-01
  3.7198E-01  1.4951E-01 -2.2839E-01 -2.7062E-01
  3.7426E-01  1.5035E-01 -2.2819E-01 -2.7049E-01
  3.7655E-01  1.5120E-01 -2.2796E-01 -2.7031E-01
  3.7886E-01  1.5206E-01 -2.2770E-01 -2.7009E-01
  3.8117E-01  1.5292E-01 -2.2739E-01 -2.6982E-01
  3.8351E-01  1.5378E-01 -2.2704E-01 -2.6952E-01
  3.8585E-01  1.5465E-01 -2.2666E-01 -2.6917E-01
  3.8822E-01  1.5552E-01 -2.2623E-01 -2.6877E-01
  3.9059E-01  1.5639E-01 -2.2577E-01 -2.6833E-01
  3.9298E-01  1.5728E-01 -2.2526E-01 -2.6785E-01
  3.9539E-01  1.5816E-01 -2.2472E-01 -2.6732E-01
  3.9781E-01  1.5905E-01 -2.2413E-01 -2.6675E-01
  4.0024E-01  1.5994E-01 -2.2351E-01 -2.6613E-01
  4.0269E-01  1.6084E-01 -2.2284E-01 -2.6546E-01
  4.0516E-01  1.6174E-01 -2.2213E-01 -2.6475E-01
  4.0764E-01  1.6265E-01 -2.2139E-01 -2.6400E-01
  4.1013E-01  1.6356E-01 -2.2060E-01 -2.6320E-01
  4.1264E-01  1.6447E-01 -2.1977E-01 -2.6235E-01
  4.1517E-01  1.6539E-01 -2.1890E-01 -2.6146E-01
  4.1771E-01  1.6632E-01 -2.1799E-01 -2.6052E-01
  4.2026E-01  1.6725E-01 -2.1703E-01 -2.5954E-01
  4.2283E-01  1.6818E-01 -2.1604E-01 -2.5851E-01
  4.2542E-01  1.6912E-01 -2.1500E-01 -2.5743E-01
  4.2803E-01  1.7006E-01 -2.1392E-01 -2.5631E-01
  4.3064E-01  1.7101E-01 -2.1280E-01 -2.5514E-01
  4.3328E-01  1.7196E-01 -2.1164E-01 -2.5392E-01
  4.3593E-01  1.7292E-01 -2.1043E-01 -2.5265E-01
  4.3860E-01  1.7388E-01 -2.0918E-01 -2.5134E-01
  4.4128E-01  1.7485E-01 -2.0789E-01 -2.4998E-01
  4.4398E-01  1.7582E-01 -2.0656E-01 -2.4858E-01
  4.4670E-01  1.7680E-01 -2.0519E-01 -2.4713E-01
  4.4943E-01  1.7778E-01 -2.0377E-01 -2.4563E-01
  4.5218E-01  1.7876E-01 -2.0231E-01 -2.4408E-01
  4.5495E-01  1.7975E-01 -2.0081E-01 -2.4249E-01
  4.5774E-01  1.8075E-01 -1.9926E-01 -2.4084E-01
  4.6054E-01  1.8175E-01 -1.9767E-01 -2.3916E-01
  4.6335E-01  1.8276E-01 -1.9604E-01 -2.3742E-01
  4.6619E-01  1.8377E-01 -1.9437E-01 -2.3564E-01
  4.6904E-01  1.8478E-01 -1.9266E-01 -2.3381E-01
  4.7191E-01  1.8581E-01 -1.9090E-01 -2.3193E-01
  4.7480E-01  1.8683E-01 -1.8910E-01 -2.3000E-01
  4.7771E-01  1.8786E-01 -1.8726E-01 -2.2803E-01
  4.8063E-01  1.8890E-01 -1.8537E-01 -2.2601E-01
  4.8357E-01  1.8994E-01 -1.8345E-01 -2.2395E-01
  4.8653E-01  1.9099E-01 -1.8148E-01 -2.2184E-01
  4.8951E-01  1.9204E-01 -1.7946E-01 -2.1968E-01
  4.9250E-01  1.9310E-01 -1.7741E-01 -2.1747E-01
  4.9551E-01  1.9416E-01 -1.7531E-01 -2.1522E-01
  4.9855E-01  1.9523E-01 -1.7317E-01 -2.1292E-01
  5.0160E-01  1.9631E-01 -1.7099E-01 -2.1058E-01
  5.0467E-01  1.9739E-01 -1.6877E-01 -2.0818E-01
  5.0775E-01  1.9847E-01 -1.6651E-01 -2.0575E-01
  5.1086E-01  1.9957E-01 -1.6420E-01 -2.0326E-01
  5.1399E-01  2.0066E-01 -1.6185E-01 -2.0073E-01
  5.1713E-01  2.0177E-01 -1.5947E-01 -1.9816E-01
  5.2029E-01  2.0288E-01 -1.5704E-01 -1.9554E-01
  5.2348E-01  2.0399E-01 -1.5456E-01 -1.9287E-01
  5.2668E-01  2.0511E-01 -1.5205E-01 -1.9016E-01
  5.2990E-01  2.0624E-01 -1.4950E-01 -1.8740E-01
  5.3315E-01  2.0737E-01 -1.4690E-01 -1.8460E-01
  5.3641E-01  2.0851E-01 -1.4427E-01 -1.8176E-01
  5.3969E-01  2.0966E-01 -1.4159E-01 -1.7887E-01
  5.4299E-01  2.1081E-01 -1.3888E-01 -1.7594E-01
  5.4631E-01  2.1197E-01 -1.3612E-01 -1.7296E-01
  5.4966E-01  2.1314E-01 -1.3333E-01 -1.6994E-01
  5.5302E-01  2.1431E-01 -1.3049E-01 -1.6687E-01
  5.5640E-01  2.1549E-01 -1.2762E-01 -1.6376E-01
  5.5981E-01  2.1667E-01 -1.2470E-01 -1.6061E-01
  5.6323E-01  2.1786E-01 -1.2175E-01 -1.5742E-01
  5.6668E-01  2.1906E-01 -1.1876E-01 -1.5418E-01
  5.7015E-01  2.2027E-01 -1.1572E-01 -1.5091E-01
  5.7363E-01  2.2148E-01 -1.1266E-01 -1.4759E-01
  5.7714E-01  2.2270E-01 -1.0955E-01 -1.4422E-01
  5.8067E-01  2.2393E-01 -1.0640E-01 -1.4082E-01
  5.8423E-01  2.2517E-01 -1.0322E-01 -1.3738E-01
  5.8780E-01  2.2641E-01 -9.9998E-02 -1.3389E-01
  5.9140E-01  2.2766E-01 -9.6740E-02 -1.3037E-01
  5.9502E-01  2.2892E-01 -9.3445E-02 -1.2681E-01
  5.9866E-01  2.3019E-01 -9.0113E-02 -1.2320E-01
  6.0232E-01  2.3146E-01 -8.6744E-02 -1.1956E-01
  6.0600E-01  2.3275E-01 -8.3340E-02 -1.1588E-01
  6.0971E-01  2.3404E-01 -7.9899E-02 -1.1216E-01
  6.1344E-01  2.3534E-01 -7.6423E-02 -1.0840E-01
  6.1719E-01  2.3665E-01 -7.2911E-02 -1.0460E-01
  6.2097E-01  2.3796E-01 -6.9364E-02 -1.0076E-01
  6.2477E-01  2.3929E-01 -6.5782E-02 -9.6893E-02
  6.2859E-01  2.4062E-01 -6.2166E-02 -9.2984E-02
  6.3244E-01  2.4197E-01 -5.8515E-02 -8.9039E-02
  6.3631E-01  2.4332E-01 -5.4831E-02 -8.5058E-02
  6.4020E-01  2.4469E-01 -5.1112E-02 -8.1041E-02
  6.4411E-01  2.4606E-01 -4.7360E-02 -7.6988E-02
  6.4806E-01  2.4744E-01 -4.3575E-02 -7.2901E-02
  6.5202E-01  2.4884E-01 -3.9758E-02 -6.8778E-02
  6.5601E-01  2.5024E-01 -3.5907E-02 -6.4622E-02
  6.6002E-01  2.5165E-01 -3.2025E-02 -6.0432E-02
  6.6406E-01  2.5308E-01 -2.8110E-02 -5.6208E-02
  6.6812E-01  2.5451E-01 -2.4164E-02 -5.1951E-02
  6.7221E-01  2.5596E-01 -2.0186E-02 -4.7662E-02
  6.7632E-01  2.5742E-01 -1.6177E-02 -4.3340E-02
  6.8046E-01  2.5889E-01 -1.2138E-02 -3.8986E-02
  6.8462E-01  2.6037E-01 -8.0679E-03 -3.4601E-02
  6.8881E-01  2.6187E-01 -3.9677E-03 -3.0185E-02
  6.9302E-01  2.6337E-01  1.6238E-04 -2.5738E-02
  6.9726E-01  2.6489E-01  4.3221E-03 -2.1260E-02
  7.0153E-01  2.6643E-01  8.5111E-03 -1.6753E-02
  7.0582E-01  2.6797E-01  1.2729E-02 -1.2216E-02
  7.1014E-01  2.6953E-01  1.6976E-02 -7.6498E-03
  7.1448E-01  2.7110E-01  2.1251E-02 -3.0548E-03
  7.1885E-01  2.7269E-01  2.5555E-02  1.5687E-03
  7.2325E-01  2.7429E-01  2.9886E-02  6.2203E-03
  7.2767E-01  2.7591E-01  3.4245E-02  1.0900E-02
  7.3212E-01  2.7754E-01  3.8631E-02  1.5606E-02
  7.3660E-01  2.7918E-01  4.3045E-02  2.0340E-02
  7.4111E-01  2.8085E-01  4.7485E-02  2.5100E-02
  7.4564E-01  2.8252E-01  5.1953E-02  2.9886E-02
  7.5020E-01  2.8422E-01  5.6446E-02  3.4699E-02
  7.5479E-01  2.8593E-01  6.0965E-02  3.9537E-02
  7.5941E-01  2.8766E-01  6.5511E-02  4.4400E-02
  7.6406E-01  2.8941E-01  7.0082E-02  4.9288E-02
  7.6873E-01  2.9117E-01  7.4679E-02  5.4201E-02
  7.7343E-01  2.9295E-01  7.9300E-02  5.9137E-02
  7.7816E-01  2.9476E-01  8.3947E-02  6.4098E-02
  7.8292E-01  2.9658E-01  8.8619E-02  6.9083E-02
  7.8771E-01  2.9842E-01  9.3315E-02  7.4091E-02
  7.9253E-01  3.0028E-01  9.8036E-02  7.9122E-02
  7.9738E-01  3.0217E-01  1.0278E-01  8.4176E-02
  8.0226E-01  3.0407E-01  1.0755E-01  8.9252E-02
  8.0716E-01  3.0600E-01  1.1234E-01  9.4351E-02
  8.1210E-01  3.0794E-01  1.1716E-01  9.9472E-02
  8.1707E-01  3.0991E-01  1.2200E-01  1.0461E-01
  8.2207E-01  3.1191E-01  1.2687E-01  1.0978E-01
  8.2709E-01  3.1393E-01  1.3175E-01  1.1496E-01
  8.3215E-01  3.1597E-01  1.3666E-01  1.2017E-01
  8.3724E-01  3.1804E-01  1.4160E-01  1.2540E-01
  8.4236E-01  3.2013E-01  1.4656E-01  1.3065E-01
  8.4752E-01  3.2225E-01  1.5154E-01  1.3592E-01
  8.5270E-01  3.2440E-01  1.5654E-01  1.4121E-01
  8.5792E-01  3.2658E-01  1.6157E-01  1.4652E-01
  8.6316E-01  3.2878E-01  1.6662E-01  1.5185E-01
  8.6844E-01  3.3102E-01  1.7169E-01  1.5720E-01
  8.7376E-01  3.3328E-01  1.7679E-01  1.6257E-01
  8.7910E-01  3.3557E-01  1.8191E-01  1.6796E-01
  8.8448E-01  3.3790E-01  1.8705E-01  1.7338E-01
  8.8989E-01  3.4025E-01  1.9222E-01  1.7881E-01
  8.9533E-01  3.4264E-01  1.9741E-01  1.8426E-01
  9.0081E-01  3.4507E-01  2.0262E-01  1.8973E-01
  9.0632E-01  3.4753E-01  2.0786E-01  1.9523E-01
  9.1186E-01  3.5002E-01  2.1312E-01  2.0074E-01
  9.1744E-01  3.5255E-01  2.1840E-01  2.0628E-01
  9.2305E-01  3.5512E-01  2.2371E-01  2.1183E-01
  9.2869E-01  3.5772E-01  2.2904E-01  2.1741E-01
  9.3438E-01  3.6037E-01  2.3440E-01  2.2300E-01
  9.4009E-01  3.6305E-01  2.3978E-01  2.2862E-01
  9.4584E-01  3.6577E-01  2.4519E-01  2.3426E-01
  9.5163E-01  3.6854E-01  2.5062E-01  2.3992E-01
  9.5745E-01  3.7135E-01  2.5608E-01  2.4561E-01
  9.6330E-01  3.7420E-01  2.6157E-01  2.5131E-01
  9.6919E-01  3.7710E-01  2.6708E-01  2.5704E-01
  9.7512E-01  3.8004E-01  2.7262E-01  2.6280E-01
  9.8109E-01  3.8303E-01  2.7819E-01  2.6857E-01
  9.8709E-01  3.8607E-01  2.8379E-01  2.7438E-01
  9.9312E-01  3.8916E-01  2.8941E-01  2.8020E-01
  9.9920E-01  3.9230E-01  2.9506E-01  2.8605E-01
  1.0053E+00  3.9549E-01  3.0075E-01  2.9193E-01
  1.0115E+00  3.9874E-01  3.0646E-01  2.9784E-01
  1.0176E+00  4.0204E-01  3.1221E-01  3.0377E-01
  1.0239E+00  4.0539E-01  3.1799E-01  3.0973E-01
  1.0301E+00  4.0880E-01  3.2380E-01  3.1572E-01
  1.0364E+00  4.1227E-01  3.2965E-01  3.2174E-01
  1.0428E+00  4.1580E-01  3.3553E-01  3.2779E-01
  1.0491E+00  4.1939E-01  3.4145E-01  3.3387E-01
  1.0556E+00  4.2304E-01  3.4740E-01  3.3999E-01
  1.0620E+00  4.2676E-01  3.5339E-01  3.4614E-01
  1.0685E+00  4.3054E-01  3.5942E-01  3.5233E-01
  1.0751E+00  4.3439E-01  3.6549E-01  3.5855E-01
  1.0816E+00  4.3831E-01  3.7160E-01  3.6480E-01
  1.0882E+00  4.4230E-01  3.7775E-01  3.7110E-01
  1.0949E+00  4.4636E-01  3.8395E-01  3.7744E-01
  1.1016E+00  4.5049E-01  3.9019E-01  3.8381E-01
  1.1083E+00  4.5470E-01  3.9648E-01  3.9023E-01
  1.1151E+00  4.5899E-01  4.0281E-01  3.9669E-01
  1.1219E+00  4.6335E-01  4.0919E-01  4.0320E-01
  1.1288E+00  4.6780E-01  4.1562E-01  4.0975E-01
  1.1357E+00  4.7233E-01  4.2210E-01  4.1635E-01
  1.1426E+00  4.7694E-01  4.2863E-01  4.2300E-01
  1.1496E+00  4.8164E-01  4.3521E-01  4.2970E-01
  1.1567E+00  4.8643E-01  4.4185E-01  4.3646E-01
  1.1637E+00  4.9131E-01  4.4855E-01  4.4326E-01
  1.1709E+00  4.9628E-01  4.5530E-01  4.5012E-01
  1.1780E+00  5.0135E-01  4.6212E-01  4.5704E-01
  1.1852E+00  5.0651E-01  4.6899E-01  4.6402E-01
  1.1925E+00  5.1177E-01  4.7593E-01  4.7106E-01
  1.1998E+00  5.1714E-01  4.8293E-01  4.7816E-01
  1.2071E+00  5.2261E-01  4.9000E-01  4.8532E-01
  1.2145E+00  5.2818E-01  4.9714E-01  4.9256E-01
  1.2219E+00  5.3387E-01  5.0435E-01  4.9986E-01
  1.2294E+00  5.3966E-01  5.1163E-01  5.0723E-01
  1.2369E+00  5.4557E-01  5.1899E-01  5.1468E-01
  1.2445E+00  5.5160E-01  5.2642E-01  5.2220E-01
  1.2521E+00  5.5774E-01  5.3394E-01  5.2980E-01
  1.2597E+00  5.6401E-01  5.4153E-01  5.3748E-01
  1.2674E+00  5.7040E-01  5.4921E-01  5.4525E-01
  1.2752E+00  5.7693E-01  5.5698E-01  5.5310E-01
  1.2830E+00  5.8358E-01  5.6484E-01  5.6104E-01
  1.2908E+00  5.9036E-01  5.7279E-01  5.6907E-01
  1.2987E+00  5.9729E-01  5.8084E-01  5.7720E-01
  1.3067E+00  6.0435E-01  5.8899E-01  5.8543E-01
  1.3147E+00  6.1156E-01  5.9724E-01  5.9376E-01
  1.3227E+00  6.1892E-01  6.0560E-01  6.0220E-01
  1.3308E+00  6.2642E-01  6.1407E-01  6.1075E-01
  1.3389E+00  6.3409E-01  6.2265E-01  6.1941E-01
  1.3471E+00  6.4191E-01  6.3135E-01  6.2819E-01
  1.3554E+00  6.4989E-01  6.4017E-01  6.3709E-01
  1.3636E+00  6.5804E-01  6.4912E-01  6.4611E-01
  1.3720E+00  6.6635E-01  6.5820E-01  6.5527E-01
  1.3804E+00  6.7485E-01  6.6741E-01  6.6456E-01
  1.3888E+00  6.8352E-01  6.7676E-01  6.7399E-01
  1.3973E+00  6.9237E-01  6.8625E-01  6.8356E-01
  1.4059E+00  7.0141E-01  6.9590E-01  6.9328E-01
  1.4145E+00  7.1064E-01  7.0570E-01  7.0316E-01
  1.4231E+00  7.2007E-01  7.1566E-01  7.1319E-01
  1.4318E+00  7.2971E-01  7.2578E-01  7.2340E-01
  1.4406E+00  7.3954E-01  7.3608E-01  7.3377E-01
  1.4494E+00  7.4959E-01  7.4655E-01  7.4432E-01
  1.4582E+00  7.5986E-01  7.5721E-01  7.5505E-01
  1.4672E+00  7.7035E-01  7.6806E-01  7.6597E-01
  1.4761E+00  7.8107E-01  7.7910E-01  7.7709E-01
  1.4852E+00  7.9202E-01  7.9035E-01  7.8841E-01
  1.4942E+00  8.0322E-01  8.0181E-01  7.9994E-01
  1.5034E+00  8.1466E-01  8.1349E-01  8.1169E-01
  1.5126E+00  8.2635E-01  8.2539E-01  8.2366E-01
  1.5218E+00  8.3830E-01  8.3753E-01  8.3587E-01
  1.5311E+00  8.5052E-01  8.4990E-01  8.4832E-01
  1.5405E+00  8.6302E-01  8.6253E-01  8.6101E-01
  1.5499E+00  8.7579E-01  8.7542E-01  8.7397E-01
  1.5594E+00  8.8885E-01  8.8858E-01  8.8719E-01
  1.5689E+00  9.0221E-01  9.0202E-01  9.0069E-01
  1.5785E+00  9.1587E-01  9.1574E-01  9.1447E-01
  1.5882E+00  9.2984E-01  9.2976E-01  9.2855E-01
  1.5979E+00  9.4414E-01  9.4409E-01  9.4294E-01
  1.6077E+00  9.5876E-01  9.5874E-01  9.5764E-01
  1.6175E+00  9.7373E-01  9.7372E-01  9.7268E-01
  1.6274E+00  9.8904E-01  9.8904E-01  9.8805E-01
  1.6373E+00  1.0047E+00  1.0047E+00  1.0038E+00
  1.6473E+00  1.0207E+00  1.0207E+00  1.0199E+00
  1.6574E+00  1.0372E+00  1.0372E+00  1.0363E+00
  1.6675E+00  1.0540E+00  1.0540E+00  1.0532E+00
  1.6777E+00  1.0712E+00  1.0712E+00  1.0704E+00
  1.6880E+00  1.0888E+00  1.0888E+00  1.0881E+00
  1.6983E+00  1.1069E+00  1.1069E+00  1.1062E+00
  1.7087E+00  1.1254E+00  1.1254E+00  1.1248E+00
  1.7192E+00  1.1444E+00  1.1444E+00  1.1438E+00
  1.7297E+00  1.1639E+00  1.1639E+00  1.1633E+00
  1.7403E+00  1.1838E+00  1.1838E+00  1.1833E+00
  1.7509E+00  1.2043E+00  1.2043E+00  1.2039E+00
  1.7616E+00  1.2253E+00  1.2253E+00  1.2249E+00
  1.7724E+00  1.2469E+00  1.2469E+00  1.2465E+00
  1.7832E+00  1.2691E+00  1.2691E+00  1.2687E+00
  1.7941E+00  1.2918E+00  1.2918E+00  1.2915E+00
  1.8051E+00  1.3152E+00  1.3152E+00  1.3149E+00
  1.8161E+00  1.3391E+00  1.3391E+00  1.3389E+00
  1.8272E+00  1.3638E+00  1.3638E+00  1.3636E+00
  1.8384E+00  1.3891E+00  1.3891E+00  1.3890E+00
  1.8497E+00  1.4152E+00  1.4152E+00  1.4151E+00
  1.8610E+00  1.4420E+00  1.4420E+00  1.4419E+00
  1.8723E+00  1.4695E+00  1.4695E+00  1.4695E+00
  1.8838E+00  1.4979E+00  1.4979E+00  1.4979E+00
  1.8953E+00  1.5271E+00  1.5271E+00  1.5271E+00
  1.9069E+00  1.5571E+00  1.5571E+00  1.5572E+00
  1.9186E+00  1.5880E+00  1.5880E+00  1.5881E+00
  1.9303E+00  1.6198E+00  1.6198E+00  1.6200E+00
  1.9421E+00  1.6526E+00  1.6526E+00  1.6528E+00
  1.9540E+00  1.6863E+00  1.6863E+00  1.6866E+00
  1.9659E+00  1.7211E+00  1.7211E+00  1.7214E+00
  1.9779E+00  1.7569E+00  1.7569E+00  1.7573E+00
  1.9900E+00  1.7939E+00  1.7939E+00  1.7942E+00
  2.0022E+00  1.8320E+00  1.8320E+00  1.8324E+00
