 # l=           1 energy=  -5.00000000000000     
  0.0000E+00  0.0000E+00  0.0000E+00  0.0000E+00
  2.4843E-06  2.3912E-12 -4.9507E-10 -7.3742E-10
  4.9838E-06  9.6232E-12 -1.6467E-09 -2.4639E-09
  7.4986E-06  2.1785E-11 -3.3287E-09 -5.0153E-09
  1.0029E-05  3.8967E-11 -5.4842E-09 -8.3426E-09
  1.2574E-05  6.1259E-11 -8.0798E-09 -1.2395E-08
  1.5136E-05  8.8756E-11 -1.1131E-08 -1.7112E-08
  1.7712E-05  1.2155E-10 -1.4613E-08 -2.2494E-08
  2.0305E-05  1.5974E-10 -1.8514E-08 -2.8525E-08
  2.2913E-05  2.0341E-10 -2.2833E-08 -3.5195E-08
  2.5538E-05  2.5268E-10 -2.7563E-08 -4.2501E-08
  2.8178E-05  3.0763E-10 -3.2701E-08 -5.0436E-08
  3.0835E-05  3.6837E-10 -3.8245E-08 -5.9000E-08
  3.3508E-05  4.3500E-10 -4.4196E-08 -6.8192E-08
  3.6197E-05  5.0762E-10 -5.0551E-08 -7.8010E-08
  3.8902E-05  5.8635E-10 -5.7314E-08 -8.8457E-08
  4.1625E-05  6.7127E-10 -6.4483E-08 -9.9534E-08
  4.4363E-05  7.6252E-10 -7.2061E-08 -1.1124E-07
  4.7119E-05  8.6018E-10 -8.0049E-08 -1.2359E-07
  4.9891E-05  9.6438E-10 -8.8450E-08 -1.3657E-07
  5.2681E-05  1.0752E-09 -9.7267E-08 -1.5020E-07
  5.5487E-05  1.1928E-09 -1.0650E-07 -1.6447E-07
  5.8310E-05  1.3173E-09 -1.1616E-07 -1.7940E-07
  6.1151E-05  1.4488E-09 -1.2624E-07 -1.9498E-07
  6.4009E-05  1.5874E-09 -1.3674E-07 -2.1123E-07
  6.6885E-05  1.7332E-09 -1.4768E-07 -2.2814E-07
  6.9778E-05  1.8864E-09 -1.5906E-07 -2.4573E-07
  7.2689E-05  2.0471E-09 -1.7087E-07 -2.6400E-07
  7.5618E-05  2.2154E-09 -1.8313E-07 -2.8296E-07
  7.8565E-05  2.3914E-09 -1.9584E-07 -3.0261E-07
  8.1529E-05  2.5753E-09 -2.0900E-07 -3.2296E-07
  8.4512E-05  2.7672E-09 -2.2262E-07 -3.4403E-07
  8.7513E-05  2.9672E-09 -2.3670E-07 -3.6581E-07
  9.0532E-05  3.1755E-09 -2.5125E-07 -3.8831E-07
  9.3570E-05  3.3921E-09 -2.6627E-07 -4.1155E-07
  9.6626E-05  3.6174E-09 -2.8177E-07 -4.3553E-07
  9.9701E-05  3.8513E-09 -2.9775E-07 -4.6026E-07
  1.0280E-04  4.0940E-09 -3.1422E-07 -4.8575E-07
  1.0591E-04  4.3457E-09 -3.3119E-07 -5.1200E-07
  1.0904E-04  4.6065E-09 -3.4865E-07 -5.3903E-07
  1.1219E-04  4.8766E-09 -3.6663E-07 -5.6685E-07
  1.1536E-04  5.1561E-09 -3.8512E-07 -5.9546E-07
  1.1855E-04  5.4451E-09 -4.0412E-07 -6.2487E-07
  1.2176E-04  5.7439E-09 -4.2365E-07 -6.5510E-07
  1.2499E-04  6.0526E-09 -4.4372E-07 -6.8616E-07
  1.2824E-04  6.3713E-09 -4.6432E-07 -7.1805E-07
  1.3151E-04  6.7002E-09 -4.8547E-07 -7.5079E-07
  1.3479E-04  7.0395E-09 -5.0717E-07 -7.8438E-07
  1.3810E-04  7.3893E-09 -5.2943E-07 -8.1884E-07
  1.4143E-04  7.7498E-09 -5.5225E-07 -8.5418E-07
  1.4478E-04  8.1211E-09 -5.7565E-07 -8.9041E-07
  1.4815E-04  8.5035E-09 -5.9963E-07 -9.2754E-07
  1.5154E-04  8.8971E-09 -6.2420E-07 -9.6558E-07
  1.5495E-04  9.3022E-09 -6.4937E-07 -1.0045E-06
  1.5838E-04  9.7187E-09 -6.7513E-07 -1.0444E-06
  1.6183E-04  1.0147E-08 -7.0151E-07 -1.0853E-06
  1.6531E-04  1.0587E-08 -7.2851E-07 -1.1271E-06
  1.6880E-04  1.1040E-08 -7.5614E-07 -1.1699E-06
  1.7232E-04  1.1505E-08 -7.8440E-07 -1.2137E-06
  1.7586E-04  1.1982E-08 -8.1331E-07 -1.2584E-06
  1.7942E-04  1.2472E-08 -8.4287E-07 -1.3042E-06
  1.8300E-04  1.2975E-08 -8.7309E-07 -1.3510E-06
  1.8660E-04  1.3490E-08 -9.0398E-07 -1.3989E-06
  1.9023E-04  1.4020E-08 -9.3556E-07 -1.4478E-06
  1.9387E-04  1.4563E-08 -9.6781E-07 -1.4977E-06
  1.9754E-04  1.5119E-08 -1.0008E-06 -1.5488E-06
  2.0123E-04  1.5689E-08 -1.0344E-06 -1.6009E-06
  2.0495E-04  1.6274E-08 -1.0688E-06 -1.6542E-06
  2.0869E-04  1.6873E-08 -1.1039E-06 -1.7086E-06
  2.1245E-04  1.7486E-08 -1.1397E-06 -1.7641E-06
  2.1623E-04  1.8115E-08 -1.1763E-06 -1.8208E-06
  2.2004E-04  1.8758E-08 -1.2137E-06 -1.8786E-06
  2.2387E-04  1.9417E-08 -1.2518E-06 -1.9377E-06
  2.2772E-04  2.0091E-08 -1.2906E-06 -1.9979E-06
  2.3160E-04  2.0781E-08 -1.3303E-06 -2.0594E-06
  2.3550E-04  2.1487E-08 -1.3708E-06 -2.1221E-06
  2.3942E-04  2.2209E-08 -1.4120E-06 -2.1860E-06
  2.4337E-04  2.2947E-08 -1.4541E-06 -2.2512E-06
  2.4734E-04  2.3702E-08 -1.4970E-06 -2.3177E-06
  2.5134E-04  2.4474E-08 -1.5408E-06 -2.3855E-06
  2.5536E-04  2.5264E-08 -1.5854E-06 -2.4546E-06
  2.5940E-04  2.6071E-08 -1.6308E-06 -2.5251E-06
  2.6347E-04  2.6895E-08 -1.6772E-06 -2.5969E-06
  2.6757E-04  2.7738E-08 -1.7244E-06 -2.6701E-06
  2.7169E-04  2.8598E-08 -1.7725E-06 -2.7447E-06
  2.7583E-04  2.9478E-08 -1.8216E-06 -2.8207E-06
  2.8000E-04  3.0376E-08 -1.8715E-06 -2.8981E-06
  2.8420E-04  3.1293E-08 -1.9224E-06 -2.9770E-06
  2.8842E-04  3.2230E-08 -1.9742E-06 -3.0573E-06
  2.9267E-04  3.3186E-08 -2.0270E-06 -3.1392E-06
  2.9694E-04  3.4162E-08 -2.0808E-06 -3.2225E-06
  3.0124E-04  3.5159E-08 -2.1355E-06 -3.3074E-06
  3.0557E-04  3.6176E-08 -2.1913E-06 -3.3938E-06
  3.0992E-04  3.7214E-08 -2.2480E-06 -3.4818E-06
  3.1430E-04  3.8273E-08 -2.3058E-06 -3.5714E-06
  3.1871E-04  3.9354E-08 -2.3647E-06 -3.6626E-06
  3.2314E-04  4.0456E-08 -2.4245E-06 -3.7554E-06
  3.2760E-04  4.1580E-08 -2.4855E-06 -3.8499E-06
  3.3209E-04  4.2727E-08 -2.5475E-06 -3.9461E-06
  3.3660E-04  4.3897E-08 -2.6106E-06 -4.0439E-06
  3.4114E-04  4.5090E-08 -2.6749E-06 -4.1435E-06
  3.4571E-04  4.6306E-08 -2.7402E-06 -4.2449E-06
  3.5031E-04  4.7546E-08 -2.8067E-06 -4.3480E-06
  3.5494E-04  4.8810E-08 -2.8744E-06 -4.4529E-06
  3.5959E-04  5.0098E-08 -2.9432E-06 -4.5596E-06
  3.6427E-04  5.1411E-08 -3.0132E-06 -4.6682E-06
  3.6899E-04  5.2750E-08 -3.0845E-06 -4.7786E-06
  3.7373E-04  5.4114E-08 -3.1569E-06 -4.8910E-06
  3.7850E-04  5.5504E-08 -3.2306E-06 -5.0052E-06
  3.8329E-04  5.6920E-08 -3.3055E-06 -5.1214E-06
  3.8812E-04  5.8363E-08 -3.3817E-06 -5.2396E-06
  3.9298E-04  5.9833E-08 -3.4592E-06 -5.3597E-06
  3.9787E-04  6.1330E-08 -3.5380E-06 -5.4819E-06
  4.0278E-04  6.2855E-08 -3.6181E-06 -5.6062E-06
  4.0773E-04  6.4409E-08 -3.6995E-06 -5.7325E-06
  4.1271E-04  6.5991E-08 -3.7823E-06 -5.8609E-06
  4.1771E-04  6.7602E-08 -3.8665E-06 -5.9915E-06
  4.2275E-04  6.9242E-08 -3.9521E-06 -6.1242E-06
  4.2782E-04  7.0913E-08 -4.0391E-06 -6.2591E-06
  4.3292E-04  7.2614E-08 -4.1275E-06 -6.3962E-06
  4.3805E-04  7.4345E-08 -4.2173E-06 -6.5356E-06
  4.4321E-04  7.6108E-08 -4.3087E-06 -6.6773E-06
  4.4841E-04  7.7902E-08 -4.4015E-06 -6.8212E-06
  4.5363E-04  7.9728E-08 -4.4958E-06 -6.9675E-06
  4.5889E-04  8.1587E-08 -4.5917E-06 -7.1162E-06
  4.6418E-04  8.3479E-08 -4.6891E-06 -7.2673E-06
  4.6950E-04  8.5404E-08 -4.7880E-06 -7.4208E-06
  4.7486E-04  8.7363E-08 -4.8886E-06 -7.5768E-06
  4.8025E-04  8.9357E-08 -4.9908E-06 -7.7353E-06
  4.8567E-04  9.1386E-08 -5.0946E-06 -7.8963E-06
  4.9112E-04  9.3449E-08 -5.2000E-06 -8.0599E-06
  4.9661E-04  9.5549E-08 -5.3071E-06 -8.2261E-06
  5.0213E-04  9.7685E-08 -5.4160E-06 -8.3949E-06
  5.0768E-04  9.9858E-08 -5.5265E-06 -8.5665E-06
  5.1327E-04  1.0207E-07 -5.6388E-06 -8.7407E-06
  5.1889E-04  1.0432E-07 -5.7529E-06 -8.9176E-06
  5.2455E-04  1.0660E-07 -5.8687E-06 -9.0973E-06
  5.3024E-04  1.0893E-07 -5.9864E-06 -9.2799E-06
  5.3597E-04  1.1130E-07 -6.1059E-06 -9.4653E-06
  5.4173E-04  1.1370E-07 -6.2272E-06 -9.6536E-06
  5.4752E-04  1.1615E-07 -6.3505E-06 -9.8448E-06
  5.5336E-04  1.1863E-07 -6.4756E-06 -1.0039E-05
  5.5922E-04  1.2116E-07 -6.6027E-06 -1.0236E-05
  5.6513E-04  1.2373E-07 -6.7318E-06 -1.0436E-05
  5.7107E-04  1.2635E-07 -6.8628E-06 -1.0640E-05
  5.7704E-04  1.2901E-07 -6.9958E-06 -1.0846E-05
  5.8305E-04  1.3171E-07 -7.1309E-06 -1.1056E-05
  5.8910E-04  1.3446E-07 -7.2681E-06 -1.1269E-05
  5.9519E-04  1.3725E-07 -7.4073E-06 -1.1485E-05
  6.0131E-04  1.4009E-07 -7.5487E-06 -1.1704E-05
  6.0747E-04  1.4297E-07 -7.6922E-06 -1.1927E-05
  6.1367E-04  1.4591E-07 -7.8379E-06 -1.2153E-05
  6.1991E-04  1.4889E-07 -7.9858E-06 -1.2382E-05
  6.2618E-04  1.5191E-07 -8.1360E-06 -1.2615E-05
  6.3249E-04  1.5499E-07 -8.2884E-06 -1.2852E-05
  6.3884E-04  1.5812E-07 -8.4431E-06 -1.3092E-05
  6.4523E-04  1.6130E-07 -8.6001E-06 -1.3336E-05
  6.5166E-04  1.6453E-07 -8.7595E-06 -1.3583E-05
  6.5813E-04  1.6781E-07 -8.9212E-06 -1.3834E-05
  6.6464E-04  1.7115E-07 -9.0854E-06 -1.4089E-05
  6.7119E-04  1.7454E-07 -9.2520E-06 -1.4347E-05
  6.7778E-04  1.7798E-07 -9.4211E-06 -1.4610E-05
  6.8440E-04  1.8148E-07 -9.5927E-06 -1.4876E-05
  6.9107E-04  1.8503E-07 -9.7669E-06 -1.5146E-05
  6.9778E-04  1.8864E-07 -9.9436E-06 -1.5421E-05
  7.0453E-04  1.9231E-07 -1.0123E-05 -1.5699E-05
  7.1132E-04  1.9604E-07 -1.0305E-05 -1.5981E-05
  7.1816E-04  1.9982E-07 -1.0490E-05 -1.6268E-05
  7.2503E-04  2.0366E-07 -1.0677E-05 -1.6559E-05
  7.3195E-04  2.0757E-07 -1.0867E-05 -1.6854E-05
  7.3891E-04  2.1153E-07 -1.1060E-05 -1.7154E-05
  7.4591E-04  2.1556E-07 -1.1256E-05 -1.7457E-05
  7.5295E-04  2.1965E-07 -1.1454E-05 -1.7766E-05
  7.6004E-04  2.2381E-07 -1.1656E-05 -1.8078E-05
  7.6717E-04  2.2803E-07 -1.1860E-05 -1.8396E-05
  7.7435E-04  2.3231E-07 -1.2068E-05 -1.8718E-05
  7.8157E-04  2.3666E-07 -1.2278E-05 -1.9044E-05
  7.8883E-04  2.4108E-07 -1.2492E-05 -1.9376E-05
  7.9614E-04  2.4557E-07 -1.2708E-05 -1.9712E-05
  8.0349E-04  2.5013E-07 -1.2928E-05 -2.0053E-05
  8.1088E-04  2.5475E-07 -1.3151E-05 -2.0399E-05
  8.1833E-04  2.5945E-07 -1.3377E-05 -2.0750E-05
  8.2581E-04  2.6422E-07 -1.3606E-05 -2.1106E-05
  8.3335E-04  2.6906E-07 -1.3839E-05 -2.1467E-05
  8.4093E-04  2.7398E-07 -1.4075E-05 -2.1833E-05
  8.4855E-04  2.7897E-07 -1.4314E-05 -2.2204E-05
  8.5622E-04  2.8404E-07 -1.4557E-05 -2.2581E-05
  8.6394E-04  2.8918E-07 -1.4803E-05 -2.2964E-05
  8.7171E-04  2.9440E-07 -1.5053E-05 -2.3351E-05
  8.7952E-04  2.9971E-07 -1.5306E-05 -2.3744E-05
  8.8738E-04  3.0509E-07 -1.5563E-05 -2.4143E-05
  8.9529E-04  3.1055E-07 -1.5823E-05 -2.4548E-05
  9.0325E-04  3.1610E-07 -1.6088E-05 -2.4958E-05
  9.1126E-04  3.2172E-07 -1.6356E-05 -2.5374E-05
  9.1931E-04  3.2744E-07 -1.6627E-05 -2.5796E-05
  9.2742E-04  3.3324E-07 -1.6903E-05 -2.6224E-05
  9.3557E-04  3.3912E-07 -1.7183E-05 -2.6658E-05
  9.4378E-04  3.4510E-07 -1.7466E-05 -2.7098E-05
  9.5203E-04  3.5116E-07 -1.7753E-05 -2.7544E-05
  9.6034E-04  3.5731E-07 -1.8045E-05 -2.7997E-05
  9.6869E-04  3.6356E-07 -1.8340E-05 -2.8455E-05
  9.7710E-04  3.6989E-07 -1.8640E-05 -2.8921E-05
  9.8556E-04  3.7633E-07 -1.8944E-05 -2.9393E-05
  9.9407E-04  3.8285E-07 -1.9252E-05 -2.9871E-05
  1.0026E-03  3.8948E-07 -1.9565E-05 -3.0356E-05
  1.0112E-03  3.9620E-07 -1.9882E-05 -3.0848E-05
  1.0199E-03  4.0302E-07 -2.0203E-05 -3.1347E-05
  1.0286E-03  4.0994E-07 -2.0529E-05 -3.1853E-05
  1.0374E-03  4.1696E-07 -2.0859E-05 -3.2366E-05
  1.0462E-03  4.2409E-07 -2.1194E-05 -3.2886E-05
  1.0551E-03  4.3132E-07 -2.1533E-05 -3.3413E-05
  1.0640E-03  4.3865E-07 -2.1877E-05 -3.3947E-05
  1.0730E-03  4.4610E-07 -2.2226E-05 -3.4489E-05
  1.0821E-03  4.5365E-07 -2.2580E-05 -3.5039E-05
  1.0912E-03  4.6131E-07 -2.2939E-05 -3.5596E-05
  1.1003E-03  4.6908E-07 -2.3303E-05 -3.6160E-05
  1.1095E-03  4.7697E-07 -2.3671E-05 -3.6733E-05
  1.1188E-03  4.8497E-07 -2.4045E-05 -3.7313E-05
  1.1281E-03  4.9309E-07 -2.4424E-05 -3.7902E-05
  1.1375E-03  5.0132E-07 -2.4808E-05 -3.8498E-05
  1.1470E-03  5.0968E-07 -2.5197E-05 -3.9103E-05
  1.1565E-03  5.1815E-07 -2.5592E-05 -3.9716E-05
  1.1660E-03  5.2675E-07 -2.5992E-05 -4.0337E-05
  1.1756E-03  5.3547E-07 -2.6398E-05 -4.0967E-05
  1.1853E-03  5.4432E-07 -2.6809E-05 -4.1606E-05
  1.1950E-03  5.5329E-07 -2.7226E-05 -4.2253E-05
  1.2048E-03  5.6240E-07 -2.7649E-05 -4.2909E-05
  1.2147E-03  5.7163E-07 -2.8077E-05 -4.3574E-05
  1.2246E-03  5.8100E-07 -2.8511E-05 -4.4248E-05
  1.2345E-03  5.9050E-07 -2.8951E-05 -4.4932E-05
  1.2446E-03  6.0013E-07 -2.9397E-05 -4.5624E-05
  1.2547E-03  6.0991E-07 -2.9849E-05 -4.6326E-05
  1.2648E-03  6.1982E-07 -3.0307E-05 -4.7038E-05
  1.2750E-03  6.2987E-07 -3.0772E-05 -4.7759E-05
  1.2853E-03  6.4007E-07 -3.1242E-05 -4.8490E-05
  1.2957E-03  6.5041E-07 -3.1719E-05 -4.9231E-05
  1.3061E-03  6.6090E-07 -3.2203E-05 -4.9982E-05
  1.3165E-03  6.7154E-07 -3.2693E-05 -5.0743E-05
  1.3271E-03  6.8233E-07 -3.3190E-05 -5.1515E-05
  1.3377E-03  6.9327E-07 -3.3693E-05 -5.2297E-05
  1.3483E-03  7.0436E-07 -3.4203E-05 -5.3089E-05
  1.3591E-03  7.1562E-07 -3.4720E-05 -5.3892E-05
  1.3699E-03  7.2703E-07 -3.5245E-05 -5.4706E-05
  1.3807E-03  7.3860E-07 -3.5776E-05 -5.5531E-05
  1.3916E-03  7.5034E-07 -3.6314E-05 -5.6367E-05
  1.4026E-03  7.6224E-07 -3.6859E-05 -5.7214E-05
  1.4137E-03  7.7431E-07 -3.7412E-05 -5.8072E-05
  1.4248E-03  7.8654E-07 -3.7972E-05 -5.8943E-05
  1.4360E-03  7.9895E-07 -3.8540E-05 -5.9824E-05
  1.4473E-03  8.1153E-07 -3.9115E-05 -6.0718E-05
  1.4586E-03  8.2429E-07 -3.9698E-05 -6.1623E-05
  1.4700E-03  8.3723E-07 -4.0289E-05 -6.2541E-05
  1.4815E-03  8.5035E-07 -4.0888E-05 -6.3471E-05
  1.4930E-03  8.6365E-07 -4.1494E-05 -6.4413E-05
  1.5046E-03  8.7714E-07 -4.2109E-05 -6.5368E-05
  1.5163E-03  8.9081E-07 -4.2732E-05 -6.6336E-05
  1.5281E-03  9.0468E-07 -4.3363E-05 -6.7316E-05
  1.5399E-03  9.1873E-07 -4.4003E-05 -6.8310E-05
  1.5518E-03  9.3299E-07 -4.4651E-05 -6.9316E-05
  1.5638E-03  9.4744E-07 -4.5308E-05 -7.0336E-05
  1.5758E-03  9.6209E-07 -4.5973E-05 -7.1370E-05
  1.5879E-03  9.7694E-07 -4.6647E-05 -7.2418E-05
  1.6001E-03  9.9200E-07 -4.7331E-05 -7.3479E-05
  1.6124E-03  1.0073E-06 -4.8023E-05 -7.4554E-05
  1.6247E-03  1.0228E-06 -4.8724E-05 -7.5644E-05
  1.6372E-03  1.0384E-06 -4.9435E-05 -7.6748E-05
  1.6497E-03  1.0544E-06 -5.0155E-05 -7.7866E-05
  1.6622E-03  1.0705E-06 -5.0885E-05 -7.9000E-05
  1.6749E-03  1.0868E-06 -5.1624E-05 -8.0148E-05
  1.6876E-03  1.1034E-06 -5.2373E-05 -8.1312E-05
  1.7004E-03  1.1202E-06 -5.3132E-05 -8.2490E-05
  1.7133E-03  1.1372E-06 -5.3901E-05 -8.3685E-05
  1.7262E-03  1.1545E-06 -5.4680E-05 -8.4895E-05
  1.7393E-03  1.1720E-06 -5.5469E-05 -8.6121E-05
  1.7524E-03  1.1898E-06 -5.6268E-05 -8.7363E-05
  1.7656E-03  1.2078E-06 -5.7079E-05 -8.8621E-05
  1.7789E-03  1.2260E-06 -5.7899E-05 -8.9896E-05
  1.7922E-03  1.2445E-06 -5.8731E-05 -9.1188E-05
  1.8057E-03  1.2632E-06 -5.9573E-05 -9.2497E-05
  1.8192E-03  1.2822E-06 -6.0427E-05 -9.3823E-05
  1.8328E-03  1.3015E-06 -6.1291E-05 -9.5166E-05
  1.8465E-03  1.3210E-06 -6.2167E-05 -9.6527E-05
  1.8603E-03  1.3408E-06 -6.3054E-05 -9.7905E-05
  1.8741E-03  1.3608E-06 -6.3953E-05 -9.9302E-05
  1.8881E-03  1.3811E-06 -6.4864E-05 -1.0072E-04
  1.9021E-03  1.4017E-06 -6.5787E-05 -1.0215E-04
  1.9162E-03  1.4226E-06 -6.6721E-05 -1.0360E-04
  1.9304E-03  1.4438E-06 -6.7668E-05 -1.0507E-04
  1.9447E-03  1.4652E-06 -6.8627E-05 -1.0656E-04
  1.9591E-03  1.4870E-06 -6.9599E-05 -1.0807E-04
  1.9735E-03  1.5090E-06 -7.0583E-05 -1.0960E-04
  1.9881E-03  1.5313E-06 -7.1580E-05 -1.1115E-04
  2.0027E-03  1.5540E-06 -7.2590E-05 -1.1272E-04
  2.0174E-03  1.5769E-06 -7.3613E-05 -1.1431E-04
  2.0323E-03  1.6001E-06 -7.4650E-05 -1.1592E-04
  2.0472E-03  1.6237E-06 -7.5700E-05 -1.1755E-04
  2.0622E-03  1.6476E-06 -7.6763E-05 -1.1920E-04
  2.0773E-03  1.6718E-06 -7.7840E-05 -1.2088E-04
  2.0924E-03  1.6963E-06 -7.8932E-05 -1.2257E-04
  2.1077E-03  1.7212E-06 -8.0037E-05 -1.2429E-04
  2.1231E-03  1.7464E-06 -8.1156E-05 -1.2603E-04
  2.1386E-03  1.7719E-06 -8.2291E-05 -1.2779E-04
  2.1541E-03  1.7978E-06 -8.3439E-05 -1.2958E-04
  2.1698E-03  1.8240E-06 -8.4603E-05 -1.3138E-04
  2.1855E-03  1.8506E-06 -8.5782E-05 -1.3322E-04
  2.2014E-03  1.8775E-06 -8.6975E-05 -1.3507E-04
  2.2173E-03  1.9048E-06 -8.8184E-05 -1.3695E-04
  2.2334E-03  1.9325E-06 -8.9409E-05 -1.3885E-04
  2.2495E-03  1.9605E-06 -9.0650E-05 -1.4078E-04
  2.2657E-03  1.9889E-06 -9.1906E-05 -1.4273E-04
  2.2821E-03  2.0177E-06 -9.3179E-05 -1.4471E-04
  2.2985E-03  2.0469E-06 -9.4468E-05 -1.4671E-04
  2.3150E-03  2.0764E-06 -9.5774E-05 -1.4874E-04
  2.3317E-03  2.1064E-06 -9.7096E-05 -1.5080E-04
  2.3484E-03  2.1367E-06 -9.8435E-05 -1.5288E-04
  2.3653E-03  2.1675E-06 -9.9792E-05 -1.5499E-04
  2.3822E-03  2.1987E-06 -1.0117E-04 -1.5712E-04
  2.3992E-03  2.2302E-06 -1.0256E-04 -1.5928E-04
  2.4164E-03  2.2622E-06 -1.0397E-04 -1.6147E-04
  2.4337E-03  2.2947E-06 -1.0539E-04 -1.6369E-04
  2.4510E-03  2.3275E-06 -1.0684E-04 -1.6594E-04
  2.4685E-03  2.3608E-06 -1.0830E-04 -1.6821E-04
  2.4861E-03  2.3946E-06 -1.0979E-04 -1.7052E-04
  2.5038E-03  2.4288E-06 -1.1129E-04 -1.7285E-04
  2.5215E-03  2.4634E-06 -1.1281E-04 -1.7521E-04
  2.5394E-03  2.4985E-06 -1.1435E-04 -1.7761E-04
  2.5575E-03  2.5341E-06 -1.1591E-04 -1.8003E-04
  2.5756E-03  2.5701E-06 -1.1749E-04 -1.8249E-04
  2.5938E-03  2.6066E-06 -1.1909E-04 -1.8497E-04
  2.6121E-03  2.6436E-06 -1.2071E-04 -1.8749E-04
  2.6306E-03  2.6811E-06 -1.2235E-04 -1.9004E-04
  2.6492E-03  2.7191E-06 -1.2401E-04 -1.9262E-04
  2.6679E-03  2.7575E-06 -1.2570E-04 -1.9524E-04
  2.6866E-03  2.7965E-06 -1.2740E-04 -1.9789E-04
  2.7056E-03  2.8360E-06 -1.2913E-04 -2.0057E-04
  2.7246E-03  2.8761E-06 -1.3088E-04 -2.0329E-04
  2.7437E-03  2.9166E-06 -1.3265E-04 -2.0604E-04
  2.7630E-03  2.9577E-06 -1.3444E-04 -2.0883E-04
  2.7824E-03  2.9993E-06 -1.3625E-04 -2.1165E-04
  2.8019E-03  3.0415E-06 -1.3809E-04 -2.1450E-04
  2.8215E-03  3.0843E-06 -1.3995E-04 -2.1740E-04
  2.8412E-03  3.1275E-06 -1.4184E-04 -2.2033E-04
  2.8611E-03  3.1714E-06 -1.4375E-04 -2.2329E-04
  2.8810E-03  3.2159E-06 -1.4568E-04 -2.2630E-04
  2.9011E-03  3.2609E-06 -1.4764E-04 -2.2934E-04
  2.9214E-03  3.3065E-06 -1.4962E-04 -2.3242E-04
  2.9417E-03  3.3527E-06 -1.5163E-04 -2.3554E-04
  2.9622E-03  3.3995E-06 -1.5366E-04 -2.3870E-04
  2.9828E-03  3.4470E-06 -1.5572E-04 -2.4190E-04
  3.0035E-03  3.4950E-06 -1.5781E-04 -2.4514E-04
  3.0243E-03  3.5437E-06 -1.5992E-04 -2.4842E-04
  3.0453E-03  3.5930E-06 -1.6205E-04 -2.5175E-04
  3.0664E-03  3.6430E-06 -1.6422E-04 -2.5511E-04
  3.0876E-03  3.6936E-06 -1.6641E-04 -2.5852E-04
  3.1090E-03  3.7449E-06 -1.6863E-04 -2.6197E-04
  3.1305E-03  3.7969E-06 -1.7088E-04 -2.6546E-04
  3.1521E-03  3.8495E-06 -1.7315E-04 -2.6899E-04
  3.1739E-03  3.9028E-06 -1.7546E-04 -2.7258E-04
  3.1958E-03  3.9568E-06 -1.7779E-04 -2.7620E-04
  3.2178E-03  4.0115E-06 -1.8015E-04 -2.7987E-04
  3.2399E-03  4.0670E-06 -1.8255E-04 -2.8359E-04
  3.2622E-03  4.1231E-06 -1.8497E-04 -2.8736E-04
  3.2847E-03  4.1800E-06 -1.8742E-04 -2.9117E-04
  3.3072E-03  4.2377E-06 -1.8990E-04 -2.9503E-04
  3.3299E-03  4.2960E-06 -1.9242E-04 -2.9894E-04
  3.3528E-03  4.3552E-06 -1.9496E-04 -3.0289E-04
  3.3758E-03  4.4151E-06 -1.9754E-04 -3.0690E-04
  3.3989E-03  4.4758E-06 -2.0015E-04 -3.1096E-04
  3.4221E-03  4.5373E-06 -2.0279E-04 -3.1507E-04
  3.4455E-03  4.5996E-06 -2.0547E-04 -3.1922E-04
  3.4691E-03  4.6626E-06 -2.0818E-04 -3.2344E-04
  3.4928E-03  4.7265E-06 -2.1092E-04 -3.2770E-04
  3.5166E-03  4.7913E-06 -2.1370E-04 -3.3202E-04
  3.5406E-03  4.8569E-06 -2.1651E-04 -3.3639E-04
  3.5647E-03  4.9233E-06 -2.1936E-04 -3.4081E-04
  3.5890E-03  4.9906E-06 -2.2224E-04 -3.4529E-04
  3.6134E-03  5.0587E-06 -2.2516E-04 -3.4983E-04
  3.6380E-03  5.1278E-06 -2.2812E-04 -3.5443E-04
  3.6628E-03  5.1977E-06 -2.3111E-04 -3.5908E-04
  3.6876E-03  5.2686E-06 -2.3414E-04 -3.6378E-04
  3.7127E-03  5.3403E-06 -2.3720E-04 -3.6855E-04
  3.7378E-03  5.4130E-06 -2.4031E-04 -3.7338E-04
  3.7632E-03  5.4867E-06 -2.4345E-04 -3.7827E-04
  3.7887E-03  5.5612E-06 -2.4663E-04 -3.8321E-04
  3.8143E-03  5.6368E-06 -2.4986E-04 -3.8822E-04
  3.8401E-03  5.7133E-06 -2.5312E-04 -3.9329E-04
  3.8661E-03  5.7908E-06 -2.5642E-04 -3.9843E-04
  3.8922E-03  5.8693E-06 -2.5977E-04 -4.0363E-04
  3.9185E-03  5.9489E-06 -2.6315E-04 -4.0889E-04
  3.9449E-03  6.0294E-06 -2.6658E-04 -4.1422E-04
  3.9715E-03  6.1110E-06 -2.7005E-04 -4.1961E-04
  3.9983E-03  6.1937E-06 -2.7356E-04 -4.2507E-04
  4.0252E-03  6.2774E-06 -2.7712E-04 -4.3060E-04
  4.0523E-03  6.3622E-06 -2.8072E-04 -4.3620E-04
  4.0796E-03  6.4481E-06 -2.8436E-04 -4.4187E-04
  4.1070E-03  6.5350E-06 -2.8805E-04 -4.4760E-04
  4.1346E-03  6.6231E-06 -2.9179E-04 -4.5341E-04
  4.1624E-03  6.7124E-06 -2.9557E-04 -4.5929E-04
  4.1903E-03  6.8028E-06 -2.9940E-04 -4.6524E-04
  4.2184E-03  6.8943E-06 -3.0328E-04 -4.7127E-04
  4.2467E-03  6.9871E-06 -3.0720E-04 -4.7737E-04
  4.2751E-03  7.0810E-06 -3.1117E-04 -4.8354E-04
  4.3037E-03  7.1761E-06 -3.1519E-04 -4.8980E-04
  4.3325E-03  7.2725E-06 -3.1927E-04 -4.9613E-04
  4.3615E-03  7.3701E-06 -3.2339E-04 -5.0253E-04
  4.3907E-03  7.4689E-06 -3.2756E-04 -5.0902E-04
  4.4200E-03  7.5690E-06 -3.3178E-04 -5.1559E-04
  4.4495E-03  7.6704E-06 -3.3606E-04 -5.2223E-04
  4.4792E-03  7.7731E-06 -3.4039E-04 -5.2896E-04
  4.5090E-03  7.8771E-06 -3.4477E-04 -5.3577E-04
  4.5391E-03  7.9825E-06 -3.4920E-04 -5.4267E-04
  4.5693E-03  8.0892E-06 -3.5369E-04 -5.4965E-04
  4.5998E-03  8.1972E-06 -3.5824E-04 -5.5672E-04
  4.6304E-03  8.3067E-06 -3.6284E-04 -5.6387E-04
  4.6612E-03  8.4175E-06 -3.6750E-04 -5.7111E-04
  4.6921E-03  8.5298E-06 -3.7221E-04 -5.7844E-04
  4.7233E-03  8.6435E-06 -3.7698E-04 -5.8586E-04
  4.7547E-03  8.7587E-06 -3.8182E-04 -5.9338E-04
  4.7862E-03  8.8753E-06 -3.8671E-04 -6.0098E-04
  4.8180E-03  8.9934E-06 -3.9166E-04 -6.0868E-04
  4.8499E-03  9.1131E-06 -3.9667E-04 -6.1647E-04
  4.8820E-03  9.2342E-06 -4.0174E-04 -6.2435E-04
  4.9144E-03  9.3569E-06 -4.0687E-04 -6.3234E-04
  4.9469E-03  9.4812E-06 -4.1207E-04 -6.4042E-04
  4.9796E-03  9.6071E-06 -4.1733E-04 -6.4860E-04
  5.0126E-03  9.7346E-06 -4.2266E-04 -6.5688E-04
  5.0457E-03  9.8637E-06 -4.2805E-04 -6.6526E-04
  5.0790E-03  9.9944E-06 -4.3350E-04 -6.7375E-04
  5.1126E-03  1.0127E-05 -4.3903E-04 -6.8233E-04
  5.1463E-03  1.0261E-05 -4.4462E-04 -6.9103E-04
  5.1802E-03  1.0397E-05 -4.5028E-04 -6.9982E-04
  5.2144E-03  1.0534E-05 -4.5600E-04 -7.0873E-04
  5.2488E-03  1.0674E-05 -4.6180E-04 -7.1775E-04
  5.2833E-03  1.0815E-05 -4.6767E-04 -7.2687E-04
  5.3181E-03  1.0958E-05 -4.7361E-04 -7.3611E-04
  5.3531E-03  1.1102E-05 -4.7962E-04 -7.4546E-04
  5.3883E-03  1.1249E-05 -4.8571E-04 -7.5492E-04
  5.4238E-03  1.1397E-05 -4.9187E-04 -7.6450E-04
  5.4594E-03  1.1548E-05 -4.9810E-04 -7.7419E-04
  5.4953E-03  1.1700E-05 -5.0441E-04 -7.8401E-04
  5.5314E-03  1.1854E-05 -5.1080E-04 -7.9394E-04
  5.5677E-03  1.2010E-05 -5.1726E-04 -8.0399E-04
  5.6042E-03  1.2168E-05 -5.2381E-04 -8.1417E-04
  5.6409E-03  1.2328E-05 -5.3043E-04 -8.2447E-04
  5.6779E-03  1.2490E-05 -5.3713E-04 -8.3489E-04
  5.7151E-03  1.2654E-05 -5.4392E-04 -8.4544E-04
  5.7525E-03  1.2821E-05 -5.5078E-04 -8.5612E-04
  5.7902E-03  1.2989E-05 -5.5773E-04 -8.6693E-04
  5.8281E-03  1.3160E-05 -5.6477E-04 -8.7787E-04
  5.8662E-03  1.3332E-05 -5.7189E-04 -8.8894E-04
  5.9045E-03  1.3507E-05 -5.7909E-04 -9.0014E-04
  5.9431E-03  1.3684E-05 -5.8639E-04 -9.1149E-04
  5.9819E-03  1.3864E-05 -5.9377E-04 -9.2297E-04
  6.0210E-03  1.4045E-05 -6.0124E-04 -9.3458E-04
  6.0603E-03  1.4229E-05 -6.0880E-04 -9.4634E-04
  6.0998E-03  1.4415E-05 -6.1645E-04 -9.5824E-04
  6.1396E-03  1.4604E-05 -6.2420E-04 -9.7029E-04
  6.1796E-03  1.4795E-05 -6.3204E-04 -9.8248E-04
  6.2199E-03  1.4989E-05 -6.3997E-04 -9.9482E-04
  6.2604E-03  1.5184E-05 -6.4800E-04 -1.0073E-03
  6.3011E-03  1.5383E-05 -6.5612E-04 -1.0199E-03
  6.3422E-03  1.5584E-05 -6.6435E-04 -1.0327E-03
  6.3834E-03  1.5787E-05 -6.7267E-04 -1.0457E-03
  6.4249E-03  1.5993E-05 -6.8109E-04 -1.0588E-03
  6.4667E-03  1.6202E-05 -6.8962E-04 -1.0720E-03
  6.5087E-03  1.6413E-05 -6.9825E-04 -1.0855E-03
  6.5510E-03  1.6627E-05 -7.0698E-04 -1.0990E-03
  6.5935E-03  1.6843E-05 -7.1581E-04 -1.1128E-03
  6.6363E-03  1.7063E-05 -7.2476E-04 -1.1267E-03
  6.6794E-03  1.7285E-05 -7.3381E-04 -1.1408E-03
  6.7227E-03  1.7510E-05 -7.4296E-04 -1.1550E-03
  6.7663E-03  1.7738E-05 -7.5223E-04 -1.1694E-03
  6.8101E-03  1.7968E-05 -7.6161E-04 -1.1840E-03
  6.8543E-03  1.8202E-05 -7.7111E-04 -1.1988E-03
  6.8986E-03  1.8438E-05 -7.8071E-04 -1.2137E-03
  6.9433E-03  1.8678E-05 -7.9043E-04 -1.2288E-03
  6.9882E-03  1.8920E-05 -8.0027E-04 -1.2442E-03
  7.0334E-03  1.9166E-05 -8.1023E-04 -1.2596E-03
  7.0789E-03  1.9415E-05 -8.2030E-04 -1.2753E-03
  7.1247E-03  1.9666E-05 -8.3050E-04 -1.2912E-03
  7.1707E-03  1.9921E-05 -8.4082E-04 -1.3072E-03
  7.2171E-03  2.0180E-05 -8.5126E-04 -1.3235E-03
  7.2637E-03  2.0441E-05 -8.6183E-04 -1.3399E-03
  7.3106E-03  2.0706E-05 -8.7252E-04 -1.3565E-03
  7.3577E-03  2.0974E-05 -8.8334E-04 -1.3734E-03
  7.4052E-03  2.1246E-05 -8.9429E-04 -1.3904E-03
  7.4530E-03  2.1520E-05 -9.0537E-04 -1.4076E-03
  7.5010E-03  2.1799E-05 -9.1658E-04 -1.4251E-03
  7.5494E-03  2.2081E-05 -9.2793E-04 -1.4427E-03
  7.5980E-03  2.2366E-05 -9.3941E-04 -1.4606E-03
  7.6469E-03  2.2655E-05 -9.5103E-04 -1.4787E-03
  7.6962E-03  2.2948E-05 -9.6279E-04 -1.4970E-03
  7.7457E-03  2.3244E-05 -9.7469E-04 -1.5155E-03
  7.7956E-03  2.3544E-05 -9.8672E-04 -1.5342E-03
  7.8457E-03  2.3848E-05 -9.9891E-04 -1.5531E-03
  7.8961E-03  2.4156E-05 -1.0112E-03 -1.5723E-03
  7.9469E-03  2.4467E-05 -1.0237E-03 -1.5917E-03
  7.9980E-03  2.4783E-05 -1.0363E-03 -1.6114E-03
  8.0494E-03  2.5102E-05 -1.0491E-03 -1.6312E-03
  8.1011E-03  2.5426E-05 -1.0620E-03 -1.6513E-03
  8.1531E-03  2.5753E-05 -1.0751E-03 -1.6717E-03
  8.2054E-03  2.6085E-05 -1.0883E-03 -1.6923E-03
  8.2580E-03  2.6421E-05 -1.1017E-03 -1.7131E-03
  8.3110E-03  2.6761E-05 -1.1153E-03 -1.7342E-03
  8.3643E-03  2.7105E-05 -1.1290E-03 -1.7555E-03
  8.4179E-03  2.7454E-05 -1.1428E-03 -1.7771E-03
  8.4719E-03  2.7807E-05 -1.1569E-03 -1.7989E-03
  8.5262E-03  2.8164E-05 -1.1711E-03 -1.8210E-03
  8.5808E-03  2.8526E-05 -1.1855E-03 -1.8434E-03
  8.6357E-03  2.8893E-05 -1.2000E-03 -1.8660E-03
  8.6910E-03  2.9264E-05 -1.2147E-03 -1.8889E-03
  8.7466E-03  2.9640E-05 -1.2296E-03 -1.9120E-03
  8.8026E-03  3.0020E-05 -1.2446E-03 -1.9355E-03
  8.8589E-03  3.0405E-05 -1.2599E-03 -1.9592E-03
  8.9155E-03  3.0795E-05 -1.2753E-03 -1.9832E-03
  8.9725E-03  3.1190E-05 -1.2909E-03 -2.0074E-03
  9.0299E-03  3.1590E-05 -1.3067E-03 -2.0320E-03
  9.0876E-03  3.1995E-05 -1.3227E-03 -2.0569E-03
  9.1456E-03  3.2405E-05 -1.3388E-03 -2.0820E-03
  9.2040E-03  3.2820E-05 -1.3552E-03 -2.1074E-03
  9.2628E-03  3.3241E-05 -1.3717E-03 -2.1332E-03
  9.3219E-03  3.3666E-05 -1.3884E-03 -2.1592E-03
  9.3813E-03  3.4097E-05 -1.4054E-03 -2.1856E-03
  9.4412E-03  3.4534E-05 -1.4225E-03 -2.2122E-03
  9.5014E-03  3.4975E-05 -1.4398E-03 -2.2392E-03
  9.5620E-03  3.5423E-05 -1.4574E-03 -2.2665E-03
  9.6229E-03  3.5876E-05 -1.4751E-03 -2.2941E-03
  9.6842E-03  3.6334E-05 -1.4930E-03 -2.3220E-03
  9.7459E-03  3.6799E-05 -1.5112E-03 -2.3503E-03
  9.8080E-03  3.7269E-05 -1.5296E-03 -2.3788E-03
  9.8704E-03  3.7745E-05 -1.5482E-03 -2.4078E-03
  9.9333E-03  3.8227E-05 -1.5670E-03 -2.4370E-03
  9.9965E-03  3.8715E-05 -1.5860E-03 -2.4666E-03
  1.0060E-02  3.9209E-05 -1.6052E-03 -2.4966E-03
  1.0124E-02  3.9710E-05 -1.6247E-03 -2.5269E-03
  1.0188E-02  4.0216E-05 -1.6444E-03 -2.5575E-03
  1.0253E-02  4.0729E-05 -1.6643E-03 -2.5886E-03
  1.0318E-02  4.1249E-05 -1.6845E-03 -2.6199E-03
  1.0384E-02  4.1775E-05 -1.7049E-03 -2.6517E-03
  1.0450E-02  4.2307E-05 -1.7255E-03 -2.6838E-03
  1.0516E-02  4.2846E-05 -1.7464E-03 -2.7163E-03
  1.0583E-02  4.3392E-05 -1.7675E-03 -2.7491E-03
  1.0650E-02  4.3945E-05 -1.7889E-03 -2.7824E-03
  1.0718E-02  4.4504E-05 -1.8105E-03 -2.8160E-03
  1.0786E-02  4.5071E-05 -1.8323E-03 -2.8501E-03
  1.0854E-02  4.5644E-05 -1.8545E-03 -2.8845E-03
  1.0923E-02  4.6225E-05 -1.8768E-03 -2.9193E-03
  1.0992E-02  4.6813E-05 -1.8995E-03 -2.9545E-03
  1.1062E-02  4.7409E-05 -1.9224E-03 -2.9902E-03
  1.1132E-02  4.8012E-05 -1.9455E-03 -3.0262E-03
  1.1203E-02  4.8622E-05 -1.9690E-03 -3.0627E-03
  1.1274E-02  4.9240E-05 -1.9927E-03 -3.0996E-03
  1.1345E-02  4.9866E-05 -2.0166E-03 -3.1369E-03
  1.1417E-02  5.0499E-05 -2.0409E-03 -3.1747E-03
  1.1489E-02  5.1141E-05 -2.0654E-03 -3.2129E-03
  1.1562E-02  5.1790E-05 -2.0902E-03 -3.2515E-03
  1.1635E-02  5.2448E-05 -2.1153E-03 -3.2906E-03
  1.1709E-02  5.3114E-05 -2.1407E-03 -3.3301E-03
  1.1783E-02  5.3788E-05 -2.1664E-03 -3.3701E-03
  1.1857E-02  5.4470E-05 -2.1924E-03 -3.4106E-03
  1.1932E-02  5.5161E-05 -2.2187E-03 -3.4515E-03
  1.2008E-02  5.5861E-05 -2.2453E-03 -3.4929E-03
  1.2084E-02  5.6569E-05 -2.2722E-03 -3.5347E-03
  1.2160E-02  5.7286E-05 -2.2994E-03 -3.5771E-03
  1.2237E-02  5.8012E-05 -2.3269E-03 -3.6199E-03
  1.2314E-02  5.8748E-05 -2.3547E-03 -3.6632E-03
  1.2392E-02  5.9492E-05 -2.3829E-03 -3.7071E-03
  1.2470E-02  6.0246E-05 -2.4114E-03 -3.7514E-03
  1.2549E-02  6.1009E-05 -2.4402E-03 -3.7962E-03
  1.2628E-02  6.1781E-05 -2.4693E-03 -3.8416E-03
  1.2708E-02  6.2563E-05 -2.4988E-03 -3.8875E-03
  1.2788E-02  6.3355E-05 -2.5286E-03 -3.9339E-03
  1.2869E-02  6.4157E-05 -2.5587E-03 -3.9808E-03
  1.2950E-02  6.4969E-05 -2.5892E-03 -4.0283E-03
  1.3031E-02  6.5791E-05 -2.6200E-03 -4.0763E-03
  1.3114E-02  6.6623E-05 -2.6512E-03 -4.1249E-03
  1.3196E-02  6.7465E-05 -2.6828E-03 -4.1740E-03
  1.3279E-02  6.8318E-05 -2.7147E-03 -4.2237E-03
  1.3363E-02  6.9182E-05 -2.7470E-03 -4.2740E-03
  1.3447E-02  7.0056E-05 -2.7796E-03 -4.3248E-03
  1.3532E-02  7.0941E-05 -2.8126E-03 -4.3762E-03
  1.3617E-02  7.1838E-05 -2.8460E-03 -4.4282E-03
  1.3703E-02  7.2745E-05 -2.8798E-03 -4.4808E-03
  1.3789E-02  7.3664E-05 -2.9139E-03 -4.5340E-03
  1.3876E-02  7.4594E-05 -2.9485E-03 -4.5878E-03
  1.3963E-02  7.5536E-05 -2.9834E-03 -4.6422E-03
  1.4051E-02  7.6489E-05 -3.0188E-03 -4.6972E-03
  1.4140E-02  7.7454E-05 -3.0545E-03 -4.7528E-03
  1.4229E-02  7.8432E-05 -3.0906E-03 -4.8091E-03
  1.4318E-02  7.9421E-05 -3.1272E-03 -4.8660E-03
  1.4408E-02  8.0423E-05 -3.1641E-03 -4.9236E-03
  1.4499E-02  8.1437E-05 -3.2015E-03 -4.9818E-03
  1.4590E-02  8.2464E-05 -3.2393E-03 -5.0407E-03
  1.4681E-02  8.3503E-05 -3.2776E-03 -5.1002E-03
  1.4774E-02  8.4556E-05 -3.3162E-03 -5.1605E-03
  1.4866E-02  8.5622E-05 -3.3553E-03 -5.2214E-03
  1.4960E-02  8.6700E-05 -3.3949E-03 -5.2829E-03
  1.5054E-02  8.7793E-05 -3.4349E-03 -5.3452E-03
  1.5148E-02  8.8898E-05 -3.4753E-03 -5.4082E-03
  1.5243E-02  9.0018E-05 -3.5162E-03 -5.4719E-03
  1.5339E-02  9.1152E-05 -3.5575E-03 -5.5363E-03
  1.5435E-02  9.2299E-05 -3.5994E-03 -5.6015E-03
  1.5532E-02  9.3461E-05 -3.6417E-03 -5.6673E-03
  1.5630E-02  9.4637E-05 -3.6844E-03 -5.7340E-03
  1.5728E-02  9.5828E-05 -3.7277E-03 -5.8013E-03
  1.5826E-02  9.7034E-05 -3.7714E-03 -5.8694E-03
  1.5926E-02  9.8255E-05 -3.8156E-03 -5.9383E-03
  1.6025E-02  9.9490E-05 -3.8603E-03 -6.0080E-03
  1.6126E-02  1.0074E-04 -3.9056E-03 -6.0784E-03
  1.6227E-02  1.0201E-04 -3.9513E-03 -6.1497E-03
  1.6329E-02  1.0329E-04 -3.9975E-03 -6.2217E-03
  1.6431E-02  1.0459E-04 -4.0443E-03 -6.2945E-03
  1.6534E-02  1.0590E-04 -4.0916E-03 -6.3682E-03
  1.6637E-02  1.0723E-04 -4.1394E-03 -6.4426E-03
  1.6742E-02  1.0858E-04 -4.1877E-03 -6.5179E-03
  1.6846E-02  1.0995E-04 -4.2366E-03 -6.5941E-03
  1.6952E-02  1.1133E-04 -4.2860E-03 -6.6711E-03
  1.7058E-02  1.1272E-04 -4.3359E-03 -6.7489E-03
  1.7165E-02  1.1414E-04 -4.3865E-03 -6.8276E-03
  1.7272E-02  1.1557E-04 -4.4376E-03 -6.9072E-03
  1.7380E-02  1.1702E-04 -4.4892E-03 -6.9877E-03
  1.7489E-02  1.1849E-04 -4.5414E-03 -7.0691E-03
  1.7599E-02  1.1998E-04 -4.5942E-03 -7.1514E-03
  1.7709E-02  1.2149E-04 -4.6476E-03 -7.2345E-03
  1.7819E-02  1.2301E-04 -4.7016E-03 -7.3187E-03
  1.7931E-02  1.2455E-04 -4.7562E-03 -7.4037E-03
  1.8043E-02  1.2611E-04 -4.8114E-03 -7.4897E-03
  1.8156E-02  1.2770E-04 -4.8671E-03 -7.5766E-03
  1.8269E-02  1.2930E-04 -4.9235E-03 -7.6645E-03
  1.8383E-02  1.3092E-04 -4.9806E-03 -7.7534E-03
  1.8498E-02  1.3256E-04 -5.0382E-03 -7.8432E-03
  1.8614E-02  1.3422E-04 -5.0965E-03 -7.9341E-03
  1.8730E-02  1.3590E-04 -5.1554E-03 -8.0259E-03
  1.8847E-02  1.3761E-04 -5.2150E-03 -8.1187E-03
  1.8965E-02  1.3933E-04 -5.2752E-03 -8.2126E-03
  1.9083E-02  1.4108E-04 -5.3361E-03 -8.3075E-03
  1.9202E-02  1.4284E-04 -5.3977E-03 -8.4035E-03
  1.9322E-02  1.4463E-04 -5.4599E-03 -8.5004E-03
  1.9443E-02  1.4644E-04 -5.5228E-03 -8.5985E-03
  1.9564E-02  1.4828E-04 -5.5864E-03 -8.6976E-03
  1.9686E-02  1.5013E-04 -5.6507E-03 -8.7979E-03
  1.9809E-02  1.5201E-04 -5.7157E-03 -8.8992E-03
  1.9933E-02  1.5391E-04 -5.7815E-03 -9.0016E-03
  2.0057E-02  1.5584E-04 -5.8479E-03 -9.1051E-03
  2.0182E-02  1.5779E-04 -5.9150E-03 -9.2098E-03
  2.0308E-02  1.5976E-04 -5.9829E-03 -9.3156E-03
  2.0435E-02  1.6176E-04 -6.0515E-03 -9.4226E-03
  2.0562E-02  1.6379E-04 -6.1209E-03 -9.5307E-03
  2.0690E-02  1.6583E-04 -6.1910E-03 -9.6400E-03
  2.0819E-02  1.6791E-04 -6.2619E-03 -9.7505E-03
  2.0949E-02  1.7001E-04 -6.3335E-03 -9.8622E-03
  2.1080E-02  1.7213E-04 -6.4059E-03 -9.9751E-03
  2.1211E-02  1.7428E-04 -6.4791E-03 -1.0089E-02
  2.1343E-02  1.7646E-04 -6.5531E-03 -1.0205E-02
  2.1476E-02  1.7867E-04 -6.6279E-03 -1.0321E-02
  2.1610E-02  1.8090E-04 -6.7035E-03 -1.0439E-02
  2.1745E-02  1.8316E-04 -6.7799E-03 -1.0558E-02
  2.1880E-02  1.8545E-04 -6.8572E-03 -1.0679E-02
  2.2016E-02  1.8777E-04 -6.9352E-03 -1.0800E-02
  2.2153E-02  1.9011E-04 -7.0141E-03 -1.0923E-02
  2.2291E-02  1.9249E-04 -7.0939E-03 -1.1048E-02
  2.2430E-02  1.9489E-04 -7.1745E-03 -1.1173E-02
  2.2570E-02  1.9732E-04 -7.2559E-03 -1.1300E-02
  2.2710E-02  1.9979E-04 -7.3383E-03 -1.1429E-02
  2.2851E-02  2.0228E-04 -7.4215E-03 -1.1559E-02
  2.2994E-02  2.0480E-04 -7.5056E-03 -1.1690E-02
  2.3137E-02  2.0736E-04 -7.5906E-03 -1.1822E-02
  2.3281E-02  2.0995E-04 -7.6765E-03 -1.1956E-02
  2.3425E-02  2.1257E-04 -7.7634E-03 -1.2092E-02
  2.3571E-02  2.1522E-04 -7.8511E-03 -1.2229E-02
  2.3718E-02  2.1790E-04 -7.9398E-03 -1.2367E-02
  2.3865E-02  2.2062E-04 -8.0294E-03 -1.2507E-02
  2.4014E-02  2.2337E-04 -8.1200E-03 -1.2648E-02
  2.4163E-02  2.2616E-04 -8.2115E-03 -1.2791E-02
  2.4313E-02  2.2898E-04 -8.3040E-03 -1.2935E-02
  2.4464E-02  2.3183E-04 -8.3975E-03 -1.3081E-02
  2.4616E-02  2.3472E-04 -8.4920E-03 -1.3228E-02
  2.4769E-02  2.3765E-04 -8.5874E-03 -1.3377E-02
  2.4923E-02  2.4061E-04 -8.6839E-03 -1.3528E-02
  2.5078E-02  2.4361E-04 -8.7814E-03 -1.3680E-02
  2.5234E-02  2.4665E-04 -8.8799E-03 -1.3833E-02
  2.5391E-02  2.4972E-04 -8.9795E-03 -1.3989E-02
  2.5548E-02  2.5283E-04 -9.0801E-03 -1.4146E-02
  2.5707E-02  2.5598E-04 -9.1817E-03 -1.4304E-02
  2.5867E-02  2.5917E-04 -9.2844E-03 -1.4464E-02
  2.6027E-02  2.6240E-04 -9.3882E-03 -1.4626E-02
  2.6189E-02  2.6567E-04 -9.4931E-03 -1.4790E-02
  2.6352E-02  2.6897E-04 -9.5990E-03 -1.4955E-02
  2.6515E-02  2.7232E-04 -9.7061E-03 -1.5122E-02
  2.6680E-02  2.7571E-04 -9.8143E-03 -1.5291E-02
  2.6845E-02  2.7915E-04 -9.9236E-03 -1.5462E-02
  2.7012E-02  2.8262E-04 -1.0034E-02 -1.5634E-02
  2.7180E-02  2.8614E-04 -1.0146E-02 -1.5808E-02
  2.7348E-02  2.8970E-04 -1.0258E-02 -1.5984E-02
  2.7518E-02  2.9331E-04 -1.0372E-02 -1.6162E-02
  2.7689E-02  2.9696E-04 -1.0487E-02 -1.6342E-02
  2.7860E-02  3.0065E-04 -1.0604E-02 -1.6523E-02
  2.8033E-02  3.0439E-04 -1.0721E-02 -1.6706E-02
  2.8207E-02  3.0818E-04 -1.0840E-02 -1.6892E-02
  2.8382E-02  3.1201E-04 -1.0960E-02 -1.7079E-02
  2.8558E-02  3.1589E-04 -1.1081E-02 -1.7268E-02
  2.8735E-02  3.1982E-04 -1.1203E-02 -1.7459E-02
  2.8913E-02  3.2380E-04 -1.1327E-02 -1.7652E-02
  2.9093E-02  3.2782E-04 -1.1452E-02 -1.7847E-02
  2.9273E-02  3.3190E-04 -1.1578E-02 -1.8044E-02
  2.9454E-02  3.3602E-04 -1.1705E-02 -1.8243E-02
  2.9637E-02  3.4020E-04 -1.1834E-02 -1.8444E-02
  2.9821E-02  3.4443E-04 -1.1964E-02 -1.8647E-02
  3.0005E-02  3.4871E-04 -1.2096E-02 -1.8852E-02
  3.0191E-02  3.5305E-04 -1.2228E-02 -1.9059E-02
  3.0378E-02  3.5743E-04 -1.2362E-02 -1.9269E-02
  3.0567E-02  3.6187E-04 -1.2498E-02 -1.9480E-02
  3.0756E-02  3.6637E-04 -1.2635E-02 -1.9694E-02
  3.0946E-02  3.7092E-04 -1.2773E-02 -1.9910E-02
  3.1138E-02  3.7553E-04 -1.2913E-02 -2.0128E-02
  3.1331E-02  3.8019E-04 -1.3054E-02 -2.0348E-02
  3.1525E-02  3.8492E-04 -1.3196E-02 -2.0570E-02
  3.1720E-02  3.8970E-04 -1.3340E-02 -2.0795E-02
  3.1917E-02  3.9454E-04 -1.3485E-02 -2.1022E-02
  3.2114E-02  3.9943E-04 -1.3632E-02 -2.1251E-02
  3.2313E-02  4.0439E-04 -1.3780E-02 -2.1482E-02
  3.2513E-02  4.0941E-04 -1.3930E-02 -2.1716E-02
  3.2714E-02  4.1450E-04 -1.4081E-02 -2.1952E-02
  3.2917E-02  4.1964E-04 -1.4234E-02 -2.2191E-02
  3.3121E-02  4.2485E-04 -1.4388E-02 -2.2432E-02
  3.3326E-02  4.3012E-04 -1.4543E-02 -2.2675E-02
  3.3532E-02  4.3546E-04 -1.4701E-02 -2.2921E-02
  3.3739E-02  4.4087E-04 -1.4860E-02 -2.3169E-02
  3.3948E-02  4.4634E-04 -1.5020E-02 -2.3419E-02
  3.4158E-02  4.5187E-04 -1.5182E-02 -2.3672E-02
  3.4369E-02  4.5748E-04 -1.5346E-02 -2.3928E-02
  3.4582E-02  4.6316E-04 -1.5511E-02 -2.4186E-02
  3.4796E-02  4.6890E-04 -1.5678E-02 -2.4447E-02
  3.5011E-02  4.7472E-04 -1.5846E-02 -2.4710E-02
  3.5228E-02  4.8060E-04 -1.6016E-02 -2.4976E-02
  3.5446E-02  4.8656E-04 -1.6188E-02 -2.5244E-02
  3.5665E-02  4.9260E-04 -1.6361E-02 -2.5515E-02
  3.5885E-02  4.9871E-04 -1.6536E-02 -2.5789E-02
  3.6107E-02  5.0489E-04 -1.6713E-02 -2.6065E-02
  3.6330E-02  5.1115E-04 -1.6892E-02 -2.6344E-02
  3.6555E-02  5.1749E-04 -1.7072E-02 -2.6626E-02
  3.6781E-02  5.2390E-04 -1.7254E-02 -2.6911E-02
  3.7008E-02  5.3039E-04 -1.7438E-02 -2.7198E-02
  3.7237E-02  5.3697E-04 -1.7624E-02 -2.7488E-02
  3.7467E-02  5.4362E-04 -1.7811E-02 -2.7781E-02
  3.7699E-02  5.5036E-04 -1.8000E-02 -2.8077E-02
  3.7932E-02  5.5718E-04 -1.8191E-02 -2.8375E-02
  3.8166E-02  5.6408E-04 -1.8384E-02 -2.8676E-02
  3.8402E-02  5.7107E-04 -1.8578E-02 -2.8981E-02
  3.8639E-02  5.7815E-04 -1.8775E-02 -2.9288E-02
  3.8878E-02  5.8531E-04 -1.8973E-02 -2.9598E-02
  3.9118E-02  5.9256E-04 -1.9174E-02 -2.9911E-02
  3.9360E-02  5.9990E-04 -1.9376E-02 -3.0227E-02
  3.9603E-02  6.0733E-04 -1.9580E-02 -3.0547E-02
  3.9847E-02  6.1485E-04 -1.9786E-02 -3.0869E-02
  4.0094E-02  6.2247E-04 -1.9994E-02 -3.1194E-02
  4.0341E-02  6.3017E-04 -2.0204E-02 -3.1522E-02
  4.0590E-02  6.3798E-04 -2.0416E-02 -3.1854E-02
  4.0841E-02  6.4588E-04 -2.0629E-02 -3.2188E-02
  4.1093E-02  6.5387E-04 -2.0845E-02 -3.2526E-02
  4.1347E-02  6.6197E-04 -2.1063E-02 -3.2867E-02
  4.1602E-02  6.7016E-04 -2.1283E-02 -3.3211E-02
  4.1859E-02  6.7846E-04 -2.1505E-02 -3.3558E-02
  4.2117E-02  6.8685E-04 -2.1729E-02 -3.3908E-02
  4.2377E-02  6.9535E-04 -2.1955E-02 -3.4262E-02
  4.2639E-02  7.0396E-04 -2.2183E-02 -3.4619E-02
  4.2902E-02  7.1267E-04 -2.2414E-02 -3.4979E-02
  4.3167E-02  7.2149E-04 -2.2646E-02 -3.5343E-02
  4.3433E-02  7.3041E-04 -2.2881E-02 -3.5710E-02
  4.3701E-02  7.3945E-04 -2.3118E-02 -3.6081E-02
  4.3971E-02  7.4860E-04 -2.3356E-02 -3.6455E-02
  4.4242E-02  7.5786E-04 -2.3597E-02 -3.6832E-02
  4.4515E-02  7.6723E-04 -2.3841E-02 -3.7213E-02
  4.4790E-02  7.7672E-04 -2.4086E-02 -3.7597E-02
  4.5066E-02  7.8633E-04 -2.4334E-02 -3.7985E-02
  4.5344E-02  7.9606E-04 -2.4584E-02 -3.8376E-02
  4.5624E-02  8.0590E-04 -2.4836E-02 -3.8771E-02
  4.5905E-02  8.1587E-04 -2.5091E-02 -3.9169E-02
  4.6188E-02  8.2595E-04 -2.5348E-02 -3.9571E-02
  4.6473E-02  8.3617E-04 -2.5607E-02 -3.9977E-02
  4.6760E-02  8.4650E-04 -2.5868E-02 -4.0386E-02
  4.7048E-02  8.5697E-04 -2.6132E-02 -4.0799E-02
  4.7338E-02  8.6756E-04 -2.6398E-02 -4.1216E-02
  4.7630E-02  8.7829E-04 -2.6666E-02 -4.1636E-02
  4.7924E-02  8.8914E-04 -2.6937E-02 -4.2061E-02
  4.8219E-02  9.0013E-04 -2.7211E-02 -4.2489E-02
  4.8517E-02  9.1126E-04 -2.7486E-02 -4.2920E-02
  4.8816E-02  9.2252E-04 -2.7764E-02 -4.3356E-02
  4.9117E-02  9.3392E-04 -2.8045E-02 -4.3795E-02
  4.9420E-02  9.4546E-04 -2.8328E-02 -4.4239E-02
  4.9724E-02  9.5714E-04 -2.8614E-02 -4.4686E-02
  5.0031E-02  9.6897E-04 -2.8902E-02 -4.5137E-02
  5.0339E-02  9.8094E-04 -2.9192E-02 -4.5592E-02
  5.0649E-02  9.9305E-04 -2.9485E-02 -4.6051E-02
  5.0961E-02  1.0053E-03 -2.9781E-02 -4.6514E-02
  5.1276E-02  1.0177E-03 -3.0079E-02 -4.6982E-02
  5.1591E-02  1.0303E-03 -3.0379E-02 -4.7453E-02
  5.1909E-02  1.0430E-03 -3.0683E-02 -4.7928E-02
  5.2229E-02  1.0559E-03 -3.0988E-02 -4.8407E-02
  5.2551E-02  1.0690E-03 -3.1297E-02 -4.8891E-02
  5.2875E-02  1.0822E-03 -3.1608E-02 -4.9378E-02
  5.3201E-02  1.0955E-03 -3.1922E-02 -4.9870E-02
  5.3528E-02  1.1090E-03 -3.2238E-02 -5.0366E-02
  5.3858E-02  1.1227E-03 -3.2557E-02 -5.0866E-02
  5.4190E-02  1.1366E-03 -3.2879E-02 -5.1371E-02
  5.4524E-02  1.1506E-03 -3.3203E-02 -5.1879E-02
  5.4859E-02  1.1648E-03 -3.3531E-02 -5.2392E-02
  5.5197E-02  1.1792E-03 -3.3860E-02 -5.2910E-02
  5.5537E-02  1.1938E-03 -3.4193E-02 -5.3431E-02
  5.5879E-02  1.2085E-03 -3.4529E-02 -5.3957E-02
  5.6223E-02  1.2234E-03 -3.4867E-02 -5.4488E-02
  5.6570E-02  1.2385E-03 -3.5208E-02 -5.5023E-02
  5.6918E-02  1.2538E-03 -3.5551E-02 -5.5562E-02
  5.7268E-02  1.2693E-03 -3.5898E-02 -5.6105E-02
  5.7621E-02  1.2849E-03 -3.6248E-02 -5.6654E-02
  5.7976E-02  1.3008E-03 -3.6600E-02 -5.7206E-02
  5.8333E-02  1.3168E-03 -3.6955E-02 -5.7764E-02
  5.8692E-02  1.3331E-03 -3.7313E-02 -5.8325E-02
  5.9053E-02  1.3495E-03 -3.7674E-02 -5.8892E-02
  5.9417E-02  1.3662E-03 -3.8038E-02 -5.9462E-02
  5.9782E-02  1.3830E-03 -3.8404E-02 -6.0038E-02
  6.0150E-02  1.4001E-03 -3.8774E-02 -6.0618E-02
  6.0521E-02  1.4173E-03 -3.9147E-02 -6.1203E-02
  6.0893E-02  1.4348E-03 -3.9522E-02 -6.1792E-02
  6.1268E-02  1.4525E-03 -3.9901E-02 -6.2387E-02
  6.1645E-02  1.4704E-03 -4.0282E-02 -6.2986E-02
  6.2024E-02  1.4885E-03 -4.0667E-02 -6.3589E-02
  6.2406E-02  1.5069E-03 -4.1054E-02 -6.4198E-02
  6.2790E-02  1.5255E-03 -4.1445E-02 -6.4811E-02
  6.3176E-02  1.5443E-03 -4.1838E-02 -6.5429E-02
  6.3565E-02  1.5633E-03 -4.2235E-02 -6.6052E-02
  6.3956E-02  1.5826E-03 -4.2634E-02 -6.6679E-02
  6.4350E-02  1.6021E-03 -4.3037E-02 -6.7312E-02
  6.4746E-02  1.6218E-03 -4.3443E-02 -6.7949E-02
  6.5144E-02  1.6418E-03 -4.3852E-02 -6.8592E-02
  6.5545E-02  1.6621E-03 -4.4264E-02 -6.9239E-02
  6.5948E-02  1.6826E-03 -4.4679E-02 -6.9891E-02
  6.6354E-02  1.7033E-03 -4.5097E-02 -7.0549E-02
  6.6762E-02  1.7243E-03 -4.5518E-02 -7.1211E-02
  6.7172E-02  1.7455E-03 -4.5943E-02 -7.1878E-02
  6.7586E-02  1.7670E-03 -4.6371E-02 -7.2550E-02
  6.8001E-02  1.7888E-03 -4.6801E-02 -7.3227E-02
  6.8420E-02  1.8108E-03 -4.7235E-02 -7.3909E-02
  6.8840E-02  1.8331E-03 -4.7673E-02 -7.4597E-02
  6.9264E-02  1.8557E-03 -4.8113E-02 -7.5289E-02
  6.9690E-02  1.8786E-03 -4.8557E-02 -7.5987E-02
  7.0118E-02  1.9017E-03 -4.9003E-02 -7.6689E-02
  7.0549E-02  1.9251E-03 -4.9453E-02 -7.7397E-02
  7.0983E-02  1.9488E-03 -4.9907E-02 -7.8110E-02
  7.1420E-02  1.9728E-03 -5.0363E-02 -7.8828E-02
  7.1859E-02  1.9971E-03 -5.0823E-02 -7.9551E-02
  7.2301E-02  2.0217E-03 -5.1286E-02 -8.0280E-02
  7.2745E-02  2.0466E-03 -5.1752E-02 -8.1013E-02
  7.3192E-02  2.0718E-03 -5.2222E-02 -8.1752E-02
  7.3642E-02  2.0973E-03 -5.2695E-02 -8.2496E-02
  7.4095E-02  2.1231E-03 -5.3171E-02 -8.3246E-02
  7.4550E-02  2.1493E-03 -5.3650E-02 -8.4000E-02
  7.5009E-02  2.1757E-03 -5.4133E-02 -8.4760E-02
  7.5470E-02  2.2025E-03 -5.4619E-02 -8.5525E-02
  7.5934E-02  2.2296E-03 -5.5108E-02 -8.6295E-02
  7.6400E-02  2.2570E-03 -5.5601E-02 -8.7071E-02
  7.6870E-02  2.2848E-03 -5.6097E-02 -8.7852E-02
  7.7342E-02  2.3129E-03 -5.6596E-02 -8.8638E-02
  7.7818E-02  2.3414E-03 -5.7099E-02 -8.9430E-02
  7.8296E-02  2.3702E-03 -5.7605E-02 -9.0227E-02
  7.8777E-02  2.3994E-03 -5.8114E-02 -9.1029E-02
  7.9261E-02  2.4289E-03 -5.8627E-02 -9.1837E-02
  7.9748E-02  2.4588E-03 -5.9143E-02 -9.2650E-02
  8.0238E-02  2.4890E-03 -5.9662E-02 -9.3468E-02
  8.0731E-02  2.5196E-03 -6.0185E-02 -9.4292E-02
  8.1228E-02  2.5506E-03 -6.0711E-02 -9.5121E-02
  8.1727E-02  2.5820E-03 -6.1240E-02 -9.5955E-02
  8.2229E-02  2.6137E-03 -6.1773E-02 -9.6795E-02
  8.2734E-02  2.6459E-03 -6.2309E-02 -9.7640E-02
  8.3242E-02  2.6784E-03 -6.2848E-02 -9.8491E-02
  8.3754E-02  2.7113E-03 -6.3391E-02 -9.9346E-02
  8.4268E-02  2.7447E-03 -6.3937E-02 -1.0021E-01
  8.4786E-02  2.7784E-03 -6.4486E-02 -1.0107E-01
  8.5307E-02  2.8126E-03 -6.5039E-02 -1.0195E-01
  8.5831E-02  2.8472E-03 -6.5595E-02 -1.0282E-01
  8.6358E-02  2.8822E-03 -6.6155E-02 -1.0371E-01
  8.6889E-02  2.9176E-03 -6.6717E-02 -1.0459E-01
  8.7422E-02  2.9534E-03 -6.7284E-02 -1.0549E-01
  8.7959E-02  2.9897E-03 -6.7853E-02 -1.0639E-01
  8.8499E-02  3.0265E-03 -6.8426E-02 -1.0729E-01
  8.9043E-02  3.0637E-03 -6.9002E-02 -1.0820E-01
  8.9590E-02  3.1013E-03 -6.9581E-02 -1.0912E-01
  9.0140E-02  3.1394E-03 -7.0164E-02 -1.1004E-01
  9.0694E-02  3.1780E-03 -7.0750E-02 -1.1096E-01
  9.1251E-02  3.2170E-03 -7.1339E-02 -1.1189E-01
  9.1811E-02  3.2566E-03 -7.1932E-02 -1.1283E-01
  9.2375E-02  3.2966E-03 -7.2528E-02 -1.1377E-01
  9.2942E-02  3.3371E-03 -7.3127E-02 -1.1472E-01
  9.3513E-02  3.3781E-03 -7.3730E-02 -1.1567E-01
  9.4087E-02  3.4195E-03 -7.4335E-02 -1.1663E-01
  9.4665E-02  3.4615E-03 -7.4944E-02 -1.1759E-01
  9.5246E-02  3.5040E-03 -7.5556E-02 -1.1856E-01
  9.5831E-02  3.5471E-03 -7.6172E-02 -1.1953E-01
  9.6419E-02  3.5906E-03 -7.6790E-02 -1.2051E-01
  9.7011E-02  3.6347E-03 -7.7412E-02 -1.2149E-01
  9.7607E-02  3.6793E-03 -7.8037E-02 -1.2248E-01
  9.8206E-02  3.7245E-03 -7.8665E-02 -1.2347E-01
  9.8809E-02  3.7702E-03 -7.9296E-02 -1.2447E-01
  9.9415E-02  3.8165E-03 -7.9931E-02 -1.2548E-01
  1.0003E-01  3.8633E-03 -8.0568E-02 -1.2649E-01
  1.0064E-01  3.9108E-03 -8.1209E-02 -1.2750E-01
  1.0126E-01  3.9588E-03 -8.1852E-02 -1.2852E-01
  1.0188E-01  4.0073E-03 -8.2499E-02 -1.2954E-01
  1.0250E-01  4.0565E-03 -8.3149E-02 -1.3057E-01
  1.0313E-01  4.1063E-03 -8.3802E-02 -1.3161E-01
  1.0377E-01  4.1567E-03 -8.4457E-02 -1.3264E-01
  1.0440E-01  4.2077E-03 -8.5116E-02 -1.3369E-01
  1.0504E-01  4.2593E-03 -8.5778E-02 -1.3474E-01
  1.0569E-01  4.3115E-03 -8.6442E-02 -1.3579E-01
  1.0634E-01  4.3644E-03 -8.7110E-02 -1.3685E-01
  1.0699E-01  4.4179E-03 -8.7781E-02 -1.3791E-01
  1.0765E-01  4.4721E-03 -8.8454E-02 -1.3898E-01
  1.0831E-01  4.5270E-03 -8.9130E-02 -1.4005E-01
  1.0897E-01  4.5825E-03 -8.9809E-02 -1.4113E-01
  1.0964E-01  4.6387E-03 -9.0491E-02 -1.4221E-01
  1.1031E-01  4.6955E-03 -9.1175E-02 -1.4330E-01
  1.1099E-01  4.7531E-03 -9.1863E-02 -1.4439E-01
  1.1167E-01  4.8114E-03 -9.2553E-02 -1.4548E-01
  1.1236E-01  4.8703E-03 -9.3245E-02 -1.4658E-01
  1.1305E-01  4.9300E-03 -9.3941E-02 -1.4769E-01
  1.1374E-01  4.9905E-03 -9.4639E-02 -1.4880E-01
  1.1444E-01  5.0516E-03 -9.5339E-02 -1.4991E-01
  1.1514E-01  5.1135E-03 -9.6042E-02 -1.5103E-01
  1.1585E-01  5.1762E-03 -9.6748E-02 -1.5215E-01
  1.1656E-01  5.2396E-03 -9.7456E-02 -1.5327E-01
  1.1727E-01  5.3038E-03 -9.8166E-02 -1.5440E-01
  1.1799E-01  5.3688E-03 -9.8879E-02 -1.5554E-01
  1.1872E-01  5.4345E-03 -9.9594E-02 -1.5667E-01
  1.1944E-01  5.5011E-03 -1.0031E-01 -1.5781E-01
  1.2018E-01  5.5685E-03 -1.0103E-01 -1.5896E-01
  1.2091E-01  5.6367E-03 -1.0175E-01 -1.6011E-01
  1.2166E-01  5.7057E-03 -1.0248E-01 -1.6126E-01
  1.2240E-01  5.7755E-03 -1.0320E-01 -1.6242E-01
  1.2315E-01  5.8463E-03 -1.0393E-01 -1.6358E-01
  1.2391E-01  5.9178E-03 -1.0466E-01 -1.6474E-01
  1.2467E-01  5.9903E-03 -1.0540E-01 -1.6591E-01
  1.2543E-01  6.0636E-03 -1.0613E-01 -1.6708E-01
  1.2620E-01  6.1378E-03 -1.0687E-01 -1.6825E-01
  1.2698E-01  6.2129E-03 -1.0761E-01 -1.6943E-01
  1.2775E-01  6.2890E-03 -1.0835E-01 -1.7061E-01
  1.2854E-01  6.3659E-03 -1.0909E-01 -1.7180E-01
  1.2933E-01  6.4438E-03 -1.0983E-01 -1.7298E-01
  1.3012E-01  6.5226E-03 -1.1058E-01 -1.7417E-01
  1.3092E-01  6.6024E-03 -1.1132E-01 -1.7536E-01
  1.3172E-01  6.6832E-03 -1.1207E-01 -1.7656E-01
  1.3253E-01  6.7649E-03 -1.1282E-01 -1.7776E-01
  1.3334E-01  6.8477E-03 -1.1357E-01 -1.7896E-01
  1.3416E-01  6.9314E-03 -1.1433E-01 -1.8016E-01
  1.3498E-01  7.0162E-03 -1.1508E-01 -1.8137E-01
  1.3581E-01  7.1020E-03 -1.1584E-01 -1.8257E-01
  1.3664E-01  7.1888E-03 -1.1659E-01 -1.8379E-01
  1.3748E-01  7.2767E-03 -1.1735E-01 -1.8500E-01
  1.3832E-01  7.3656E-03 -1.1811E-01 -1.8621E-01
  1.3917E-01  7.4556E-03 -1.1887E-01 -1.8743E-01
  1.4002E-01  7.5467E-03 -1.1963E-01 -1.8865E-01
  1.4088E-01  7.6390E-03 -1.2040E-01 -1.8987E-01
  1.4175E-01  7.7323E-03 -1.2116E-01 -1.9109E-01
  1.4262E-01  7.8268E-03 -1.2192E-01 -1.9231E-01
  1.4349E-01  7.9224E-03 -1.2269E-01 -1.9354E-01
  1.4437E-01  8.0191E-03 -1.2345E-01 -1.9477E-01
  1.4526E-01  8.1171E-03 -1.2422E-01 -1.9599E-01
  1.4615E-01  8.2162E-03 -1.2498E-01 -1.9722E-01
  1.4704E-01  8.3165E-03 -1.2575E-01 -1.9845E-01
  1.4794E-01  8.4181E-03 -1.2652E-01 -1.9968E-01
  1.4885E-01  8.5209E-03 -1.2728E-01 -2.0092E-01
  1.4976E-01  8.6249E-03 -1.2805E-01 -2.0215E-01
  1.5068E-01  8.7301E-03 -1.2882E-01 -2.0338E-01
  1.5160E-01  8.8367E-03 -1.2959E-01 -2.0462E-01
  1.5253E-01  8.9445E-03 -1.3035E-01 -2.0585E-01
  1.5347E-01  9.0537E-03 -1.3112E-01 -2.0709E-01
  1.5441E-01  9.1641E-03 -1.3189E-01 -2.0832E-01
  1.5536E-01  9.2759E-03 -1.3266E-01 -2.0956E-01
  1.5631E-01  9.3891E-03 -1.3342E-01 -2.1079E-01
  1.5727E-01  9.5036E-03 -1.3419E-01 -2.1203E-01
  1.5823E-01  9.6195E-03 -1.3495E-01 -2.1326E-01
  1.5920E-01  9.7368E-03 -1.3572E-01 -2.1449E-01
  1.6018E-01  9.8555E-03 -1.3648E-01 -2.1573E-01
  1.6116E-01  9.9756E-03 -1.3725E-01 -2.1696E-01
  1.6215E-01  1.0097E-02 -1.3801E-01 -2.1819E-01
  1.6314E-01  1.0220E-02 -1.3877E-01 -2.1942E-01
  1.6414E-01  1.0345E-02 -1.3953E-01 -2.2065E-01
  1.6515E-01  1.0471E-02 -1.4029E-01 -2.2188E-01
  1.6616E-01  1.0598E-02 -1.4105E-01 -2.2310E-01
  1.6718E-01  1.0728E-02 -1.4181E-01 -2.2433E-01
  1.6820E-01  1.0858E-02 -1.4256E-01 -2.2555E-01
  1.6923E-01  1.0990E-02 -1.4332E-01 -2.2677E-01
  1.7027E-01  1.1124E-02 -1.4407E-01 -2.2799E-01
  1.7131E-01  1.1260E-02 -1.4482E-01 -2.2921E-01
  1.7236E-01  1.1397E-02 -1.4557E-01 -2.3043E-01
  1.7342E-01  1.1536E-02 -1.4632E-01 -2.3164E-01
  1.7448E-01  1.1676E-02 -1.4706E-01 -2.3285E-01
  1.7555E-01  1.1818E-02 -1.4781E-01 -2.3405E-01
  1.7663E-01  1.1962E-02 -1.4855E-01 -2.3526E-01
  1.7771E-01  1.2107E-02 -1.4928E-01 -2.3646E-01
  1.7880E-01  1.2255E-02 -1.5002E-01 -2.3766E-01
  1.7989E-01  1.2404E-02 -1.5075E-01 -2.3885E-01
  1.8099E-01  1.2554E-02 -1.5148E-01 -2.4004E-01
  1.8210E-01  1.2707E-02 -1.5221E-01 -2.4123E-01
  1.8322E-01  1.2862E-02 -1.5294E-01 -2.4241E-01
  1.8434E-01  1.3018E-02 -1.5366E-01 -2.4359E-01
  1.8547E-01  1.3176E-02 -1.5438E-01 -2.4476E-01
  1.8661E-01  1.3336E-02 -1.5509E-01 -2.4593E-01
  1.8775E-01  1.3498E-02 -1.5581E-01 -2.4710E-01
  1.8890E-01  1.3662E-02 -1.5651E-01 -2.4826E-01
  1.9006E-01  1.3828E-02 -1.5722E-01 -2.4941E-01
  1.9122E-01  1.3996E-02 -1.5792E-01 -2.5056E-01
  1.9240E-01  1.4166E-02 -1.5862E-01 -2.5171E-01
  1.9357E-01  1.4338E-02 -1.5931E-01 -2.5285E-01
  1.9476E-01  1.4512E-02 -1.6000E-01 -2.5398E-01
  1.9595E-01  1.4688E-02 -1.6069E-01 -2.5511E-01
  1.9715E-01  1.4866E-02 -1.6137E-01 -2.5623E-01
  1.9836E-01  1.5047E-02 -1.6205E-01 -2.5735E-01
  1.9958E-01  1.5229E-02 -1.6272E-01 -2.5845E-01
  2.0080E-01  1.5414E-02 -1.6339E-01 -2.5956E-01
  2.0203E-01  1.5601E-02 -1.6405E-01 -2.6065E-01
  2.0327E-01  1.5790E-02 -1.6471E-01 -2.6174E-01
  2.0451E-01  1.5982E-02 -1.6536E-01 -2.6282E-01
  2.0577E-01  1.6175E-02 -1.6601E-01 -2.6389E-01
  2.0703E-01  1.6371E-02 -1.6665E-01 -2.6496E-01
  2.0829E-01  1.6570E-02 -1.6729E-01 -2.6602E-01
  2.0957E-01  1.6770E-02 -1.6792E-01 -2.6707E-01
  2.1085E-01  1.6973E-02 -1.6854E-01 -2.6811E-01
  2.1215E-01  1.7179E-02 -1.6916E-01 -2.6914E-01
  2.1345E-01  1.7387E-02 -1.6978E-01 -2.7016E-01
  2.1475E-01  1.7597E-02 -1.7038E-01 -2.7118E-01
  2.1607E-01  1.7810E-02 -1.7099E-01 -2.7218E-01
  2.1739E-01  1.8026E-02 -1.7158E-01 -2.7318E-01
  2.1872E-01  1.8244E-02 -1.7217E-01 -2.7417E-01
  2.2006E-01  1.8465E-02 -1.7275E-01 -2.7514E-01
  2.2141E-01  1.8688E-02 -1.7332E-01 -2.7611E-01
  2.2277E-01  1.8914E-02 -1.7389E-01 -2.7707E-01
  2.2413E-01  1.9142E-02 -1.7445E-01 -2.7801E-01
  2.2550E-01  1.9374E-02 -1.7500E-01 -2.7895E-01
  2.2689E-01  1.9608E-02 -1.7555E-01 -2.7987E-01
  2.2827E-01  1.9845E-02 -1.7609E-01 -2.8078E-01
  2.2967E-01  2.0084E-02 -1.7662E-01 -2.8169E-01
  2.3108E-01  2.0327E-02 -1.7714E-01 -2.8257E-01
  2.3249E-01  2.0572E-02 -1.7766E-01 -2.8345E-01
  2.3392E-01  2.0821E-02 -1.7816E-01 -2.8432E-01
  2.3535E-01  2.1072E-02 -1.7866E-01 -2.8517E-01
  2.3679E-01  2.1326E-02 -1.7915E-01 -2.8601E-01
  2.3824E-01  2.1583E-02 -1.7963E-01 -2.8684E-01
  2.3970E-01  2.1844E-02 -1.8010E-01 -2.8766E-01
  2.4117E-01  2.2107E-02 -1.8056E-01 -2.8846E-01
  2.4265E-01  2.2373E-02 -1.8102E-01 -2.8925E-01
  2.4413E-01  2.2643E-02 -1.8146E-01 -2.9002E-01
  2.4563E-01  2.2916E-02 -1.8190E-01 -2.9078E-01
  2.4713E-01  2.3192E-02 -1.8232E-01 -2.9153E-01
  2.4865E-01  2.3471E-02 -1.8274E-01 -2.9226E-01
  2.5017E-01  2.3754E-02 -1.8314E-01 -2.9298E-01
  2.5170E-01  2.4039E-02 -1.8354E-01 -2.9368E-01
  2.5324E-01  2.4329E-02 -1.8392E-01 -2.9437E-01
  2.5479E-01  2.4621E-02 -1.8430E-01 -2.9504E-01
  2.5635E-01  2.4918E-02 -1.8466E-01 -2.9570E-01
  2.5792E-01  2.5217E-02 -1.8502E-01 -2.9634E-01
  2.5950E-01  2.5520E-02 -1.8536E-01 -2.9696E-01
  2.6109E-01  2.5827E-02 -1.8569E-01 -2.9757E-01
  2.6269E-01  2.6137E-02 -1.8601E-01 -2.9816E-01
  2.6430E-01  2.6451E-02 -1.8632E-01 -2.9873E-01
  2.6592E-01  2.6769E-02 -1.8662E-01 -2.9929E-01
  2.6754E-01  2.7090E-02 -1.8691E-01 -2.9983E-01
  2.6918E-01  2.7415E-02 -1.8718E-01 -3.0035E-01
  2.7083E-01  2.7744E-02 -1.8745E-01 -3.0086E-01
  2.7249E-01  2.8077E-02 -1.8770E-01 -3.0135E-01
  2.7416E-01  2.8414E-02 -1.8794E-01 -3.0182E-01
  2.7584E-01  2.8754E-02 -1.8816E-01 -3.0227E-01
  2.7752E-01  2.9099E-02 -1.8838E-01 -3.0270E-01
  2.7922E-01  2.9447E-02 -1.8858E-01 -3.0311E-01
  2.8093E-01  2.9800E-02 -1.8877E-01 -3.0350E-01
  2.8265E-01  3.0157E-02 -1.8894E-01 -3.0388E-01
  2.8438E-01  3.0518E-02 -1.8910E-01 -3.0423E-01
  2.8613E-01  3.0883E-02 -1.8925E-01 -3.0457E-01
  2.8788E-01  3.1253E-02 -1.8939E-01 -3.0488E-01
  2.8964E-01  3.1626E-02 -1.8951E-01 -3.0517E-01
  2.9141E-01  3.2004E-02 -1.8962E-01 -3.0545E-01
  2.9320E-01  3.2387E-02 -1.8971E-01 -3.0570E-01
  2.9499E-01  3.2774E-02 -1.8979E-01 -3.0593E-01
  2.9680E-01  3.3165E-02 -1.8986E-01 -3.0614E-01
  2.9862E-01  3.3561E-02 -1.8991E-01 -3.0633E-01
  3.0044E-01  3.3962E-02 -1.8995E-01 -3.0650E-01
  3.0228E-01  3.4367E-02 -1.8997E-01 -3.0665E-01
  3.0413E-01  3.4777E-02 -1.8998E-01 -3.0677E-01
  3.0600E-01  3.5192E-02 -1.8997E-01 -3.0687E-01
  3.0787E-01  3.5611E-02 -1.8995E-01 -3.0695E-01
  3.0975E-01  3.6035E-02 -1.8991E-01 -3.0701E-01
  3.1165E-01  3.6465E-02 -1.8986E-01 -3.0704E-01
  3.1356E-01  3.6899E-02 -1.8979E-01 -3.0705E-01
  3.1548E-01  3.7338E-02 -1.8971E-01 -3.0703E-01
  3.1741E-01  3.7782E-02 -1.8961E-01 -3.0700E-01
  3.1935E-01  3.8232E-02 -1.8949E-01 -3.0694E-01
  3.2131E-01  3.8686E-02 -1.8936E-01 -3.0685E-01
  3.2327E-01  3.9146E-02 -1.8921E-01 -3.0674E-01
  3.2525E-01  3.9611E-02 -1.8905E-01 -3.0661E-01
  3.2724E-01  4.0081E-02 -1.8886E-01 -3.0645E-01
  3.2925E-01  4.0557E-02 -1.8867E-01 -3.0627E-01
  3.3126E-01  4.1038E-02 -1.8845E-01 -3.0606E-01
  3.3329E-01  4.1525E-02 -1.8822E-01 -3.0583E-01
  3.3533E-01  4.2018E-02 -1.8797E-01 -3.0557E-01
  3.3738E-01  4.2516E-02 -1.8771E-01 -3.0529E-01
  3.3945E-01  4.3019E-02 -1.8742E-01 -3.0498E-01
  3.4152E-01  4.3529E-02 -1.8712E-01 -3.0464E-01
  3.4362E-01  4.4044E-02 -1.8681E-01 -3.0428E-01
  3.4572E-01  4.4565E-02 -1.8647E-01 -3.0389E-01
  3.4783E-01  4.5093E-02 -1.8612E-01 -3.0348E-01
  3.4996E-01  4.5626E-02 -1.8575E-01 -3.0304E-01
  3.5211E-01  4.6165E-02 -1.8536E-01 -3.0257E-01
  3.5426E-01  4.6710E-02 -1.8495E-01 -3.0207E-01
  3.5643E-01  4.7262E-02 -1.8452E-01 -3.0155E-01
  3.5861E-01  4.7820E-02 -1.8408E-01 -3.0100E-01
  3.6081E-01  4.8384E-02 -1.8362E-01 -3.0043E-01
  3.6301E-01  4.8955E-02 -1.8314E-01 -2.9982E-01
  3.6524E-01  4.9532E-02 -1.8264E-01 -2.9919E-01
  3.6747E-01  5.0115E-02 -1.8212E-01 -2.9853E-01
  3.6972E-01  5.0705E-02 -1.8158E-01 -2.9785E-01
  3.7198E-01  5.1302E-02 -1.8102E-01 -2.9713E-01
  3.7426E-01  5.1906E-02 -1.8045E-01 -2.9639E-01
  3.7655E-01  5.2516E-02 -1.7985E-01 -2.9561E-01
  3.7886E-01  5.3134E-02 -1.7924E-01 -2.9481E-01
  3.8117E-01  5.3758E-02 -1.7860E-01 -2.9398E-01
  3.8351E-01  5.4389E-02 -1.7795E-01 -2.9313E-01
  3.8585E-01  5.5028E-02 -1.7728E-01 -2.9224E-01
  3.8822E-01  5.5673E-02 -1.7658E-01 -2.9132E-01
  3.9059E-01  5.6326E-02 -1.7587E-01 -2.9038E-01
  3.9298E-01  5.6986E-02 -1.7513E-01 -2.8940E-01
  3.9539E-01  5.7654E-02 -1.7438E-01 -2.8840E-01
  3.9781E-01  5.8329E-02 -1.7361E-01 -2.8736E-01
  4.0024E-01  5.9012E-02 -1.7281E-01 -2.8630E-01
  4.0269E-01  5.9702E-02 -1.7200E-01 -2.8521E-01
  4.0516E-01  6.0400E-02 -1.7116E-01 -2.8409E-01
  4.0764E-01  6.1106E-02 -1.7031E-01 -2.8293E-01
  4.1013E-01  6.1820E-02 -1.6943E-01 -2.8175E-01
  4.1264E-01  6.2541E-02 -1.6853E-01 -2.8054E-01
  4.1517E-01  6.3271E-02 -1.6762E-01 -2.7930E-01
  4.1771E-01  6.4009E-02 -1.6668E-01 -2.7802E-01
  4.2026E-01  6.4755E-02 -1.6572E-01 -2.7672E-01
  4.2283E-01  6.5509E-02 -1.6474E-01 -2.7539E-01
  4.2542E-01  6.6272E-02 -1.6373E-01 -2.7402E-01
  4.2803E-01  6.7043E-02 -1.6271E-01 -2.7263E-01
  4.3064E-01  6.7822E-02 -1.6167E-01 -2.7120E-01
  4.3328E-01  6.8611E-02 -1.6060E-01 -2.6975E-01
  4.3593E-01  6.9408E-02 -1.5951E-01 -2.6826E-01
  4.3860E-01  7.0213E-02 -1.5840E-01 -2.6674E-01
  4.4128E-01  7.1028E-02 -1.5727E-01 -2.6520E-01
  4.4398E-01  7.1852E-02 -1.5612E-01 -2.6362E-01
  4.4670E-01  7.2685E-02 -1.5495E-01 -2.6201E-01
  4.4943E-01  7.3526E-02 -1.5375E-01 -2.6037E-01
  4.5218E-01  7.4378E-02 -1.5253E-01 -2.5870E-01
  4.5495E-01  7.5238E-02 -1.5129E-01 -2.5699E-01
  4.5774E-01  7.6108E-02 -1.5003E-01 -2.5526E-01
  4.6054E-01  7.6988E-02 -1.4875E-01 -2.5350E-01
  4.6335E-01  7.7877E-02 -1.4744E-01 -2.5170E-01
  4.6619E-01  7.8776E-02 -1.4611E-01 -2.4988E-01
  4.6904E-01  7.9684E-02 -1.4476E-01 -2.4802E-01
  4.7191E-01  8.0603E-02 -1.4339E-01 -2.4613E-01
  4.7480E-01  8.1532E-02 -1.4199E-01 -2.4421E-01
  4.7771E-01  8.2470E-02 -1.4058E-01 -2.4226E-01
  4.8063E-01  8.3419E-02 -1.3914E-01 -2.4028E-01
  4.8357E-01  8.4379E-02 -1.3767E-01 -2.3827E-01
  4.8653E-01  8.5349E-02 -1.3619E-01 -2.3623E-01
  4.8951E-01  8.6329E-02 -1.3468E-01 -2.3416E-01
  4.9250E-01  8.7320E-02 -1.3315E-01 -2.3205E-01
  4.9551E-01  8.8322E-02 -1.3159E-01 -2.2992E-01
  4.9855E-01  8.9334E-02 -1.3002E-01 -2.2775E-01
  5.0160E-01  9.0358E-02 -1.2842E-01 -2.2555E-01
  5.0467E-01  9.1393E-02 -1.2680E-01 -2.2333E-01
  5.0775E-01  9.2438E-02 -1.2515E-01 -2.2107E-01
  5.1086E-01  9.3495E-02 -1.2348E-01 -2.1878E-01
  5.1399E-01  9.4564E-02 -1.2179E-01 -2.1646E-01
  5.1713E-01  9.5644E-02 -1.2008E-01 -2.1411E-01
  5.2029E-01  9.6736E-02 -1.1834E-01 -2.1173E-01
  5.2348E-01  9.7839E-02 -1.1658E-01 -2.0932E-01
  5.2668E-01  9.8955E-02 -1.1479E-01 -2.0687E-01
  5.2990E-01  1.0008E-01 -1.1299E-01 -2.0440E-01
  5.3315E-01  1.0122E-01 -1.1116E-01 -2.0190E-01
  5.3641E-01  1.0237E-01 -1.0930E-01 -1.9937E-01
  5.3969E-01  1.0354E-01 -1.0742E-01 -1.9680E-01
  5.4299E-01  1.0471E-01 -1.0552E-01 -1.9421E-01
  5.4631E-01  1.0590E-01 -1.0360E-01 -1.9159E-01
  5.4966E-01  1.0710E-01 -1.0165E-01 -1.8893E-01
  5.5302E-01  1.0832E-01 -9.9675E-02 -1.8625E-01
  5.5640E-01  1.0955E-01 -9.7679E-02 -1.8354E-01
  5.5981E-01  1.1079E-01 -9.5659E-02 -1.8080E-01
  5.6323E-01  1.1204E-01 -9.3615E-02 -1.7802E-01
  5.6668E-01  1.1331E-01 -9.1548E-02 -1.7522E-01
  5.7015E-01  1.1459E-01 -8.9456E-02 -1.7239E-01
  5.7363E-01  1.1589E-01 -8.7341E-02 -1.6953E-01
  5.7714E-01  1.1719E-01 -8.5201E-02 -1.6664E-01
  5.8067E-01  1.1852E-01 -8.3037E-02 -1.6372E-01
  5.8423E-01  1.1985E-01 -8.0849E-02 -1.6078E-01
  5.8780E-01  1.2120E-01 -7.8637E-02 -1.5780E-01
  5.9140E-01  1.2257E-01 -7.6401E-02 -1.5480E-01
  5.9502E-01  1.2395E-01 -7.4140E-02 -1.5176E-01
  5.9866E-01  1.2534E-01 -7.1855E-02 -1.4870E-01
  6.0232E-01  1.2675E-01 -6.9546E-02 -1.4561E-01
  6.0600E-01  1.2818E-01 -6.7212E-02 -1.4249E-01
  6.0971E-01  1.2962E-01 -6.4853E-02 -1.3934E-01
  6.1344E-01  1.3107E-01 -6.2469E-02 -1.3617E-01
  6.1719E-01  1.3254E-01 -6.0061E-02 -1.3296E-01
  6.2097E-01  1.3403E-01 -5.7629E-02 -1.2973E-01
  6.2477E-01  1.3553E-01 -5.5171E-02 -1.2647E-01
  6.2859E-01  1.3705E-01 -5.2688E-02 -1.2318E-01
  6.3244E-01  1.3858E-01 -5.0180E-02 -1.1987E-01
  6.3631E-01  1.4013E-01 -4.7647E-02 -1.1653E-01
  6.4020E-01  1.4170E-01 -4.5089E-02 -1.1316E-01
  6.4411E-01  1.4328E-01 -4.2506E-02 -1.0976E-01
  6.4806E-01  1.4488E-01 -3.9897E-02 -1.0634E-01
  6.5202E-01  1.4650E-01 -3.7263E-02 -1.0288E-01
  6.5601E-01  1.4813E-01 -3.4603E-02 -9.9407E-02
  6.6002E-01  1.4978E-01 -3.1918E-02 -9.5902E-02
  6.6406E-01  1.5145E-01 -2.9206E-02 -9.2370E-02
  6.6812E-01  1.5314E-01 -2.6469E-02 -8.8812E-02
  6.7221E-01  1.5484E-01 -2.3706E-02 -8.5227E-02
  6.7632E-01  1.5657E-01 -2.0917E-02 -8.1616E-02
  6.8046E-01  1.5831E-01 -1.8101E-02 -7.7978E-02
  6.8462E-01  1.6007E-01 -1.5259E-02 -7.4314E-02
  6.8881E-01  1.6185E-01 -1.2391E-02 -7.0624E-02
  6.9302E-01  1.6365E-01 -9.4960E-03 -6.6908E-02
  6.9726E-01  1.6547E-01 -6.5744E-03 -6.3166E-02
  7.0153E-01  1.6730E-01 -3.6258E-03 -5.9398E-02
  7.0582E-01  1.6916E-01 -6.5020E-04 -5.5605E-02
  7.1014E-01  1.7104E-01  2.3526E-03 -5.1785E-02
  7.1448E-01  1.7294E-01  5.3827E-03 -4.7940E-02
  7.1885E-01  1.7485E-01  8.4403E-03 -4.4069E-02
  7.2325E-01  1.7679E-01  1.1526E-02 -4.0173E-02
  7.2767E-01  1.7875E-01  1.4639E-02 -3.6251E-02
  7.3212E-01  1.8073E-01  1.7780E-02 -3.2303E-02
  7.3660E-01  1.8273E-01  2.0949E-02 -2.8331E-02
  7.4111E-01  1.8476E-01  2.4147E-02 -2.4332E-02
  7.4564E-01  1.8680E-01  2.7373E-02 -2.0309E-02
  7.5020E-01  1.8887E-01  3.0628E-02 -1.6260E-02
  7.5479E-01  1.9096E-01  3.3912E-02 -1.2186E-02
  7.5941E-01  1.9308E-01  3.7225E-02 -8.0859E-03
  7.6406E-01  1.9522E-01  4.0568E-02 -3.9610E-03
  7.6873E-01  1.9738E-01  4.3940E-02  1.8928E-04
  7.7343E-01  1.9956E-01  4.7343E-02  4.3649E-03
  7.7816E-01  2.0177E-01  5.0775E-02  8.5660E-03
  7.8292E-01  2.0401E-01  5.4238E-02  1.2792E-02
  7.8771E-01  2.0627E-01  5.7731E-02  1.7044E-02
  7.9253E-01  2.0855E-01  6.1256E-02  2.1322E-02
  7.9738E-01  2.1086E-01  6.4811E-02  2.5625E-02
  8.0226E-01  2.1320E-01  6.8398E-02  2.9954E-02
  8.0716E-01  2.1556E-01  7.2017E-02  3.4308E-02
  8.1210E-01  2.1795E-01  7.5668E-02  3.8689E-02
  8.1707E-01  2.2036E-01  7.9352E-02  4.3095E-02
  8.2207E-01  2.2281E-01  8.3068E-02  4.7527E-02
  8.2709E-01  2.2528E-01  8.6817E-02  5.1986E-02
  8.3215E-01  2.2778E-01  9.0600E-02  5.6471E-02
  8.3724E-01  2.3031E-01  9.4416E-02  6.0983E-02
  8.4236E-01  2.3287E-01  9.8267E-02  6.5521E-02
  8.4752E-01  2.3546E-01  1.0215E-01  7.0087E-02
  8.5270E-01  2.3807E-01  1.0607E-01  7.4679E-02
  8.5792E-01  2.4072E-01  1.1003E-01  7.9299E-02
  8.6316E-01  2.4340E-01  1.1402E-01  8.3947E-02
  8.6844E-01  2.4612E-01  1.1805E-01  8.8622E-02
  8.7376E-01  2.4886E-01  1.2211E-01  9.3326E-02
  8.7910E-01  2.5164E-01  1.2621E-01  9.8058E-02
  8.8448E-01  2.5445E-01  1.3035E-01  1.0282E-01
  8.8989E-01  2.5729E-01  1.3453E-01  1.0761E-01
  8.9533E-01  2.6017E-01  1.3874E-01  1.1243E-01
  9.0081E-01  2.6309E-01  1.4300E-01  1.1728E-01
  9.0632E-01  2.6604E-01  1.4729E-01  1.2216E-01
  9.1186E-01  2.6903E-01  1.5162E-01  1.2707E-01
  9.1744E-01  2.7205E-01  1.5600E-01  1.3201E-01
  9.2305E-01  2.7511E-01  1.6041E-01  1.3698E-01
  9.2869E-01  2.7821E-01  1.6487E-01  1.4199E-01
  9.3438E-01  2.8135E-01  1.6937E-01  1.4703E-01
  9.4009E-01  2.8454E-01  1.7391E-01  1.5210E-01
  9.4584E-01  2.8776E-01  1.7850E-01  1.5720E-01
  9.5163E-01  2.9102E-01  1.8313E-01  1.6234E-01
  9.5745E-01  2.9432E-01  1.8781E-01  1.6752E-01
  9.6330E-01  2.9767E-01  1.9254E-01  1.7273E-01
  9.6919E-01  3.0106E-01  1.9731E-01  1.7798E-01
  9.7512E-01  3.0450E-01  2.0212E-01  1.8326E-01
  9.8109E-01  3.0798E-01  2.0699E-01  1.8858E-01
  9.8709E-01  3.1151E-01  2.1191E-01  1.9395E-01
  9.9312E-01  3.1509E-01  2.1687E-01  1.9935E-01
  9.9920E-01  3.1872E-01  2.2189E-01  2.0479E-01
  1.0053E+00  3.2240E-01  2.2696E-01  2.1027E-01
  1.0115E+00  3.2612E-01  2.3209E-01  2.1580E-01
  1.0176E+00  3.2990E-01  2.3726E-01  2.2137E-01
  1.0239E+00  3.3374E-01  2.4250E-01  2.2699E-01
  1.0301E+00  3.3763E-01  2.4779E-01  2.3265E-01
  1.0364E+00  3.4157E-01  2.5314E-01  2.3836E-01
  1.0428E+00  3.4557E-01  2.5854E-01  2.4411E-01
  1.0491E+00  3.4963E-01  2.6401E-01  2.4992E-01
  1.0556E+00  3.5375E-01  2.6954E-01  2.5578E-01
  1.0620E+00  3.5793E-01  2.7513E-01  2.6168E-01
  1.0685E+00  3.6217E-01  2.8078E-01  2.6765E-01
  1.0751E+00  3.6647E-01  2.8650E-01  2.7367E-01
  1.0816E+00  3.7085E-01  2.9229E-01  2.7974E-01
  1.0882E+00  3.7528E-01  2.9815E-01  2.8587E-01
  1.0949E+00  3.7979E-01  3.0407E-01  2.9207E-01
  1.1016E+00  3.8437E-01  3.1007E-01  2.9832E-01
  1.1083E+00  3.8902E-01  3.1613E-01  3.0464E-01
  1.1151E+00  3.9374E-01  3.2228E-01  3.1102E-01
  1.1219E+00  3.9854E-01  3.2850E-01  3.1746E-01
  1.1288E+00  4.0342E-01  3.3479E-01  3.2398E-01
  1.1357E+00  4.0837E-01  3.4117E-01  3.3057E-01
  1.1426E+00  4.1341E-01  3.4762E-01  3.3722E-01
  1.1496E+00  4.1853E-01  3.5416E-01  3.4395E-01
  1.1567E+00  4.2374E-01  3.6078E-01  3.5076E-01
  1.1637E+00  4.2904E-01  3.6749E-01  3.5764E-01
  1.1709E+00  4.3442E-01  3.7429E-01  3.6461E-01
  1.1780E+00  4.3990E-01  3.8117E-01  3.7165E-01
  1.1852E+00  4.4548E-01  3.8815E-01  3.7879E-01
  1.1925E+00  4.5115E-01  3.9522E-01  3.8600E-01
  1.1998E+00  4.5693E-01  4.0239E-01  3.9331E-01
  1.2071E+00  4.6281E-01  4.0966E-01  4.0071E-01
  1.2145E+00  4.6879E-01  4.1702E-01  4.0820E-01
  1.2219E+00  4.7489E-01  4.2449E-01  4.1579E-01
  1.2294E+00  4.8110E-01  4.3207E-01  4.2348E-01
  1.2369E+00  4.8742E-01  4.3975E-01  4.3127E-01
  1.2445E+00  4.9386E-01  4.4755E-01  4.3916E-01
  1.2521E+00  5.0043E-01  4.5545E-01  4.4717E-01
  1.2597E+00  5.0712E-01  4.6348E-01  4.5528E-01
  1.2674E+00  5.1394E-01  4.7162E-01  4.6351E-01
  1.2752E+00  5.2089E-01  4.7989E-01  4.7186E-01
  1.2830E+00  5.2798E-01  4.8828E-01  4.8033E-01
  1.2908E+00  5.3521E-01  4.9680E-01  4.8893E-01
  1.2987E+00  5.4259E-01  5.0545E-01  4.9765E-01
  1.3067E+00  5.5012E-01  5.1424E-01  5.0651E-01
  1.3147E+00  5.5780E-01  5.2317E-01  5.1551E-01
  1.3227E+00  5.6563E-01  5.3225E-01  5.2464E-01
  1.3308E+00  5.7364E-01  5.4147E-01  5.3392E-01
  1.3389E+00  5.8181E-01  5.5084E-01  5.4336E-01
  1.3471E+00  5.9015E-01  5.6038E-01  5.5294E-01
  1.3554E+00  5.9867E-01  5.7007E-01  5.6269E-01
  1.3636E+00  6.0737E-01  5.7993E-01  5.7260E-01
  1.3720E+00  6.1627E-01  5.8995E-01  5.8268E-01
  1.3804E+00  6.2535E-01  6.0016E-01  5.9293E-01
  1.3888E+00  6.3464E-01  6.1055E-01  6.0337E-01
  1.3973E+00  6.4414E-01  6.2112E-01  6.1399E-01
  1.4059E+00  6.5384E-01  6.3188E-01  6.2480E-01
  1.4145E+00  6.6377E-01  6.4285E-01  6.3582E-01
  1.4231E+00  6.7392E-01  6.5402E-01  6.4703E-01
  1.4318E+00  6.8431E-01  6.6539E-01  6.5846E-01
  1.4406E+00  6.9493E-01  6.7699E-01  6.7011E-01
  1.4494E+00  7.0581E-01  6.8881E-01  6.8198E-01
  1.4582E+00  7.1693E-01  7.0086E-01  6.9408E-01
  1.4672E+00  7.2832E-01  7.1315E-01  7.0642E-01
  1.4761E+00  7.3998E-01  7.2568E-01  7.1901E-01
  1.4852E+00  7.5192E-01  7.3847E-01  7.3186E-01
  1.4942E+00  7.6415E-01  7.5152E-01  7.4496E-01
  1.5034E+00  7.7667E-01  7.6484E-01  7.5835E-01
  1.5126E+00  7.8949E-01  7.7844E-01  7.7201E-01
  1.5218E+00  8.0263E-01  7.9233E-01  7.8596E-01
  1.5311E+00  8.1610E-01  8.0652E-01  8.0022E-01
  1.5405E+00  8.2990E-01  8.2101E-01  8.1478E-01
  1.5499E+00  8.4404E-01  8.3582E-01  8.2966E-01
  1.5594E+00  8.5853E-01  8.5095E-01  8.4488E-01
  1.5689E+00  8.7340E-01  8.6642E-01  8.6044E-01
  1.5785E+00  8.8863E-01  8.8224E-01  8.7635E-01
  1.5882E+00  9.0426E-01  8.9843E-01  8.9263E-01
  1.5979E+00  9.2029E-01  9.1498E-01  9.0928E-01
  1.6077E+00  9.3673E-01  9.3192E-01  9.2633E-01
  1.6175E+00  9.5359E-01  9.4926E-01  9.4378E-01
  1.6274E+00  9.7090E-01  9.6701E-01  9.6165E-01
  1.6373E+00  9.8865E-01  9.8518E-01  9.7995E-01
  1.6473E+00  1.0069E+00  1.0038E+00  9.9869E-01
  1.6574E+00  1.0256E+00  1.0229E+00  1.0179E+00
  1.6675E+00  1.0448E+00  1.0424E+00  1.0376E+00
  1.6777E+00  1.0645E+00  1.0624E+00  1.0578E+00
  1.6880E+00  1.0847E+00  1.0829E+00  1.0785E+00
  1.6983E+00  1.1055E+00  1.1040E+00  1.0997E+00
  1.7087E+00  1.1269E+00  1.1256E+00  1.1215E+00
  1.7192E+00  1.1488E+00  1.1477E+00  1.1438E+00
  1.7297E+00  1.1713E+00  1.1704E+00  1.1667E+00
  1.7403E+00  1.1945E+00  1.1937E+00  1.1902E+00
  1.7509E+00  1.2183E+00  1.2177E+00  1.2144E+00
  1.7616E+00  1.2427E+00  1.2423E+00  1.2392E+00
  1.7724E+00  1.2678E+00  1.2675E+00  1.2647E+00
  1.7832E+00  1.2937E+00  1.2934E+00  1.2909E+00
  1.7941E+00  1.3203E+00  1.3201E+00  1.3178E+00
  1.8051E+00  1.3476E+00  1.3475E+00  1.3454E+00
  1.8161E+00  1.3757E+00  1.3756E+00  1.3739E+00
  1.8272E+00  1.4046E+00  1.4046E+00  1.4031E+00
  1.8384E+00  1.4344E+00  1.4344E+00  1.4332E+00
  1.8497E+00  1.4650E+00  1.4650E+00  1.4641E+00
  1.8610E+00  1.4966E+00  1.4966E+00  1.4960E+00
  1.8723E+00  1.5290E+00  1.5290E+00  1.5287E+00
  1.8838E+00  1.5624E+00  1.5624E+00  1.5624E+00
  1.8953E+00  1.5969E+00  1.5969E+00  1.5972E+00
  1.9069E+00  1.6323E+00  1.6323E+00  1.6329E+00
  1.9186E+00  1.6688E+00  1.6688E+00  1.6697E+00
  1.9303E+00  1.7065E+00  1.7065E+00  1.7077E+00
  1.9421E+00  1.7452E+00  1.7452E+00  1.7468E+00
  1.9540E+00  1.7852E+00  1.7852E+00  1.7871E+00
  1.9659E+00  1.8265E+00  1.8265E+00  1.8286E+00
  1.9779E+00  1.8690E+00  1.8690E+00  1.8715E+00
  1.9900E+00  1.9128E+00  1.9128E+00  1.9157E+00
  2.0022E+00  1.9581E+00  1.9581E+00  1.9612E+00
