 # l=           2 energy=  -5.00000000000000     
  0.0000E+00  0.0000E+00  0.0000E+00  0.0000E+00
  2.4843E-06  5.5726E-18  5.5726E-18  2.1253E-16
  4.9838E-06  4.4991E-17  4.4991E-17  1.3453E-15
  7.4986E-06  1.5324E-16  1.5324E-16  3.9920E-15
  1.0029E-05  3.6659E-16  3.6659E-16  8.7015E-15
  1.2574E-05  7.2260E-16  7.2260E-16  1.5967E-14
  1.5136E-05  1.2602E-15  1.2602E-15  2.6134E-14
  1.7712E-05  2.0196E-15  2.0196E-15  3.9671E-14
  2.0305E-05  3.0426E-15  3.0426E-15  5.7035E-14
  2.2913E-05  4.3723E-15  4.3723E-15  7.8641E-14
  2.5538E-05  6.0533E-15  6.0533E-15  1.0493E-13
  2.8178E-05  8.1318E-15  8.1318E-15  1.3633E-13
  3.0835E-05  1.0655E-14  1.0655E-14  1.7328E-13
  3.3508E-05  1.3673E-14  1.3673E-14  2.1623E-13
  3.6197E-05  1.7237E-14  1.7237E-14  2.6563E-13
  3.8902E-05  2.1398E-14  2.1398E-14  3.2193E-13
  4.1625E-05  2.6211E-14  2.6211E-14  3.8561E-13
  4.4363E-05  3.1733E-14  3.1733E-14  4.5713E-13
  4.7119E-05  3.8021E-14  3.8021E-14  5.3698E-13
  4.9891E-05  4.5135E-14  4.5135E-14  6.2565E-13
  5.2681E-05  5.3137E-14  5.3137E-14  7.2365E-13
  5.5487E-05  6.2089E-14  6.2089E-14  8.3148E-13
  5.8310E-05  7.2058E-14  7.2058E-14  9.4966E-13
  6.1151E-05  8.3111E-14  8.3111E-14  1.0787E-12
  6.4009E-05  9.5318E-14  9.5318E-14  1.2193E-12
  6.6885E-05  1.0875E-13  1.0875E-13  1.3718E-12
  6.9778E-05  1.2348E-13  1.2348E-13  1.5369E-12
  7.2689E-05  1.3959E-13  1.3959E-13  1.7151E-12
  7.5618E-05  1.5715E-13  1.5715E-13  1.9071E-12
  7.8565E-05  1.7625E-13  1.7625E-13  2.1135E-12
  8.1529E-05  1.9696E-13  1.9696E-13  2.3349E-12
  8.4512E-05  2.1938E-13  2.1938E-13  2.5719E-12
  8.7513E-05  2.4359E-13  2.4359E-13  2.8252E-12
  9.0532E-05  2.6968E-13  2.6968E-13  3.0954E-12
  9.3570E-05  2.9775E-13  2.9775E-13  3.3834E-12
  9.6626E-05  3.2789E-13  3.2789E-13  3.6896E-12
  9.9701E-05  3.6020E-13  3.6020E-13  4.0150E-12
  1.0280E-04  3.9479E-13  3.9479E-13  4.3602E-12
  1.0591E-04  4.3175E-13  4.3175E-13  4.7259E-12
  1.0904E-04  4.7119E-13  4.7119E-13  5.1130E-12
  1.1219E-04  5.1324E-13  5.1324E-13  5.5222E-12
  1.1536E-04  5.5798E-13  5.5798E-13  5.9544E-12
  1.1855E-04  6.0556E-13  6.0556E-13  6.4104E-12
  1.2176E-04  6.5608E-13  6.5608E-13  6.8911E-12
  1.2499E-04  7.0967E-13  7.0967E-13  7.3972E-12
  1.2824E-04  7.6645E-13  7.6645E-13  7.9298E-12
  1.3151E-04  8.2656E-13  8.2656E-13  8.4897E-12
  1.3479E-04  8.9013E-13  8.9013E-13  9.0778E-12
  1.3810E-04  9.5729E-13  9.5729E-13  9.6952E-12
  1.4143E-04  1.0282E-12  1.0282E-12  1.0343E-11
  1.4478E-04  1.1030E-12  1.1030E-12  1.1022E-11
  1.4815E-04  1.1818E-12  1.1818E-12  1.1733E-11
  1.5154E-04  1.2648E-12  1.2648E-12  1.2477E-11
  1.5495E-04  1.3521E-12  1.3521E-12  1.3256E-11
  1.5838E-04  1.4440E-12  1.4440E-12  1.4070E-11
  1.6183E-04  1.5405E-12  1.5405E-12  1.4921E-11
  1.6531E-04  1.6418E-12  1.6418E-12  1.5809E-11
  1.6880E-04  1.7482E-12  1.7482E-12  1.6737E-11
  1.7232E-04  1.8597E-12  1.8597E-12  1.7705E-11
  1.7586E-04  1.9766E-12  1.9766E-12  1.8714E-11
  1.7942E-04  2.0991E-12  2.0991E-12  1.9766E-11
  1.8300E-04  2.2273E-12  2.2273E-12  2.0862E-11
  1.8660E-04  2.3615E-12  2.3615E-12  2.2003E-11
  1.9023E-04  2.5018E-12  2.5018E-12  2.3191E-11
  1.9387E-04  2.6485E-12  2.6485E-12  2.4427E-11
  1.9754E-04  2.8017E-12  2.8017E-12  2.5712E-11
  2.0123E-04  2.9618E-12  2.9618E-12  2.7049E-11
  2.0495E-04  3.1288E-12  3.1288E-12  2.8438E-11
  2.0869E-04  3.3032E-12  3.3032E-12  2.9881E-11
  2.1245E-04  3.4849E-12  3.4849E-12  3.1379E-11
  2.1623E-04  3.6744E-12  3.6744E-12  3.2935E-11
  2.2004E-04  3.8719E-12  3.8719E-12  3.4550E-11
  2.2387E-04  4.0776E-12  4.0776E-12  3.6225E-11
  2.2772E-04  4.2918E-12  4.2918E-12  3.7962E-11
  2.3160E-04  4.5148E-12  4.5148E-12  3.9764E-11
  2.3550E-04  4.7467E-12  4.7467E-12  4.1631E-11
  2.3942E-04  4.9880E-12  4.9880E-12  4.3566E-11
  2.4337E-04  5.2388E-12  5.2388E-12  4.5570E-11
  2.4734E-04  5.4995E-12  5.4995E-12  4.7646E-11
  2.5134E-04  5.7705E-12  5.7705E-12  4.9795E-11
  2.5536E-04  6.0519E-12  6.0519E-12  5.2019E-11
  2.5940E-04  6.3441E-12  6.3441E-12  5.4321E-11
  2.6347E-04  6.6474E-12  6.6474E-12  5.6703E-11
  2.6757E-04  6.9622E-12  6.9622E-12  5.9166E-11
  2.7169E-04  7.2888E-12  7.2888E-12  6.1713E-11
  2.7583E-04  7.6276E-12  7.6276E-12  6.4346E-11
  2.8000E-04  7.9788E-12  7.9788E-12  6.7068E-11
  2.8420E-04  8.3429E-12  8.3429E-12  6.9881E-11
  2.8842E-04  8.7203E-12  8.7203E-12  7.2787E-11
  2.9267E-04  9.1113E-12  9.1113E-12  7.5789E-11
  2.9694E-04  9.5163E-12  9.5163E-12  7.8888E-11
  3.0124E-04  9.9357E-12  9.9357E-12  8.2089E-11
  3.0557E-04  1.0370E-11  1.0370E-11  8.5393E-11
  3.0992E-04  1.0819E-11  1.0819E-11  8.8803E-11
  3.1430E-04  1.1284E-11  1.1284E-11  9.2322E-11
  3.1871E-04  1.1766E-11  1.1766E-11  9.5953E-11
  3.2314E-04  1.2264E-11  1.2264E-11  9.9698E-11
  3.2760E-04  1.2778E-11  1.2778E-11  1.0356E-10
  3.3209E-04  1.3311E-11  1.3311E-11  1.0754E-10
  3.3660E-04  1.3861E-11  1.3861E-11  1.1165E-10
  3.4114E-04  1.4430E-11  1.4430E-11  1.1588E-10
  3.4571E-04  1.5017E-11  1.5017E-11  1.2025E-10
  3.5031E-04  1.5625E-11  1.5625E-11  1.2474E-10
  3.5494E-04  1.6252E-11  1.6252E-11  1.2938E-10
  3.5959E-04  1.6900E-11  1.6900E-11  1.3415E-10
  3.6427E-04  1.7568E-11  1.7568E-11  1.3907E-10
  3.6899E-04  1.8259E-11  1.8259E-11  1.4413E-10
  3.7373E-04  1.8972E-11  1.8972E-11  1.4934E-10
  3.7850E-04  1.9707E-11  1.9707E-11  1.5471E-10
  3.8329E-04  2.0466E-11  2.0466E-11  1.6024E-10
  3.8812E-04  2.1249E-11  2.1249E-11  1.6593E-10
  3.9298E-04  2.2057E-11  2.2057E-11  1.7178E-10
  3.9787E-04  2.2890E-11  2.2890E-11  1.7781E-10
  4.0278E-04  2.3750E-11  2.3750E-11  1.8400E-10
  4.0773E-04  2.4635E-11  2.4635E-11  1.9038E-10
  4.1271E-04  2.5549E-11  2.5549E-11  1.9694E-10
  4.1771E-04  2.6490E-11  2.6490E-11  2.0369E-10
  4.2275E-04  2.7460E-11  2.7460E-11  2.1063E-10
  4.2782E-04  2.8460E-11  2.8460E-11  2.1777E-10
  4.3292E-04  2.9490E-11  2.9490E-11  2.2510E-10
  4.3805E-04  3.0551E-11  3.0551E-11  2.3264E-10
  4.4321E-04  3.1644E-11  3.1644E-11  2.4040E-10
  4.4841E-04  3.2769E-11  3.2769E-11  2.4837E-10
  4.5363E-04  3.3928E-11  3.3928E-11  2.5656E-10
  4.5889E-04  3.5122E-11  3.5122E-11  2.6498E-10
  4.6418E-04  3.6350E-11  3.6350E-11  2.7362E-10
  4.6950E-04  3.7615E-11  3.7615E-11  2.8251E-10
  4.7486E-04  3.8917E-11  3.8917E-11  2.9164E-10
  4.8025E-04  4.0256E-11  4.0256E-11  3.0102E-10
  4.8567E-04  4.1635E-11  4.1635E-11  3.1065E-10
  4.9112E-04  4.3053E-11  4.3053E-11  3.2054E-10
  4.9661E-04  4.4513E-11  4.4513E-11  3.3070E-10
  5.0213E-04  4.6014E-11  4.6014E-11  3.4113E-10
  5.0768E-04  4.7557E-11  4.7557E-11  3.5183E-10
  5.1327E-04  4.9145E-11  4.9145E-11  3.6283E-10
  5.1889E-04  5.0778E-11  5.0778E-11  3.7412E-10
  5.2455E-04  5.2457E-11  5.2457E-11  3.8570E-10
  5.3024E-04  5.4183E-11  5.4183E-11  3.9759E-10
  5.3597E-04  5.5957E-11  5.5957E-11  4.0979E-10
  5.4173E-04  5.7781E-11  5.7781E-11  4.2232E-10
  5.4752E-04  5.9656E-11  5.9656E-11  4.3517E-10
  5.5336E-04  6.1582E-11  6.1582E-11  4.4835E-10
  5.5922E-04  6.3562E-11  6.3562E-11  4.6188E-10
  5.6513E-04  6.5596E-11  6.5596E-11  4.7576E-10
  5.7107E-04  6.7686E-11  6.7686E-11  4.8999E-10
  5.7704E-04  6.9834E-11  6.9834E-11  5.0459E-10
  5.8305E-04  7.2039E-11  7.2039E-11  5.1957E-10
  5.8910E-04  7.4305E-11  7.4305E-11  5.3493E-10
  5.9519E-04  7.6631E-11  7.6631E-11  5.5068E-10
  6.0131E-04  7.9021E-11  7.9021E-11  5.6683E-10
  6.0747E-04  8.1475E-11  8.1475E-11  5.8339E-10
  6.1367E-04  8.3994E-11  8.3994E-11  6.0037E-10
  6.1991E-04  8.6581E-11  8.6581E-11  6.1778E-10
  6.2618E-04  8.9237E-11  8.9237E-11  6.3562E-10
  6.3249E-04  9.1963E-11  9.1963E-11  6.5392E-10
  6.3884E-04  9.4761E-11  9.4761E-11  6.7267E-10
  6.4523E-04  9.7633E-11  9.7633E-11  6.9188E-10
  6.5166E-04  1.0058E-10  1.0058E-10  7.1158E-10
  6.5813E-04  1.0361E-10  1.0361E-10  7.3177E-10
  6.6464E-04  1.0671E-10  1.0671E-10  7.5245E-10
  6.7119E-04  1.0989E-10  1.0989E-10  7.7365E-10
  6.7778E-04  1.1316E-10  1.1316E-10  7.9536E-10
  6.8440E-04  1.1651E-10  1.1651E-10  8.1761E-10
  6.9107E-04  1.1995E-10  1.1995E-10  8.4041E-10
  6.9778E-04  1.2348E-10  1.2348E-10  8.6376E-10
  7.0453E-04  1.2710E-10  1.2710E-10  8.8769E-10
  7.1132E-04  1.3081E-10  1.3081E-10  9.1219E-10
  7.1816E-04  1.3462E-10  1.3462E-10  9.3729E-10
  7.2503E-04  1.3852E-10  1.3852E-10  9.6300E-10
  7.3195E-04  1.4252E-10  1.4252E-10  9.8933E-10
  7.3891E-04  1.4663E-10  1.4663E-10  1.0163E-09
  7.4591E-04  1.5084E-10  1.5084E-10  1.0439E-09
  7.5295E-04  1.5515E-10  1.5515E-10  1.0722E-09
  7.6004E-04  1.5957E-10  1.5957E-10  1.1011E-09
  7.6717E-04  1.6411E-10  1.6411E-10  1.1308E-09
  7.7435E-04  1.6875E-10  1.6875E-10  1.1611E-09
  7.8157E-04  1.7352E-10  1.7352E-10  1.1922E-09
  7.8883E-04  1.7840E-10  1.7840E-10  1.2240E-09
  7.9614E-04  1.8340E-10  1.8340E-10  1.2566E-09
  8.0349E-04  1.8853E-10  1.8853E-10  1.2899E-09
  8.1088E-04  1.9379E-10  1.9379E-10  1.3240E-09
  8.1833E-04  1.9917E-10  1.9917E-10  1.3590E-09
  8.2581E-04  2.0469E-10  2.0469E-10  1.3947E-09
  8.3335E-04  2.1034E-10  2.1034E-10  1.4313E-09
  8.4093E-04  2.1613E-10  2.1613E-10  1.4687E-09
  8.4855E-04  2.2206E-10  2.2206E-10  1.5071E-09
  8.5622E-04  2.2814E-10  2.2814E-10  1.5463E-09
  8.6394E-04  2.3437E-10  2.3437E-10  1.5864E-09
  8.7171E-04  2.4075E-10  2.4075E-10  1.6274E-09
  8.7952E-04  2.4728E-10  2.4728E-10  1.6695E-09
  8.8738E-04  2.5397E-10  2.5397E-10  1.7124E-09
  8.9529E-04  2.6082E-10  2.6082E-10  1.7564E-09
  9.0325E-04  2.6784E-10  2.6784E-10  1.8014E-09
  9.1126E-04  2.7502E-10  2.7502E-10  1.8474E-09
  9.1931E-04  2.8238E-10  2.8238E-10  1.8945E-09
  9.2742E-04  2.8992E-10  2.8992E-10  1.9427E-09
  9.3557E-04  2.9763E-10  2.9763E-10  1.9919E-09
  9.4378E-04  3.0553E-10  3.0553E-10  2.0423E-09
  9.5203E-04  3.1362E-10  3.1362E-10  2.0938E-09
  9.6034E-04  3.2189E-10  3.2189E-10  2.1466E-09
  9.6869E-04  3.3037E-10  3.3037E-10  2.2005E-09
  9.7710E-04  3.3905E-10  3.3905E-10  2.2556E-09
  9.8556E-04  3.4793E-10  3.4793E-10  2.3120E-09
  9.9407E-04  3.5702E-10  3.5702E-10  2.3696E-09
  1.0026E-03  3.6632E-10  3.6632E-10  2.4286E-09
  1.0112E-03  3.7585E-10  3.7585E-10  2.4889E-09
  1.0199E-03  3.8559E-10  3.8559E-10  2.5505E-09
  1.0286E-03  3.9557E-10  3.9557E-10  2.6136E-09
  1.0374E-03  4.0578E-10  4.0578E-10  2.6780E-09
  1.0462E-03  4.1622E-10  4.1622E-10  2.7439E-09
  1.0551E-03  4.2691E-10  4.2691E-10  2.8113E-09
  1.0640E-03  4.3785E-10  4.3785E-10  2.8802E-09
  1.0730E-03  4.4904E-10  4.4904E-10  2.9506E-09
  1.0821E-03  4.6049E-10  4.6049E-10  3.0226E-09
  1.0912E-03  4.7221E-10  4.7221E-10  3.0962E-09
  1.1003E-03  4.8419E-10  4.8419E-10  3.1714E-09
  1.1095E-03  4.9645E-10  4.9645E-10  3.2483E-09
  1.1188E-03  5.0900E-10  5.0900E-10  3.3269E-09
  1.1281E-03  5.2183E-10  5.2183E-10  3.4072E-09
  1.1375E-03  5.3496E-10  5.3496E-10  3.4893E-09
  1.1470E-03  5.4839E-10  5.4839E-10  3.5732E-09
  1.1565E-03  5.6212E-10  5.6212E-10  3.6590E-09
  1.1660E-03  5.7617E-10  5.7617E-10  3.7466E-09
  1.1756E-03  5.9054E-10  5.9054E-10  3.8362E-09
  1.1853E-03  6.0523E-10  6.0523E-10  3.9277E-09
  1.1950E-03  6.2026E-10  6.2026E-10  4.0213E-09
  1.2048E-03  6.3563E-10  6.3563E-10  4.1169E-09
  1.2147E-03  6.5135E-10  6.5135E-10  4.2146E-09
  1.2246E-03  6.6742E-10  6.6742E-10  4.3144E-09
  1.2345E-03  6.8386E-10  6.8386E-10  4.4164E-09
  1.2446E-03  7.0067E-10  7.0067E-10  4.5206E-09
  1.2547E-03  7.1785E-10  7.1785E-10  4.6270E-09
  1.2648E-03  7.3543E-10  7.3543E-10  4.7358E-09
  1.2750E-03  7.5339E-10  7.5339E-10  4.8470E-09
  1.2853E-03  7.7176E-10  7.7176E-10  4.9605E-09
  1.2957E-03  7.9054E-10  7.9054E-10  5.0765E-09
  1.3061E-03  8.0974E-10  8.0974E-10  5.1950E-09
  1.3165E-03  8.2937E-10  8.2937E-10  5.3161E-09
  1.3271E-03  8.4944E-10  8.4944E-10  5.4398E-09
  1.3377E-03  8.6995E-10  8.6995E-10  5.5661E-09
  1.3483E-03  8.9092E-10  8.9092E-10  5.6951E-09
  1.3591E-03  9.1235E-10  9.1235E-10  5.8270E-09
  1.3699E-03  9.3426E-10  9.3426E-10  5.9616E-09
  1.3807E-03  9.5666E-10  9.5666E-10  6.0992E-09
  1.3916E-03  9.7955E-10  9.7955E-10  6.2396E-09
  1.4026E-03  1.0029E-09  1.0029E-09  6.3831E-09
  1.4137E-03  1.0269E-09  1.0269E-09  6.5297E-09
  1.4248E-03  1.0513E-09  1.0513E-09  6.6793E-09
  1.4360E-03  1.0763E-09  1.0763E-09  6.8322E-09
  1.4473E-03  1.1018E-09  1.1018E-09  6.9883E-09
  1.4586E-03  1.1279E-09  1.1279E-09  7.1478E-09
  1.4700E-03  1.1545E-09  1.1545E-09  7.3106E-09
  1.4815E-03  1.1818E-09  1.1818E-09  7.4768E-09
  1.4930E-03  1.2096E-09  1.2096E-09  7.6466E-09
  1.5046E-03  1.2381E-09  1.2381E-09  7.8200E-09
  1.5163E-03  1.2671E-09  1.2671E-09  7.9971E-09
  1.5281E-03  1.2968E-09  1.2968E-09  8.1779E-09
  1.5399E-03  1.3272E-09  1.3272E-09  8.3625E-09
  1.5518E-03  1.3582E-09  1.3582E-09  8.5510E-09
  1.5638E-03  1.3899E-09  1.3899E-09  8.7435E-09
  1.5758E-03  1.4222E-09  1.4222E-09  8.9400E-09
  1.5879E-03  1.4553E-09  1.4553E-09  9.1406E-09
  1.6001E-03  1.4891E-09  1.4891E-09  9.3455E-09
  1.6124E-03  1.5236E-09  1.5236E-09  9.5547E-09
  1.6247E-03  1.5588E-09  1.5588E-09  9.7682E-09
  1.6372E-03  1.5948E-09  1.5948E-09  9.9862E-09
  1.6497E-03  1.6316E-09  1.6316E-09  1.0209E-08
  1.6622E-03  1.6692E-09  1.6692E-09  1.0436E-08
  1.6749E-03  1.7076E-09  1.7076E-09  1.0668E-08
  1.6876E-03  1.7468E-09  1.7468E-09  1.0905E-08
  1.7004E-03  1.7869E-09  1.7869E-09  1.1147E-08
  1.7133E-03  1.8278E-09  1.8278E-09  1.1393E-08
  1.7262E-03  1.8696E-09  1.8696E-09  1.1645E-08
  1.7393E-03  1.9123E-09  1.9123E-09  1.1902E-08
  1.7524E-03  1.9559E-09  1.9559E-09  1.2165E-08
  1.7656E-03  2.0004E-09  2.0004E-09  1.2433E-08
  1.7789E-03  2.0459E-09  2.0459E-09  1.2706E-08
  1.7922E-03  2.0923E-09  2.0923E-09  1.2985E-08
  1.8057E-03  2.1397E-09  2.1397E-09  1.3270E-08
  1.8192E-03  2.1882E-09  2.1882E-09  1.3561E-08
  1.8328E-03  2.2376E-09  2.2376E-09  1.3858E-08
  1.8465E-03  2.2881E-09  2.2881E-09  1.4161E-08
  1.8603E-03  2.3397E-09  2.3397E-09  1.4470E-08
  1.8741E-03  2.3924E-09  2.3924E-09  1.4786E-08
  1.8881E-03  2.4462E-09  2.4462E-09  1.5108E-08
  1.9021E-03  2.5011E-09  2.5011E-09  1.5436E-08
  1.9162E-03  2.5572E-09  2.5572E-09  1.5772E-08
  1.9304E-03  2.6145E-09  2.6145E-09  1.6114E-08
  1.9447E-03  2.6730E-09  2.6730E-09  1.6463E-08
  1.9591E-03  2.7327E-09  2.7327E-09  1.6820E-08
  1.9735E-03  2.7936E-09  2.7936E-09  1.7184E-08
  1.9881E-03  2.8559E-09  2.8559E-09  1.7555E-08
  2.0027E-03  2.9194E-09  2.9194E-09  1.7934E-08
  2.0174E-03  2.9843E-09  2.9843E-09  1.8320E-08
  2.0323E-03  3.0506E-09  3.0506E-09  1.8715E-08
  2.0472E-03  3.1182E-09  3.1182E-09  1.9117E-08
  2.0622E-03  3.1873E-09  3.1873E-09  1.9528E-08
  2.0773E-03  3.2577E-09  3.2577E-09  1.9947E-08
  2.0924E-03  3.3297E-09  3.3297E-09  2.0374E-08
  2.1077E-03  3.4032E-09  3.4032E-09  2.0811E-08
  2.1231E-03  3.4782E-09  3.4782E-09  2.1256E-08
  2.1386E-03  3.5547E-09  3.5547E-09  2.1710E-08
  2.1541E-03  3.6329E-09  3.6329E-09  2.2174E-08
  2.1698E-03  3.7127E-09  3.7127E-09  2.2646E-08
  2.1855E-03  3.7941E-09  3.7941E-09  2.3129E-08
  2.2014E-03  3.8772E-09  3.8772E-09  2.3621E-08
  2.2173E-03  3.9621E-09  3.9621E-09  2.4123E-08
  2.2334E-03  4.0487E-09  4.0487E-09  2.4635E-08
  2.2495E-03  4.1371E-09  4.1371E-09  2.5158E-08
  2.2657E-03  4.2273E-09  4.2273E-09  2.5691E-08
  2.2821E-03  4.3194E-09  4.3194E-09  2.6235E-08
  2.2985E-03  4.4134E-09  4.4134E-09  2.6790E-08
  2.3150E-03  4.5094E-09  4.5094E-09  2.7356E-08
  2.3317E-03  4.6073E-09  4.6073E-09  2.7934E-08
  2.3484E-03  4.7072E-09  4.7072E-09  2.8523E-08
  2.3653E-03  4.8092E-09  4.8092E-09  2.9124E-08
  2.3822E-03  4.9134E-09  4.9134E-09  2.9737E-08
  2.3992E-03  5.0196E-09  5.0196E-09  3.0362E-08
  2.4164E-03  5.1280E-09  5.1280E-09  3.1000E-08
  2.4337E-03  5.2387E-09  5.2387E-09  3.1651E-08
  2.4510E-03  5.3516E-09  5.3516E-09  3.2315E-08
  2.4685E-03  5.4669E-09  5.4669E-09  3.2992E-08
  2.4861E-03  5.5845E-09  5.5845E-09  3.3682E-08
  2.5038E-03  5.7045E-09  5.7045E-09  3.4387E-08
  2.5215E-03  5.8270E-09  5.8270E-09  3.5105E-08
  2.5394E-03  5.9519E-09  5.9519E-09  3.5838E-08
  2.5575E-03  6.0795E-09  6.0795E-09  3.6586E-08
  2.5756E-03  6.2096E-09  6.2096E-09  3.7348E-08
  2.5938E-03  6.3424E-09  6.3424E-09  3.8126E-08
  2.6121E-03  6.4779E-09  6.4779E-09  3.8919E-08
  2.6306E-03  6.6162E-09  6.6162E-09  3.9728E-08
  2.6492E-03  6.7573E-09  6.7573E-09  4.0553E-08
  2.6679E-03  6.9012E-09  6.9012E-09  4.1394E-08
  2.6866E-03  7.0481E-09  7.0481E-09  4.2253E-08
  2.7056E-03  7.1980E-09  7.1980E-09  4.3128E-08
  2.7246E-03  7.3509E-09  7.3509E-09  4.4020E-08
  2.7437E-03  7.5069E-09  7.5069E-09  4.4931E-08
  2.7630E-03  7.6661E-09  7.6661E-09  4.5859E-08
  2.7824E-03  7.8285E-09  7.8285E-09  4.6806E-08
  2.8019E-03  7.9943E-09  7.9943E-09  4.7772E-08
  2.8215E-03  8.1633E-09  8.1633E-09  4.8756E-08
  2.8412E-03  8.3358E-09  8.3358E-09  4.9760E-08
  2.8611E-03  8.5118E-09  8.5118E-09  5.0785E-08
  2.8810E-03  8.6913E-09  8.6913E-09  5.1829E-08
  2.9011E-03  8.8745E-09  8.8745E-09  5.2894E-08
  2.9214E-03  9.0614E-09  9.0614E-09  5.3980E-08
  2.9417E-03  9.2520E-09  9.2520E-09  5.5087E-08
  2.9622E-03  9.4465E-09  9.4465E-09  5.6216E-08
  2.9828E-03  9.6449E-09  9.6449E-09  5.7368E-08
  3.0035E-03  9.8473E-09  9.8473E-09  5.8542E-08
  3.0243E-03  1.0054E-08  1.0054E-08  5.9739E-08
  3.0453E-03  1.0264E-08  1.0264E-08  6.0960E-08
  3.0664E-03  1.0479E-08  1.0479E-08  6.2205E-08
  3.0876E-03  1.0698E-08  1.0698E-08  6.3475E-08
  3.1090E-03  1.0922E-08  1.0922E-08  6.4769E-08
  3.1305E-03  1.1150E-08  1.1150E-08  6.6089E-08
  3.1521E-03  1.1383E-08  1.1383E-08  6.7434E-08
  3.1739E-03  1.1620E-08  1.1620E-08  6.8807E-08
  3.1958E-03  1.1862E-08  1.1862E-08  7.0206E-08
  3.2178E-03  1.2109E-08  1.2109E-08  7.1632E-08
  3.2399E-03  1.2361E-08  1.2361E-08  7.3086E-08
  3.2622E-03  1.2618E-08  1.2618E-08  7.4569E-08
  3.2847E-03  1.2880E-08  1.2880E-08  7.6081E-08
  3.3072E-03  1.3147E-08  1.3147E-08  7.7623E-08
  3.3299E-03  1.3420E-08  1.3420E-08  7.9194E-08
  3.3528E-03  1.3698E-08  1.3698E-08  8.0797E-08
  3.3758E-03  1.3981E-08  1.3981E-08  8.2430E-08
  3.3989E-03  1.4271E-08  1.4271E-08  8.4096E-08
  3.4221E-03  1.4566E-08  1.4566E-08  8.5794E-08
  3.4455E-03  1.4867E-08  1.4867E-08  8.7525E-08
  3.4691E-03  1.5174E-08  1.5174E-08  8.9290E-08
  3.4928E-03  1.5487E-08  1.5487E-08  9.1089E-08
  3.5166E-03  1.5806E-08  1.5806E-08  9.2924E-08
  3.5406E-03  1.6132E-08  1.6132E-08  9.4794E-08
  3.5647E-03  1.6464E-08  1.6464E-08  9.6700E-08
  3.5890E-03  1.6802E-08  1.6802E-08  9.8644E-08
  3.6134E-03  1.7148E-08  1.7148E-08  1.0063E-07
  3.6380E-03  1.7500E-08  1.7500E-08  1.0265E-07
  3.6628E-03  1.7859E-08  1.7859E-08  1.0470E-07
  3.6876E-03  1.8226E-08  1.8226E-08  1.0680E-07
  3.7127E-03  1.8599E-08  1.8599E-08  1.0894E-07
  3.7378E-03  1.8980E-08  1.8980E-08  1.1112E-07
  3.7632E-03  1.9369E-08  1.9369E-08  1.1335E-07
  3.7887E-03  1.9765E-08  1.9765E-08  1.1561E-07
  3.8143E-03  2.0169E-08  2.0169E-08  1.1793E-07
  3.8401E-03  2.0581E-08  2.0581E-08  1.2028E-07
  3.8661E-03  2.1002E-08  2.1002E-08  1.2268E-07
  3.8922E-03  2.1430E-08  2.1430E-08  1.2513E-07
  3.9185E-03  2.1867E-08  2.1867E-08  1.2762E-07
  3.9449E-03  2.2313E-08  2.2313E-08  1.3017E-07
  3.9715E-03  2.2767E-08  2.2767E-08  1.3276E-07
  3.9983E-03  2.3231E-08  2.3231E-08  1.3540E-07
  4.0252E-03  2.3703E-08  2.3703E-08  1.3810E-07
  4.0523E-03  2.4185E-08  2.4185E-08  1.4084E-07
  4.0796E-03  2.4677E-08  2.4677E-08  1.4364E-07
  4.1070E-03  2.5178E-08  2.5178E-08  1.4649E-07
  4.1346E-03  2.5688E-08  2.5688E-08  1.4940E-07
  4.1624E-03  2.6209E-08  2.6209E-08  1.5236E-07
  4.1903E-03  2.6741E-08  2.6741E-08  1.5538E-07
  4.2184E-03  2.7282E-08  2.7282E-08  1.5846E-07
  4.2467E-03  2.7835E-08  2.7835E-08  1.6160E-07
  4.2751E-03  2.8398E-08  2.8398E-08  1.6480E-07
  4.3037E-03  2.8972E-08  2.8972E-08  1.6805E-07
  4.3325E-03  2.9557E-08  2.9557E-08  1.7138E-07
  4.3615E-03  3.0154E-08  3.0154E-08  1.7476E-07
  4.3907E-03  3.0763E-08  3.0763E-08  1.7821E-07
  4.4200E-03  3.1383E-08  3.1383E-08  1.8173E-07
  4.4495E-03  3.2016E-08  3.2016E-08  1.8532E-07
  4.4792E-03  3.2661E-08  3.2661E-08  1.8897E-07
  4.5090E-03  3.3319E-08  3.3319E-08  1.9269E-07
  4.5391E-03  3.3990E-08  3.3990E-08  1.9649E-07
  4.5693E-03  3.4673E-08  3.4673E-08  2.0036E-07
  4.5998E-03  3.5371E-08  3.5371E-08  2.0430E-07
  4.6304E-03  3.6081E-08  3.6081E-08  2.0831E-07
  4.6612E-03  3.6806E-08  3.6806E-08  2.1241E-07
  4.6921E-03  3.7545E-08  3.7545E-08  2.1658E-07
  4.7233E-03  3.8298E-08  3.8298E-08  2.2083E-07
  4.7547E-03  3.9066E-08  3.9066E-08  2.2517E-07
  4.7862E-03  3.9849E-08  3.9849E-08  2.2958E-07
  4.8180E-03  4.0647E-08  4.0647E-08  2.3408E-07
  4.8499E-03  4.1461E-08  4.1461E-08  2.3867E-07
  4.8820E-03  4.2290E-08  4.2290E-08  2.4334E-07
  4.9144E-03  4.3136E-08  4.3136E-08  2.4811E-07
  4.9469E-03  4.3999E-08  4.3999E-08  2.5296E-07
  4.9796E-03  4.4878E-08  4.4878E-08  2.5791E-07
  5.0126E-03  4.5774E-08  4.5774E-08  2.6295E-07
  5.0457E-03  4.6687E-08  4.6687E-08  2.6809E-07
  5.0790E-03  4.7619E-08  4.7619E-08  2.7332E-07
  5.1126E-03  4.8568E-08  4.8568E-08  2.7866E-07
  5.1463E-03  4.9536E-08  4.9536E-08  2.8409E-07
  5.1802E-03  5.0523E-08  5.0523E-08  2.8963E-07
  5.2144E-03  5.1529E-08  5.1529E-08  2.9528E-07
  5.2488E-03  5.2554E-08  5.2554E-08  3.0103E-07
  5.2833E-03  5.3600E-08  5.3600E-08  3.0689E-07
  5.3181E-03  5.4665E-08  5.4665E-08  3.1286E-07
  5.3531E-03  5.5752E-08  5.5752E-08  3.1895E-07
  5.3883E-03  5.6859E-08  5.6859E-08  3.2515E-07
  5.4238E-03  5.7988E-08  5.7988E-08  3.3147E-07
  5.4594E-03  5.9139E-08  5.9139E-08  3.3791E-07
  5.4953E-03  6.0312E-08  6.0312E-08  3.4447E-07
  5.5314E-03  6.1508E-08  6.1508E-08  3.5116E-07
  5.5677E-03  6.2727E-08  6.2727E-08  3.5797E-07
  5.6042E-03  6.3969E-08  6.3969E-08  3.6492E-07
  5.6409E-03  6.5236E-08  6.5236E-08  3.7199E-07
  5.6779E-03  6.6527E-08  6.6527E-08  3.7920E-07
  5.7151E-03  6.7843E-08  6.7843E-08  3.8654E-07
  5.7525E-03  6.9185E-08  6.9185E-08  3.9402E-07
  5.7902E-03  7.0552E-08  7.0552E-08  4.0165E-07
  5.8281E-03  7.1946E-08  7.1946E-08  4.0942E-07
  5.8662E-03  7.3367E-08  7.3367E-08  4.1733E-07
  5.9045E-03  7.4815E-08  7.4815E-08  4.2540E-07
  5.9431E-03  7.6291E-08  7.6291E-08  4.3362E-07
  5.9819E-03  7.7796E-08  7.7796E-08  4.4199E-07
  6.0210E-03  7.9330E-08  7.9330E-08  4.5052E-07
  6.0603E-03  8.0893E-08  8.0893E-08  4.5921E-07
  6.0998E-03  8.2487E-08  8.2487E-08  4.6807E-07
  6.1396E-03  8.4111E-08  8.4111E-08  4.7709E-07
  6.1796E-03  8.5766E-08  8.5766E-08  4.8628E-07
  6.2199E-03  8.7454E-08  8.7454E-08  4.9565E-07
  6.2604E-03  8.9174E-08  8.9174E-08  5.0519E-07
  6.3011E-03  9.0927E-08  9.0927E-08  5.1491E-07
  6.3422E-03  9.2714E-08  9.2714E-08  5.2482E-07
  6.3834E-03  9.4535E-08  9.4535E-08  5.3491E-07
  6.4249E-03  9.6391E-08  9.6391E-08  5.4519E-07
  6.4667E-03  9.8283E-08  9.8283E-08  5.5567E-07
  6.5087E-03  1.0021E-07  1.0021E-07  5.6634E-07
  6.5510E-03  1.0218E-07  1.0218E-07  5.7721E-07
  6.5935E-03  1.0418E-07  1.0418E-07  5.8829E-07
  6.6363E-03  1.0622E-07  1.0622E-07  5.9958E-07
  6.6794E-03  1.0830E-07  1.0830E-07  6.1107E-07
  6.7227E-03  1.1042E-07  1.1042E-07  6.2279E-07
  6.7663E-03  1.1259E-07  1.1259E-07  6.3472E-07
  6.8101E-03  1.1479E-07  1.1479E-07  6.4688E-07
  6.8543E-03  1.1703E-07  1.1703E-07  6.5926E-07
  6.8986E-03  1.1932E-07  1.1932E-07  6.7188E-07
  6.9433E-03  1.2165E-07  1.2165E-07  6.8474E-07
  6.9882E-03  1.2403E-07  1.2403E-07  6.9783E-07
  7.0334E-03  1.2645E-07  1.2645E-07  7.1117E-07
  7.0789E-03  1.2892E-07  1.2892E-07  7.2476E-07
  7.1247E-03  1.3144E-07  1.3144E-07  7.3861E-07
  7.1707E-03  1.3401E-07  1.3401E-07  7.5271E-07
  7.2171E-03  1.3662E-07  1.3662E-07  7.6708E-07
  7.2637E-03  1.3928E-07  1.3928E-07  7.8172E-07
  7.3106E-03  1.4200E-07  1.4200E-07  7.9663E-07
  7.3577E-03  1.4477E-07  1.4477E-07  8.1182E-07
  7.4052E-03  1.4758E-07  1.4758E-07  8.2729E-07
  7.4530E-03  1.5046E-07  1.5046E-07  8.4305E-07
  7.5010E-03  1.5339E-07  1.5339E-07  8.5911E-07
  7.5494E-03  1.5637E-07  1.5637E-07  8.7547E-07
  7.5980E-03  1.5941E-07  1.5941E-07  8.9213E-07
  7.6469E-03  1.6251E-07  1.6251E-07  9.0910E-07
  7.6962E-03  1.6567E-07  1.6567E-07  9.2639E-07
  7.7457E-03  1.6889E-07  1.6889E-07  9.4400E-07
  7.7956E-03  1.7217E-07  1.7217E-07  9.6194E-07
  7.8457E-03  1.7552E-07  1.7552E-07  9.8022E-07
  7.8961E-03  1.7893E-07  1.7893E-07  9.9884E-07
  7.9469E-03  1.8240E-07  1.8240E-07  1.0178E-06
  7.9980E-03  1.8594E-07  1.8594E-07  1.0371E-06
  8.0494E-03  1.8954E-07  1.8954E-07  1.0568E-06
  8.1011E-03  1.9322E-07  1.9322E-07  1.0768E-06
  8.1531E-03  1.9697E-07  1.9697E-07  1.0972E-06
  8.2054E-03  2.0078E-07  2.0078E-07  1.1180E-06
  8.2580E-03  2.0467E-07  2.0467E-07  1.1392E-06
  8.3110E-03  2.0864E-07  2.0864E-07  1.1608E-06
  8.3643E-03  2.1268E-07  2.1268E-07  1.1828E-06
  8.4179E-03  2.1679E-07  2.1679E-07  1.2052E-06
  8.4719E-03  2.2099E-07  2.2099E-07  1.2280E-06
  8.5262E-03  2.2526E-07  2.2526E-07  1.2512E-06
  8.5808E-03  2.2962E-07  2.2962E-07  1.2748E-06
  8.6357E-03  2.3406E-07  2.3406E-07  1.2989E-06
  8.6910E-03  2.3858E-07  2.3858E-07  1.3235E-06
  8.7466E-03  2.4319E-07  2.4319E-07  1.3485E-06
  8.8026E-03  2.4789E-07  2.4789E-07  1.3739E-06
  8.8589E-03  2.5267E-07  2.5267E-07  1.3999E-06
  8.9155E-03  2.5755E-07  2.5755E-07  1.4263E-06
  8.9725E-03  2.6252E-07  2.6252E-07  1.4532E-06
  9.0299E-03  2.6759E-07  2.6759E-07  1.4806E-06
  9.0876E-03  2.7275E-07  2.7275E-07  1.5085E-06
  9.1456E-03  2.7801E-07  2.7801E-07  1.5369E-06
  9.2040E-03  2.8337E-07  2.8337E-07  1.5659E-06
  9.2628E-03  2.8883E-07  2.8883E-07  1.5954E-06
  9.3219E-03  2.9440E-07  2.9440E-07  1.6254E-06
  9.3813E-03  3.0007E-07  3.0007E-07  1.6560E-06
  9.4412E-03  3.0584E-07  3.0584E-07  1.6871E-06
  9.5014E-03  3.1173E-07  3.1173E-07  1.7189E-06
  9.5620E-03  3.1773E-07  3.1773E-07  1.7512E-06
  9.6229E-03  3.2385E-07  3.2385E-07  1.7841E-06
  9.6842E-03  3.3008E-07  3.3008E-07  1.8176E-06
  9.7459E-03  3.3642E-07  3.3642E-07  1.8518E-06
  9.8080E-03  3.4289E-07  3.4289E-07  1.8865E-06
  9.8704E-03  3.4948E-07  3.4948E-07  1.9219E-06
  9.9333E-03  3.5620E-07  3.5620E-07  1.9580E-06
  9.9965E-03  3.6304E-07  3.6304E-07  1.9947E-06
  1.0060E-02  3.7002E-07  3.7002E-07  2.0321E-06
  1.0124E-02  3.7712E-07  3.7712E-07  2.0702E-06
  1.0188E-02  3.8436E-07  3.8436E-07  2.1090E-06
  1.0253E-02  3.9174E-07  3.9174E-07  2.1486E-06
  1.0318E-02  3.9926E-07  3.9926E-07  2.1888E-06
  1.0384E-02  4.0692E-07  4.0692E-07  2.2298E-06
  1.0450E-02  4.1472E-07  4.1472E-07  2.2715E-06
  1.0516E-02  4.2267E-07  4.2267E-07  2.3140E-06
  1.0583E-02  4.3078E-07  4.3078E-07  2.3573E-06
  1.0650E-02  4.3903E-07  4.3903E-07  2.4014E-06
  1.0718E-02  4.4744E-07  4.4744E-07  2.4463E-06
  1.0786E-02  4.5602E-07  4.5602E-07  2.4920E-06
  1.0854E-02  4.6475E-07  4.6475E-07  2.5386E-06
  1.0923E-02  4.7365E-07  4.7365E-07  2.5860E-06
  1.0992E-02  4.8272E-07  4.8272E-07  2.6342E-06
  1.1062E-02  4.9196E-07  4.9196E-07  2.6834E-06
  1.1132E-02  5.0137E-07  5.0137E-07  2.7335E-06
  1.1203E-02  5.1096E-07  5.1096E-07  2.7845E-06
  1.1274E-02  5.2073E-07  5.2073E-07  2.8364E-06
  1.1345E-02  5.3069E-07  5.3069E-07  2.8893E-06
  1.1417E-02  5.4084E-07  5.4084E-07  2.9431E-06
  1.1489E-02  5.5117E-07  5.5117E-07  2.9980E-06
  1.1562E-02  5.6171E-07  5.6171E-07  3.0538E-06
  1.1635E-02  5.7244E-07  5.7244E-07  3.1107E-06
  1.1709E-02  5.8337E-07  5.8337E-07  3.1686E-06
  1.1783E-02  5.9451E-07  5.9451E-07  3.2275E-06
  1.1857E-02  6.0586E-07  6.0586E-07  3.2876E-06
  1.1932E-02  6.1743E-07  6.1743E-07  3.3487E-06
  1.2008E-02  6.2921E-07  6.2921E-07  3.4110E-06
  1.2084E-02  6.4122E-07  6.4122E-07  3.4744E-06
  1.2160E-02  6.5345E-07  6.5345E-07  3.5389E-06
  1.2237E-02  6.6592E-07  6.6592E-07  3.6047E-06
  1.2314E-02  6.7861E-07  6.7861E-07  3.6716E-06
  1.2392E-02  6.9155E-07  6.9155E-07  3.7398E-06
  1.2470E-02  7.0473E-07  7.0473E-07  3.8092E-06
  1.2549E-02  7.1816E-07  7.1816E-07  3.8799E-06
  1.2628E-02  7.3185E-07  7.3185E-07  3.9518E-06
  1.2708E-02  7.4579E-07  7.4579E-07  4.0251E-06
  1.2788E-02  7.5999E-07  7.5999E-07  4.0997E-06
  1.2869E-02  7.7447E-07  7.7447E-07  4.1757E-06
  1.2950E-02  7.8921E-07  7.8921E-07  4.2531E-06
  1.3031E-02  8.0423E-07  8.0423E-07  4.3318E-06
  1.3114E-02  8.1954E-07  8.1954E-07  4.4120E-06
  1.3196E-02  8.3513E-07  8.3513E-07  4.4937E-06
  1.3279E-02  8.5102E-07  8.5102E-07  4.5768E-06
  1.3363E-02  8.6721E-07  8.6721E-07  4.6615E-06
  1.3447E-02  8.8370E-07  8.8370E-07  4.7477E-06
  1.3532E-02  9.0050E-07  9.0050E-07  4.8355E-06
  1.3617E-02  9.1762E-07  9.1762E-07  4.9249E-06
  1.3703E-02  9.3506E-07  9.3506E-07  5.0159E-06
  1.3789E-02  9.5283E-07  9.5283E-07  5.1085E-06
  1.3876E-02  9.7093E-07  9.7093E-07  5.2028E-06
  1.3963E-02  9.8938E-07  9.8938E-07  5.2989E-06
  1.4051E-02  1.0082E-06  1.0082E-06  5.3967E-06
  1.4140E-02  1.0273E-06  1.0273E-06  5.4962E-06
  1.4229E-02  1.0468E-06  1.0468E-06  5.5976E-06
  1.4318E-02  1.0667E-06  1.0667E-06  5.7008E-06
  1.4408E-02  1.0869E-06  1.0869E-06  5.8059E-06
  1.4499E-02  1.1076E-06  1.1076E-06  5.9129E-06
  1.4590E-02  1.1286E-06  1.1286E-06  6.0218E-06
  1.4681E-02  1.1500E-06  1.1500E-06  6.1327E-06
  1.4774E-02  1.1718E-06  1.1718E-06  6.2457E-06
  1.4866E-02  1.1940E-06  1.1940E-06  6.3606E-06
  1.4960E-02  1.2166E-06  1.2166E-06  6.4777E-06
  1.5054E-02  1.2397E-06  1.2397E-06  6.5968E-06
  1.5148E-02  1.2632E-06  1.2632E-06  6.7181E-06
  1.5243E-02  1.2871E-06  1.2871E-06  6.8416E-06
  1.5339E-02  1.3115E-06  1.3115E-06  6.9674E-06
  1.5435E-02  1.3364E-06  1.3364E-06  7.0954E-06
  1.5532E-02  1.3617E-06  1.3617E-06  7.2257E-06
  1.5630E-02  1.3875E-06  1.3875E-06  7.3584E-06
  1.5728E-02  1.4138E-06  1.4138E-06  7.4935E-06
  1.5826E-02  1.4405E-06  1.4405E-06  7.6310E-06
  1.5926E-02  1.4678E-06  1.4678E-06  7.7710E-06
  1.6025E-02  1.4956E-06  1.4956E-06  7.9136E-06
  1.6126E-02  1.5239E-06  1.5239E-06  8.0587E-06
  1.6227E-02  1.5527E-06  1.5527E-06  8.2064E-06
  1.6329E-02  1.5821E-06  1.5821E-06  8.3568E-06
  1.6431E-02  1.6120E-06  1.6120E-06  8.5099E-06
  1.6534E-02  1.6425E-06  1.6425E-06  8.6657E-06
  1.6637E-02  1.6735E-06  1.6735E-06  8.8244E-06
  1.6742E-02  1.7052E-06  1.7052E-06  8.9859E-06
  1.6846E-02  1.7374E-06  1.7374E-06  9.1503E-06
  1.6952E-02  1.7702E-06  1.7702E-06  9.3177E-06
  1.7058E-02  1.8037E-06  1.8037E-06  9.4881E-06
  1.7165E-02  1.8378E-06  1.8378E-06  9.6616E-06
  1.7272E-02  1.8725E-06  1.8725E-06  9.8382E-06
  1.7380E-02  1.9078E-06  1.9078E-06  1.0018E-05
  1.7489E-02  1.9439E-06  1.9439E-06  1.0201E-05
  1.7599E-02  1.9806E-06  1.9806E-06  1.0387E-05
  1.7709E-02  2.0180E-06  2.0180E-06  1.0577E-05
  1.7819E-02  2.0561E-06  2.0561E-06  1.0770E-05
  1.7931E-02  2.0949E-06  2.0949E-06  1.0966E-05
  1.8043E-02  2.1344E-06  2.1344E-06  1.1166E-05
  1.8156E-02  2.1747E-06  2.1747E-06  1.1370E-05
  1.8269E-02  2.2157E-06  2.2157E-06  1.1577E-05
  1.8383E-02  2.2575E-06  2.2575E-06  1.1788E-05
  1.8498E-02  2.3001E-06  2.3001E-06  1.2003E-05
  1.8614E-02  2.3435E-06  2.3435E-06  1.2221E-05
  1.8730E-02  2.3877E-06  2.3877E-06  1.2444E-05
  1.8847E-02  2.4327E-06  2.4327E-06  1.2670E-05
  1.8965E-02  2.4785E-06  2.4785E-06  1.2901E-05
  1.9083E-02  2.5253E-06  2.5253E-06  1.3136E-05
  1.9202E-02  2.5728E-06  2.5728E-06  1.3375E-05
  1.9322E-02  2.6213E-06  2.6213E-06  1.3618E-05
  1.9443E-02  2.6707E-06  2.6707E-06  1.3865E-05
  1.9564E-02  2.7210E-06  2.7210E-06  1.4117E-05
  1.9686E-02  2.7723E-06  2.7723E-06  1.4373E-05
  1.9809E-02  2.8245E-06  2.8245E-06  1.4634E-05
  1.9933E-02  2.8777E-06  2.8777E-06  1.4900E-05
  2.0057E-02  2.9319E-06  2.9319E-06  1.5170E-05
  2.0182E-02  2.9871E-06  2.9871E-06  1.5446E-05
  2.0308E-02  3.0433E-06  3.0433E-06  1.5726E-05
  2.0435E-02  3.1006E-06  3.1006E-06  1.6011E-05
  2.0562E-02  3.1589E-06  3.1589E-06  1.6301E-05
  2.0690E-02  3.2184E-06  3.2184E-06  1.6596E-05
  2.0819E-02  3.2789E-06  3.2789E-06  1.6897E-05
  2.0949E-02  3.3406E-06  3.3406E-06  1.7203E-05
  2.1080E-02  3.4035E-06  3.4035E-06  1.7514E-05
  2.1211E-02  3.4675E-06  3.4675E-06  1.7831E-05
  2.1343E-02  3.5327E-06  3.5327E-06  1.8154E-05
  2.1476E-02  3.5991E-06  3.5991E-06  1.8482E-05
  2.1610E-02  3.6668E-06  3.6668E-06  1.8816E-05
  2.1745E-02  3.7357E-06  3.7357E-06  1.9156E-05
  2.1880E-02  3.8059E-06  3.8059E-06  1.9502E-05
  2.2016E-02  3.8775E-06  3.8775E-06  1.9855E-05
  2.2153E-02  3.9503E-06  3.9503E-06  2.0213E-05
  2.2291E-02  4.0246E-06  4.0246E-06  2.0578E-05
  2.2430E-02  4.1002E-06  4.1002E-06  2.0949E-05
  2.2570E-02  4.1772E-06  4.1772E-06  2.1327E-05
  2.2710E-02  4.2557E-06  4.2557E-06  2.1712E-05
  2.2851E-02  4.3356E-06  4.3356E-06  2.2103E-05
  2.2994E-02  4.4170E-06  4.4170E-06  2.2502E-05
  2.3137E-02  4.5000E-06  4.5000E-06  2.2907E-05
  2.3281E-02  4.5845E-06  4.5845E-06  2.3319E-05
  2.3425E-02  4.6705E-06  4.6705E-06  2.3739E-05
  2.3571E-02  4.7582E-06  4.7582E-06  2.4167E-05
  2.3718E-02  4.8475E-06  4.8475E-06  2.4601E-05
  2.3865E-02  4.9385E-06  4.9385E-06  2.5044E-05
  2.4014E-02  5.0312E-06  5.0312E-06  2.5494E-05
  2.4163E-02  5.1256E-06  5.1256E-06  2.5953E-05
  2.4313E-02  5.2217E-06  5.2217E-06  2.6419E-05
  2.4464E-02  5.3197E-06  5.3197E-06  2.6893E-05
  2.4616E-02  5.4195E-06  5.4195E-06  2.7376E-05
  2.4769E-02  5.5211E-06  5.5211E-06  2.7868E-05
  2.4923E-02  5.6247E-06  5.6247E-06  2.8368E-05
  2.5078E-02  5.7301E-06  5.7301E-06  2.8877E-05
  2.5234E-02  5.8376E-06  5.8376E-06  2.9395E-05
  2.5391E-02  5.9470E-06  5.9470E-06  2.9922E-05
  2.5548E-02  6.0585E-06  6.0585E-06  3.0458E-05
  2.5707E-02  6.1721E-06  6.1721E-06  3.1004E-05
  2.5867E-02  6.2877E-06  6.2877E-06  3.1559E-05
  2.6027E-02  6.4056E-06  6.4056E-06  3.2124E-05
  2.6189E-02  6.5256E-06  6.5256E-06  3.2699E-05
  2.6352E-02  6.6479E-06  6.6479E-06  3.3284E-05
  2.6515E-02  6.7724E-06  6.7724E-06  3.3880E-05
  2.6680E-02  6.8993E-06  6.8993E-06  3.4485E-05
  2.6845E-02  7.0285E-06  7.0285E-06  3.5102E-05
  2.7012E-02  7.1601E-06  7.1601E-06  3.5729E-05
  2.7180E-02  7.2942E-06  7.2942E-06  3.6367E-05
  2.7348E-02  7.4308E-06  7.4308E-06  3.7017E-05
  2.7518E-02  7.5700E-06  7.5700E-06  3.7677E-05
  2.7689E-02  7.7117E-06  7.7117E-06  3.8350E-05
  2.7860E-02  7.8561E-06  7.8561E-06  3.9034E-05
  2.8033E-02  8.0031E-06  8.0031E-06  3.9730E-05
  2.8207E-02  8.1529E-06  8.1529E-06  4.0438E-05
  2.8382E-02  8.3055E-06  8.3055E-06  4.1158E-05
  2.8558E-02  8.4609E-06  8.4609E-06  4.1892E-05
  2.8735E-02  8.6192E-06  8.6192E-06  4.2637E-05
  2.8913E-02  8.7805E-06  8.7805E-06  4.3396E-05
  2.9093E-02  8.9448E-06  8.9448E-06  4.4169E-05
  2.9273E-02  9.1121E-06  9.1121E-06  4.4954E-05
  2.9454E-02  9.2825E-06  9.2825E-06  4.5754E-05
  2.9637E-02  9.4562E-06  9.4562E-06  4.6567E-05
  2.9821E-02  9.6330E-06  9.6330E-06  4.7394E-05
  3.0005E-02  9.8131E-06  9.8131E-06  4.8236E-05
  3.0191E-02  9.9966E-06  9.9966E-06  4.9093E-05
  3.0378E-02  1.0184E-05  1.0184E-05  4.9964E-05
  3.0567E-02  1.0374E-05  1.0374E-05  5.0851E-05
  3.0756E-02  1.0568E-05  1.0568E-05  5.1752E-05
  3.0946E-02  1.0765E-05  1.0765E-05  5.2670E-05
  3.1138E-02  1.0967E-05  1.0967E-05  5.3604E-05
  3.1331E-02  1.1172E-05  1.1172E-05  5.4553E-05
  3.1525E-02  1.1380E-05  1.1380E-05  5.5519E-05
  3.1720E-02  1.1593E-05  1.1593E-05  5.6502E-05
  3.1917E-02  1.1810E-05  1.1810E-05  5.7502E-05
  3.2114E-02  1.2030E-05  1.2030E-05  5.8520E-05
  3.2313E-02  1.2255E-05  1.2255E-05  5.9554E-05
  3.2513E-02  1.2484E-05  1.2484E-05  6.0607E-05
  3.2714E-02  1.2717E-05  1.2717E-05  6.1678E-05
  3.2917E-02  1.2954E-05  1.2954E-05  6.2768E-05
  3.3121E-02  1.3196E-05  1.3196E-05  6.3876E-05
  3.3326E-02  1.3443E-05  1.3443E-05  6.5004E-05
  3.3532E-02  1.3694E-05  1.3694E-05  6.6151E-05
  3.3739E-02  1.3950E-05  1.3950E-05  6.7317E-05
  3.3948E-02  1.4210E-05  1.4210E-05  6.8504E-05
  3.4158E-02  1.4475E-05  1.4475E-05  6.9711E-05
  3.4369E-02  1.4745E-05  1.4745E-05  7.0940E-05
  3.4582E-02  1.5021E-05  1.5021E-05  7.2189E-05
  3.4796E-02  1.5301E-05  1.5301E-05  7.3460E-05
  3.5011E-02  1.5586E-05  1.5586E-05  7.4752E-05
  3.5228E-02  1.5877E-05  1.5877E-05  7.6067E-05
  3.5446E-02  1.6174E-05  1.6174E-05  7.7404E-05
  3.5665E-02  1.6475E-05  1.6475E-05  7.8765E-05
  3.5885E-02  1.6783E-05  1.6783E-05  8.0149E-05
  3.6107E-02  1.7096E-05  1.7096E-05  8.1556E-05
  3.6330E-02  1.7415E-05  1.7415E-05  8.2988E-05
  3.6555E-02  1.7739E-05  1.7739E-05  8.4444E-05
  3.6781E-02  1.8070E-05  1.8070E-05  8.5925E-05
  3.7008E-02  1.8407E-05  1.8407E-05  8.7432E-05
  3.7237E-02  1.8751E-05  1.8751E-05  8.8964E-05
  3.7467E-02  1.9100E-05  1.9100E-05  9.0523E-05
  3.7699E-02  1.9456E-05  1.9456E-05  9.2108E-05
  3.7932E-02  1.9819E-05  1.9819E-05  9.3720E-05
  3.8166E-02  2.0188E-05  2.0188E-05  9.5360E-05
  3.8402E-02  2.0565E-05  2.0565E-05  9.7028E-05
  3.8639E-02  2.0948E-05  2.0948E-05  9.8724E-05
  3.8878E-02  2.1338E-05  2.1338E-05  1.0045E-04
  3.9118E-02  2.1736E-05  2.1736E-05  1.0220E-04
  3.9360E-02  2.2141E-05  2.2141E-05  1.0399E-04
  3.9603E-02  2.2554E-05  2.2554E-05  1.0580E-04
  3.9847E-02  2.2974E-05  2.2974E-05  1.0765E-04
  4.0094E-02  2.3402E-05  2.3402E-05  1.0953E-04
  4.0341E-02  2.3838E-05  2.3838E-05  1.1144E-04
  4.0590E-02  2.4282E-05  2.4282E-05  1.1338E-04
  4.0841E-02  2.4734E-05  2.4734E-05  1.1535E-04
  4.1093E-02  2.5195E-05  2.5195E-05  1.1736E-04
  4.1347E-02  2.5664E-05  2.5664E-05  1.1940E-04
  4.1602E-02  2.6142E-05  2.6142E-05  1.2148E-04
  4.1859E-02  2.6629E-05  2.6629E-05  1.2359E-04
  4.2117E-02  2.7125E-05  2.7125E-05  1.2574E-04
  4.2377E-02  2.7630E-05  2.7630E-05  1.2792E-04
  4.2639E-02  2.8144E-05  2.8144E-05  1.3014E-04
  4.2902E-02  2.8668E-05  2.8668E-05  1.3240E-04
  4.3167E-02  2.9202E-05  2.9202E-05  1.3470E-04
  4.3433E-02  2.9746E-05  2.9746E-05  1.3704E-04
  4.3701E-02  3.0299E-05  3.0299E-05  1.3941E-04
  4.3971E-02  3.0863E-05  3.0863E-05  1.4183E-04
  4.4242E-02  3.1438E-05  3.1438E-05  1.4428E-04
  4.4515E-02  3.2023E-05  3.2023E-05  1.4678E-04
  4.4790E-02  3.2619E-05  3.2619E-05  1.4932E-04
  4.5066E-02  3.3226E-05  3.3226E-05  1.5190E-04
  4.5344E-02  3.3844E-05  3.3844E-05  1.5453E-04
  4.5624E-02  3.4473E-05  3.4473E-05  1.5720E-04
  4.5905E-02  3.5115E-05  3.5115E-05  1.5991E-04
  4.6188E-02  3.5768E-05  3.5768E-05  1.6267E-04
  4.6473E-02  3.6433E-05  3.6433E-05  1.6548E-04
  4.6760E-02  3.7111E-05  3.7111E-05  1.6833E-04
  4.7048E-02  3.7801E-05  3.7801E-05  1.7123E-04
  4.7338E-02  3.8504E-05  3.8504E-05  1.7418E-04
  4.7630E-02  3.9220E-05  3.9220E-05  1.7718E-04
  4.7924E-02  3.9950E-05  3.9950E-05  1.8023E-04
  4.8219E-02  4.0692E-05  4.0692E-05  1.8333E-04
  4.8517E-02  4.1449E-05  4.1449E-05  1.8648E-04
  4.8816E-02  4.2220E-05  4.2220E-05  1.8969E-04
  4.9117E-02  4.3004E-05  4.3004E-05  1.9294E-04
  4.9420E-02  4.3804E-05  4.3804E-05  1.9626E-04
  4.9724E-02  4.4618E-05  4.4618E-05  1.9962E-04
  5.0031E-02  4.5447E-05  4.5447E-05  2.0305E-04
  5.0339E-02  4.6292E-05  4.6292E-05  2.0653E-04
  5.0649E-02  4.7152E-05  4.7152E-05  2.1007E-04
  5.0961E-02  4.8029E-05  4.8029E-05  2.1367E-04
  5.1276E-02  4.8921E-05  4.8921E-05  2.1732E-04
  5.1591E-02  4.9830E-05  4.9830E-05  2.2104E-04
  5.1909E-02  5.0756E-05  5.0756E-05  2.2482E-04
  5.2229E-02  5.1699E-05  5.1699E-05  2.2866E-04
  5.2551E-02  5.2659E-05  5.2659E-05  2.3257E-04
  5.2875E-02  5.3638E-05  5.3638E-05  2.3654E-04
  5.3201E-02  5.4634E-05  5.4634E-05  2.4058E-04
  5.3528E-02  5.5649E-05  5.5649E-05  2.4468E-04
  5.3858E-02  5.6682E-05  5.6682E-05  2.4885E-04
  5.4190E-02  5.7735E-05  5.7735E-05  2.5309E-04
  5.4524E-02  5.8807E-05  5.8807E-05  2.5740E-04
  5.4859E-02  5.9899E-05  5.9899E-05  2.6178E-04
  5.5197E-02  6.1012E-05  6.1012E-05  2.6623E-04
  5.5537E-02  6.2144E-05  6.2144E-05  2.7076E-04
  5.5879E-02  6.3298E-05  6.3298E-05  2.7536E-04
  5.6223E-02  6.4473E-05  6.4473E-05  2.8004E-04
  5.6570E-02  6.5670E-05  6.5670E-05  2.8479E-04
  5.6918E-02  6.6889E-05  6.6889E-05  2.8962E-04
  5.7268E-02  6.8131E-05  6.8131E-05  2.9453E-04
  5.7621E-02  6.9395E-05  6.9395E-05  2.9953E-04
  5.7976E-02  7.0683E-05  7.0683E-05  3.0460E-04
  5.8333E-02  7.1995E-05  7.1995E-05  3.0975E-04
  5.8692E-02  7.3331E-05  7.3331E-05  3.1500E-04
  5.9053E-02  7.4692E-05  7.4692E-05  3.2032E-04
  5.9417E-02  7.6078E-05  7.6078E-05  3.2573E-04
  5.9782E-02  7.7490E-05  7.7490E-05  3.3124E-04
  6.0150E-02  7.8927E-05  7.8927E-05  3.3683E-04
  6.0521E-02  8.0392E-05  8.0392E-05  3.4251E-04
  6.0893E-02  8.1883E-05  8.1883E-05  3.4829E-04
  6.1268E-02  8.3402E-05  8.3402E-05  3.5415E-04
  6.1645E-02  8.4949E-05  8.4949E-05  3.6012E-04
  6.2024E-02  8.6524E-05  8.6524E-05  3.6618E-04
  6.2406E-02  8.8129E-05  8.8129E-05  3.7234E-04
  6.2790E-02  8.9764E-05  8.9764E-05  3.7860E-04
  6.3176E-02  9.1428E-05  9.1428E-05  3.8496E-04
  6.3565E-02  9.3124E-05  9.3124E-05  3.9143E-04
  6.3956E-02  9.4850E-05  9.4850E-05  3.9800E-04
  6.4350E-02  9.6609E-05  9.6609E-05  4.0467E-04
  6.4746E-02  9.8400E-05  9.8400E-05  4.1145E-04
  6.5144E-02  1.0022E-04  1.0022E-04  4.1835E-04
  6.5545E-02  1.0208E-04  1.0208E-04  4.2535E-04
  6.5948E-02  1.0397E-04  1.0397E-04  4.3247E-04
  6.6354E-02  1.0590E-04  1.0590E-04  4.3970E-04
  6.6762E-02  1.0786E-04  1.0786E-04  4.4705E-04
  6.7172E-02  1.0986E-04  1.0986E-04  4.5452E-04
  6.7586E-02  1.1190E-04  1.1190E-04  4.6210E-04
  6.8001E-02  1.1397E-04  1.1397E-04  4.6981E-04
  6.8420E-02  1.1609E-04  1.1609E-04  4.7764E-04
  6.8840E-02  1.1824E-04  1.1824E-04  4.8560E-04
  6.9264E-02  1.2043E-04  1.2043E-04  4.9369E-04
  6.9690E-02  1.2266E-04  1.2266E-04  5.0190E-04
  7.0118E-02  1.2493E-04  1.2493E-04  5.1025E-04
  7.0549E-02  1.2724E-04  1.2724E-04  5.1873E-04
  7.0983E-02  1.2960E-04  1.2960E-04  5.2734E-04
  7.1420E-02  1.3200E-04  1.3200E-04  5.3609E-04
  7.1859E-02  1.3445E-04  1.3445E-04  5.4499E-04
  7.2301E-02  1.3694E-04  1.3694E-04  5.5402E-04
  7.2745E-02  1.3947E-04  1.3947E-04  5.6320E-04
  7.3192E-02  1.4206E-04  1.4206E-04  5.7252E-04
  7.3642E-02  1.4469E-04  1.4469E-04  5.8199E-04
  7.4095E-02  1.4737E-04  1.4737E-04  5.9161E-04
  7.4550E-02  1.5009E-04  1.5009E-04  6.0139E-04
  7.5009E-02  1.5287E-04  1.5287E-04  6.1132E-04
  7.5470E-02  1.5570E-04  1.5570E-04  6.2140E-04
  7.5934E-02  1.5858E-04  1.5858E-04  6.3165E-04
  7.6400E-02  1.6152E-04  1.6152E-04  6.4206E-04
  7.6870E-02  1.6451E-04  1.6451E-04  6.5263E-04
  7.7342E-02  1.6755E-04  1.6755E-04  6.6337E-04
  7.7818E-02  1.7066E-04  1.7066E-04  6.7428E-04
  7.8296E-02  1.7381E-04  1.7381E-04  6.8536E-04
  7.8777E-02  1.7703E-04  1.7703E-04  6.9661E-04
  7.9261E-02  1.8031E-04  1.8031E-04  7.0804E-04
  7.9748E-02  1.8364E-04  1.8364E-04  7.1965E-04
  8.0238E-02  1.8704E-04  1.8704E-04  7.3145E-04
  8.0731E-02  1.9050E-04  1.9050E-04  7.4342E-04
  8.1228E-02  1.9402E-04  1.9402E-04  7.5559E-04
  8.1727E-02  1.9761E-04  1.9761E-04  7.6795E-04
  8.2229E-02  2.0127E-04  2.0127E-04  7.8049E-04
  8.2734E-02  2.0499E-04  2.0499E-04  7.9324E-04
  8.3242E-02  2.0878E-04  2.0878E-04  8.0618E-04
  8.3754E-02  2.1264E-04  2.1264E-04  8.1933E-04
  8.4268E-02  2.1657E-04  2.1657E-04  8.3268E-04
  8.4786E-02  2.2058E-04  2.2058E-04  8.4624E-04
  8.5307E-02  2.2466E-04  2.2466E-04  8.6000E-04
  8.5831E-02  2.2881E-04  2.2881E-04  8.7399E-04
  8.6358E-02  2.3304E-04  2.3304E-04  8.8819E-04
  8.6889E-02  2.3735E-04  2.3735E-04  9.0260E-04
  8.7422E-02  2.4173E-04  2.4173E-04  9.1725E-04
  8.7959E-02  2.4620E-04  2.4620E-04  9.3212E-04
  8.8499E-02  2.5075E-04  2.5075E-04  9.4721E-04
  8.9043E-02  2.5539E-04  2.5539E-04  9.6255E-04
  8.9590E-02  2.6011E-04  2.6011E-04  9.7811E-04
  9.0140E-02  2.6491E-04  2.6491E-04  9.9392E-04
  9.0694E-02  2.6981E-04  2.6981E-04  1.0100E-03
  9.1251E-02  2.7479E-04  2.7479E-04  1.0263E-03
  9.1811E-02  2.7987E-04  2.7987E-04  1.0428E-03
  9.2375E-02  2.8504E-04  2.8504E-04  1.0596E-03
  9.2942E-02  2.9030E-04  2.9030E-04  1.0767E-03
  9.3513E-02  2.9567E-04  2.9567E-04  1.0940E-03
  9.4087E-02  3.0113E-04  3.0113E-04  1.1116E-03
  9.4665E-02  3.0669E-04  3.0669E-04  1.1294E-03
  9.5246E-02  3.1235E-04  3.1235E-04  1.1476E-03
  9.5831E-02  3.1812E-04  3.1812E-04  1.1660E-03
  9.6419E-02  3.2399E-04  3.2399E-04  1.1847E-03
  9.7011E-02  3.2997E-04  3.2997E-04  1.2036E-03
  9.7607E-02  3.3607E-04  3.3607E-04  1.2229E-03
  9.8206E-02  3.4227E-04  3.4227E-04  1.2424E-03
  9.8809E-02  3.4859E-04  3.4859E-04  1.2623E-03
  9.9415E-02  3.5502E-04  3.5502E-04  1.2824E-03
  1.0003E-01  3.6157E-04  3.6157E-04  1.3029E-03
  1.0064E-01  3.6825E-04  3.6825E-04  1.3236E-03
  1.0126E-01  3.7504E-04  3.7504E-04  1.3447E-03
  1.0188E-01  3.8196E-04  3.8196E-04  1.3661E-03
  1.0250E-01  3.8901E-04  3.8901E-04  1.3878E-03
  1.0313E-01  3.9619E-04  3.9619E-04  1.4098E-03
  1.0377E-01  4.0349E-04  4.0349E-04  1.4322E-03
  1.0440E-01  4.1094E-04  4.1094E-04  1.4549E-03
  1.0504E-01  4.1852E-04  4.1852E-04  1.4780E-03
  1.0569E-01  4.2624E-04  4.2624E-04  1.5014E-03
  1.0634E-01  4.3410E-04  4.3410E-04  1.5251E-03
  1.0699E-01  4.4210E-04  4.4210E-04  1.5492E-03
  1.0765E-01  4.5025E-04  4.5025E-04  1.5736E-03
  1.0831E-01  4.5856E-04  4.5856E-04  1.5985E-03
  1.0897E-01  4.6701E-04  4.6701E-04  1.6237E-03
  1.0964E-01  4.7562E-04  4.7562E-04  1.6492E-03
  1.1031E-01  4.8439E-04  4.8439E-04  1.6752E-03
  1.1099E-01  4.9331E-04  4.9331E-04  1.7015E-03
  1.1167E-01  5.0240E-04  5.0240E-04  1.7282E-03
  1.1236E-01  5.1166E-04  5.1166E-04  1.7553E-03
  1.1305E-01  5.2109E-04  5.2109E-04  1.7829E-03
  1.1374E-01  5.3069E-04  5.3069E-04  1.8108E-03
  1.1444E-01  5.4047E-04  5.4047E-04  1.8391E-03
  1.1514E-01  5.5043E-04  5.5043E-04  1.8679E-03
  1.1585E-01  5.6057E-04  5.6057E-04  1.8971E-03
  1.1656E-01  5.7089E-04  5.7089E-04  1.9267E-03
  1.1727E-01  5.8140E-04  5.8140E-04  1.9567E-03
  1.1799E-01  5.9211E-04  5.9211E-04  1.9872E-03
  1.1872E-01  6.0301E-04  6.0301E-04  2.0181E-03
  1.1944E-01  6.1412E-04  6.1412E-04  2.0495E-03
  1.2018E-01  6.2542E-04  6.2542E-04  2.0814E-03
  1.2091E-01  6.3694E-04  6.3694E-04  2.1137E-03
  1.2166E-01  6.4866E-04  6.4866E-04  2.1464E-03
  1.2240E-01  6.6060E-04  6.6060E-04  2.1797E-03
  1.2315E-01  6.7276E-04  6.7276E-04  2.2134E-03
  1.2391E-01  6.8514E-04  6.8514E-04  2.2477E-03
  1.2467E-01  6.9774E-04  6.9774E-04  2.2824E-03
  1.2543E-01  7.1058E-04  7.1058E-04  2.3176E-03
  1.2620E-01  7.2365E-04  7.2365E-04  2.3533E-03
  1.2698E-01  7.3697E-04  7.3697E-04  2.3896E-03
  1.2775E-01  7.5052E-04  7.5052E-04  2.4264E-03
  1.2854E-01  7.6432E-04  7.6432E-04  2.4637E-03
  1.2933E-01  7.7838E-04  7.7838E-04  2.5015E-03
  1.3012E-01  7.9269E-04  7.9269E-04  2.5399E-03
  1.3092E-01  8.0727E-04  8.0727E-04  2.5789E-03
  1.3172E-01  8.2211E-04  8.2211E-04  2.6184E-03
  1.3253E-01  8.3722E-04  8.3722E-04  2.6584E-03
  1.3334E-01  8.5261E-04  8.5261E-04  2.6991E-03
  1.3416E-01  8.6827E-04  8.6827E-04  2.7403E-03
  1.3498E-01  8.8423E-04  8.8423E-04  2.7821E-03
  1.3581E-01  9.0048E-04  9.0048E-04  2.8245E-03
  1.3664E-01  9.1702E-04  9.1702E-04  2.8675E-03
  1.3748E-01  9.3387E-04  9.3387E-04  2.9111E-03
  1.3832E-01  9.5102E-04  9.5102E-04  2.9554E-03
  1.3917E-01  9.6848E-04  9.6848E-04  3.0002E-03
  1.4002E-01  9.8627E-04  9.8627E-04  3.0457E-03
  1.4088E-01  1.0044E-03  1.0044E-03  3.0919E-03
  1.4175E-01  1.0228E-03  1.0228E-03  3.1387E-03
  1.4262E-01  1.0416E-03  1.0416E-03  3.1861E-03
  1.4349E-01  1.0607E-03  1.0607E-03  3.2343E-03
  1.4437E-01  1.0802E-03  1.0802E-03  3.2831E-03
  1.4526E-01  1.1000E-03  1.1000E-03  3.3325E-03
  1.4615E-01  1.1202E-03  1.1202E-03  3.3827E-03
  1.4704E-01  1.1407E-03  1.1407E-03  3.4336E-03
  1.4794E-01  1.1617E-03  1.1617E-03  3.4852E-03
  1.4885E-01  1.1830E-03  1.1830E-03  3.5375E-03
  1.4976E-01  1.2047E-03  1.2047E-03  3.5906E-03
  1.5068E-01  1.2268E-03  1.2268E-03  3.6444E-03
  1.5160E-01  1.2492E-03  1.2492E-03  3.6989E-03
  1.5253E-01  1.2721E-03  1.2721E-03  3.7542E-03
  1.5347E-01  1.2955E-03  1.2955E-03  3.8103E-03
  1.5441E-01  1.3192E-03  1.3192E-03  3.8671E-03
  1.5536E-01  1.3434E-03  1.3434E-03  3.9247E-03
  1.5631E-01  1.3680E-03  1.3680E-03  3.9831E-03
  1.5727E-01  1.3931E-03  1.3931E-03  4.0424E-03
  1.5823E-01  1.4186E-03  1.4186E-03  4.1024E-03
  1.5920E-01  1.4446E-03  1.4446E-03  4.1633E-03
  1.6018E-01  1.4710E-03  1.4710E-03  4.2250E-03
  1.6116E-01  1.4979E-03  1.4979E-03  4.2876E-03
  1.6215E-01  1.5254E-03  1.5254E-03  4.3510E-03
  1.6314E-01  1.5533E-03  1.5533E-03  4.4153E-03
  1.6414E-01  1.5817E-03  1.5817E-03  4.4804E-03
  1.6515E-01  1.6107E-03  1.6107E-03  4.5465E-03
  1.6616E-01  1.6401E-03  1.6401E-03  4.6134E-03
  1.6718E-01  1.6701E-03  1.6701E-03  4.6813E-03
  1.6820E-01  1.7007E-03  1.7007E-03  4.7501E-03
  1.6923E-01  1.7318E-03  1.7318E-03  4.8198E-03
  1.7027E-01  1.7634E-03  1.7634E-03  4.8905E-03
  1.7131E-01  1.7957E-03  1.7957E-03  4.9621E-03
  1.7236E-01  1.8285E-03  1.8285E-03  5.0347E-03
  1.7342E-01  1.8619E-03  1.8619E-03  5.1083E-03
  1.7448E-01  1.8959E-03  1.8959E-03  5.1828E-03
  1.7555E-01  1.9306E-03  1.9306E-03  5.2584E-03
  1.7663E-01  1.9659E-03  1.9659E-03  5.3350E-03
  1.7771E-01  2.0018E-03  2.0018E-03  5.4126E-03
  1.7880E-01  2.0383E-03  2.0383E-03  5.4913E-03
  1.7989E-01  2.0755E-03  2.0755E-03  5.5710E-03
  1.8099E-01  2.1134E-03  2.1134E-03  5.6518E-03
  1.8210E-01  2.1520E-03  2.1520E-03  5.7336E-03
  1.8322E-01  2.1913E-03  2.1913E-03  5.8166E-03
  1.8434E-01  2.2312E-03  2.2312E-03  5.9006E-03
  1.8547E-01  2.2719E-03  2.2719E-03  5.9858E-03
  1.8661E-01  2.3134E-03  2.3134E-03  6.0721E-03
  1.8775E-01  2.3556E-03  2.3556E-03  6.1596E-03
  1.8890E-01  2.3985E-03  2.3985E-03  6.2482E-03
  1.9006E-01  2.4422E-03  2.4422E-03  6.3379E-03
  1.9122E-01  2.4867E-03  2.4867E-03  6.4289E-03
  1.9240E-01  2.5320E-03  2.5320E-03  6.5211E-03
  1.9357E-01  2.5782E-03  2.5782E-03  6.6145E-03
  1.9476E-01  2.6251E-03  2.6251E-03  6.7091E-03
  1.9595E-01  2.6729E-03  2.6729E-03  6.8049E-03
  1.9715E-01  2.7216E-03  2.7216E-03  6.9020E-03
  1.9836E-01  2.7711E-03  2.7711E-03  7.0004E-03
  1.9958E-01  2.8216E-03  2.8216E-03  7.1001E-03
  2.0080E-01  2.8729E-03  2.8729E-03  7.2010E-03
  2.0203E-01  2.9251E-03  2.9251E-03  7.3033E-03
  2.0327E-01  2.9783E-03  2.9783E-03  7.4069E-03
  2.0451E-01  3.0325E-03  3.0325E-03  7.5119E-03
  2.0577E-01  3.0876E-03  3.0876E-03  7.6182E-03
  2.0703E-01  3.1437E-03  3.1437E-03  7.7259E-03
  2.0829E-01  3.2009E-03  3.2009E-03  7.8350E-03
  2.0957E-01  3.2590E-03  3.2590E-03  7.9455E-03
  2.1085E-01  3.3182E-03  3.3182E-03  8.0574E-03
  2.1215E-01  3.3785E-03  3.3785E-03  8.1707E-03
  2.1345E-01  3.4398E-03  3.4398E-03  8.2856E-03
  2.1475E-01  3.5022E-03  3.5022E-03  8.4019E-03
  2.1607E-01  3.5658E-03  3.5658E-03  8.5196E-03
  2.1739E-01  3.6305E-03  3.6305E-03  8.6389E-03
  2.1872E-01  3.6963E-03  3.6963E-03  8.7597E-03
  2.2006E-01  3.7633E-03  3.7633E-03  8.8821E-03
  2.2141E-01  3.8315E-03  3.8315E-03  9.0060E-03
  2.2277E-01  3.9010E-03  3.9010E-03  9.1315E-03
  2.2413E-01  3.9716E-03  3.9716E-03  9.2586E-03
  2.2550E-01  4.0436E-03  4.0436E-03  9.3873E-03
  2.2689E-01  4.1168E-03  4.1168E-03  9.5176E-03
  2.2827E-01  4.1913E-03  4.1913E-03  9.6496E-03
  2.2967E-01  4.2672E-03  4.2672E-03  9.7832E-03
  2.3108E-01  4.3444E-03  4.3444E-03  9.9185E-03
  2.3249E-01  4.4230E-03  4.4230E-03  1.0056E-02
  2.3392E-01  4.5030E-03  4.5030E-03  1.0194E-02
  2.3535E-01  4.5844E-03  4.5844E-03  1.0335E-02
  2.3679E-01  4.6672E-03  4.6672E-03  1.0477E-02
  2.3824E-01  4.7515E-03  4.7515E-03  1.0621E-02
  2.3970E-01  4.8374E-03  4.8374E-03  1.0767E-02
  2.4117E-01  4.9247E-03  4.9247E-03  1.0915E-02
  2.4265E-01  5.0136E-03  5.0136E-03  1.1064E-02
  2.4413E-01  5.1041E-03  5.1041E-03  1.1215E-02
  2.4563E-01  5.1962E-03  5.1962E-03  1.1369E-02
  2.4713E-01  5.2899E-03  5.2899E-03  1.1524E-02
  2.4865E-01  5.3853E-03  5.3853E-03  1.1681E-02
  2.5017E-01  5.4823E-03  5.4823E-03  1.1840E-02
  2.5170E-01  5.5811E-03  5.5811E-03  1.2001E-02
  2.5324E-01  5.6816E-03  5.6816E-03  1.2163E-02
  2.5479E-01  5.7839E-03  5.7839E-03  1.2328E-02
  2.5635E-01  5.8880E-03  5.8880E-03  1.2495E-02
  2.5792E-01  5.9940E-03  5.9940E-03  1.2664E-02
  2.5950E-01  6.1018E-03  6.1018E-03  1.2835E-02
  2.6109E-01  6.2115E-03  6.2115E-03  1.3009E-02
  2.6269E-01  6.3232E-03  6.3232E-03  1.3184E-02
  2.6430E-01  6.4368E-03  6.4368E-03  1.3361E-02
  2.6592E-01  6.5524E-03  6.5524E-03  1.3541E-02
  2.6754E-01  6.6700E-03  6.6700E-03  1.3723E-02
  2.6918E-01  6.7897E-03  6.7897E-03  1.3906E-02
  2.7083E-01  6.9116E-03  6.9116E-03  1.4093E-02
  2.7249E-01  7.0355E-03  7.0355E-03  1.4281E-02
  2.7416E-01  7.1617E-03  7.1617E-03  1.4472E-02
  2.7584E-01  7.2900E-03  7.2900E-03  1.4665E-02
  2.7752E-01  7.4206E-03  7.4206E-03  1.4860E-02
  2.7922E-01  7.5535E-03  7.5535E-03  1.5058E-02
  2.8093E-01  7.6887E-03  7.6887E-03  1.5258E-02
  2.8265E-01  7.8263E-03  7.8263E-03  1.5461E-02
  2.8438E-01  7.9662E-03  7.9662E-03  1.5666E-02
  2.8613E-01  8.1087E-03  8.1087E-03  1.5873E-02
  2.8788E-01  8.2536E-03  8.2536E-03  1.6083E-02
  2.8964E-01  8.4010E-03  8.4010E-03  1.6295E-02
  2.9141E-01  8.5510E-03  8.5510E-03  1.6510E-02
  2.9320E-01  8.7036E-03  8.7036E-03  1.6728E-02
  2.9499E-01  8.8589E-03  8.8589E-03  1.6948E-02
  2.9680E-01  9.0168E-03  9.0168E-03  1.7171E-02
  2.9862E-01  9.1776E-03  9.1776E-03  1.7396E-02
  3.0044E-01  9.3411E-03  9.3411E-03  1.7624E-02
  3.0228E-01  9.5074E-03  9.5074E-03  1.7855E-02
  3.0413E-01  9.6766E-03  9.6766E-03  1.8088E-02
  3.0600E-01  9.8488E-03  9.8488E-03  1.8325E-02
  3.0787E-01  1.0024E-02  1.0024E-02  1.8564E-02
  3.0975E-01  1.0202E-02  1.0202E-02  1.8806E-02
  3.1165E-01  1.0383E-02  1.0383E-02  1.9050E-02
  3.1356E-01  1.0568E-02  1.0568E-02  1.9298E-02
  3.1548E-01  1.0755E-02  1.0755E-02  1.9549E-02
  3.1741E-01  1.0946E-02  1.0946E-02  1.9802E-02
  3.1935E-01  1.1140E-02  1.1140E-02  2.0059E-02
  3.2131E-01  1.1337E-02  1.1337E-02  2.0318E-02
  3.2327E-01  1.1538E-02  1.1538E-02  2.0581E-02
  3.2525E-01  1.1742E-02  1.1742E-02  2.0847E-02
  3.2724E-01  1.1950E-02  1.1950E-02  2.1115E-02
  3.2925E-01  1.2161E-02  1.2161E-02  2.1387E-02
  3.3126E-01  1.2376E-02  1.2376E-02  2.1663E-02
  3.3329E-01  1.2595E-02  1.2595E-02  2.1941E-02
  3.3533E-01  1.2817E-02  1.2817E-02  2.2223E-02
  3.3738E-01  1.3043E-02  1.3043E-02  2.2508E-02
  3.3945E-01  1.3273E-02  1.3273E-02  2.2796E-02
  3.4152E-01  1.3507E-02  1.3507E-02  2.3087E-02
  3.4362E-01  1.3745E-02  1.3745E-02  2.3383E-02
  3.4572E-01  1.3987E-02  1.3987E-02  2.3681E-02
  3.4783E-01  1.4233E-02  1.4233E-02  2.3983E-02
  3.4996E-01  1.4483E-02  1.4483E-02  2.4289E-02
  3.5211E-01  1.4738E-02  1.4738E-02  2.4598E-02
  3.5426E-01  1.4996E-02  1.4996E-02  2.4910E-02
  3.5643E-01  1.5259E-02  1.5259E-02  2.5227E-02
  3.5861E-01  1.5527E-02  1.5527E-02  2.5547E-02
  3.6081E-01  1.5799E-02  1.5799E-02  2.5871E-02
  3.6301E-01  1.6076E-02  1.6076E-02  2.6198E-02
  3.6524E-01  1.6357E-02  1.6357E-02  2.6530E-02
  3.6747E-01  1.6643E-02  1.6643E-02  2.6865E-02
  3.6972E-01  1.6934E-02  1.6934E-02  2.7204E-02
  3.7198E-01  1.7229E-02  1.7229E-02  2.7547E-02
  3.7426E-01  1.7530E-02  1.7530E-02  2.7894E-02
  3.7655E-01  1.7836E-02  1.7836E-02  2.8245E-02
  3.7886E-01  1.8147E-02  1.8147E-02  2.8600E-02
  3.8117E-01  1.8463E-02  1.8463E-02  2.8960E-02
  3.8351E-01  1.8784E-02  1.8784E-02  2.9323E-02
  3.8585E-01  1.9110E-02  1.9110E-02  2.9691E-02
  3.8822E-01  1.9442E-02  1.9442E-02  3.0063E-02
  3.9059E-01  1.9780E-02  1.9780E-02  3.0439E-02
  3.9298E-01  2.0123E-02  2.0123E-02  3.0820E-02
  3.9539E-01  2.0472E-02  2.0472E-02  3.1205E-02
  3.9781E-01  2.0826E-02  2.0826E-02  3.1595E-02
  4.0024E-01  2.1187E-02  2.1187E-02  3.1989E-02
  4.0269E-01  2.1553E-02  2.1553E-02  3.2388E-02
  4.0516E-01  2.1926E-02  2.1926E-02  3.2791E-02
  4.0764E-01  2.2304E-02  2.2304E-02  3.3199E-02
  4.1013E-01  2.2689E-02  2.2689E-02  3.3612E-02
  4.1264E-01  2.3080E-02  2.3080E-02  3.4030E-02
  4.1517E-01  2.3477E-02  2.3477E-02  3.4453E-02
  4.1771E-01  2.3881E-02  2.3881E-02  3.4880E-02
  4.2026E-01  2.4292E-02  2.4292E-02  3.5313E-02
  4.2283E-01  2.4709E-02  2.4709E-02  3.5750E-02
  4.2542E-01  2.5133E-02  2.5133E-02  3.6193E-02
  4.2803E-01  2.5564E-02  2.5564E-02  3.6641E-02
  4.3064E-01  2.6002E-02  2.6002E-02  3.7094E-02
  4.3328E-01  2.6447E-02  2.6447E-02  3.7552E-02
  4.3593E-01  2.6899E-02  2.6899E-02  3.8016E-02
  4.3860E-01  2.7358E-02  2.7358E-02  3.8486E-02
  4.4128E-01  2.7825E-02  2.7825E-02  3.8960E-02
  4.4398E-01  2.8299E-02  2.8299E-02  3.9441E-02
  4.4670E-01  2.8781E-02  2.8781E-02  3.9927E-02
  4.4943E-01  2.9271E-02  2.9271E-02  4.0419E-02
  4.5218E-01  2.9768E-02  2.9768E-02  4.0916E-02
  4.5495E-01  3.0274E-02  3.0274E-02  4.1420E-02
  4.5774E-01  3.0787E-02  3.0787E-02  4.1929E-02
  4.6054E-01  3.1309E-02  3.1309E-02  4.2444E-02
  4.6335E-01  3.1839E-02  3.1839E-02  4.2966E-02
  4.6619E-01  3.2377E-02  3.2377E-02  4.3494E-02
  4.6904E-01  3.2924E-02  3.2924E-02  4.4028E-02
  4.7191E-01  3.3480E-02  3.3480E-02  4.4568E-02
  4.7480E-01  3.4044E-02  3.4044E-02  4.5115E-02
  4.7771E-01  3.4617E-02  3.4617E-02  4.5668E-02
  4.8063E-01  3.5199E-02  3.5199E-02  4.6228E-02
  4.8357E-01  3.5791E-02  3.5791E-02  4.6795E-02
  4.8653E-01  3.6391E-02  3.6391E-02  4.7368E-02
  4.8951E-01  3.7001E-02  3.7001E-02  4.7948E-02
  4.9250E-01  3.7621E-02  3.7621E-02  4.8536E-02
  4.9551E-01  3.8250E-02  3.8250E-02  4.9130E-02
  4.9855E-01  3.8889E-02  3.8889E-02  4.9731E-02
  5.0160E-01  3.9537E-02  3.9537E-02  5.0340E-02
  5.0467E-01  4.0196E-02  4.0196E-02  5.0956E-02
  5.0775E-01  4.0865E-02  4.0865E-02  5.1580E-02
  5.1086E-01  4.1544E-02  4.1544E-02  5.2211E-02
  5.1399E-01  4.2234E-02  4.2234E-02  5.2850E-02
  5.1713E-01  4.2934E-02  4.2934E-02  5.3496E-02
  5.2029E-01  4.3645E-02  4.3645E-02  5.4151E-02
  5.2348E-01  4.4367E-02  4.4367E-02  5.4813E-02
  5.2668E-01  4.5100E-02  4.5100E-02  5.5484E-02
  5.2990E-01  4.5844E-02  4.5844E-02  5.6163E-02
  5.3315E-01  4.6599E-02  4.6599E-02  5.6850E-02
  5.3641E-01  4.7366E-02  4.7366E-02  5.7546E-02
  5.3969E-01  4.8144E-02  4.8144E-02  5.8250E-02
  5.4299E-01  4.8934E-02  4.8934E-02  5.8963E-02
  5.4631E-01  4.9736E-02  4.9736E-02  5.9685E-02
  5.4966E-01  5.0549E-02  5.0549E-02  6.0416E-02
  5.5302E-01  5.1376E-02  5.1376E-02  6.1156E-02
  5.5640E-01  5.2214E-02  5.2214E-02  6.1905E-02
  5.5981E-01  5.3065E-02  5.3065E-02  6.2664E-02
  5.6323E-01  5.3928E-02  5.3928E-02  6.3432E-02
  5.6668E-01  5.4805E-02  5.4805E-02  6.4210E-02
  5.7015E-01  5.5694E-02  5.5694E-02  6.4998E-02
  5.7363E-01  5.6596E-02  5.6596E-02  6.5795E-02
  5.7714E-01  5.7512E-02  5.7512E-02  6.6603E-02
  5.8067E-01  5.8441E-02  5.8441E-02  6.7421E-02
  5.8423E-01  5.9384E-02  5.9384E-02  6.8250E-02
  5.8780E-01  6.0341E-02  6.0341E-02  6.9089E-02
  5.9140E-01  6.1311E-02  6.1311E-02  6.9939E-02
  5.9502E-01  6.2296E-02  6.2296E-02  7.0800E-02
  5.9866E-01  6.3295E-02  6.3295E-02  7.1673E-02
  6.0232E-01  6.4308E-02  6.4308E-02  7.2556E-02
  6.0600E-01  6.5337E-02  6.5337E-02  7.3451E-02
  6.0971E-01  6.6380E-02  6.6380E-02  7.4358E-02
  6.1344E-01  6.7437E-02  6.7437E-02  7.5276E-02
  6.1719E-01  6.8511E-02  6.8511E-02  7.6207E-02
  6.2097E-01  6.9599E-02  6.9599E-02  7.7150E-02
  6.2477E-01  7.0703E-02  7.0703E-02  7.8105E-02
  6.2859E-01  7.1823E-02  7.1823E-02  7.9073E-02
  6.3244E-01  7.2959E-02  7.2959E-02  8.0054E-02
  6.3631E-01  7.4111E-02  7.4111E-02  8.1048E-02
  6.4020E-01  7.5279E-02  7.5279E-02  8.2056E-02
  6.4411E-01  7.6464E-02  7.6464E-02  8.3077E-02
  6.4806E-01  7.7666E-02  7.7666E-02  8.4111E-02
  6.5202E-01  7.8884E-02  7.8884E-02  8.5160E-02
  6.5601E-01  8.0120E-02  8.0120E-02  8.6223E-02
  6.6002E-01  8.1373E-02  8.1373E-02  8.7301E-02
  6.6406E-01  8.2644E-02  8.2644E-02  8.8393E-02
  6.6812E-01  8.3932E-02  8.3932E-02  8.9501E-02
  6.7221E-01  8.5238E-02  8.5238E-02  9.0623E-02
  6.7632E-01  8.6563E-02  8.6563E-02  9.1762E-02
  6.8046E-01  8.7905E-02  8.7905E-02  9.2916E-02
  6.8462E-01  8.9267E-02  8.9267E-02  9.4086E-02
  6.8881E-01  9.0647E-02  9.0647E-02  9.5273E-02
  6.9302E-01  9.2047E-02  9.2047E-02  9.6476E-02
  6.9726E-01  9.3466E-02  9.3466E-02  9.7697E-02
  7.0153E-01  9.4904E-02  9.4904E-02  9.8935E-02
  7.0582E-01  9.6362E-02  9.6362E-02  1.0019E-01
  7.1014E-01  9.7840E-02  9.7840E-02  1.0146E-01
  7.1448E-01  9.9339E-02  9.9339E-02  1.0276E-01
  7.1885E-01  1.0086E-01  1.0086E-01  1.0407E-01
  7.2325E-01  1.0240E-01  1.0240E-01  1.0540E-01
  7.2767E-01  1.0396E-01  1.0396E-01  1.0675E-01
  7.3212E-01  1.0554E-01  1.0554E-01  1.0811E-01
  7.3660E-01  1.0715E-01  1.0715E-01  1.0950E-01
  7.4111E-01  1.0877E-01  1.0877E-01  1.1091E-01
  7.4564E-01  1.1042E-01  1.1042E-01  1.1234E-01
  7.5020E-01  1.1209E-01  1.1209E-01  1.1379E-01
  7.5479E-01  1.1378E-01  1.1378E-01  1.1527E-01
  7.5941E-01  1.1550E-01  1.1550E-01  1.1676E-01
  7.6406E-01  1.1724E-01  1.1724E-01  1.1828E-01
  7.6873E-01  1.1900E-01  1.1900E-01  1.1982E-01
  7.7343E-01  1.2079E-01  1.2079E-01  1.2139E-01
  7.7816E-01  1.2260E-01  1.2260E-01  1.2298E-01
  7.8292E-01  1.2444E-01  1.2444E-01  1.2459E-01
  7.8771E-01  1.2630E-01  1.2630E-01  1.2623E-01
  7.9253E-01  1.2819E-01  1.2819E-01  1.2789E-01
  7.9738E-01  1.3010E-01  1.3010E-01  1.2958E-01
  8.0226E-01  1.3204E-01  1.3204E-01  1.3130E-01
  8.0716E-01  1.3401E-01  1.3401E-01  1.3304E-01
  8.1210E-01  1.3600E-01  1.3600E-01  1.3481E-01
  8.1707E-01  1.3802E-01  1.3802E-01  1.3661E-01
  8.2207E-01  1.4007E-01  1.4007E-01  1.3844E-01
  8.2709E-01  1.4214E-01  1.4214E-01  1.4029E-01
  8.3215E-01  1.4425E-01  1.4425E-01  1.4218E-01
  8.3724E-01  1.4638E-01  1.4638E-01  1.4410E-01
  8.4236E-01  1.4855E-01  1.4855E-01  1.4605E-01
  8.4752E-01  1.5074E-01  1.5074E-01  1.4803E-01
  8.5270E-01  1.5297E-01  1.5297E-01  1.5004E-01
  8.5792E-01  1.5522E-01  1.5522E-01  1.5209E-01
  8.6316E-01  1.5751E-01  1.5751E-01  1.5417E-01
  8.6844E-01  1.5983E-01  1.5983E-01  1.5628E-01
  8.7376E-01  1.6218E-01  1.6218E-01  1.5844E-01
  8.7910E-01  1.6457E-01  1.6457E-01  1.6062E-01
  8.8448E-01  1.6699E-01  1.6699E-01  1.6285E-01
  8.8989E-01  1.6944E-01  1.6944E-01  1.6511E-01
  8.9533E-01  1.7193E-01  1.7193E-01  1.6741E-01
  9.0081E-01  1.7446E-01  1.7446E-01  1.6975E-01
  9.0632E-01  1.7702E-01  1.7702E-01  1.7213E-01
  9.1186E-01  1.7962E-01  1.7962E-01  1.7456E-01
  9.1744E-01  1.8226E-01  1.8226E-01  1.7702E-01
  9.2305E-01  1.8494E-01  1.8494E-01  1.7953E-01
  9.2869E-01  1.8766E-01  1.8766E-01  1.8208E-01
  9.3438E-01  1.9041E-01  1.9041E-01  1.8468E-01
  9.4009E-01  1.9321E-01  1.9321E-01  1.8733E-01
  9.4584E-01  1.9605E-01  1.9605E-01  1.9002E-01
  9.5163E-01  1.9894E-01  1.9894E-01  1.9276E-01
  9.5745E-01  2.0187E-01  2.0187E-01  1.9555E-01
  9.6330E-01  2.0484E-01  2.0484E-01  1.9840E-01
  9.6919E-01  2.0786E-01  2.0786E-01  2.0129E-01
  9.7512E-01  2.1093E-01  2.1093E-01  2.0424E-01
  9.8109E-01  2.1405E-01  2.1405E-01  2.0724E-01
  9.8709E-01  2.1721E-01  2.1721E-01  2.1030E-01
  9.9312E-01  2.2043E-01  2.2043E-01  2.1342E-01
  9.9920E-01  2.2370E-01  2.2370E-01  2.1660E-01
  1.0053E+00  2.2702E-01  2.2702E-01  2.1984E-01
  1.0115E+00  2.3040E-01  2.3040E-01  2.2314E-01
  1.0176E+00  2.3383E-01  2.3383E-01  2.2650E-01
  1.0239E+00  2.3732E-01  2.3732E-01  2.2993E-01
  1.0301E+00  2.4087E-01  2.4087E-01  2.3343E-01
  1.0364E+00  2.4448E-01  2.4448E-01  2.3699E-01
  1.0428E+00  2.4815E-01  2.4815E-01  2.4063E-01
  1.0491E+00  2.5188E-01  2.5188E-01  2.4433E-01
  1.0556E+00  2.5568E-01  2.5568E-01  2.4812E-01
  1.0620E+00  2.5955E-01  2.5955E-01  2.5197E-01
  1.0685E+00  2.6349E-01  2.6349E-01  2.5591E-01
  1.0751E+00  2.6749E-01  2.6749E-01  2.5993E-01
  1.0816E+00  2.7157E-01  2.7157E-01  2.6402E-01
  1.0882E+00  2.7573E-01  2.7573E-01  2.6821E-01
  1.0949E+00  2.7996E-01  2.7996E-01  2.7248E-01
  1.1016E+00  2.8427E-01  2.8427E-01  2.7683E-01
  1.1083E+00  2.8866E-01  2.8866E-01  2.8128E-01
  1.1151E+00  2.9313E-01  2.9313E-01  2.8582E-01
  1.1219E+00  2.9769E-01  2.9769E-01  2.9046E-01
  1.1288E+00  3.0234E-01  3.0234E-01  2.9519E-01
  1.1357E+00  3.0708E-01  3.0708E-01  3.0003E-01
  1.1426E+00  3.1192E-01  3.1192E-01  3.0496E-01
  1.1496E+00  3.1685E-01  3.1685E-01  3.1001E-01
  1.1567E+00  3.2188E-01  3.2188E-01  3.1516E-01
  1.1637E+00  3.2701E-01  3.2701E-01  3.2042E-01
  1.1709E+00  3.3225E-01  3.3225E-01  3.2580E-01
  1.1780E+00  3.3760E-01  3.3760E-01  3.3129E-01
  1.1852E+00  3.4306E-01  3.4306E-01  3.3690E-01
  1.1925E+00  3.4863E-01  3.4863E-01  3.4264E-01
  1.1998E+00  3.5432E-01  3.5432E-01  3.4850E-01
  1.2071E+00  3.6014E-01  3.6014E-01  3.5449E-01
  1.2145E+00  3.6608E-01  3.6608E-01  3.6062E-01
  1.2219E+00  3.7215E-01  3.7215E-01  3.6688E-01
  1.2294E+00  3.7836E-01  3.7836E-01  3.7328E-01
  1.2369E+00  3.8471E-01  3.8471E-01  3.7982E-01
  1.2445E+00  3.9119E-01  3.9119E-01  3.8651E-01
  1.2521E+00  3.9783E-01  3.9783E-01  3.9335E-01
  1.2597E+00  4.0461E-01  4.0461E-01  4.0035E-01
  1.2674E+00  4.1156E-01  4.1156E-01  4.0751E-01
  1.2752E+00  4.1866E-01  4.1866E-01  4.1483E-01
  1.2830E+00  4.2593E-01  4.2593E-01  4.2232E-01
  1.2908E+00  4.3337E-01  4.3337E-01  4.2999E-01
  1.2987E+00  4.4099E-01  4.4099E-01  4.3783E-01
  1.3067E+00  4.4879E-01  4.4879E-01  4.4586E-01
  1.3147E+00  4.5678E-01  4.5678E-01  4.5407E-01
  1.3227E+00  4.6497E-01  4.6497E-01  4.6248E-01
  1.3308E+00  4.7335E-01  4.7335E-01  4.7109E-01
  1.3389E+00  4.8194E-01  4.8194E-01  4.7990E-01
  1.3471E+00  4.9075E-01  4.9075E-01  4.8893E-01
  1.3554E+00  4.9977E-01  4.9977E-01  4.9817E-01
  1.3636E+00  5.0902E-01  5.0902E-01  5.0763E-01
  1.3720E+00  5.1851E-01  5.1851E-01  5.1733E-01
  1.3804E+00  5.2824E-01  5.2824E-01  5.2726E-01
  1.3888E+00  5.3821E-01  5.3821E-01  5.3744E-01
  1.3973E+00  5.4844E-01  5.4844E-01  5.4786E-01
  1.4059E+00  5.5894E-01  5.5894E-01  5.5855E-01
  1.4145E+00  5.6971E-01  5.6971E-01  5.6951E-01
  1.4231E+00  5.8076E-01  5.8076E-01  5.8073E-01
  1.4318E+00  5.9210E-01  5.9210E-01  5.9225E-01
  1.4406E+00  6.0374E-01  6.0374E-01  6.0405E-01
  1.4494E+00  6.1569E-01  6.1569E-01  6.1615E-01
  1.4582E+00  6.2796E-01  6.2796E-01  6.2857E-01
  1.4672E+00  6.4056E-01  6.4056E-01  6.4130E-01
  1.4761E+00  6.5350E-01  6.5350E-01  6.5437E-01
  1.4852E+00  6.6678E-01  6.6678E-01  6.6777E-01
  1.4942E+00  6.8043E-01  6.8043E-01  6.8152E-01
  1.5034E+00  6.9445E-01  6.9445E-01  6.9564E-01
  1.5126E+00  7.0885E-01  7.0885E-01  7.1013E-01
  1.5218E+00  7.2364E-01  7.2364E-01  7.2500E-01
  1.5311E+00  7.3885E-01  7.3885E-01  7.4027E-01
  1.5405E+00  7.5447E-01  7.5447E-01  7.5595E-01
  1.5499E+00  7.7053E-01  7.7053E-01  7.7206E-01
  1.5594E+00  7.8703E-01  7.8703E-01  7.8860E-01
  1.5689E+00  8.0400E-01  8.0400E-01  8.0559E-01
  1.5785E+00  8.2144E-01  8.2144E-01  8.2305E-01
  1.5882E+00  8.3938E-01  8.3938E-01  8.4100E-01
  1.5979E+00  8.5782E-01  8.5782E-01  8.5943E-01
  1.6077E+00  8.7678E-01  8.7678E-01  8.7839E-01
  1.6175E+00  8.9628E-01  8.9628E-01  8.9787E-01
  1.6274E+00  9.1634E-01  9.1634E-01  9.1790E-01
  1.6373E+00  9.3697E-01  9.3697E-01  9.3850E-01
  1.6473E+00  9.5820E-01  9.5820E-01  9.5969E-01
  1.6574E+00  9.8003E-01  9.8003E-01  9.8148E-01
  1.6675E+00  1.0025E+00  1.0025E+00  1.0039E+00
  1.6777E+00  1.0256E+00  1.0256E+00  1.0270E+00
  1.6880E+00  1.0494E+00  1.0494E+00  1.0507E+00
  1.6983E+00  1.0739E+00  1.0739E+00  1.0751E+00
  1.7087E+00  1.0991E+00  1.0991E+00  1.1003E+00
  1.7192E+00  1.1251E+00  1.1251E+00  1.1262E+00
  1.7297E+00  1.1518E+00  1.1518E+00  1.1529E+00
  1.7403E+00  1.1794E+00  1.1794E+00  1.1803E+00
  1.7509E+00  1.2077E+00  1.2077E+00  1.2086E+00
  1.7616E+00  1.2370E+00  1.2370E+00  1.2378E+00
  1.7724E+00  1.2671E+00  1.2671E+00  1.2678E+00
  1.7832E+00  1.2981E+00  1.2981E+00  1.2987E+00
  1.7941E+00  1.3300E+00  1.3300E+00  1.3306E+00
  1.8051E+00  1.3630E+00  1.3630E+00  1.3635E+00
  1.8161E+00  1.3970E+00  1.3970E+00  1.3974E+00
  1.8272E+00  1.4320E+00  1.4320E+00  1.4324E+00
  1.8384E+00  1.4681E+00  1.4681E+00  1.4684E+00
  1.8497E+00  1.5054E+00  1.5054E+00  1.5056E+00
  1.8610E+00  1.5438E+00  1.5438E+00  1.5440E+00
  1.8723E+00  1.5835E+00  1.5835E+00  1.5835E+00
  1.8838E+00  1.6244E+00  1.6244E+00  1.6244E+00
  1.8953E+00  1.6666E+00  1.6666E+00  1.6666E+00
  1.9069E+00  1.7103E+00  1.7103E+00  1.7101E+00
  1.9186E+00  1.7553E+00  1.7553E+00  1.7551E+00
  1.9303E+00  1.8018E+00  1.8018E+00  1.8015E+00
  1.9421E+00  1.8498E+00  1.8498E+00  1.8494E+00
  1.9540E+00  1.8994E+00  1.8994E+00  1.8990E+00
  1.9659E+00  1.9507E+00  1.9507E+00  1.9502E+00
  1.9779E+00  2.0037E+00  2.0037E+00  2.0031E+00
  1.9900E+00  2.0584E+00  2.0584E+00  2.0577E+00
  2.0022E+00  2.1150E+00  2.1150E+00  2.1143E+00
