 # l=           1 basis function with energy     5.66139200000000     
  0.0000E+00  0.0000E+00  0.0000E+00  0.0000E+00
  2.6339E-06  1.9086E-08 -1.6128E-10 -2.1211E-09
  5.2839E-06  6.3647E-08 -6.4903E-10 -8.5361E-09
  7.9500E-06  1.2902E-07 -1.4692E-09 -1.9323E-08
  1.0632E-05  2.1327E-07 -2.6279E-09 -3.4562E-08
  1.3331E-05  3.1510E-07 -4.1312E-09 -5.4333E-08
  1.6046E-05  4.3453E-07 -5.9853E-09 -7.8718E-08
  1.8777E-05  5.7084E-07 -8.1965E-09 -1.0780E-07
  2.1526E-05  7.2361E-07 -1.0771E-08 -1.4166E-07
  2.4290E-05  8.9278E-07 -1.3716E-08 -1.8039E-07
  2.7072E-05  1.0781E-06 -1.7037E-08 -2.2407E-07
  2.9871E-05  1.2795E-06 -2.0742E-08 -2.7280E-07
  3.2686E-05  1.4969E-06 -2.4836E-08 -3.2665E-07
  3.5519E-05  1.7303E-06 -2.9328E-08 -3.8572E-07
  3.8369E-05  1.9796E-06 -3.4223E-08 -4.5010E-07
  4.1236E-05  2.2450E-06 -3.9529E-08 -5.1988E-07
  4.4121E-05  2.5264E-06 -4.5253E-08 -5.9517E-07
  4.7023E-05  2.8240E-06 -5.1402E-08 -6.7604E-07
  4.9943E-05  3.1378E-06 -5.7984E-08 -7.6261E-07
  5.2881E-05  3.4679E-06 -6.5006E-08 -8.5496E-07
  5.5836E-05  3.8143E-06 -7.2475E-08 -9.5320E-07
  5.8810E-05  4.1773E-06 -8.0400E-08 -1.0574E-06
  6.1802E-05  4.5570E-06 -8.8788E-08 -1.1677E-06
  6.4811E-05  4.9534E-06 -9.7647E-08 -1.2843E-06
  6.7840E-05  5.3668E-06 -1.0698E-07 -1.4071E-06
  7.0886E-05  5.7972E-06 -1.1681E-07 -1.5363E-06
  7.3951E-05  6.2449E-06 -1.2713E-07 -1.6720E-06
  7.7035E-05  6.7099E-06 -1.3795E-07 -1.8143E-06
  8.0137E-05  7.1926E-06 -1.4929E-07 -1.9634E-06
  8.3259E-05  7.6930E-06 -1.6114E-07 -2.1194E-06
  8.6399E-05  8.2114E-06 -1.7353E-07 -2.2822E-06
  8.9558E-05  8.7479E-06 -1.8645E-07 -2.4522E-06
  9.2737E-05  9.3027E-06 -1.9992E-07 -2.6294E-06
  9.5935E-05  9.8761E-06 -2.1395E-07 -2.8138E-06
  9.9152E-05  1.0468E-05 -2.2854E-07 -3.0057E-06
  1.0239E-04  1.1079E-05 -2.4370E-07 -3.2052E-06
  1.0565E-04  1.1710E-05 -2.5945E-07 -3.4123E-06
  1.0892E-04  1.2359E-05 -2.7580E-07 -3.6273E-06
  1.1222E-04  1.3029E-05 -2.9274E-07 -3.8501E-06
  1.1554E-04  1.3718E-05 -3.1030E-07 -4.0811E-06
  1.1887E-04  1.4427E-05 -3.2848E-07 -4.3202E-06
  1.2223E-04  1.5157E-05 -3.4730E-07 -4.5676E-06
  1.2561E-04  1.5907E-05 -3.6675E-07 -4.8236E-06
  1.2900E-04  1.6679E-05 -3.8686E-07 -5.0881E-06
  1.3242E-04  1.7471E-05 -4.0764E-07 -5.3613E-06
  1.3586E-04  1.8285E-05 -4.2909E-07 -5.6434E-06
  1.3932E-04  1.9120E-05 -4.5122E-07 -5.9345E-06
  1.4280E-04  1.9978E-05 -4.7405E-07 -6.2348E-06
  1.4631E-04  2.0857E-05 -4.9759E-07 -6.5444E-06
  1.4983E-04  2.1760E-05 -5.2185E-07 -6.8634E-06
  1.5337E-04  2.2685E-05 -5.4684E-07 -7.1920E-06
  1.5694E-04  2.3633E-05 -5.7257E-07 -7.5304E-06
  1.6053E-04  2.4604E-05 -5.9905E-07 -7.8787E-06
  1.6414E-04  2.5600E-05 -6.2630E-07 -8.2371E-06
  1.6777E-04  2.6619E-05 -6.5432E-07 -8.6057E-06
  1.7143E-04  2.7663E-05 -6.8314E-07 -8.9847E-06
  1.7510E-04  2.8731E-05 -7.1275E-07 -9.3742E-06
  1.7880E-04  2.9825E-05 -7.4318E-07 -9.7744E-06
  1.8252E-04  3.0943E-05 -7.7444E-07 -1.0185E-05
  1.8627E-04  3.2088E-05 -8.0654E-07 -1.0608E-05
  1.9003E-04  3.3258E-05 -8.3949E-07 -1.1041E-05
  1.9382E-04  3.4455E-05 -8.7331E-07 -1.1486E-05
  1.9764E-04  3.5678E-05 -9.0800E-07 -1.1942E-05
  2.0147E-04  3.6929E-05 -9.4359E-07 -1.2410E-05
  2.0533E-04  3.8207E-05 -9.8009E-07 -1.2890E-05
  2.0921E-04  3.9513E-05 -1.0175E-06 -1.3382E-05
  2.1312E-04  4.0847E-05 -1.0559E-06 -1.3887E-05
  2.1705E-04  4.2209E-05 -1.0952E-06 -1.4403E-05
  2.2100E-04  4.3601E-05 -1.1354E-06 -1.4933E-05
  2.2498E-04  4.5021E-05 -1.1767E-06 -1.5475E-05
  2.2898E-04  4.6472E-05 -1.2189E-06 -1.6031E-05
  2.3301E-04  4.7952E-05 -1.2621E-06 -1.6600E-05
  2.3706E-04  4.9464E-05 -1.3064E-06 -1.7182E-05
  2.4114E-04  5.1006E-05 -1.3517E-06 -1.7778E-05
  2.4524E-04  5.2579E-05 -1.3981E-06 -1.8388E-05
  2.4936E-04  5.4184E-05 -1.4455E-06 -1.9011E-05
  2.5351E-04  5.5821E-05 -1.4940E-06 -1.9650E-05
  2.5769E-04  5.7492E-05 -1.5437E-06 -2.0302E-05
  2.6189E-04  5.9195E-05 -1.5944E-06 -2.0970E-05
  2.6612E-04  6.0931E-05 -1.6463E-06 -2.1652E-05
  2.7037E-04  6.2702E-05 -1.6993E-06 -2.2349E-05
  2.7465E-04  6.4507E-05 -1.7535E-06 -2.3062E-05
  2.7895E-04  6.6347E-05 -1.8089E-06 -2.3791E-05
  2.8328E-04  6.8222E-05 -1.8655E-06 -2.4535E-05
  2.8764E-04  7.0133E-05 -1.9233E-06 -2.5296E-05
  2.9202E-04  7.2081E-05 -1.9824E-06 -2.6072E-05
  2.9643E-04  7.4065E-05 -2.0427E-06 -2.6866E-05
  3.0087E-04  7.6087E-05 -2.1043E-06 -2.7676E-05
  3.0533E-04  7.8146E-05 -2.1672E-06 -2.8503E-05
  3.0982E-04  8.0244E-05 -2.2314E-06 -2.9348E-05
  3.1434E-04  8.2381E-05 -2.2970E-06 -3.0210E-05
  3.1889E-04  8.4557E-05 -2.3639E-06 -3.1090E-05
  3.2346E-04  8.6773E-05 -2.4322E-06 -3.1988E-05
  3.2806E-04  8.9030E-05 -2.5019E-06 -3.2905E-05
  3.3269E-04  9.1327E-05 -2.5730E-06 -3.3840E-05
  3.3735E-04  9.3666E-05 -2.6455E-06 -3.4794E-05
  3.4204E-04  9.6047E-05 -2.7195E-06 -3.5767E-05
  3.4675E-04  9.8471E-05 -2.7950E-06 -3.6760E-05
  3.5149E-04  1.0094E-04 -2.8720E-06 -3.7773E-05
  3.5626E-04  1.0345E-04 -2.9505E-06 -3.8805E-05
  3.6106E-04  1.0600E-04 -3.0306E-06 -3.9858E-05
  3.6589E-04  1.0861E-04 -3.1122E-06 -4.0932E-05
  3.7075E-04  1.1125E-04 -3.1954E-06 -4.2026E-05
  3.7564E-04  1.1394E-04 -3.2802E-06 -4.3142E-05
  3.8056E-04  1.1668E-04 -3.3667E-06 -4.4279E-05
  3.8551E-04  1.1947E-04 -3.4548E-06 -4.5438E-05
  3.9049E-04  1.2230E-04 -3.5446E-06 -4.6619E-05
  3.9550E-04  1.2519E-04 -3.6361E-06 -4.7822E-05
  4.0054E-04  1.2812E-04 -3.7294E-06 -4.9049E-05
  4.0561E-04  1.3110E-04 -3.8244E-06 -5.0298E-05
  4.1071E-04  1.3414E-04 -3.9212E-06 -5.1571E-05
  4.1584E-04  1.3722E-04 -4.0198E-06 -5.2868E-05
  4.2100E-04  1.4036E-04 -4.1202E-06 -5.4189E-05
  4.2620E-04  1.4355E-04 -4.2225E-06 -5.5535E-05
  4.3142E-04  1.4680E-04 -4.3267E-06 -5.6905E-05
  4.3668E-04  1.5009E-04 -4.4328E-06 -5.8300E-05
  4.4197E-04  1.5345E-04 -4.5408E-06 -5.9721E-05
  4.4729E-04  1.5686E-04 -4.6509E-06 -6.1168E-05
  4.5264E-04  1.6032E-04 -4.7629E-06 -6.2641E-05
  4.5803E-04  1.6385E-04 -4.8769E-06 -6.4141E-05
  4.6345E-04  1.6743E-04 -4.9930E-06 -6.5668E-05
  4.6890E-04  1.7107E-04 -5.1112E-06 -6.7222E-05
  4.7439E-04  1.7476E-04 -5.2315E-06 -6.8804E-05
  4.7991E-04  1.7852E-04 -5.3539E-06 -7.0415E-05
  4.8546E-04  1.8234E-04 -5.4785E-06 -7.2054E-05
  4.9105E-04  1.8623E-04 -5.6053E-06 -7.3721E-05
  4.9667E-04  1.9017E-04 -5.7344E-06 -7.5419E-05
  5.0232E-04  1.9418E-04 -5.8657E-06 -7.7146E-05
  5.0801E-04  1.9826E-04 -5.9993E-06 -7.8903E-05
  5.1373E-04  2.0239E-04 -6.1352E-06 -8.0691E-05
  5.1949E-04  2.0660E-04 -6.2735E-06 -8.2510E-05
  5.2529E-04  2.1087E-04 -6.4143E-06 -8.4360E-05
  5.3111E-04  2.1521E-04 -6.5574E-06 -8.6243E-05
  5.3698E-04  2.1962E-04 -6.7030E-06 -8.8158E-05
  5.4288E-04  2.2410E-04 -6.8511E-06 -9.0106E-05
  5.4881E-04  2.2865E-04 -7.0017E-06 -9.2087E-05
  5.5479E-04  2.3327E-04 -7.1549E-06 -9.4102E-05
  5.6079E-04  2.3797E-04 -7.3107E-06 -9.6151E-05
  5.6684E-04  2.4273E-04 -7.4692E-06 -9.8235E-05
  5.7292E-04  2.4757E-04 -7.6303E-06 -1.0035E-04
  5.7904E-04  2.5249E-04 -7.7941E-06 -1.0251E-04
  5.8519E-04  2.5749E-04 -7.9607E-06 -1.0470E-04
  5.9139E-04  2.6256E-04 -8.1301E-06 -1.0693E-04
  5.9762E-04  2.6771E-04 -8.3023E-06 -1.0919E-04
  6.0389E-04  2.7294E-04 -8.4774E-06 -1.1150E-04
  6.1019E-04  2.7825E-04 -8.6554E-06 -1.1384E-04
  6.1654E-04  2.8364E-04 -8.8363E-06 -1.1622E-04
  6.2292E-04  2.8911E-04 -9.0203E-06 -1.1863E-04
  6.2934E-04  2.9467E-04 -9.2072E-06 -1.2109E-04
  6.3580E-04  3.0032E-04 -9.3973E-06 -1.2359E-04
  6.4231E-04  3.0605E-04 -9.5904E-06 -1.2613E-04
  6.4885E-04  3.1186E-04 -9.7867E-06 -1.2871E-04
  6.5543E-04  3.1777E-04 -9.9862E-06 -1.3134E-04
  6.6205E-04  3.2376E-04 -1.0189E-05 -1.3401E-04
  6.6871E-04  3.2985E-04 -1.0395E-05 -1.3672E-04
  6.7541E-04  3.3603E-04 -1.0604E-05 -1.3947E-04
  6.8215E-04  3.4230E-04 -1.0817E-05 -1.4227E-04
  6.8893E-04  3.4866E-04 -1.1033E-05 -1.4511E-04
  6.9575E-04  3.5512E-04 -1.1253E-05 -1.4800E-04
  7.0262E-04  3.6168E-04 -1.1476E-05 -1.5093E-04
  7.0953E-04  3.6834E-04 -1.1703E-05 -1.5392E-04
  7.1648E-04  3.7509E-04 -1.1933E-05 -1.5695E-04
  7.2347E-04  3.8194E-04 -1.2167E-05 -1.6002E-04
  7.3050E-04  3.8890E-04 -1.2405E-05 -1.6315E-04
  7.3758E-04  3.9596E-04 -1.2646E-05 -1.6633E-04
  7.4470E-04  4.0313E-04 -1.2892E-05 -1.6955E-04
  7.5186E-04  4.1040E-04 -1.3141E-05 -1.7283E-04
  7.5907E-04  4.1778E-04 -1.3394E-05 -1.7616E-04
  7.6632E-04  4.2526E-04 -1.3651E-05 -1.7954E-04
  7.7361E-04  4.3286E-04 -1.3912E-05 -1.8298E-04
  7.8095E-04  4.4057E-04 -1.4178E-05 -1.8646E-04
  7.8833E-04  4.4839E-04 -1.4447E-05 -1.9001E-04
  7.9576E-04  4.5633E-04 -1.4720E-05 -1.9360E-04
  8.0324E-04  4.6438E-04 -1.4998E-05 -1.9726E-04
  8.1076E-04  4.7255E-04 -1.5280E-05 -2.0097E-04
  8.1832E-04  4.8084E-04 -1.5567E-05 -2.0474E-04
  8.2593E-04  4.8925E-04 -1.5858E-05 -2.0856E-04
  8.3359E-04  4.9778E-04 -1.6153E-05 -2.1245E-04
  8.4129E-04  5.0644E-04 -1.6453E-05 -2.1639E-04
  8.4904E-04  5.1522E-04 -1.6758E-05 -2.2040E-04
  8.5684E-04  5.2413E-04 -1.7067E-05 -2.2446E-04
  8.6468E-04  5.3316E-04 -1.7381E-05 -2.2859E-04
  8.7258E-04  5.4233E-04 -1.7700E-05 -2.3278E-04
  8.8052E-04  5.5163E-04 -1.8023E-05 -2.3704E-04
  8.8851E-04  5.6106E-04 -1.8352E-05 -2.4136E-04
  8.9654E-04  5.7063E-04 -1.8685E-05 -2.4575E-04
  9.0463E-04  5.8033E-04 -1.9024E-05 -2.5020E-04
  9.1277E-04  5.9018E-04 -1.9367E-05 -2.5472E-04
  9.2095E-04  6.0016E-04 -1.9716E-05 -2.5931E-04
  9.2919E-04  6.1029E-04 -2.0071E-05 -2.6397E-04
  9.3747E-04  6.2056E-04 -2.0430E-05 -2.6870E-04
  9.4581E-04  6.3098E-04 -2.0795E-05 -2.7350E-04
  9.5419E-04  6.4155E-04 -2.1165E-05 -2.7837E-04
  9.6263E-04  6.5226E-04 -2.1541E-05 -2.8331E-04
  9.7112E-04  6.6313E-04 -2.1923E-05 -2.8833E-04
  9.7966E-04  6.7415E-04 -2.2310E-05 -2.9342E-04
  9.8825E-04  6.8533E-04 -2.2703E-05 -2.9859E-04
  9.9689E-04  6.9666E-04 -2.3102E-05 -3.0384E-04
  1.0056E-03  7.0816E-04 -2.3507E-05 -3.0916E-04
  1.0143E-03  7.1982E-04 -2.3918E-05 -3.1457E-04
  1.0231E-03  7.3164E-04 -2.4335E-05 -3.2005E-04
  1.0320E-03  7.4362E-04 -2.4758E-05 -3.2562E-04
  1.0409E-03  7.5578E-04 -2.5187E-05 -3.3126E-04
  1.0499E-03  7.6811E-04 -2.5623E-05 -3.3699E-04
  1.0589E-03  7.8060E-04 -2.6065E-05 -3.4281E-04
  1.0680E-03  7.9328E-04 -2.6514E-05 -3.4871E-04
  1.0771E-03  8.0613E-04 -2.6969E-05 -3.5470E-04
  1.0863E-03  8.1916E-04 -2.7431E-05 -3.6077E-04
  1.0955E-03  8.3237E-04 -2.7899E-05 -3.6693E-04
  1.1048E-03  8.4576E-04 -2.8375E-05 -3.7319E-04
  1.1142E-03  8.5934E-04 -2.8857E-05 -3.7953E-04
  1.1236E-03  8.7311E-04 -2.9347E-05 -3.8597E-04
  1.1330E-03  8.8707E-04 -2.9844E-05 -3.9250E-04
  1.1426E-03  9.0123E-04 -3.0347E-05 -3.9913E-04
  1.1522E-03  9.1558E-04 -3.0859E-05 -4.0585E-04
  1.1618E-03  9.3013E-04 -3.1377E-05 -4.1267E-04
  1.1715E-03  9.4488E-04 -3.1903E-05 -4.1959E-04
  1.1813E-03  9.5983E-04 -3.2437E-05 -4.2661E-04
  1.1911E-03  9.7499E-04 -3.2978E-05 -4.3373E-04
  1.2010E-03  9.9035E-04 -3.3528E-05 -4.4096E-04
  1.2109E-03  1.0059E-03 -3.4085E-05 -4.4829E-04
  1.2209E-03  1.0217E-03 -3.4650E-05 -4.5572E-04
  1.2309E-03  1.0377E-03 -3.5223E-05 -4.6326E-04
  1.2411E-03  1.0540E-03 -3.5805E-05 -4.7091E-04
  1.2512E-03  1.0704E-03 -3.6395E-05 -4.7867E-04
  1.2615E-03  1.0871E-03 -3.6993E-05 -4.8654E-04
  1.2718E-03  1.1040E-03 -3.7600E-05 -4.9452E-04
  1.2822E-03  1.1211E-03 -3.8216E-05 -5.0261E-04
  1.2926E-03  1.1385E-03 -3.8840E-05 -5.1083E-04
  1.3031E-03  1.1561E-03 -3.9473E-05 -5.1916E-04
  1.3137E-03  1.1740E-03 -4.0116E-05 -5.2760E-04
  1.3243E-03  1.1920E-03 -4.0767E-05 -5.3617E-04
  1.3350E-03  1.2104E-03 -4.1428E-05 -5.4486E-04
  1.3457E-03  1.2290E-03 -4.2098E-05 -5.5367E-04
  1.3565E-03  1.2478E-03 -4.2777E-05 -5.6261E-04
  1.3674E-03  1.2669E-03 -4.3467E-05 -5.7168E-04
  1.3784E-03  1.2862E-03 -4.4166E-05 -5.8087E-04
  1.3894E-03  1.3058E-03 -4.4874E-05 -5.9019E-04
  1.4005E-03  1.3257E-03 -4.5593E-05 -5.9964E-04
  1.4116E-03  1.3459E-03 -4.6322E-05 -6.0923E-04
  1.4228E-03  1.3663E-03 -4.7061E-05 -6.1895E-04
  1.4341E-03  1.3870E-03 -4.7811E-05 -6.2881E-04
  1.4455E-03  1.4079E-03 -4.8571E-05 -6.3881E-04
  1.4569E-03  1.4292E-03 -4.9342E-05 -6.4895E-04
  1.4684E-03  1.4507E-03 -5.0124E-05 -6.5923E-04
  1.4800E-03  1.4726E-03 -5.0916E-05 -6.6965E-04
  1.4916E-03  1.4947E-03 -5.1720E-05 -6.8022E-04
  1.5033E-03  1.5171E-03 -5.2535E-05 -6.9094E-04
  1.5151E-03  1.5398E-03 -5.3361E-05 -7.0181E-04
  1.5269E-03  1.5628E-03 -5.4199E-05 -7.1283E-04
  1.5389E-03  1.5862E-03 -5.5049E-05 -7.2400E-04
  1.5508E-03  1.6098E-03 -5.5910E-05 -7.3533E-04
  1.5629E-03  1.6338E-03 -5.6783E-05 -7.4682E-04
  1.5750E-03  1.6580E-03 -5.7669E-05 -7.5846E-04
  1.5873E-03  1.6826E-03 -5.8567E-05 -7.7027E-04
  1.5995E-03  1.7076E-03 -5.9477E-05 -7.8224E-04
  1.6119E-03  1.7328E-03 -6.0400E-05 -7.9438E-04
  1.6243E-03  1.7584E-03 -6.1335E-05 -8.0669E-04
  1.6369E-03  1.7844E-03 -6.2284E-05 -8.1916E-04
  1.6495E-03  1.8106E-03 -6.3246E-05 -8.3181E-04
  1.6621E-03  1.8373E-03 -6.4221E-05 -8.4463E-04
  1.6749E-03  1.8642E-03 -6.5209E-05 -8.5763E-04
  1.6877E-03  1.8916E-03 -6.6211E-05 -8.7081E-04
  1.7006E-03  1.9193E-03 -6.7227E-05 -8.8417E-04
  1.7136E-03  1.9474E-03 -6.8257E-05 -8.9772E-04
  1.7266E-03  1.9758E-03 -6.9301E-05 -9.1145E-04
  1.7397E-03  2.0046E-03 -7.0360E-05 -9.2537E-04
  1.7530E-03  2.0338E-03 -7.1432E-05 -9.3948E-04
  1.7663E-03  2.0634E-03 -7.2520E-05 -9.5379E-04
  1.7796E-03  2.0934E-03 -7.3623E-05 -9.6829E-04
  1.7931E-03  2.1237E-03 -7.4740E-05 -9.8299E-04
  1.8066E-03  2.1545E-03 -7.5873E-05 -9.9789E-04
  1.8202E-03  2.1857E-03 -7.7022E-05 -1.0130E-03
  1.8339E-03  2.2172E-03 -7.8186E-05 -1.0283E-03
  1.8477E-03  2.2492E-03 -7.9366E-05 -1.0438E-03
  1.8616E-03  2.2817E-03 -8.0562E-05 -1.0596E-03
  1.8756E-03  2.3145E-03 -8.1774E-05 -1.0755E-03
  1.8896E-03  2.3478E-03 -8.3003E-05 -1.0917E-03
  1.9037E-03  2.3815E-03 -8.4249E-05 -1.1080E-03
  1.9179E-03  2.4156E-03 -8.5511E-05 -1.1246E-03
  1.9322E-03  2.4502E-03 -8.6791E-05 -1.1415E-03
  1.9466E-03  2.4853E-03 -8.8088E-05 -1.1585E-03
  1.9611E-03  2.5208E-03 -8.9403E-05 -1.1758E-03
  1.9757E-03  2.5567E-03 -9.0735E-05 -1.1934E-03
  1.9903E-03  2.5932E-03 -9.2086E-05 -1.2111E-03
  2.0050E-03  2.6301E-03 -9.3455E-05 -1.2291E-03
  2.0199E-03  2.6675E-03 -9.4842E-05 -1.2474E-03
  2.0348E-03  2.7054E-03 -9.6248E-05 -1.2659E-03
  2.0498E-03  2.7437E-03 -9.7674E-05 -1.2846E-03
  2.0649E-03  2.7826E-03 -9.9118E-05 -1.3036E-03
  2.0801E-03  2.8220E-03 -1.0058E-04 -1.3229E-03
  2.0954E-03  2.8619E-03 -1.0207E-04 -1.3424E-03
  2.1108E-03  2.9023E-03 -1.0357E-04 -1.3621E-03
  2.1262E-03  2.9432E-03 -1.0509E-04 -1.3822E-03
  2.1418E-03  2.9847E-03 -1.0664E-04 -1.4025E-03
  2.1575E-03  3.0267E-03 -1.0820E-04 -1.4231E-03
  2.1732E-03  3.0693E-03 -1.0979E-04 -1.4439E-03
  2.1891E-03  3.1124E-03 -1.1140E-04 -1.4651E-03
  2.2050E-03  3.1560E-03 -1.1302E-04 -1.4865E-03
  2.2210E-03  3.2002E-03 -1.1468E-04 -1.5082E-03
  2.2372E-03  3.2450E-03 -1.1635E-04 -1.5302E-03
  2.2534E-03  3.2904E-03 -1.1804E-04 -1.5525E-03
  2.2698E-03  3.3363E-03 -1.1976E-04 -1.5751E-03
  2.2862E-03  3.3829E-03 -1.2150E-04 -1.5980E-03
  2.3027E-03  3.4300E-03 -1.2327E-04 -1.6212E-03
  2.3194E-03  3.4778E-03 -1.2505E-04 -1.6447E-03
  2.3361E-03  3.5262E-03 -1.2687E-04 -1.6685E-03
  2.3530E-03  3.5752E-03 -1.2870E-04 -1.6927E-03
  2.3699E-03  3.6248E-03 -1.3056E-04 -1.7172E-03
  2.3870E-03  3.6750E-03 -1.3245E-04 -1.7419E-03
  2.4041E-03  3.7259E-03 -1.3436E-04 -1.7671E-03
  2.4214E-03  3.7775E-03 -1.3629E-04 -1.7925E-03
  2.4387E-03  3.8297E-03 -1.3825E-04 -1.8183E-03
  2.4562E-03  3.8826E-03 -1.4024E-04 -1.8445E-03
  2.4738E-03  3.9362E-03 -1.4225E-04 -1.8709E-03
  2.4914E-03  3.9905E-03 -1.4430E-04 -1.8978E-03
  2.5092E-03  4.0454E-03 -1.4636E-04 -1.9250E-03
  2.5271E-03  4.1011E-03 -1.4846E-04 -1.9525E-03
  2.5451E-03  4.1574E-03 -1.5058E-04 -1.9804E-03
  2.5632E-03  4.2145E-03 -1.5273E-04 -2.0087E-03
  2.5815E-03  4.2723E-03 -1.5491E-04 -2.0374E-03
  2.5998E-03  4.3309E-03 -1.5712E-04 -2.0664E-03
  2.6182E-03  4.3902E-03 -1.5936E-04 -2.0959E-03
  2.6368E-03  4.4503E-03 -1.6162E-04 -2.1257E-03
  2.6555E-03  4.5111E-03 -1.6392E-04 -2.1559E-03
  2.6742E-03  4.5727E-03 -1.6625E-04 -2.1865E-03
  2.6931E-03  4.6351E-03 -1.6861E-04 -2.2175E-03
  2.7122E-03  4.6982E-03 -1.7099E-04 -2.2489E-03
  2.7313E-03  4.7622E-03 -1.7342E-04 -2.2808E-03
  2.7505E-03  4.8270E-03 -1.7587E-04 -2.3130E-03
  2.7699E-03  4.8927E-03 -1.7835E-04 -2.3457E-03
  2.7894E-03  4.9591E-03 -1.8087E-04 -2.3788E-03
  2.8090E-03  5.0264E-03 -1.8342E-04 -2.4123E-03
  2.8287E-03  5.0946E-03 -1.8600E-04 -2.4463E-03
  2.8485E-03  5.1636E-03 -1.8862E-04 -2.4808E-03
  2.8685E-03  5.2335E-03 -1.9127E-04 -2.5156E-03
  2.8886E-03  5.3043E-03 -1.9396E-04 -2.5510E-03
  2.9088E-03  5.3759E-03 -1.9668E-04 -2.5868E-03
  2.9291E-03  5.4485E-03 -1.9944E-04 -2.6231E-03
  2.9495E-03  5.5220E-03 -2.0224E-04 -2.6598E-03
  2.9701E-03  5.5965E-03 -2.0507E-04 -2.6970E-03
  2.9908E-03  5.6718E-03 -2.0794E-04 -2.7348E-03
  3.0116E-03  5.7482E-03 -2.1084E-04 -2.7730E-03
  3.0326E-03  5.8255E-03 -2.1378E-04 -2.8117E-03
  3.0537E-03  5.9037E-03 -2.1677E-04 -2.8509E-03
  3.0749E-03  5.9830E-03 -2.1979E-04 -2.8906E-03
  3.0962E-03  6.0633E-03 -2.2285E-04 -2.9309E-03
  3.1177E-03  6.1445E-03 -2.2595E-04 -2.9717E-03
  3.1393E-03  6.2268E-03 -2.2909E-04 -3.0130E-03
  3.1610E-03  6.3101E-03 -2.3227E-04 -3.0548E-03
  3.1828E-03  6.3945E-03 -2.3549E-04 -3.0972E-03
  3.2048E-03  6.4800E-03 -2.3876E-04 -3.1402E-03
  3.2270E-03  6.5665E-03 -2.4207E-04 -3.1837E-03
  3.2492E-03  6.6541E-03 -2.4542E-04 -3.2278E-03
  3.2716E-03  6.7428E-03 -2.4881E-04 -3.2724E-03
  3.2941E-03  6.8326E-03 -2.5225E-04 -3.3176E-03
  3.3168E-03  6.9236E-03 -2.5574E-04 -3.3634E-03
  3.3396E-03  7.0156E-03 -2.5926E-04 -3.4099E-03
  3.3626E-03  7.1089E-03 -2.6284E-04 -3.4569E-03
  3.3856E-03  7.2033E-03 -2.6646E-04 -3.5045E-03
  3.4089E-03  7.2989E-03 -2.7013E-04 -3.5527E-03
  3.4322E-03  7.3957E-03 -2.7384E-04 -3.6016E-03
  3.4557E-03  7.4937E-03 -2.7761E-04 -3.6511E-03
  3.4794E-03  7.5929E-03 -2.8142E-04 -3.7013E-03
  3.5032E-03  7.6934E-03 -2.8528E-04 -3.7521E-03
  3.5271E-03  7.7951E-03 -2.8920E-04 -3.8035E-03
  3.5512E-03  7.8982E-03 -2.9316E-04 -3.8556E-03
  3.5754E-03  8.0024E-03 -2.9717E-04 -3.9084E-03
  3.5998E-03  8.1080E-03 -3.0124E-04 -3.9619E-03
  3.6243E-03  8.2150E-03 -3.0536E-04 -4.0161E-03
  3.6490E-03  8.3232E-03 -3.0953E-04 -4.0710E-03
  3.6738E-03  8.4328E-03 -3.1376E-04 -4.1265E-03
  3.6988E-03  8.5438E-03 -3.1804E-04 -4.1828E-03
  3.7240E-03  8.6561E-03 -3.2237E-04 -4.2399E-03
  3.7492E-03  8.7699E-03 -3.2677E-04 -4.2976E-03
  3.7747E-03  8.8850E-03 -3.3121E-04 -4.3561E-03
  3.8003E-03  9.0016E-03 -3.3572E-04 -4.4154E-03
  3.8260E-03  9.1197E-03 -3.4028E-04 -4.4754E-03
  3.8519E-03  9.2392E-03 -3.4491E-04 -4.5362E-03
  3.8780E-03  9.3602E-03 -3.4959E-04 -4.5978E-03
  3.9042E-03  9.4827E-03 -3.5433E-04 -4.6602E-03
  3.9306E-03  9.6067E-03 -3.5914E-04 -4.7234E-03
  3.9571E-03  9.7323E-03 -3.6400E-04 -4.7874E-03
  3.9838E-03  9.8594E-03 -3.6893E-04 -4.8522E-03
  4.0107E-03  9.9881E-03 -3.7392E-04 -4.9179E-03
  4.0377E-03  1.0118E-02 -3.7898E-04 -4.9844E-03
  4.0649E-03  1.0250E-02 -3.8410E-04 -5.0517E-03
  4.0922E-03  1.0384E-02 -3.8929E-04 -5.1199E-03
  4.1198E-03  1.0519E-02 -3.9454E-04 -5.1890E-03
  4.1475E-03  1.0656E-02 -3.9986E-04 -5.2590E-03
  4.1753E-03  1.0795E-02 -4.0525E-04 -5.3299E-03
  4.2033E-03  1.0935E-02 -4.1071E-04 -5.4017E-03
  4.2315E-03  1.1077E-02 -4.1624E-04 -5.4744E-03
  4.2599E-03  1.1221E-02 -4.2184E-04 -5.5481E-03
  4.2884E-03  1.1366E-02 -4.2751E-04 -5.6226E-03
  4.3172E-03  1.1514E-02 -4.3326E-04 -5.6982E-03
  4.3461E-03  1.1663E-02 -4.3907E-04 -5.7747E-03
  4.3751E-03  1.1814E-02 -4.4497E-04 -5.8522E-03
  4.4044E-03  1.1967E-02 -4.5093E-04 -5.9307E-03
  4.4338E-03  1.2121E-02 -4.5698E-04 -6.0102E-03
  4.4634E-03  1.2278E-02 -4.6310E-04 -6.0907E-03
  4.4932E-03  1.2437E-02 -4.6930E-04 -6.1722E-03
  4.5231E-03  1.2597E-02 -4.7558E-04 -6.2548E-03
  4.5533E-03  1.2760E-02 -4.8194E-04 -6.3385E-03
  4.5836E-03  1.2924E-02 -4.8838E-04 -6.4232E-03
  4.6141E-03  1.3091E-02 -4.9490E-04 -6.5090E-03
  4.6448E-03  1.3259E-02 -5.0151E-04 -6.5959E-03
  4.6757E-03  1.3430E-02 -5.0820E-04 -6.6839E-03
  4.7067E-03  1.3603E-02 -5.1498E-04 -6.7730E-03
  4.7380E-03  1.3778E-02 -5.2184E-04 -6.8632E-03
  4.7694E-03  1.3955E-02 -5.2879E-04 -6.9547E-03
  4.8011E-03  1.4134E-02 -5.3583E-04 -7.0472E-03
  4.8329E-03  1.4315E-02 -5.4296E-04 -7.1410E-03
  4.8649E-03  1.4499E-02 -5.5018E-04 -7.2360E-03
  4.8972E-03  1.4685E-02 -5.5749E-04 -7.3321E-03
  4.9296E-03  1.4873E-02 -5.6490E-04 -7.4295E-03
  4.9622E-03  1.5063E-02 -5.7240E-04 -7.5281E-03
  4.9950E-03  1.5256E-02 -5.7999E-04 -7.6280E-03
  5.0280E-03  1.5451E-02 -5.8768E-04 -7.7292E-03
  5.0612E-03  1.5649E-02 -5.9547E-04 -7.8316E-03
  5.0947E-03  1.5849E-02 -6.0336E-04 -7.9354E-03
  5.1283E-03  1.6051E-02 -6.1135E-04 -8.0405E-03
  5.1621E-03  1.6256E-02 -6.1944E-04 -8.1469E-03
  5.1961E-03  1.6464E-02 -6.2763E-04 -8.2546E-03
  5.2304E-03  1.6674E-02 -6.3593E-04 -8.3637E-03
  5.2648E-03  1.6886E-02 -6.4433E-04 -8.4743E-03
  5.2995E-03  1.7101E-02 -6.5284E-04 -8.5862E-03
  5.3343E-03  1.7319E-02 -6.6146E-04 -8.6995E-03
  5.3694E-03  1.7539E-02 -6.7019E-04 -8.8143E-03
  5.4047E-03  1.7762E-02 -6.7903E-04 -8.9305E-03
  5.4402E-03  1.7988E-02 -6.8798E-04 -9.0483E-03
  5.4759E-03  1.8216E-02 -6.9704E-04 -9.1675E-03
  5.5118E-03  1.8448E-02 -7.0622E-04 -9.2882E-03
  5.5480E-03  1.8682E-02 -7.1551E-04 -9.4104E-03
  5.5844E-03  1.8919E-02 -7.2493E-04 -9.5342E-03
  5.6210E-03  1.9158E-02 -7.3446E-04 -9.6596E-03
  5.6578E-03  1.9401E-02 -7.4411E-04 -9.7866E-03
  5.6948E-03  1.9647E-02 -7.5389E-04 -9.9151E-03
  5.7321E-03  1.9896E-02 -7.6379E-04 -1.0045E-02
  5.7696E-03  2.0147E-02 -7.7381E-04 -1.0177E-02
  5.8073E-03  2.0402E-02 -7.8396E-04 -1.0311E-02
  5.8453E-03  2.0660E-02 -7.9424E-04 -1.0446E-02
  5.8835E-03  2.0921E-02 -8.0465E-04 -1.0583E-02
  5.9219E-03  2.1185E-02 -8.1520E-04 -1.0721E-02
  5.9605E-03  2.1452E-02 -8.2587E-04 -1.0862E-02
  5.9994E-03  2.1723E-02 -8.3668E-04 -1.1004E-02
  6.0385E-03  2.1996E-02 -8.4763E-04 -1.1148E-02
  6.0779E-03  2.2274E-02 -8.5871E-04 -1.1294E-02
  6.1175E-03  2.2554E-02 -8.6994E-04 -1.1441E-02
  6.1573E-03  2.2838E-02 -8.8131E-04 -1.1591E-02
  6.1974E-03  2.3125E-02 -8.9282E-04 -1.1742E-02
  6.2377E-03  2.3416E-02 -9.0447E-04 -1.1896E-02
  6.2783E-03  2.3710E-02 -9.1628E-04 -1.2051E-02
  6.3191E-03  2.4008E-02 -9.2823E-04 -1.2208E-02
  6.3602E-03  2.4310E-02 -9.4033E-04 -1.2367E-02
  6.4015E-03  2.4615E-02 -9.5259E-04 -1.2528E-02
  6.4431E-03  2.4923E-02 -9.6500E-04 -1.2692E-02
  6.4849E-03  2.5236E-02 -9.7757E-04 -1.2857E-02
  6.5269E-03  2.5552E-02 -9.9029E-04 -1.3024E-02
  6.5693E-03  2.5872E-02 -1.0032E-03 -1.3194E-02
  6.6119E-03  2.6196E-02 -1.0162E-03 -1.3365E-02
  6.6547E-03  2.6524E-02 -1.0294E-03 -1.3539E-02
  6.6978E-03  2.6856E-02 -1.0428E-03 -1.3715E-02
  6.7412E-03  2.7191E-02 -1.0564E-03 -1.3893E-02
  6.7848E-03  2.7531E-02 -1.0701E-03 -1.4074E-02
  6.8287E-03  2.7875E-02 -1.0840E-03 -1.4256E-02
  6.8729E-03  2.8223E-02 -1.0980E-03 -1.4441E-02
  6.9173E-03  2.8575E-02 -1.1123E-03 -1.4629E-02
  6.9620E-03  2.8931E-02 -1.1267E-03 -1.4818E-02
  7.0070E-03  2.9292E-02 -1.1413E-03 -1.5010E-02
  7.0522E-03  2.9657E-02 -1.1561E-03 -1.5205E-02
  7.0978E-03  3.0026E-02 -1.1711E-03 -1.5402E-02
  7.1436E-03  3.0400E-02 -1.1862E-03 -1.5601E-02
  7.1896E-03  3.0778E-02 -1.2016E-03 -1.5803E-02
  7.2360E-03  3.1161E-02 -1.2171E-03 -1.6008E-02
  7.2826E-03  3.1549E-02 -1.2329E-03 -1.6215E-02
  7.3296E-03  3.1941E-02 -1.2488E-03 -1.6424E-02
  7.3768E-03  3.2337E-02 -1.2649E-03 -1.6637E-02
  7.4243E-03  3.2739E-02 -1.2813E-03 -1.6851E-02
  7.4721E-03  3.3145E-02 -1.2978E-03 -1.7069E-02
  7.5201E-03  3.3556E-02 -1.3146E-03 -1.7289E-02
  7.5685E-03  3.3972E-02 -1.3316E-03 -1.7513E-02
  7.6172E-03  3.4393E-02 -1.3487E-03 -1.7738E-02
  7.6661E-03  3.4819E-02 -1.3661E-03 -1.7967E-02
  7.7154E-03  3.5250E-02 -1.3837E-03 -1.8199E-02
  7.7649E-03  3.5686E-02 -1.4016E-03 -1.8433E-02
  7.8148E-03  3.6127E-02 -1.4196E-03 -1.8671E-02
  7.8650E-03  3.6574E-02 -1.4379E-03 -1.8911E-02
  7.9154E-03  3.7026E-02 -1.4564E-03 -1.9155E-02
  7.9662E-03  3.7483E-02 -1.4752E-03 -1.9401E-02
  8.0173E-03  3.7946E-02 -1.4941E-03 -1.9651E-02
  8.0687E-03  3.8414E-02 -1.5134E-03 -1.9904E-02
  8.1204E-03  3.8888E-02 -1.5328E-03 -2.0159E-02
  8.1724E-03  3.9368E-02 -1.5525E-03 -2.0419E-02
  8.2247E-03  3.9853E-02 -1.5725E-03 -2.0681E-02
  8.2774E-03  4.0344E-02 -1.5927E-03 -2.0947E-02
  8.3304E-03  4.0840E-02 -1.6131E-03 -2.1215E-02
  8.3837E-03  4.1343E-02 -1.6338E-03 -2.1488E-02
  8.4373E-03  4.1852E-02 -1.6548E-03 -2.1764E-02
  8.4912E-03  4.2366E-02 -1.6760E-03 -2.2043E-02
  8.5455E-03  4.2887E-02 -1.6975E-03 -2.2325E-02
  8.6001E-03  4.3414E-02 -1.7193E-03 -2.2612E-02
  8.6550E-03  4.3947E-02 -1.7413E-03 -2.2901E-02
  8.7103E-03  4.4486E-02 -1.7636E-03 -2.3195E-02
  8.7659E-03  4.5032E-02 -1.7862E-03 -2.3492E-02
  8.8219E-03  4.5584E-02 -1.8091E-03 -2.3793E-02
  8.8782E-03  4.6143E-02 -1.8322E-03 -2.4097E-02
  8.9348E-03  4.6708E-02 -1.8557E-03 -2.4406E-02
  8.9918E-03  4.7280E-02 -1.8794E-03 -2.4718E-02
  9.0491E-03  4.7859E-02 -1.9034E-03 -2.5034E-02
  9.1067E-03  4.8445E-02 -1.9278E-03 -2.5354E-02
  9.1648E-03  4.9037E-02 -1.9524E-03 -2.5678E-02
  9.2231E-03  4.9637E-02 -1.9774E-03 -2.6006E-02
  9.2819E-03  5.0243E-02 -2.0026E-03 -2.6338E-02
  9.3409E-03  5.0857E-02 -2.0282E-03 -2.6675E-02
  9.4004E-03  5.1478E-02 -2.0541E-03 -2.7015E-02
  9.4602E-03  5.2106E-02 -2.0803E-03 -2.7360E-02
  9.5204E-03  5.2742E-02 -2.1069E-03 -2.7709E-02
  9.5809E-03  5.3385E-02 -2.1337E-03 -2.8063E-02
  9.6418E-03  5.4035E-02 -2.1609E-03 -2.8421E-02
  9.7031E-03  5.4693E-02 -2.1885E-03 -2.8783E-02
  9.7647E-03  5.5359E-02 -2.2164E-03 -2.9150E-02
  9.8267E-03  5.6033E-02 -2.2446E-03 -2.9521E-02
  9.8891E-03  5.6715E-02 -2.2732E-03 -2.9897E-02
  9.9519E-03  5.7404E-02 -2.3022E-03 -3.0278E-02
  1.0015E-02  5.8102E-02 -2.3315E-03 -3.0664E-02
  1.0079E-02  5.8808E-02 -2.3612E-03 -3.1054E-02
  1.0143E-02  5.9522E-02 -2.3912E-03 -3.1449E-02
  1.0207E-02  6.0245E-02 -2.4216E-03 -3.1849E-02
  1.0272E-02  6.0976E-02 -2.4524E-03 -3.2254E-02
  1.0337E-02  6.1715E-02 -2.4836E-03 -3.2664E-02
  1.0402E-02  6.2463E-02 -2.5152E-03 -3.3080E-02
  1.0468E-02  6.3220E-02 -2.5472E-03 -3.3500E-02
  1.0534E-02  6.3986E-02 -2.5795E-03 -3.3926E-02
  1.0601E-02  6.4761E-02 -2.6123E-03 -3.4357E-02
  1.0668E-02  6.5544E-02 -2.6455E-03 -3.4793E-02
  1.0736E-02  6.6337E-02 -2.6791E-03 -3.5235E-02
  1.0804E-02  6.7139E-02 -2.7131E-03 -3.5682E-02
  1.0872E-02  6.7950E-02 -2.7475E-03 -3.6135E-02
  1.0941E-02  6.8771E-02 -2.7823E-03 -3.6593E-02
  1.1010E-02  6.9602E-02 -2.8176E-03 -3.7057E-02
  1.1079E-02  7.0442E-02 -2.8534E-03 -3.7527E-02
  1.1149E-02  7.1291E-02 -2.8895E-03 -3.8003E-02
  1.1220E-02  7.2151E-02 -2.9262E-03 -3.8485E-02
  1.1291E-02  7.3021E-02 -2.9633E-03 -3.8972E-02
  1.1362E-02  7.3900E-02 -3.0008E-03 -3.9466E-02
  1.1434E-02  7.4790E-02 -3.0388E-03 -3.9966E-02
  1.1506E-02  7.5691E-02 -3.0773E-03 -4.0472E-02
  1.1579E-02  7.6601E-02 -3.1162E-03 -4.0984E-02
  1.1652E-02  7.7522E-02 -3.1557E-03 -4.1503E-02
  1.1725E-02  7.8454E-02 -3.1956E-03 -4.2028E-02
  1.1799E-02  7.9397E-02 -3.2360E-03 -4.2560E-02
  1.1874E-02  8.0350E-02 -3.2770E-03 -4.3098E-02
  1.1948E-02  8.1315E-02 -3.3184E-03 -4.3643E-02
  1.2024E-02  8.2291E-02 -3.3604E-03 -4.4195E-02
  1.2099E-02  8.3277E-02 -3.4028E-03 -4.4754E-02
  1.2176E-02  8.4276E-02 -3.4458E-03 -4.5319E-02
  1.2252E-02  8.5286E-02 -3.4894E-03 -4.5892E-02
  1.2329E-02  8.6307E-02 -3.5335E-03 -4.6471E-02
  1.2407E-02  8.7340E-02 -3.5781E-03 -4.7058E-02
  1.2485E-02  8.8385E-02 -3.6233E-03 -4.7652E-02
  1.2564E-02  8.9443E-02 -3.6690E-03 -4.8254E-02
  1.2643E-02  9.0512E-02 -3.7153E-03 -4.8863E-02
  1.2722E-02  9.1594E-02 -3.7622E-03 -4.9480E-02
  1.2802E-02  9.2688E-02 -3.8096E-03 -5.0104E-02
  1.2883E-02  9.3794E-02 -3.8577E-03 -5.0736E-02
  1.2964E-02  9.4913E-02 -3.9063E-03 -5.1376E-02
  1.3045E-02  9.6046E-02 -3.9556E-03 -5.2023E-02
  1.3127E-02  9.7191E-02 -4.0055E-03 -5.2679E-02
  1.3210E-02  9.8349E-02 -4.0559E-03 -5.3343E-02
  1.3293E-02  9.9520E-02 -4.1070E-03 -5.4015E-02
  1.3376E-02  1.0071E-01 -4.1588E-03 -5.4695E-02
  1.3460E-02  1.0190E-01 -4.2112E-03 -5.5384E-02
  1.3545E-02  1.0312E-01 -4.2642E-03 -5.6082E-02
  1.3630E-02  1.0434E-01 -4.3179E-03 -5.6788E-02
  1.3715E-02  1.0558E-01 -4.3722E-03 -5.7503E-02
  1.3801E-02  1.0684E-01 -4.4273E-03 -5.8226E-02
  1.3888E-02  1.0810E-01 -4.4830E-03 -5.8959E-02
  1.3975E-02  1.0939E-01 -4.5394E-03 -5.9701E-02
  1.4062E-02  1.1068E-01 -4.5965E-03 -6.0452E-02
  1.4151E-02  1.1200E-01 -4.6543E-03 -6.1212E-02
  1.4239E-02  1.1332E-01 -4.7128E-03 -6.1981E-02
  1.4329E-02  1.1467E-01 -4.7720E-03 -6.2761E-02
  1.4418E-02  1.1602E-01 -4.8320E-03 -6.3549E-02
  1.4509E-02  1.1740E-01 -4.8927E-03 -6.4348E-02
  1.4600E-02  1.1879E-01 -4.9542E-03 -6.5156E-02
  1.4691E-02  1.2019E-01 -5.0164E-03 -6.5975E-02
  1.4783E-02  1.2161E-01 -5.0794E-03 -6.6803E-02
  1.4875E-02  1.2305E-01 -5.1432E-03 -6.7642E-02
  1.4969E-02  1.2450E-01 -5.2078E-03 -6.8492E-02
  1.5062E-02  1.2597E-01 -5.2732E-03 -6.9351E-02
  1.5157E-02  1.2745E-01 -5.3394E-03 -7.0222E-02
  1.5251E-02  1.2896E-01 -5.4064E-03 -7.1103E-02
  1.5347E-02  1.3048E-01 -5.4742E-03 -7.1995E-02
  1.5443E-02  1.3201E-01 -5.5428E-03 -7.2898E-02
  1.5539E-02  1.3357E-01 -5.6124E-03 -7.3812E-02
  1.5636E-02  1.3514E-01 -5.6827E-03 -7.4738E-02
  1.5734E-02  1.3673E-01 -5.7540E-03 -7.5675E-02
  1.5832E-02  1.3833E-01 -5.8261E-03 -7.6623E-02
  1.5931E-02  1.3996E-01 -5.8991E-03 -7.7584E-02
  1.6031E-02  1.4160E-01 -5.9731E-03 -7.8556E-02
  1.6131E-02  1.4326E-01 -6.0479E-03 -7.9540E-02
  1.6232E-02  1.4494E-01 -6.1237E-03 -8.0536E-02
  1.6333E-02  1.4664E-01 -6.2004E-03 -8.1545E-02
  1.6435E-02  1.4836E-01 -6.2780E-03 -8.2566E-02
  1.6538E-02  1.5010E-01 -6.3566E-03 -8.3600E-02
  1.6641E-02  1.5186E-01 -6.4362E-03 -8.4646E-02
  1.6745E-02  1.5363E-01 -6.5167E-03 -8.5706E-02
  1.6849E-02  1.5543E-01 -6.5983E-03 -8.6778E-02
  1.6954E-02  1.5725E-01 -6.6809E-03 -8.7864E-02
  1.7060E-02  1.5908E-01 -6.7644E-03 -8.8963E-02
  1.7166E-02  1.6094E-01 -6.8491E-03 -9.0076E-02
  1.7273E-02  1.6282E-01 -6.9347E-03 -9.1203E-02
  1.7381E-02  1.6472E-01 -7.0214E-03 -9.2343E-02
  1.7489E-02  1.6664E-01 -7.1092E-03 -9.3498E-02
  1.7598E-02  1.6858E-01 -7.1981E-03 -9.4666E-02
  1.7708E-02  1.7055E-01 -7.2881E-03 -9.5850E-02
  1.7818E-02  1.7253E-01 -7.3791E-03 -9.7047E-02
  1.7929E-02  1.7454E-01 -7.4714E-03 -9.8260E-02
  1.8041E-02  1.7657E-01 -7.5647E-03 -9.9488E-02
  1.8153E-02  1.7862E-01 -7.6592E-03 -1.0073E-01
  1.8267E-02  1.8069E-01 -7.7549E-03 -1.0199E-01
  1.8380E-02  1.8279E-01 -7.8517E-03 -1.0326E-01
  1.8495E-02  1.8491E-01 -7.9497E-03 -1.0455E-01
  1.8610E-02  1.8706E-01 -8.0490E-03 -1.0586E-01
  1.8726E-02  1.8923E-01 -8.1494E-03 -1.0718E-01
  1.8842E-02  1.9142E-01 -8.2512E-03 -1.0852E-01
  1.8959E-02  1.9363E-01 -8.3541E-03 -1.0987E-01
  1.9077E-02  1.9587E-01 -8.4584E-03 -1.1124E-01
  1.9196E-02  1.9814E-01 -8.5639E-03 -1.1263E-01
  1.9315E-02  2.0043E-01 -8.6707E-03 -1.1403E-01
  1.9435E-02  2.0275E-01 -8.7788E-03 -1.1545E-01
  1.9556E-02  2.0509E-01 -8.8883E-03 -1.1689E-01
  1.9678E-02  2.0745E-01 -8.9991E-03 -1.1835E-01
  1.9800E-02  2.0985E-01 -9.1113E-03 -1.1983E-01
  1.9923E-02  2.1227E-01 -9.2249E-03 -1.2132E-01
  2.0047E-02  2.1471E-01 -9.3399E-03 -1.2283E-01
  2.0172E-02  2.1718E-01 -9.4563E-03 -1.2436E-01
  2.0297E-02  2.1968E-01 -9.5741E-03 -1.2591E-01
  2.0423E-02  2.2221E-01 -9.6934E-03 -1.2748E-01
  2.0550E-02  2.2476E-01 -9.8141E-03 -1.2907E-01
  2.0677E-02  2.2735E-01 -9.9363E-03 -1.3068E-01
  2.0806E-02  2.2996E-01 -1.0060E-02 -1.3230E-01
  2.0935E-02  2.3259E-01 -1.0185E-02 -1.3395E-01
  2.1065E-02  2.3526E-01 -1.0312E-02 -1.3562E-01
  2.1196E-02  2.3796E-01 -1.0441E-02 -1.3731E-01
  2.1327E-02  2.4068E-01 -1.0570E-02 -1.3902E-01
  2.1460E-02  2.4344E-01 -1.0702E-02 -1.4075E-01
  2.1593E-02  2.4622E-01 -1.0835E-02 -1.4250E-01
  2.1727E-02  2.4904E-01 -1.0970E-02 -1.4427E-01
  2.1861E-02  2.5189E-01 -1.1106E-02 -1.4607E-01
  2.1997E-02  2.5476E-01 -1.1245E-02 -1.4788E-01
  2.2133E-02  2.5767E-01 -1.1384E-02 -1.4972E-01
  2.2271E-02  2.6061E-01 -1.1526E-02 -1.5158E-01
  2.2409E-02  2.6358E-01 -1.1669E-02 -1.5347E-01
  2.2548E-02  2.6658E-01 -1.1814E-02 -1.5538E-01
  2.2687E-02  2.6962E-01 -1.1961E-02 -1.5731E-01
  2.2828E-02  2.7269E-01 -1.2110E-02 -1.5926E-01
  2.2969E-02  2.7579E-01 -1.2261E-02 -1.6124E-01
  2.3112E-02  2.7892E-01 -1.2413E-02 -1.6325E-01
  2.3255E-02  2.8209E-01 -1.2567E-02 -1.6527E-01
  2.3399E-02  2.8529E-01 -1.2723E-02 -1.6733E-01
  2.3544E-02  2.8853E-01 -1.2881E-02 -1.6941E-01
  2.3690E-02  2.9180E-01 -1.3041E-02 -1.7151E-01
  2.3837E-02  2.9511E-01 -1.3203E-02 -1.7364E-01
  2.3984E-02  2.9845E-01 -1.3367E-02 -1.7580E-01
  2.4133E-02  3.0182E-01 -1.3533E-02 -1.7798E-01
  2.4282E-02  3.0524E-01 -1.3701E-02 -1.8019E-01
  2.4432E-02  3.0869E-01 -1.3871E-02 -1.8242E-01
  2.4584E-02  3.1217E-01 -1.4044E-02 -1.8469E-01
  2.4736E-02  3.1570E-01 -1.4218E-02 -1.8698E-01
  2.4889E-02  3.1926E-01 -1.4394E-02 -1.8930E-01
  2.5043E-02  3.2285E-01 -1.4573E-02 -1.9165E-01
  2.5198E-02  3.2649E-01 -1.4754E-02 -1.9403E-01
  2.5354E-02  3.3017E-01 -1.4937E-02 -1.9643E-01
  2.5510E-02  3.3388E-01 -1.5122E-02 -1.9887E-01
  2.5668E-02  3.3763E-01 -1.5310E-02 -2.0134E-01
  2.5827E-02  3.4143E-01 -1.5499E-02 -2.0383E-01
  2.5987E-02  3.4526E-01 -1.5692E-02 -2.0636E-01
  2.6147E-02  3.4913E-01 -1.5886E-02 -2.0892E-01
  2.6309E-02  3.5305E-01 -1.6083E-02 -2.1151E-01
  2.6472E-02  3.5700E-01 -1.6282E-02 -2.1413E-01
  2.6635E-02  3.6100E-01 -1.6484E-02 -2.1679E-01
  2.6800E-02  3.6504E-01 -1.6689E-02 -2.1947E-01
  2.6965E-02  3.6912E-01 -1.6895E-02 -2.2219E-01
  2.7132E-02  3.7324E-01 -1.7105E-02 -2.2494E-01
  2.7300E-02  3.7741E-01 -1.7317E-02 -2.2773E-01
  2.7468E-02  3.8162E-01 -1.7531E-02 -2.3055E-01
  2.7638E-02  3.8587E-01 -1.7748E-02 -2.3341E-01
  2.7809E-02  3.9017E-01 -1.7968E-02 -2.3630E-01
  2.7981E-02  3.9451E-01 -1.8191E-02 -2.3923E-01
  2.8153E-02  3.9890E-01 -1.8416E-02 -2.4219E-01
  2.8327E-02  4.0334E-01 -1.8644E-02 -2.4519E-01
  2.8502E-02  4.0782E-01 -1.8875E-02 -2.4822E-01
  2.8678E-02  4.1234E-01 -1.9109E-02 -2.5129E-01
  2.8855E-02  4.1692E-01 -1.9345E-02 -2.5440E-01
  2.9033E-02  4.2154E-01 -1.9585E-02 -2.5755E-01
  2.9212E-02  4.2620E-01 -1.9827E-02 -2.6074E-01
  2.9393E-02  4.3092E-01 -2.0072E-02 -2.6397E-01
  2.9574E-02  4.3569E-01 -2.0321E-02 -2.6723E-01
  2.9757E-02  4.4050E-01 -2.0572E-02 -2.7054E-01
  2.9940E-02  4.4536E-01 -2.0827E-02 -2.7389E-01
  3.0125E-02  4.5028E-01 -2.1084E-02 -2.7727E-01
  3.0311E-02  4.5524E-01 -2.1345E-02 -2.8070E-01
  3.0498E-02  4.6026E-01 -2.1609E-02 -2.8417E-01
  3.0686E-02  4.6532E-01 -2.1876E-02 -2.8769E-01
  3.0875E-02  4.7044E-01 -2.2147E-02 -2.9125E-01
  3.1066E-02  4.7561E-01 -2.2421E-02 -2.9485E-01
  3.1257E-02  4.8083E-01 -2.2698E-02 -2.9849E-01
  3.1450E-02  4.8611E-01 -2.2978E-02 -3.0218E-01
  3.1644E-02  4.9144E-01 -2.3262E-02 -3.0592E-01
  3.1839E-02  4.9682E-01 -2.3550E-02 -3.0970E-01
  3.2035E-02  5.0226E-01 -2.3841E-02 -3.1352E-01
  3.2233E-02  5.0775E-01 -2.4136E-02 -3.1740E-01
  3.2431E-02  5.1330E-01 -2.4434E-02 -3.2132E-01
  3.2631E-02  5.1891E-01 -2.4736E-02 -3.2529E-01
  3.2832E-02  5.2457E-01 -2.5041E-02 -3.2931E-01
  3.3035E-02  5.3029E-01 -2.5351E-02 -3.3337E-01
  3.3238E-02  5.3606E-01 -2.5664E-02 -3.3749E-01
  3.3443E-02  5.4189E-01 -2.5981E-02 -3.4166E-01
  3.3649E-02  5.4779E-01 -2.6302E-02 -3.4588E-01
  3.3856E-02  5.5374E-01 -2.6626E-02 -3.5015E-01
  3.4065E-02  5.5975E-01 -2.6955E-02 -3.5447E-01
  3.4275E-02  5.6582E-01 -2.7288E-02 -3.5885E-01
  3.4486E-02  5.7195E-01 -2.7625E-02 -3.6328E-01
  3.4698E-02  5.7814E-01 -2.7966E-02 -3.6776E-01
  3.4912E-02  5.8440E-01 -2.8311E-02 -3.7230E-01
  3.5127E-02  5.9071E-01 -2.8661E-02 -3.7689E-01
  3.5343E-02  5.9709E-01 -2.9014E-02 -3.8155E-01
  3.5560E-02  6.0353E-01 -2.9372E-02 -3.8625E-01
  3.5779E-02  6.1004E-01 -2.9735E-02 -3.9102E-01
  3.6000E-02  6.1661E-01 -3.0102E-02 -3.9584E-01
  3.6221E-02  6.2324E-01 -3.0473E-02 -4.0073E-01
  3.6444E-02  6.2994E-01 -3.0849E-02 -4.0567E-01
  3.6668E-02  6.3671E-01 -3.1229E-02 -4.1067E-01
  3.6894E-02  6.4354E-01 -3.1615E-02 -4.1574E-01
  3.7121E-02  6.5044E-01 -3.2005E-02 -4.2086E-01
  3.7349E-02  6.5740E-01 -3.2399E-02 -4.2605E-01
  3.7579E-02  6.6444E-01 -3.2799E-02 -4.3130E-01
  3.7810E-02  6.7154E-01 -3.3203E-02 -4.3662E-01
  3.8043E-02  6.7871E-01 -3.3613E-02 -4.4200E-01
  3.8277E-02  6.8595E-01 -3.4027E-02 -4.4745E-01
  3.8512E-02  6.9326E-01 -3.4446E-02 -4.5297E-01
  3.8749E-02  7.0065E-01 -3.4871E-02 -4.5855E-01
  3.8987E-02  7.0810E-01 -3.5301E-02 -4.6420E-01
  3.9227E-02  7.1562E-01 -3.5736E-02 -4.6992E-01
  3.9468E-02  7.2322E-01 -3.6176E-02 -4.7571E-01
  3.9711E-02  7.3089E-01 -3.6622E-02 -4.8157E-01
  3.9955E-02  7.3864E-01 -3.7073E-02 -4.8750E-01
  4.0201E-02  7.4646E-01 -3.7530E-02 -4.9351E-01
  4.0448E-02  7.5435E-01 -3.7992E-02 -4.9959E-01
  4.0697E-02  7.6232E-01 -3.8460E-02 -5.0574E-01
  4.0947E-02  7.7036E-01 -3.8934E-02 -5.1197E-01
  4.1198E-02  7.7849E-01 -3.9414E-02 -5.1827E-01
  4.1452E-02  7.8668E-01 -3.9899E-02 -5.2466E-01
  4.1706E-02  7.9496E-01 -4.0390E-02 -5.3112E-01
  4.1963E-02  8.0332E-01 -4.0888E-02 -5.3765E-01
  4.2220E-02  8.1175E-01 -4.1391E-02 -5.4427E-01
  4.2480E-02  8.2026E-01 -4.1901E-02 -5.5097E-01
  4.2741E-02  8.2886E-01 -4.2417E-02 -5.5775E-01
  4.3003E-02  8.3753E-01 -4.2939E-02 -5.6462E-01
  4.3268E-02  8.4628E-01 -4.3467E-02 -5.7157E-01
  4.3533E-02  8.5512E-01 -4.4002E-02 -5.7860E-01
  4.3801E-02  8.6404E-01 -4.4544E-02 -5.8572E-01
  4.4070E-02  8.7304E-01 -4.5092E-02 -5.9293E-01
  4.4340E-02  8.8213E-01 -4.5647E-02 -6.0022E-01
  4.4613E-02  8.9130E-01 -4.6209E-02 -6.0760E-01
  4.4887E-02  9.0056E-01 -4.6777E-02 -6.1508E-01
  4.5162E-02  9.0990E-01 -4.7353E-02 -6.2264E-01
  4.5440E-02  9.1933E-01 -4.7935E-02 -6.3030E-01
  4.5719E-02  9.2884E-01 -4.8525E-02 -6.3805E-01
  4.5999E-02  9.3844E-01 -4.9122E-02 -6.4590E-01
  4.6282E-02  9.4813E-01 -4.9726E-02 -6.5384E-01
  4.6566E-02  9.5791E-01 -5.0337E-02 -6.6188E-01
  4.6852E-02  9.6778E-01 -5.0956E-02 -6.7002E-01
  4.7139E-02  9.7774E-01 -5.1583E-02 -6.7825E-01
  4.7429E-02  9.8778E-01 -5.2217E-02 -6.8659E-01
  4.7720E-02  9.9792E-01 -5.2859E-02 -6.9503E-01
  4.8012E-02  1.0082E+00 -5.3509E-02 -7.0357E-01
  4.8307E-02  1.0185E+00 -5.4167E-02 -7.1222E-01
  4.8603E-02  1.0289E+00 -5.4832E-02 -7.2097E-01
  4.8902E-02  1.0394E+00 -5.5506E-02 -7.2983E-01
  4.9202E-02  1.0500E+00 -5.6188E-02 -7.3880E-01
  4.9504E-02  1.0607E+00 -5.6879E-02 -7.4787E-01
  4.9807E-02  1.0715E+00 -5.7578E-02 -7.5706E-01
  5.0113E-02  1.0824E+00 -5.8285E-02 -7.6636E-01
  5.0420E-02  1.0934E+00 -5.9001E-02 -7.7577E-01
  5.0730E-02  1.1045E+00 -5.9726E-02 -7.8530E-01
  5.1041E-02  1.1156E+00 -6.0460E-02 -7.9494E-01
  5.1354E-02  1.1269E+00 -6.1203E-02 -8.0471E-01
  5.1669E-02  1.1383E+00 -6.1954E-02 -8.1459E-01
  5.1986E-02  1.1498E+00 -6.2715E-02 -8.2459E-01
  5.2304E-02  1.1614E+00 -6.3486E-02 -8.3471E-01
  5.2625E-02  1.1731E+00 -6.4265E-02 -8.4496E-01
  5.2948E-02  1.1848E+00 -6.5054E-02 -8.5533E-01
  5.3272E-02  1.1967E+00 -6.5853E-02 -8.6583E-01
  5.3599E-02  1.2087E+00 -6.6662E-02 -8.7646E-01
  5.3928E-02  1.2208E+00 -6.7480E-02 -8.8721E-01
  5.4258E-02  1.2330E+00 -6.8308E-02 -8.9810E-01
  5.4591E-02  1.2453E+00 -6.9147E-02 -9.0912E-01
  5.4926E-02  1.2577E+00 -6.9995E-02 -9.2027E-01
  5.5262E-02  1.2702E+00 -7.0854E-02 -9.3156E-01
  5.5601E-02  1.2828E+00 -7.1724E-02 -9.4299E-01
  5.5942E-02  1.2956E+00 -7.2604E-02 -9.5456E-01
  5.6285E-02  1.3084E+00 -7.3495E-02 -9.6627E-01
  5.6630E-02  1.3214E+00 -7.4397E-02 -9.7812E-01
  5.6977E-02  1.3344E+00 -7.5310E-02 -9.9012E-01
  5.7326E-02  1.3476E+00 -7.6233E-02 -1.0023E+00
  5.7677E-02  1.3608E+00 -7.7169E-02 -1.0145E+00
  5.8030E-02  1.3742E+00 -7.8115E-02 -1.0270E+00
  5.8386E-02  1.3877E+00 -7.9073E-02 -1.0396E+00
  5.8744E-02  1.4013E+00 -8.0043E-02 -1.0523E+00
  5.9104E-02  1.4151E+00 -8.1025E-02 -1.0652E+00
  5.9466E-02  1.4289E+00 -8.2018E-02 -1.0783E+00
  5.9830E-02  1.4428E+00 -8.3024E-02 -1.0915E+00
  6.0196E-02  1.4569E+00 -8.4042E-02 -1.1049E+00
  6.0565E-02  1.4711E+00 -8.5072E-02 -1.1184E+00
  6.0936E-02  1.4854E+00 -8.6115E-02 -1.1321E+00
  6.1309E-02  1.4998E+00 -8.7171E-02 -1.1460E+00
  6.1685E-02  1.5143E+00 -8.8239E-02 -1.1600E+00
  6.2063E-02  1.5289E+00 -8.9320E-02 -1.1742E+00
  6.2443E-02  1.5437E+00 -9.0415E-02 -1.1886E+00
  6.2825E-02  1.5586E+00 -9.1523E-02 -1.2032E+00
  6.3210E-02  1.5736E+00 -9.2645E-02 -1.2179E+00
  6.3597E-02  1.5887E+00 -9.3780E-02 -1.2328E+00
  6.3986E-02  1.6039E+00 -9.4929E-02 -1.2479E+00
  6.4378E-02  1.6193E+00 -9.6092E-02 -1.2632E+00
  6.4772E-02  1.6348E+00 -9.7269E-02 -1.2787E+00
  6.5169E-02  1.6504E+00 -9.8460E-02 -1.2943E+00
  6.5568E-02  1.6661E+00 -9.9666E-02 -1.3102E+00
  6.5969E-02  1.6819E+00 -1.0089E-01 -1.3262E+00
  6.6373E-02  1.6979E+00 -1.0212E-01 -1.3424E+00
  6.6779E-02  1.7140E+00 -1.0337E-01 -1.3589E+00
  6.7188E-02  1.7302E+00 -1.0464E-01 -1.3755E+00
  6.7599E-02  1.7466E+00 -1.0592E-01 -1.3923E+00
  6.8013E-02  1.7630E+00 -1.0722E-01 -1.4094E+00
  6.8429E-02  1.7796E+00 -1.0853E-01 -1.4266E+00
  6.8848E-02  1.7963E+00 -1.0986E-01 -1.4441E+00
  6.9270E-02  1.8132E+00 -1.1120E-01 -1.4617E+00
  6.9693E-02  1.8301E+00 -1.1256E-01 -1.4796E+00
  7.0120E-02  1.8472E+00 -1.1394E-01 -1.4977E+00
  7.0549E-02  1.8645E+00 -1.1534E-01 -1.5160E+00
  7.0981E-02  1.8818E+00 -1.1675E-01 -1.5346E+00
  7.1415E-02  1.8993E+00 -1.1817E-01 -1.5533E+00
  7.1852E-02  1.9169E+00 -1.1962E-01 -1.5723E+00
  7.2292E-02  1.9346E+00 -1.2108E-01 -1.5915E+00
  7.2734E-02  1.9525E+00 -1.2256E-01 -1.6110E+00
  7.3179E-02  1.9705E+00 -1.2406E-01 -1.6307E+00
  7.3627E-02  1.9886E+00 -1.2558E-01 -1.6506E+00
  7.4077E-02  2.0069E+00 -1.2712E-01 -1.6708E+00
  7.4530E-02  2.0253E+00 -1.2867E-01 -1.6912E+00
  7.4986E-02  2.0438E+00 -1.3025E-01 -1.7119E+00
  7.5445E-02  2.0625E+00 -1.3184E-01 -1.7328E+00
  7.5906E-02  2.0812E+00 -1.3345E-01 -1.7540E+00
  7.6370E-02  2.1002E+00 -1.3508E-01 -1.7754E+00
  7.6838E-02  2.1192E+00 -1.3673E-01 -1.7971E+00
  7.7307E-02  2.1384E+00 -1.3840E-01 -1.8190E+00
  7.7780E-02  2.1577E+00 -1.4009E-01 -1.8412E+00
  7.8256E-02  2.1772E+00 -1.4181E-01 -1.8637E+00
  7.8735E-02  2.1967E+00 -1.4354E-01 -1.8865E+00
  7.9216E-02  2.2165E+00 -1.4529E-01 -1.9095E+00
  7.9700E-02  2.2363E+00 -1.4707E-01 -1.9328E+00
  8.0188E-02  2.2563E+00 -1.4887E-01 -1.9564E+00
  8.0678E-02  2.2764E+00 -1.5068E-01 -1.9803E+00
  8.1171E-02  2.2967E+00 -1.5252E-01 -2.0045E+00
  8.1668E-02  2.3171E+00 -1.5439E-01 -2.0289E+00
  8.2167E-02  2.3376E+00 -1.5627E-01 -2.0537E+00
  8.2669E-02  2.3582E+00 -1.5818E-01 -2.0787E+00
  8.3175E-02  2.3790E+00 -1.6011E-01 -2.1041E+00
  8.3683E-02  2.3999E+00 -1.6207E-01 -2.1298E+00
  8.4195E-02  2.4210E+00 -1.6405E-01 -2.1557E+00
  8.4709E-02  2.4422E+00 -1.6605E-01 -2.1820E+00
  8.5227E-02  2.4635E+00 -1.6808E-01 -2.2086E+00
  8.5748E-02  2.4850E+00 -1.7013E-01 -2.2356E+00
  8.6272E-02  2.5066E+00 -1.7220E-01 -2.2628E+00
  8.6800E-02  2.5283E+00 -1.7430E-01 -2.2904E+00
  8.7330E-02  2.5502E+00 -1.7643E-01 -2.3183E+00
  8.7864E-02  2.5722E+00 -1.7858E-01 -2.3466E+00
  8.8401E-02  2.5944E+00 -1.8076E-01 -2.3752E+00
  8.8941E-02  2.6166E+00 -1.8297E-01 -2.4041E+00
  8.9485E-02  2.6390E+00 -1.8520E-01 -2.4334E+00
  9.0032E-02  2.6616E+00 -1.8746E-01 -2.4631E+00
  9.0582E-02  2.6843E+00 -1.8974E-01 -2.4931E+00
  9.1135E-02  2.7071E+00 -1.9206E-01 -2.5235E+00
  9.1692E-02  2.7300E+00 -1.9440E-01 -2.5542E+00
  9.2252E-02  2.7531E+00 -1.9677E-01 -2.5853E+00
  9.2816E-02  2.7763E+00 -1.9917E-01 -2.6168E+00
  9.3383E-02  2.7997E+00 -2.0160E-01 -2.6486E+00
  9.3954E-02  2.8231E+00 -2.0405E-01 -2.6809E+00
  9.4528E-02  2.8468E+00 -2.0654E-01 -2.7135E+00
  9.5105E-02  2.8705E+00 -2.0906E-01 -2.7465E+00
  9.5686E-02  2.8944E+00 -2.1160E-01 -2.7800E+00
  9.6271E-02  2.9184E+00 -2.1418E-01 -2.8138E+00
  9.6859E-02  2.9425E+00 -2.1679E-01 -2.8480E+00
  9.7451E-02  2.9668E+00 -2.1943E-01 -2.8827E+00
  9.8046E-02  2.9912E+00 -2.2210E-01 -2.9177E+00
  9.8645E-02  3.0157E+00 -2.2481E-01 -2.9532E+00
  9.9248E-02  3.0404E+00 -2.2755E-01 -2.9891E+00
  9.9854E-02  3.0652E+00 -2.3032E-01 -3.0255E+00
  1.0046E-01  3.0901E+00 -2.3312E-01 -3.0623E+00
  1.0108E-01  3.1151E+00 -2.3596E-01 -3.0995E+00
  1.0169E-01  3.1403E+00 -2.3883E-01 -3.1372E+00
  1.0232E-01  3.1656E+00 -2.4174E-01 -3.1753E+00
  1.0294E-01  3.1910E+00 -2.4468E-01 -3.2139E+00
  1.0357E-01  3.2165E+00 -2.4766E-01 -3.2529E+00
  1.0420E-01  3.2422E+00 -2.5067E-01 -3.2924E+00
  1.0484E-01  3.2680E+00 -2.5372E-01 -3.3324E+00
  1.0548E-01  3.2939E+00 -2.5681E-01 -3.3729E+00
  1.0612E-01  3.3199E+00 -2.5993E-01 -3.4139E+00
  1.0677E-01  3.3461E+00 -2.6309E-01 -3.4553E+00
  1.0742E-01  3.3724E+00 -2.6629E-01 -3.4973E+00
  1.0808E-01  3.3988E+00 -2.6953E-01 -3.5397E+00
  1.0874E-01  3.4253E+00 -2.7280E-01 -3.5827E+00
  1.0940E-01  3.4519E+00 -2.7612E-01 -3.6261E+00
  1.1007E-01  3.4786E+00 -2.7948E-01 -3.6701E+00
  1.1074E-01  3.5055E+00 -2.8287E-01 -3.7147E+00
  1.1142E-01  3.5324E+00 -2.8631E-01 -3.7597E+00
  1.1210E-01  3.5595E+00 -2.8979E-01 -3.8053E+00
  1.1278E-01  3.5867E+00 -2.9331E-01 -3.8515E+00
  1.1347E-01  3.6140E+00 -2.9687E-01 -3.8981E+00
  1.1416E-01  3.6414E+00 -3.0048E-01 -3.9454E+00
  1.1486E-01  3.6689E+00 -3.0413E-01 -3.9932E+00
  1.1556E-01  3.6966E+00 -3.0782E-01 -4.0416E+00
  1.1627E-01  3.7243E+00 -3.1156E-01 -4.0906E+00
  1.1698E-01  3.7521E+00 -3.1534E-01 -4.1401E+00
  1.1769E-01  3.7801E+00 -3.1917E-01 -4.1903E+00
  1.1841E-01  3.8081E+00 -3.2304E-01 -4.2410E+00
  1.1913E-01  3.8362E+00 -3.2696E-01 -4.2924E+00
  1.1986E-01  3.8645E+00 -3.3093E-01 -4.3443E+00
  1.2059E-01  3.8928E+00 -3.3494E-01 -4.3969E+00
  1.2133E-01  3.9212E+00 -3.3900E-01 -4.4501E+00
  1.2207E-01  3.9497E+00 -3.4311E-01 -4.5040E+00
  1.2281E-01  3.9783E+00 -3.4728E-01 -4.5585E+00
  1.2356E-01  4.0070E+00 -3.5149E-01 -4.6136E+00
  1.2432E-01  4.0358E+00 -3.5575E-01 -4.6694E+00
  1.2508E-01  4.0646E+00 -3.6006E-01 -4.7259E+00
  1.2584E-01  4.0936E+00 -3.6442E-01 -4.7830E+00
  1.2661E-01  4.1226E+00 -3.6884E-01 -4.8408E+00
  1.2738E-01  4.1517E+00 -3.7331E-01 -4.8993E+00
  1.2816E-01  4.1809E+00 -3.7783E-01 -4.9585E+00
  1.2894E-01  4.2101E+00 -3.8240E-01 -5.0184E+00
  1.2973E-01  4.2395E+00 -3.8704E-01 -5.0790E+00
  1.3052E-01  4.2689E+00 -3.9172E-01 -5.1403E+00
  1.3131E-01  4.2983E+00 -3.9646E-01 -5.2024E+00
  1.3212E-01  4.3279E+00 -4.0126E-01 -5.2652E+00
  1.3292E-01  4.3575E+00 -4.0612E-01 -5.3287E+00
  1.3373E-01  4.3871E+00 -4.1103E-01 -5.3930E+00
  1.3455E-01  4.4168E+00 -4.1601E-01 -5.4581E+00
  1.3537E-01  4.4466E+00 -4.2104E-01 -5.5239E+00
  1.3620E-01  4.4765E+00 -4.2613E-01 -5.5905E+00
  1.3703E-01  4.5063E+00 -4.3128E-01 -5.6579E+00
  1.3786E-01  4.5363E+00 -4.3650E-01 -5.7261E+00
  1.3870E-01  4.5662E+00 -4.4177E-01 -5.7951E+00
  1.3955E-01  4.5963E+00 -4.4711E-01 -5.8649E+00
  1.4040E-01  4.6263E+00 -4.5252E-01 -5.9355E+00
  1.4126E-01  4.6564E+00 -4.5798E-01 -6.0070E+00
  1.4212E-01  4.6866E+00 -4.6352E-01 -6.0793E+00
  1.4299E-01  4.7167E+00 -4.6911E-01 -6.1525E+00
  1.4386E-01  4.7469E+00 -4.7478E-01 -6.2265E+00
  1.4474E-01  4.7772E+00 -4.8051E-01 -6.3014E+00
  1.4562E-01  4.8074E+00 -4.8631E-01 -6.3772E+00
  1.4651E-01  4.8377E+00 -4.9218E-01 -6.4539E+00
  1.4740E-01  4.8680E+00 -4.9812E-01 -6.5315E+00
  1.4830E-01  4.8983E+00 -5.0413E-01 -6.6100E+00
  1.4920E-01  4.9286E+00 -5.1021E-01 -6.6894E+00
  1.5011E-01  4.9589E+00 -5.1636E-01 -6.7698E+00
  1.5103E-01  4.9892E+00 -5.2259E-01 -6.8510E+00
  1.5195E-01  5.0195E+00 -5.2889E-01 -6.9333E+00
  1.5288E-01  5.0498E+00 -5.3526E-01 -7.0165E+00
  1.5381E-01  5.0801E+00 -5.4171E-01 -7.1007E+00
  1.5475E-01  5.1105E+00 -5.4824E-01 -7.1859E+00
  1.5569E-01  5.1407E+00 -5.5484E-01 -7.2720E+00
  1.5664E-01  5.1710E+00 -5.6152E-01 -7.3592E+00
  1.5760E-01  5.2013E+00 -5.6828E-01 -7.4474E+00
  1.5856E-01  5.2315E+00 -5.7512E-01 -7.5367E+00
  1.5952E-01  5.2617E+00 -5.8205E-01 -7.6269E+00
  1.6050E-01  5.2918E+00 -5.8905E-01 -7.7183E+00
  1.6148E-01  5.3220E+00 -5.9613E-01 -7.8106E+00
  1.6246E-01  5.3520E+00 -6.0330E-01 -7.9041E+00
  1.6345E-01  5.3821E+00 -6.1056E-01 -7.9987E+00
  1.6445E-01  5.4121E+00 -6.1790E-01 -8.0943E+00
  1.6545E-01  5.4420E+00 -6.2532E-01 -8.1911E+00
  1.6646E-01  5.4719E+00 -6.3284E-01 -8.2890E+00
  1.6747E-01  5.5017E+00 -6.4044E-01 -8.3880E+00
  1.6850E-01  5.5314E+00 -6.4813E-01 -8.4882E+00
  1.6952E-01  5.5611E+00 -6.5591E-01 -8.5895E+00
  1.7056E-01  5.5907E+00 -6.6378E-01 -8.6921E+00
  1.7160E-01  5.6202E+00 -6.7175E-01 -8.7958E+00
  1.7264E-01  5.6497E+00 -6.7981E-01 -8.9007E+00
  1.7370E-01  5.6790E+00 -6.8796E-01 -9.0068E+00
  1.7475E-01  5.7083E+00 -6.9621E-01 -9.1141E+00
  1.7582E-01  5.7374E+00 -7.0456E-01 -9.2227E+00
  1.7689E-01  5.7665E+00 -7.1300E-01 -9.3325E+00
  1.7797E-01  5.7954E+00 -7.2154E-01 -9.4436E+00
  1.7906E-01  5.8242E+00 -7.3019E-01 -9.5560E+00
  1.8015E-01  5.8529E+00 -7.3893E-01 -9.6697E+00
  1.8125E-01  5.8815E+00 -7.4778E-01 -9.7846E+00
  1.8235E-01  5.9100E+00 -7.5673E-01 -9.9009E+00
  1.8346E-01  5.9383E+00 -7.6578E-01 -1.0019E+01
  1.8458E-01  5.9665E+00 -7.7494E-01 -1.0138E+01
  1.8571E-01  5.9945E+00 -7.8421E-01 -1.0258E+01
  1.8684E-01  6.0224E+00 -7.9358E-01 -1.0380E+01
  1.8798E-01  6.0501E+00 -8.0307E-01 -1.0503E+01
  1.8912E-01  6.0777E+00 -8.1266E-01 -1.0627E+01
  1.9028E-01  6.1051E+00 -8.2237E-01 -1.0753E+01
  1.9144E-01  6.1323E+00 -8.3219E-01 -1.0881E+01
  1.9260E-01  6.1593E+00 -8.4212E-01 -1.1009E+01
  1.9378E-01  6.1862E+00 -8.5217E-01 -1.1140E+01
  1.9496E-01  6.2129E+00 -8.6233E-01 -1.1271E+01
  1.9615E-01  6.2394E+00 -8.7262E-01 -1.1405E+01
  1.9734E-01  6.2656E+00 -8.8302E-01 -1.1539E+01
  1.9854E-01  6.2917E+00 -8.9354E-01 -1.1676E+01
  1.9975E-01  6.3175E+00 -9.0419E-01 -1.1813E+01
  2.0097E-01  6.3432E+00 -9.1496E-01 -1.1953E+01
  2.0220E-01  6.3686E+00 -9.2585E-01 -1.2094E+01
  2.0343E-01  6.3938E+00 -9.3687E-01 -1.2236E+01
  2.0467E-01  6.4187E+00 -9.4801E-01 -1.2380E+01
  2.0592E-01  6.4434E+00 -9.5929E-01 -1.2526E+01
  2.0717E-01  6.4678E+00 -9.7069E-01 -1.2674E+01
  2.0843E-01  6.4920E+00 -9.8222E-01 -1.2823E+01
  2.0970E-01  6.5159E+00 -9.9389E-01 -1.2973E+01
  2.1098E-01  6.5395E+00 -1.0057E+00 -1.3126E+01
  2.1227E-01  6.5629E+00 -1.0176E+00 -1.3280E+01
  2.1356E-01  6.5860E+00 -1.0297E+00 -1.3436E+01
  2.1486E-01  6.6087E+00 -1.0419E+00 -1.3593E+01
  2.1617E-01  6.6312E+00 -1.0543E+00 -1.3753E+01
  2.1749E-01  6.6534E+00 -1.0668E+00 -1.3914E+01
  2.1881E-01  6.6752E+00 -1.0794E+00 -1.4076E+01
  2.2015E-01  6.6968E+00 -1.0922E+00 -1.4241E+01
  2.2149E-01  6.7180E+00 -1.1051E+00 -1.4408E+01
  2.2284E-01  6.7389E+00 -1.1182E+00 -1.4576E+01
  2.2420E-01  6.7594E+00 -1.1314E+00 -1.4746E+01
  2.2556E-01  6.7796E+00 -1.1448E+00 -1.4918E+01
  2.2694E-01  6.7994E+00 -1.1583E+00 -1.5092E+01
  2.2832E-01  6.8189E+00 -1.1720E+00 -1.5268E+01
  2.2971E-01  6.8380E+00 -1.1858E+00 -1.5445E+01
  2.3111E-01  6.8567E+00 -1.1998E+00 -1.5625E+01
  2.3252E-01  6.8750E+00 -1.2140E+00 -1.5807E+01
  2.3394E-01  6.8929E+00 -1.2283E+00 -1.5990E+01
  2.3536E-01  6.9104E+00 -1.2428E+00 -1.6176E+01
  2.3680E-01  6.9275E+00 -1.2574E+00 -1.6363E+01
  2.3824E-01  6.9442E+00 -1.2722E+00 -1.6553E+01
  2.3969E-01  6.9605E+00 -1.2872E+00 -1.6745E+01
  2.4115E-01  6.9763E+00 -1.3023E+00 -1.6938E+01
  2.4262E-01  6.9917E+00 -1.3176E+00 -1.7134E+01
  2.4410E-01  7.0066E+00 -1.3331E+00 -1.7332E+01
  2.4558E-01  7.0211E+00 -1.3488E+00 -1.7532E+01
  2.4708E-01  7.0351E+00 -1.3646E+00 -1.7734E+01
  2.4859E-01  7.0486E+00 -1.3806E+00 -1.7938E+01
  2.5010E-01  7.0617E+00 -1.3968E+00 -1.8145E+01
  2.5162E-01  7.0742E+00 -1.4132E+00 -1.8354E+01
  2.5316E-01  7.0863E+00 -1.4297E+00 -1.8564E+01
  2.5470E-01  7.0978E+00 -1.4465E+00 -1.8777E+01
  2.5625E-01  7.1088E+00 -1.4634E+00 -1.8993E+01
  2.5781E-01  7.1193E+00 -1.4805E+00 -1.9210E+01
  2.5938E-01  7.1293E+00 -1.4978E+00 -1.9430E+01
  2.6096E-01  7.1387E+00 -1.5153E+00 -1.9652E+01
  2.6255E-01  7.1475E+00 -1.5330E+00 -1.9877E+01
  2.6415E-01  7.1558E+00 -1.5509E+00 -2.0103E+01
  2.6576E-01  7.1636E+00 -1.5690E+00 -2.0333E+01
  2.6738E-01  7.1707E+00 -1.5872E+00 -2.0564E+01
  2.6901E-01  7.1773E+00 -1.6057E+00 -2.0798E+01
  2.7065E-01  7.1833E+00 -1.6244E+00 -2.1034E+01
  2.7230E-01  7.1886E+00 -1.6433E+00 -2.1273E+01
  2.7395E-01  7.1934E+00 -1.6624E+00 -2.1514E+01
  2.7562E-01  7.1975E+00 -1.6817E+00 -2.1757E+01
  2.7730E-01  7.2010E+00 -1.7012E+00 -2.2003E+01
  2.7899E-01  7.2039E+00 -1.7210E+00 -2.2252E+01
  2.8069E-01  7.2061E+00 -1.7409E+00 -2.2503E+01
  2.8240E-01  7.2077E+00 -1.7611E+00 -2.2756E+01
  2.8412E-01  7.2086E+00 -1.7815E+00 -2.3012E+01
  2.8585E-01  7.2088E+00 -1.8021E+00 -2.3271E+01
  2.8759E-01  7.2083E+00 -1.8229E+00 -2.3532E+01
  2.8934E-01  7.2072E+00 -1.8440E+00 -2.3796E+01
  2.9111E-01  7.2053E+00 -1.8652E+00 -2.4062E+01
  2.9288E-01  7.2028E+00 -1.8868E+00 -2.4331E+01
  2.9466E-01  7.1995E+00 -1.9085E+00 -2.4602E+01
  2.9646E-01  7.1955E+00 -1.9305E+00 -2.4876E+01
  2.9826E-01  7.1908E+00 -1.9527E+00 -2.5153E+01
  3.0008E-01  7.1853E+00 -1.9751E+00 -2.5432E+01
  3.0191E-01  7.1790E+00 -1.9978E+00 -2.5714E+01
  3.0375E-01  7.1720E+00 -2.0208E+00 -2.5999E+01
  3.0560E-01  7.1643E+00 -2.0439E+00 -2.6287E+01
  3.0746E-01  7.1557E+00 -2.0674E+00 -2.6577E+01
  3.0933E-01  7.1464E+00 -2.0910E+00 -2.6870E+01
  3.1121E-01  7.1363E+00 -2.1150E+00 -2.7165E+01
  3.1311E-01  7.1254E+00 -2.1391E+00 -2.7464E+01
  3.1502E-01  7.1136E+00 -2.1636E+00 -2.7765E+01
  3.1693E-01  7.1011E+00 -2.1883E+00 -2.8069E+01
  3.1886E-01  7.0877E+00 -2.2132E+00 -2.8376E+01
  3.2081E-01  7.0735E+00 -2.2384E+00 -2.8685E+01
  3.2276E-01  7.0584E+00 -2.2639E+00 -2.8997E+01
  3.2473E-01  7.0425E+00 -2.2896E+00 -2.9312E+01
  3.2670E-01  7.0257E+00 -2.3156E+00 -2.9630E+01
  3.2869E-01  7.0080E+00 -2.3419E+00 -2.9951E+01
  3.3069E-01  6.9895E+00 -2.3685E+00 -3.0274E+01
  3.3271E-01  6.9701E+00 -2.3953E+00 -3.0601E+01
  3.3473E-01  6.9498E+00 -2.4224E+00 -3.0930E+01
  3.3677E-01  6.9285E+00 -2.4498E+00 -3.1262E+01
  3.3882E-01  6.9064E+00 -2.4774E+00 -3.1597E+01
  3.4089E-01  6.8834E+00 -2.5054E+00 -3.1934E+01
  3.4296E-01  6.8594E+00 -2.5336E+00 -3.2275E+01
  3.4505E-01  6.8345E+00 -2.5621E+00 -3.2618E+01
  3.4715E-01  6.8087E+00 -2.5909E+00 -3.2965E+01
  3.4927E-01  6.7819E+00 -2.6200E+00 -3.3314E+01
  3.5139E-01  6.7542E+00 -2.6494E+00 -3.3666E+01
  3.5353E-01  6.7255E+00 -2.6791E+00 -3.4020E+01
  3.5569E-01  6.6958E+00 -2.7091E+00 -3.4378E+01
  3.5785E-01  6.6651E+00 -2.7393E+00 -3.4738E+01
  3.6003E-01  6.6335E+00 -2.7699E+00 -3.5102E+01
  3.6222E-01  6.6009E+00 -2.8008E+00 -3.5468E+01
  3.6443E-01  6.5673E+00 -2.8320E+00 -3.5836E+01
  3.6665E-01  6.5326E+00 -2.8635E+00 -3.6208E+01
  3.6888E-01  6.4970E+00 -2.8953E+00 -3.6583E+01
  3.7113E-01  6.4604E+00 -2.9274E+00 -3.6960E+01
  3.7339E-01  6.4227E+00 -2.9599E+00 -3.7340E+01
  3.7566E-01  6.3840E+00 -2.9926E+00 -3.7723E+01
  3.7795E-01  6.3443E+00 -3.0257E+00 -3.8108E+01
  3.8025E-01  6.3035E+00 -3.0591E+00 -3.8496E+01
  3.8256E-01  6.2617E+00 -3.0928E+00 -3.8887E+01
  3.8489E-01  6.2188E+00 -3.1269E+00 -3.9281E+01
  3.8724E-01  6.1749E+00 -3.1612E+00 -3.9677E+01
  3.8959E-01  6.1299E+00 -3.1959E+00 -4.0076E+01
  3.9197E-01  6.0839E+00 -3.2310E+00 -4.0478E+01
  3.9435E-01  6.0367E+00 -3.2663E+00 -4.0882E+01
  3.9675E-01  5.9885E+00 -3.3020E+00 -4.1289E+01
  3.9917E-01  5.9392E+00 -3.3380E+00 -4.1698E+01
  4.0160E-01  5.8889E+00 -3.3744E+00 -4.2110E+01
  4.0404E-01  5.8374E+00 -3.4111E+00 -4.2524E+01
  4.0650E-01  5.7848E+00 -3.4481E+00 -4.2940E+01
  4.0898E-01  5.7312E+00 -3.4855E+00 -4.3359E+01
  4.1147E-01  5.6764E+00 -3.5232E+00 -4.3781E+01
  4.1397E-01  5.6206E+00 -3.5613E+00 -4.4205E+01
  4.1649E-01  5.5636E+00 -3.5997E+00 -4.4631E+01
  4.1903E-01  5.5055E+00 -3.6385E+00 -4.5059E+01
  4.2158E-01  5.4463E+00 -3.6776E+00 -4.5489E+01
  4.2415E-01  5.3860E+00 -3.7171E+00 -4.5922E+01
  4.2673E-01  5.3245E+00 -3.7569E+00 -4.6356E+01
  4.2933E-01  5.2619E+00 -3.7971E+00 -4.6793E+01
  4.3194E-01  5.1982E+00 -3.8376E+00 -4.7232E+01
  4.3457E-01  5.1334E+00 -3.8785E+00 -4.7672E+01
  4.3722E-01  5.0675E+00 -3.9197E+00 -4.8115E+01
  4.3988E-01  5.0004E+00 -3.9613E+00 -4.8559E+01
  4.4256E-01  4.9322E+00 -4.0032E+00 -4.9005E+01
  4.4525E-01  4.8628E+00 -4.0456E+00 -4.9452E+01
  4.4796E-01  4.7924E+00 -4.0882E+00 -4.9902E+01
  4.5069E-01  4.7207E+00 -4.1313E+00 -5.0352E+01
  4.5343E-01  4.6480E+00 -4.1747E+00 -5.0804E+01
  4.5619E-01  4.5741E+00 -4.2184E+00 -5.1258E+01
  4.5897E-01  4.4991E+00 -4.2625E+00 -5.1712E+01
  4.6176E-01  4.4229E+00 -4.3070E+00 -5.2168E+01
  4.6457E-01  4.3457E+00 -4.3519E+00 -5.2625E+01
  4.6740E-01  4.2673E+00 -4.3971E+00 -5.3083E+01
  4.7025E-01  4.1877E+00 -4.4427E+00 -5.3542E+01
  4.7311E-01  4.1070E+00 -4.4886E+00 -5.4001E+01
  4.7599E-01  4.0252E+00 -4.5349E+00 -5.4462E+01
  4.7889E-01  3.9423E+00 -4.5816E+00 -5.4922E+01
  4.8180E-01  3.8583E+00 -4.6286E+00 -5.5384E+01
  4.8473E-01  3.7731E+00 -4.6760E+00 -5.5845E+01
  4.8768E-01  3.6868E+00 -4.7238E+00 -5.6307E+01
  4.9065E-01  3.5995E+00 -4.7719E+00 -5.6769E+01
  4.9364E-01  3.5110E+00 -4.8204E+00 -5.7231E+01
  4.9664E-01  3.4214E+00 -4.8692E+00 -5.7693E+01
  4.9967E-01  3.3307E+00 -4.9184E+00 -5.8154E+01
  5.0271E-01  3.2389E+00 -4.9680E+00 -5.8616E+01
  5.0577E-01  3.1460E+00 -5.0179E+00 -5.9076E+01
  5.0885E-01  3.0520E+00 -5.0682E+00 -5.9536E+01
  5.1194E-01  2.9570E+00 -5.1189E+00 -5.9995E+01
  5.1506E-01  2.8609E+00 -5.1699E+00 -6.0453E+01
  5.1820E-01  2.7637E+00 -5.2212E+00 -6.0910E+01
  5.2135E-01  2.6655E+00 -5.2729E+00 -6.1365E+01
  5.2452E-01  2.5662E+00 -5.3250E+00 -6.1819E+01
  5.2772E-01  2.4659E+00 -5.3774E+00 -6.2271E+01
  5.3093E-01  2.3646E+00 -5.4301E+00 -6.2722E+01
  5.3416E-01  2.2622E+00 -5.4832E+00 -6.3170E+01
  5.3741E-01  2.1588E+00 -5.5366E+00 -6.3617E+01
  5.4068E-01  2.0545E+00 -5.5904E+00 -6.4060E+01
  5.4397E-01  1.9491E+00 -5.6445E+00 -6.4502E+01
  5.4728E-01  1.8427E+00 -5.6989E+00 -6.4940E+01
  5.5061E-01  1.7354E+00 -5.7537E+00 -6.5376E+01
  5.5397E-01  1.6271E+00 -5.8088E+00 -6.5808E+01
  5.5734E-01  1.5178E+00 -5.8642E+00 -6.6237E+01
  5.6073E-01  1.4076E+00 -5.9199E+00 -6.6662E+01
  5.6414E-01  1.2965E+00 -5.9759E+00 -6.7083E+01
  5.6758E-01  1.1845E+00 -6.0323E+00 -6.7501E+01
  5.7103E-01  1.0716E+00 -6.0889E+00 -6.7914E+01
  5.7451E-01  9.5776E-01 -6.1459E+00 -6.8322E+01
  5.7800E-01  8.4308E-01 -6.2031E+00 -6.8726E+01
  5.8152E-01  7.2755E-01 -6.2606E+00 -6.9124E+01
  5.8506E-01  6.1118E-01 -6.3184E+00 -6.9518E+01
  5.8862E-01  4.9399E-01 -6.3765E+00 -6.9906E+01
  5.9220E-01  3.7599E-01 -6.4349E+00 -7.0288E+01
  5.9581E-01  2.5720E-01 -6.4935E+00 -7.0664E+01
  5.9943E-01  1.3764E-01 -6.5524E+00 -7.1034E+01
  6.0308E-01  1.7321E-02 -6.6115E+00 -7.1397E+01
  6.0675E-01 -1.0373E-01 -6.6709E+00 -7.1753E+01
  6.1045E-01 -2.2549E-01 -6.7305E+00 -7.2102E+01
  6.1416E-01 -3.4795E-01 -6.7904E+00 -7.2444E+01
  6.1790E-01 -4.7109E-01 -6.8504E+00 -7.2778E+01
  6.2166E-01 -5.9488E-01 -6.9107E+00 -7.3104E+01
  6.2544E-01 -7.1931E-01 -6.9712E+00 -7.3422E+01
  6.2925E-01 -8.4434E-01 -7.0319E+00 -7.3732E+01
  6.3308E-01 -9.6997E-01 -7.0927E+00 -7.4032E+01
  6.3693E-01 -1.0962E+00 -7.1538E+00 -7.4323E+01
  6.4081E-01 -1.2229E+00 -7.2150E+00 -7.4605E+01
  6.4471E-01 -1.3501E+00 -7.2763E+00 -7.4877E+01
  6.4863E-01 -1.4779E+00 -7.3378E+00 -7.5139E+01
  6.5258E-01 -1.6061E+00 -7.3995E+00 -7.5391E+01
  6.5655E-01 -1.7347E+00 -7.4612E+00 -7.5631E+01
  6.6054E-01 -1.8638E+00 -7.5231E+00 -7.5861E+01
  6.6456E-01 -1.9933E+00 -7.5851E+00 -7.6079E+01
  6.6861E-01 -2.1231E+00 -7.6471E+00 -7.6286E+01
  6.7268E-01 -2.2532E+00 -7.7093E+00 -7.6481E+01
  6.7677E-01 -2.3837E+00 -7.7715E+00 -7.6663E+01
  6.8089E-01 -2.5144E+00 -7.8337E+00 -7.6833E+01
  6.8503E-01 -2.6453E+00 -7.8960E+00 -7.6989E+01
  6.8920E-01 -2.7765E+00 -7.9583E+00 -7.7133E+01
  6.9340E-01 -2.9079E+00 -8.0206E+00 -7.7263E+01
  6.9762E-01 -3.0394E+00 -8.0829E+00 -7.7378E+01
  7.0186E-01 -3.1710E+00 -8.1451E+00 -7.7480E+01
  7.0613E-01 -3.3027E+00 -8.2073E+00 -7.7567E+01
  7.1043E-01 -3.4344E+00 -8.2695E+00 -7.7639E+01
  7.1475E-01 -3.5662E+00 -8.3315E+00 -7.7696E+01
  7.1910E-01 -3.6979E+00 -8.3935E+00 -7.7737E+01
  7.2348E-01 -3.8295E+00 -8.4553E+00 -7.7763E+01
  7.2788E-01 -3.9611E+00 -8.5170E+00 -7.7772E+01
  7.3231E-01 -4.0925E+00 -8.5786E+00 -7.7765E+01
  7.3677E-01 -4.2238E+00 -8.6400E+00 -7.7741E+01
  7.4125E-01 -4.3549E+00 -8.7012E+00 -7.7700E+01
  7.4576E-01 -4.4857E+00 -8.7621E+00 -7.7641E+01
  7.5030E-01 -4.6162E+00 -8.8229E+00 -7.7565E+01
  7.5487E-01 -4.7463E+00 -8.8833E+00 -7.7472E+01
  7.5946E-01 -4.8761E+00 -8.9435E+00 -7.7360E+01
  7.6408E-01 -5.0055E+00 -9.0034E+00 -7.7229E+01
  7.6873E-01 -5.1345E+00 -9.0629E+00 -7.7080E+01
  7.7341E-01 -5.2629E+00 -9.1221E+00 -7.6912E+01
  7.7811E-01 -5.3908E+00 -9.1809E+00 -7.6725E+01
  7.8285E-01 -5.5181E+00 -9.2393E+00 -7.6519E+01
  7.8761E-01 -5.6448E+00 -9.2973E+00 -7.6292E+01
  7.9241E-01 -5.7707E+00 -9.3548E+00 -7.6047E+01
  7.9723E-01 -5.8960E+00 -9.4119E+00 -7.5781E+01
  8.0208E-01 -6.0205E+00 -9.4684E+00 -7.5495E+01
  8.0696E-01 -6.1441E+00 -9.5243E+00 -7.5189E+01
  8.1187E-01 -6.2669E+00 -9.5797E+00 -7.4862E+01
  8.1681E-01 -6.3888E+00 -9.6345E+00 -7.4515E+01
  8.2178E-01 -6.5097E+00 -9.6886E+00 -7.4147E+01
  8.2678E-01 -6.6296E+00 -9.7421E+00 -7.3758E+01
  8.3181E-01 -6.7484E+00 -9.7949E+00 -7.3349E+01
  8.3687E-01 -6.8661E+00 -9.8470E+00 -7.2918E+01
  8.4196E-01 -6.9826E+00 -9.8982E+00 -7.2467E+01
  8.4709E-01 -7.0979E+00 -9.9487E+00 -7.1994E+01
  8.5224E-01 -7.2119E+00 -9.9984E+00 -7.1501E+01
  8.5743E-01 -7.3245E+00 -1.0047E+01 -7.0987E+01
  8.6265E-01 -7.4358E+00 -1.0095E+01 -7.0451E+01
  8.6789E-01 -7.5457E+00 -1.0142E+01 -6.9895E+01
  8.7318E-01 -7.6540E+00 -1.0188E+01 -6.9318E+01
  8.7849E-01 -7.7608E+00 -1.0233E+01 -6.8720E+01
  8.8383E-01 -7.8659E+00 -1.0277E+01 -6.8102E+01
  8.8921E-01 -7.9694E+00 -1.0320E+01 -6.7463E+01
  8.9462E-01 -8.0712E+00 -1.0361E+01 -6.6804E+01
  9.0007E-01 -8.1712E+00 -1.0402E+01 -6.6126E+01
  9.0554E-01 -8.2694E+00 -1.0441E+01 -6.5427E+01
  9.1105E-01 -8.3656E+00 -1.0479E+01 -6.4708E+01
  9.1660E-01 -8.4599E+00 -1.0515E+01 -6.3971E+01
  9.2217E-01 -8.5522E+00 -1.0551E+01 -6.3214E+01
  9.2778E-01 -8.6423E+00 -1.0585E+01 -6.2439E+01
  9.3343E-01 -8.7304E+00 -1.0617E+01 -6.1646E+01
  9.3911E-01 -8.8162E+00 -1.0648E+01 -6.0835E+01
  9.4482E-01 -8.8998E+00 -1.0678E+01 -6.0006E+01
  9.5057E-01 -8.9810E+00 -1.0705E+01 -5.9160E+01
  9.5635E-01 -9.0599E+00 -1.0732E+01 -5.8298E+01
  9.6217E-01 -9.1363E+00 -1.0756E+01 -5.7420E+01
  9.6803E-01 -9.2102E+00 -1.0779E+01 -5.6526E+01
  9.7392E-01 -9.2816E+00 -1.0800E+01 -5.5618E+01
  9.7984E-01 -9.3503E+00 -1.0819E+01 -5.4695E+01
  9.8581E-01 -9.4163E+00 -1.0837E+01 -5.3759E+01
  9.9180E-01 -9.4795E+00 -1.0852E+01 -5.2809E+01
  9.9784E-01 -9.5399E+00 -1.0865E+01 -5.1848E+01
  1.0039E+00 -9.5975E+00 -1.0877E+01 -5.0874E+01
  1.0100E+00 -9.6521E+00 -1.0886E+01 -4.9890E+01
  1.0162E+00 -9.7036E+00 -1.0893E+01 -4.8896E+01
  1.0223E+00 -9.7521E+00 -1.0898E+01 -4.7892E+01
  1.0286E+00 -9.7975E+00 -1.0901E+01 -4.6880E+01
  1.0348E+00 -9.8397E+00 -1.0901E+01 -4.5860E+01
  1.0411E+00 -9.8786E+00 -1.0899E+01 -4.4833E+01
  1.0475E+00 -9.9142E+00 -1.0895E+01 -4.3801E+01
  1.0538E+00 -9.9464E+00 -1.0888E+01 -4.2763E+01
  1.0602E+00 -9.9752E+00 -1.0879E+01 -4.1721E+01
  1.0667E+00 -1.0000E+01 -1.0867E+01 -4.0677E+01
  1.0732E+00 -1.0022E+01 -1.0852E+01 -3.9630E+01
  1.0797E+00 -1.0040E+01 -1.0835E+01 -3.8581E+01
  1.0863E+00 -1.0055E+01 -1.0815E+01 -3.7533E+01
  1.0929E+00 -1.0065E+01 -1.0792E+01 -3.6485E+01
  1.0995E+00 -1.0072E+01 -1.0766E+01 -3.5439E+01
  1.1062E+00 -1.0075E+01 -1.0737E+01 -3.4396E+01
  1.1130E+00 -1.0074E+01 -1.0706E+01 -3.3356E+01
  1.1197E+00 -1.0070E+01 -1.0671E+01 -3.2321E+01
  1.1265E+00 -1.0061E+01 -1.0633E+01 -3.1292E+01
  1.1334E+00 -1.0048E+01 -1.0592E+01 -3.0270E+01
  1.1403E+00 -1.0031E+01 -1.0548E+01 -2.9256E+01
  1.1472E+00 -1.0010E+01 -1.0500E+01 -2.8251E+01
  1.1542E+00 -9.9845E+00 -1.0449E+01 -2.7255E+01
  1.1612E+00 -9.9549E+00 -1.0395E+01 -2.6271E+01
  1.1683E+00 -9.9210E+00 -1.0337E+01 -2.5298E+01
  1.1754E+00 -9.8827E+00 -1.0276E+01 -2.4338E+01
  1.1826E+00 -9.8401E+00 -1.0212E+01 -2.3391E+01
  1.1897E+00 -9.7930E+00 -1.0143E+01 -2.2459E+01
  1.1970E+00 -9.7415E+00 -1.0071E+01 -2.1543E+01
  1.2043E+00 -9.6855E+00 -9.9956E+00 -2.0643E+01
  1.2116E+00 -9.6249E+00 -9.9162E+00 -1.9760E+01
  1.2190E+00 -9.5598E+00 -9.8329E+00 -1.8895E+01
  1.2264E+00 -9.4900E+00 -9.7458E+00 -1.8048E+01
  1.2338E+00 -9.4156E+00 -9.6549E+00 -1.7221E+01
  1.2413E+00 -9.3365E+00 -9.5599E+00 -1.6413E+01
  1.2489E+00 -9.2527E+00 -9.4610E+00 -1.5626E+01
  1.2565E+00 -9.1642E+00 -9.3580E+00 -1.4860E+01
  1.2641E+00 -9.0709E+00 -9.2510E+00 -1.4116E+01
  1.2718E+00 -8.9729E+00 -9.1398E+00 -1.3393E+01
  1.2796E+00 -8.8700E+00 -9.0245E+00 -1.2692E+01
  1.2874E+00 -8.7624E+00 -8.9050E+00 -1.2014E+01
  1.2952E+00 -8.6499E+00 -8.7813E+00 -1.1359E+01
  1.3031E+00 -8.5325E+00 -8.6534E+00 -1.0727E+01
  1.3110E+00 -8.4103E+00 -8.5212E+00 -1.0118E+01
  1.3190E+00 -8.2832E+00 -8.3846E+00 -9.5314E+00
  1.3270E+00 -8.1512E+00 -8.2438E+00 -8.9682E+00
  1.3351E+00 -8.0144E+00 -8.0986E+00 -8.4278E+00
  1.3432E+00 -7.8726E+00 -7.9491E+00 -7.9100E+00
  1.3514E+00 -7.7260E+00 -7.7951E+00 -7.4147E+00
  1.3596E+00 -7.5745E+00 -7.6368E+00 -6.9415E+00
  1.3679E+00 -7.4181E+00 -7.4741E+00 -6.4901E+00
  1.3762E+00 -7.2569E+00 -7.3070E+00 -6.0599E+00
  1.3845E+00 -7.0909E+00 -7.1355E+00 -5.6505E+00
  1.3930E+00 -6.9200E+00 -6.9596E+00 -5.2613E+00
  1.4014E+00 -6.7443E+00 -6.7794E+00 -4.8918E+00
  1.4100E+00 -6.5639E+00 -6.5947E+00 -4.5412E+00
  1.4185E+00 -6.3787E+00 -6.4057E+00 -4.2090E+00
  1.4272E+00 -6.1889E+00 -6.2123E+00 -3.8942E+00
  1.4359E+00 -5.9944E+00 -6.0147E+00 -3.5963E+00
  1.4446E+00 -5.7952E+00 -5.8127E+00 -3.3145E+00
  1.4534E+00 -5.5916E+00 -5.6065E+00 -3.0480E+00
  1.4622E+00 -5.3834E+00 -5.3961E+00 -2.7959E+00
  1.4711E+00 -5.1709E+00 -5.1815E+00 -2.5577E+00
  1.4801E+00 -4.9539E+00 -4.9628E+00 -2.3324E+00
  1.4891E+00 -4.7327E+00 -4.7400E+00 -2.1195E+00
  1.4981E+00 -4.5072E+00 -4.5132E+00 -1.9183E+00
  1.5072E+00 -4.2777E+00 -4.2825E+00 -1.7280E+00
  1.5164E+00 -4.0441E+00 -4.0479E+00 -1.5483E+00
  1.5256E+00 -3.8065E+00 -3.8095E+00 -1.3786E+00
  1.5349E+00 -3.5651E+00 -3.5674E+00 -1.2186E+00
  1.5443E+00 -3.3200E+00 -3.3217E+00 -1.0678E+00
  1.5537E+00 -3.0712E+00 -3.0725E+00 -9.2619E-01
  1.5631E+00 -2.8190E+00 -2.8199E+00 -7.9355E-01
  1.5726E+00 -2.5633E+00 -2.5639E+00 -6.6990E-01
  1.5822E+00 -2.3044E+00 -2.3048E+00 -5.5536E-01
  1.5918E+00 -2.0424E+00 -2.0427E+00 -4.5011E-01
  1.6015E+00 -1.7774E+00 -1.7776E+00 -3.5447E-01
  1.6112E+00 -1.5096E+00 -1.5097E+00 -2.6882E-01
  1.6210E+00 -1.2391E+00 -1.2392E+00 -1.9363E-01
  1.6309E+00 -9.6616E-01 -9.6617E-01 -1.2940E-01
  1.6408E+00 -6.9083E-01 -6.9083E-01 -7.6681E-02
  1.6508E+00 -4.1335E-01 -4.1334E-01 -3.6001E-02
  1.6608E+00 -1.3388E-01 -1.3387E-01 -7.8397E-03
  1.6709E+00  1.4739E-01  1.4739E-01  7.4204E-03
  1.6811E+00  4.3026E-01  4.3026E-01  9.5588E-03
  1.6913E+00  7.1453E-01  7.1453E-01  0.0000E+00
  1.7016E+00  1.0000E+00  1.0000E+00  0.0000E+00
  1.7120E+00  1.2864E+00  1.2864E+00  0.0000E+00
  1.7224E+00  1.5737E+00  1.5737E+00  0.0000E+00
  1.7329E+00  1.8614E+00  1.8614E+00  0.0000E+00
  1.7434E+00  2.1495E+00  2.1495E+00  0.0000E+00
  1.7540E+00  2.4376E+00  2.4376E+00  0.0000E+00
  1.7647E+00  2.7255E+00  2.7255E+00  0.0000E+00
  1.7754E+00  3.0130E+00  3.0130E+00  0.0000E+00
  1.7862E+00  3.2998E+00  3.2998E+00  0.0000E+00
  1.7971E+00  3.5857E+00  3.5857E+00  0.0000E+00
  1.8080E+00  3.8704E+00  3.8704E+00  0.0000E+00
  1.8190E+00  4.1535E+00  4.1535E+00  0.0000E+00
  1.8301E+00  4.4349E+00  4.4349E+00  0.0000E+00
  1.8412E+00  4.7142E+00  4.7142E+00  0.0000E+00
  1.8524E+00  4.9912E+00  4.9912E+00  0.0000E+00
  1.8637E+00  5.2655E+00  5.2655E+00  0.0000E+00
  1.8750E+00  5.5369E+00  5.5369E+00  0.0000E+00
  1.8864E+00  5.8050E+00  5.8050E+00  0.0000E+00
  1.8979E+00  6.0696E+00  6.0696E+00  0.0000E+00
  1.9094E+00  6.3303E+00  6.3303E+00  0.0000E+00
  1.9211E+00  6.5868E+00  6.5868E+00  0.0000E+00
  1.9328E+00  6.8388E+00  6.8388E+00  0.0000E+00
  1.9445E+00  7.0859E+00  7.0859E+00  0.0000E+00
  1.9563E+00  7.3279E+00  7.3279E+00  0.0000E+00
  1.9682E+00  7.5644E+00  7.5644E+00  0.0000E+00
  1.9802E+00  7.7950E+00  7.7950E+00  0.0000E+00
  1.9923E+00  8.0195E+00  8.0195E+00  0.0000E+00
  2.0044E+00  8.2375E+00  8.2375E+00  0.0000E+00
  2.0166E+00  8.4487E+00  8.4487E+00  0.0000E+00
  2.0288E+00  8.6527E+00  8.6527E+00  0.0000E+00
  2.0412E+00  8.8492E+00  8.8492E+00  0.0000E+00
  2.0536E+00  9.0378E+00  9.0378E+00  0.0000E+00
  2.0661E+00  9.2183E+00  9.2183E+00  0.0000E+00
  2.0787E+00  9.3902E+00  9.3902E+00  0.0000E+00
  2.0913E+00  9.5533E+00  9.5533E+00  0.0000E+00
  2.1040E+00  9.7072E+00  9.7072E+00  0.0000E+00
  2.1168E+00  9.8516E+00  9.8516E+00  0.0000E+00
  2.1297E+00  9.9862E+00  9.9862E+00  0.0000E+00
  2.1426E+00  1.0111E+01  1.0111E+01  0.0000E+00
  2.1557E+00  1.0225E+01  1.0225E+01  0.0000E+00
  2.1688E+00  1.0328E+01  1.0328E+01  0.0000E+00
  2.1820E+00  1.0420E+01  1.0420E+01  0.0000E+00
  2.1953E+00  1.0501E+01  1.0501E+01  0.0000E+00
  2.2086E+00  1.0570E+01  1.0570E+01  0.0000E+00
  2.2220E+00  1.0627E+01  1.0627E+01  0.0000E+00
  2.2356E+00  1.0672E+01  1.0672E+01  0.0000E+00
  2.2492E+00  1.0704E+01  1.0704E+01  0.0000E+00
  2.2628E+00  1.0724E+01  1.0724E+01  0.0000E+00
  2.2766E+00  1.0731E+01  1.0731E+01  0.0000E+00
  2.2905E+00  1.0724E+01  1.0724E+01  0.0000E+00
