  0.0000E+00  0.0000E+00  0.0000E+00  0.0000E+00
  2.6339E-06  2.1238E-05  1.0513E-06 -8.7866E-05
  5.2839E-06  4.2449E-05  2.1090E-06 -1.7627E-04
  7.9500E-06  6.3728E-05  3.1732E-06 -2.6520E-04
  1.0632E-05  8.5097E-05  4.2438E-06 -3.5468E-04
  1.3331E-05  1.0604E-04  5.3209E-06 -4.4471E-04
  1.6046E-05  1.2748E-04  6.4045E-06 -5.3528E-04
  1.8777E-05  1.4907E-04  7.4948E-06 -6.2640E-04
  2.1526E-05  1.7075E-04  8.5917E-06 -7.1807E-04
  2.4290E-05  1.9256E-04  9.6953E-06 -8.1031E-04
  2.7072E-05  2.1448E-04  1.0806E-05 -9.0310E-04
  2.9871E-05  2.3652E-04  1.1923E-05 -9.9646E-04
  3.2686E-05  2.5868E-04  1.3046E-05 -1.0904E-03
  3.5519E-05  2.8096E-04  1.4177E-05 -1.1849E-03
  3.8369E-05  3.0337E-04  1.5315E-05 -1.2800E-03
  4.1236E-05  3.2591E-04  1.6459E-05 -1.3756E-03
  4.4121E-05  3.4857E-04  1.7610E-05 -1.4718E-03
  4.7023E-05  3.7136E-04  1.8769E-05 -1.5687E-03
  4.9943E-05  3.9427E-04  1.9934E-05 -1.6661E-03
  5.2881E-05  4.1732E-04  2.1107E-05 -1.7641E-03
  5.5836E-05  4.4050E-04  2.2287E-05 -1.8627E-03
  5.8810E-05  4.6382E-04  2.3473E-05 -1.9618E-03
  6.1802E-05  4.8726E-04  2.4667E-05 -2.0616E-03
  6.4811E-05  5.1084E-04  2.5869E-05 -2.1621E-03
  6.7840E-05  5.3456E-04  2.7077E-05 -2.2631E-03
  7.0886E-05  5.5841E-04  2.8293E-05 -2.3647E-03
  7.3951E-05  5.8240E-04  2.9517E-05 -2.4669E-03
  7.7035E-05  6.0653E-04  3.0748E-05 -2.5698E-03
  8.0137E-05  6.3080E-04  3.1986E-05 -2.6733E-03
  8.3259E-05  6.5521E-04  3.3232E-05 -2.7774E-03
  8.6399E-05  6.7976E-04  3.4485E-05 -2.8822E-03
  8.9558E-05  7.0445E-04  3.5746E-05 -2.9876E-03
  9.2737E-05  7.2928E-04  3.7015E-05 -3.0936E-03
  9.5935E-05  7.5426E-04  3.8291E-05 -3.2003E-03
  9.9152E-05  7.7939E-04  3.9576E-05 -3.3076E-03
  1.0239E-04  8.0466E-04  4.0868E-05 -3.4156E-03
  1.0565E-04  8.3008E-04  4.2167E-05 -3.5243E-03
  1.0892E-04  8.5564E-04  4.3475E-05 -3.6336E-03
  1.1222E-04  8.8136E-04  4.4791E-05 -3.7435E-03
  1.1554E-04  9.0722E-04  4.6115E-05 -3.8541E-03
  1.1887E-04  9.3324E-04  4.7446E-05 -3.9655E-03
  1.2223E-04  9.5941E-04  4.8786E-05 -4.0774E-03
  1.2561E-04  9.8573E-04  5.0134E-05 -4.1901E-03
  1.2900E-04  1.0122E-03  5.1490E-05 -4.3034E-03
  1.3242E-04  1.0388E-03  5.2855E-05 -4.4175E-03
  1.3586E-04  1.0656E-03  5.4228E-05 -4.5322E-03
  1.3932E-04  1.0926E-03  5.5609E-05 -4.6476E-03
  1.4280E-04  1.1197E-03  5.6998E-05 -4.7638E-03
  1.4631E-04  1.1469E-03  5.8396E-05 -4.8806E-03
  1.4983E-04  1.1743E-03  5.9803E-05 -4.9982E-03
  1.5337E-04  1.2019E-03  6.1218E-05 -5.1164E-03
  1.5694E-04  1.2296E-03  6.2641E-05 -5.2354E-03
  1.6053E-04  1.2575E-03  6.4074E-05 -5.3551E-03
  1.6414E-04  1.2856E-03  6.5515E-05 -5.4756E-03
  1.6777E-04  1.3138E-03  6.6964E-05 -5.5967E-03
  1.7143E-04  1.3422E-03  6.8423E-05 -5.7186E-03
  1.7510E-04  1.3708E-03  6.9890E-05 -5.8413E-03
  1.7880E-04  1.3995E-03  7.1367E-05 -5.9647E-03
  1.8252E-04  1.4284E-03  7.2852E-05 -6.0888E-03
  1.8627E-04  1.4575E-03  7.4346E-05 -6.2137E-03
  1.9003E-04  1.4867E-03  7.5850E-05 -6.3394E-03
  1.9382E-04  1.5161E-03  7.7362E-05 -6.4658E-03
  1.9764E-04  1.5457E-03  7.8884E-05 -6.5930E-03
  2.0147E-04  1.5755E-03  8.0415E-05 -6.7209E-03
  2.0533E-04  1.6054E-03  8.1956E-05 -6.8497E-03
  2.0921E-04  1.6355E-03  8.3505E-05 -6.9792E-03
  2.1312E-04  1.6658E-03  8.5065E-05 -7.1095E-03
  2.1705E-04  1.6963E-03  8.6633E-05 -7.2406E-03
  2.2100E-04  1.7269E-03  8.8211E-05 -7.3725E-03
  2.2498E-04  1.7577E-03  8.9799E-05 -7.5052E-03
  2.2898E-04  1.7887E-03  9.1397E-05 -7.6387E-03
  2.3301E-04  1.8199E-03  9.3004E-05 -7.7730E-03
  2.3706E-04  1.8513E-03  9.4621E-05 -7.9082E-03
  2.4114E-04  1.8828E-03  9.6248E-05 -8.0441E-03
  2.4524E-04  1.9146E-03  9.7884E-05 -8.1809E-03
  2.4936E-04  1.9465E-03  9.9531E-05 -8.3186E-03
  2.5351E-04  1.9786E-03  1.0119E-04 -8.4570E-03
  2.5769E-04  2.0109E-03  1.0285E-04 -8.5963E-03
  2.6189E-04  2.0434E-03  1.0453E-04 -8.7365E-03
  2.6612E-04  2.0761E-03  1.0622E-04 -8.8775E-03
  2.7037E-04  2.1089E-03  1.0792E-04 -9.0193E-03
  2.7465E-04  2.1420E-03  1.0962E-04 -9.1620E-03
  2.7895E-04  2.1752E-03  1.1134E-04 -9.3056E-03
  2.8328E-04  2.2087E-03  1.1307E-04 -9.4501E-03
  2.8764E-04  2.2424E-03  1.1481E-04 -9.5954E-03
  2.9202E-04  2.2762E-03  1.1656E-04 -9.7416E-03
  2.9643E-04  2.3102E-03  1.1832E-04 -9.8888E-03
  3.0087E-04  2.3445E-03  1.2009E-04 -1.0037E-02
  3.0533E-04  2.3789E-03  1.2187E-04 -1.0186E-02
  3.0982E-04  2.4136E-03  1.2366E-04 -1.0335E-02
  3.1434E-04  2.4484E-03  1.2547E-04 -1.0486E-02
  3.1889E-04  2.4835E-03  1.2728E-04 -1.0638E-02
  3.2346E-04  2.5188E-03  1.2911E-04 -1.0790E-02
  3.2806E-04  2.5542E-03  1.3094E-04 -1.0944E-02
  3.3269E-04  2.5899E-03  1.3279E-04 -1.1098E-02
  3.3735E-04  2.6258E-03  1.3465E-04 -1.1254E-02
  3.4204E-04  2.6619E-03  1.3652E-04 -1.1410E-02
  3.4675E-04  2.6982E-03  1.3840E-04 -1.1567E-02
  3.5149E-04  2.7348E-03  1.4029E-04 -1.1725E-02
  3.5626E-04  2.7715E-03  1.4220E-04 -1.1885E-02
  3.6106E-04  2.8085E-03  1.4411E-04 -1.2045E-02
  3.6589E-04  2.8456E-03  1.4604E-04 -1.2206E-02
  3.7075E-04  2.8830E-03  1.4798E-04 -1.2368E-02
  3.7564E-04  2.9206E-03  1.4993E-04 -1.2531E-02
  3.8056E-04  2.9585E-03  1.5190E-04 -1.2695E-02
  3.8551E-04  2.9965E-03  1.5387E-04 -1.2860E-02
  3.9049E-04  3.0348E-03  1.5586E-04 -1.3026E-02
  3.9550E-04  3.0733E-03  1.5786E-04 -1.3193E-02
  4.0054E-04  3.1120E-03  1.5987E-04 -1.3362E-02
  4.0561E-04  3.1510E-03  1.6189E-04 -1.3531E-02
  4.1071E-04  3.1902E-03  1.6393E-04 -1.3701E-02
  4.1584E-04  3.2296E-03  1.6598E-04 -1.3872E-02
  4.2100E-04  3.2692E-03  1.6804E-04 -1.4044E-02
  4.2620E-04  3.3091E-03  1.7011E-04 -1.4217E-02
  4.3142E-04  3.3492E-03  1.7220E-04 -1.4392E-02
  4.3668E-04  3.3896E-03  1.7430E-04 -1.4567E-02
  4.4197E-04  3.4302E-03  1.7641E-04 -1.4744E-02
  4.4729E-04  3.4710E-03  1.7853E-04 -1.4921E-02
  4.5264E-04  3.5121E-03  1.8067E-04 -1.5100E-02
  4.5803E-04  3.5534E-03  1.8282E-04 -1.5280E-02
  4.6345E-04  3.5949E-03  1.8498E-04 -1.5460E-02
  4.6890E-04  3.6367E-03  1.8716E-04 -1.5642E-02
  4.7439E-04  3.6787E-03  1.8935E-04 -1.5825E-02
  4.7991E-04  3.7210E-03  1.9155E-04 -1.6009E-02
  4.8546E-04  3.7636E-03  1.9377E-04 -1.6195E-02
  4.9105E-04  3.8063E-03  1.9600E-04 -1.6381E-02
  4.9667E-04  3.8494E-03  1.9824E-04 -1.6568E-02
  5.0232E-04  3.8926E-03  2.0050E-04 -1.6757E-02
  5.0801E-04  3.9362E-03  2.0277E-04 -1.6947E-02
  5.1373E-04  3.9800E-03  2.0505E-04 -1.7138E-02
  5.1949E-04  4.0240E-03  2.0735E-04 -1.7330E-02
  5.2529E-04  4.0683E-03  2.0966E-04 -1.7523E-02
  5.3111E-04  4.1129E-03  2.1199E-04 -1.7718E-02
  5.3698E-04  4.1577E-03  2.1433E-04 -1.7913E-02
  5.4288E-04  4.2028E-03  2.1668E-04 -1.8110E-02
  5.4881E-04  4.2482E-03  2.1905E-04 -1.8308E-02
  5.5479E-04  4.2938E-03  2.2144E-04 -1.8507E-02
  5.6079E-04  4.3397E-03  2.2383E-04 -1.8708E-02
  5.6684E-04  4.3858E-03  2.2625E-04 -1.8909E-02
  5.7292E-04  4.4322E-03  2.2867E-04 -1.9112E-02
  5.7904E-04  4.4789E-03  2.3112E-04 -1.9316E-02
  5.8519E-04  4.5259E-03  2.3357E-04 -1.9522E-02
  5.9139E-04  4.5731E-03  2.3605E-04 -1.9728E-02
  5.9762E-04  4.6207E-03  2.3853E-04 -1.9936E-02
  6.0389E-04  4.6685E-03  2.4103E-04 -2.0145E-02
  6.1019E-04  4.7165E-03  2.4355E-04 -2.0355E-02
  6.1654E-04  4.7649E-03  2.4608E-04 -2.0567E-02
  6.2292E-04  4.8135E-03  2.4863E-04 -2.0780E-02
  6.2934E-04  4.8625E-03  2.5120E-04 -2.0994E-02
  6.3580E-04  4.9117E-03  2.5377E-04 -2.1210E-02
  6.4231E-04  4.9612E-03  2.5637E-04 -2.1427E-02
  6.4885E-04  5.0109E-03  2.5898E-04 -2.1645E-02
  6.5543E-04  5.0610E-03  2.6161E-04 -2.1864E-02
  6.6205E-04  5.1114E-03  2.6425E-04 -2.2085E-02
  6.6871E-04  5.1621E-03  2.6691E-04 -2.2307E-02
  6.7541E-04  5.2130E-03  2.6958E-04 -2.2531E-02
  6.8215E-04  5.2643E-03  2.7227E-04 -2.2756E-02
  6.8893E-04  5.3158E-03  2.7498E-04 -2.2982E-02
  6.9575E-04  5.3677E-03  2.7770E-04 -2.3210E-02
  7.0262E-04  5.4198E-03  2.8044E-04 -2.3439E-02
  7.0953E-04  5.4723E-03  2.8320E-04 -2.3669E-02
  7.1648E-04  5.5251E-03  2.8597E-04 -2.3901E-02
  7.2347E-04  5.5782E-03  2.8876E-04 -2.4134E-02
  7.3050E-04  5.6315E-03  2.9157E-04 -2.4369E-02
  7.3758E-04  5.6852E-03  2.9440E-04 -2.4605E-02
  7.4470E-04  5.7393E-03  2.9724E-04 -2.4842E-02
  7.5186E-04  5.7936E-03  3.0010E-04 -2.5081E-02
  7.5907E-04  5.8482E-03  3.0297E-04 -2.5322E-02
  7.6632E-04  5.9032E-03  3.0587E-04 -2.5564E-02
  7.7361E-04  5.9585E-03  3.0878E-04 -2.5807E-02
  7.8095E-04  6.0141E-03  3.1171E-04 -2.6052E-02
  7.8833E-04  6.0700E-03  3.1465E-04 -2.6298E-02
  7.9576E-04  6.1262E-03  3.1762E-04 -2.6546E-02
  8.0324E-04  6.1828E-03  3.2060E-04 -2.6795E-02
  8.1076E-04  6.2397E-03  3.2360E-04 -2.7046E-02
  8.1832E-04  6.2970E-03  3.2662E-04 -2.7298E-02
  8.2593E-04  6.3545E-03  3.2966E-04 -2.7552E-02
  8.3359E-04  6.4125E-03  3.3272E-04 -2.7808E-02
  8.4129E-04  6.4707E-03  3.3579E-04 -2.8065E-02
  8.4904E-04  6.5293E-03  3.3889E-04 -2.8323E-02
  8.5684E-04  6.5882E-03  3.4200E-04 -2.8583E-02
  8.6468E-04  6.6475E-03  3.4513E-04 -2.8845E-02
  8.7258E-04  6.7071E-03  3.4828E-04 -2.9108E-02
  8.8052E-04  6.7670E-03  3.5145E-04 -2.9373E-02
  8.8851E-04  6.8273E-03  3.5464E-04 -2.9640E-02
  8.9654E-04  6.8880E-03  3.5785E-04 -2.9908E-02
  9.0463E-04  6.9490E-03  3.6107E-04 -3.0178E-02
  9.1277E-04  7.0104E-03  3.6432E-04 -3.0449E-02
  9.2095E-04  7.0721E-03  3.6759E-04 -3.0722E-02
  9.2919E-04  7.1341E-03  3.7087E-04 -3.0997E-02
  9.3747E-04  7.1966E-03  3.7418E-04 -3.1273E-02
  9.4581E-04  7.2594E-03  3.7751E-04 -3.1551E-02
  9.5419E-04  7.3225E-03  3.8086E-04 -3.1831E-02
  9.6263E-04  7.3860E-03  3.8422E-04 -3.2112E-02
  9.7112E-04  7.4499E-03  3.8761E-04 -3.2396E-02
  9.7966E-04  7.5142E-03  3.9102E-04 -3.2680E-02
  9.8825E-04  7.5788E-03  3.9445E-04 -3.2967E-02
  9.9689E-04  7.6438E-03  3.9790E-04 -3.3255E-02
  1.0056E-03  7.7092E-03  4.0137E-04 -3.3546E-02
  1.0143E-03  7.7750E-03  4.0486E-04 -3.3837E-02
  1.0231E-03  7.8411E-03  4.0838E-04 -3.4131E-02
  1.0320E-03  7.9077E-03  4.1191E-04 -3.4427E-02
  1.0409E-03  7.9746E-03  4.1547E-04 -3.4724E-02
  1.0499E-03  8.0419E-03  4.1905E-04 -3.5023E-02
  1.0589E-03  8.1096E-03  4.2265E-04 -3.5324E-02
  1.0680E-03  8.1776E-03  4.2627E-04 -3.5626E-02
  1.0771E-03  8.2461E-03  4.2991E-04 -3.5931E-02
  1.0863E-03  8.3150E-03  4.3358E-04 -3.6237E-02
  1.0955E-03  8.3842E-03  4.3727E-04 -3.6546E-02
  1.1048E-03  8.4539E-03  4.4098E-04 -3.6856E-02
  1.1142E-03  8.5240E-03  4.4471E-04 -3.7168E-02
  1.1236E-03  8.5944E-03  4.4847E-04 -3.7482E-02
  1.1330E-03  8.6653E-03  4.5224E-04 -3.7797E-02
  1.1426E-03  8.7366E-03  4.5605E-04 -3.8115E-02
  1.1522E-03  8.8083E-03  4.5987E-04 -3.8435E-02
  1.1618E-03  8.8804E-03  4.6372E-04 -3.8756E-02
  1.1715E-03  8.9529E-03  4.6759E-04 -3.9080E-02
  1.1813E-03  9.0258E-03  4.7149E-04 -3.9406E-02
  1.1911E-03  9.0992E-03  4.7540E-04 -3.9733E-02
  1.2010E-03  9.1730E-03  4.7935E-04 -4.0063E-02
  1.2109E-03  9.2472E-03  4.8331E-04 -4.0394E-02
  1.2209E-03  9.3218E-03  4.8730E-04 -4.0728E-02
  1.2309E-03  9.3969E-03  4.9132E-04 -4.1063E-02
  1.2411E-03  9.4724E-03  4.9536E-04 -4.1401E-02
  1.2512E-03  9.5483E-03  4.9942E-04 -4.1740E-02
  1.2615E-03  9.6247E-03  5.0351E-04 -4.2082E-02
  1.2718E-03  9.7015E-03  5.0762E-04 -4.2426E-02
  1.2822E-03  9.7787E-03  5.1176E-04 -4.2772E-02
  1.2926E-03  9.8564E-03  5.1593E-04 -4.3120E-02
  1.3031E-03  9.9345E-03  5.2012E-04 -4.3470E-02
  1.3137E-03  1.0013E-02  5.2433E-04 -4.3822E-02
  1.3243E-03  1.0092E-02  5.2857E-04 -4.4177E-02
  1.3350E-03  1.0172E-02  5.3284E-04 -4.4533E-02
  1.3457E-03  1.0252E-02  5.3713E-04 -4.4892E-02
  1.3565E-03  1.0332E-02  5.4145E-04 -4.5253E-02
  1.3674E-03  1.0413E-02  5.4579E-04 -4.5616E-02
  1.3784E-03  1.0494E-02  5.5016E-04 -4.5981E-02
  1.3894E-03  1.0576E-02  5.5456E-04 -4.6349E-02
  1.4005E-03  1.0658E-02  5.5898E-04 -4.6718E-02
  1.4116E-03  1.0741E-02  5.6343E-04 -4.7090E-02
  1.4228E-03  1.0824E-02  5.6791E-04 -4.7465E-02
  1.4341E-03  1.0908E-02  5.7242E-04 -4.7841E-02
  1.4455E-03  1.0992E-02  5.7695E-04 -4.8220E-02
  1.4569E-03  1.1077E-02  5.8151E-04 -4.8601E-02
  1.4684E-03  1.1162E-02  5.8610E-04 -4.8984E-02
  1.4800E-03  1.1247E-02  5.9071E-04 -4.9370E-02
  1.4916E-03  1.1333E-02  5.9536E-04 -4.9758E-02
  1.5033E-03  1.1420E-02  6.0003E-04 -5.0149E-02
  1.5151E-03  1.1507E-02  6.0473E-04 -5.0542E-02
  1.5269E-03  1.1595E-02  6.0946E-04 -5.0937E-02
  1.5389E-03  1.1683E-02  6.1422E-04 -5.1335E-02
  1.5508E-03  1.1771E-02  6.1900E-04 -5.1735E-02
  1.5629E-03  1.1860E-02  6.2382E-04 -5.2137E-02
  1.5750E-03  1.1950E-02  6.2866E-04 -5.2542E-02
  1.5873E-03  1.2040E-02  6.3354E-04 -5.2949E-02
  1.5995E-03  1.2131E-02  6.3844E-04 -5.3359E-02
  1.6119E-03  1.2222E-02  6.4338E-04 -5.3772E-02
  1.6243E-03  1.2313E-02  6.4834E-04 -5.4187E-02
  1.6369E-03  1.2405E-02  6.5334E-04 -5.4604E-02
  1.6495E-03  1.2498E-02  6.5836E-04 -5.5024E-02
  1.6621E-03  1.2591E-02  6.6342E-04 -5.5446E-02
  1.6749E-03  1.2685E-02  6.6850E-04 -5.5872E-02
  1.6877E-03  1.2779E-02  6.7362E-04 -5.6299E-02
  1.7006E-03  1.2874E-02  6.7877E-04 -5.6729E-02
  1.7136E-03  1.2969E-02  6.8395E-04 -5.7162E-02
  1.7266E-03  1.3065E-02  6.8916E-04 -5.7598E-02
  1.7397E-03  1.3162E-02  6.9440E-04 -5.8036E-02
  1.7530E-03  1.3259E-02  6.9967E-04 -5.8477E-02
  1.7663E-03  1.3356E-02  7.0498E-04 -5.8920E-02
  1.7796E-03  1.3454E-02  7.1032E-04 -5.9367E-02
  1.7931E-03  1.3553E-02  7.1569E-04 -5.9815E-02
  1.8066E-03  1.3652E-02  7.2109E-04 -6.0267E-02
  1.8202E-03  1.3752E-02  7.2653E-04 -6.0721E-02
  1.8339E-03  1.3852E-02  7.3200E-04 -6.1179E-02
  1.8477E-03  1.3953E-02  7.3750E-04 -6.1639E-02
  1.8616E-03  1.4054E-02  7.4304E-04 -6.2101E-02
  1.8756E-03  1.4156E-02  7.4861E-04 -6.2567E-02
  1.8896E-03  1.4259E-02  7.5422E-04 -6.3035E-02
  1.9037E-03  1.4362E-02  7.5985E-04 -6.3506E-02
  1.9179E-03  1.4466E-02  7.6553E-04 -6.3981E-02
  1.9322E-03  1.4570E-02  7.7123E-04 -6.4457E-02
  1.9466E-03  1.4675E-02  7.7698E-04 -6.4937E-02
  1.9611E-03  1.4781E-02  7.8275E-04 -6.5420E-02
  1.9757E-03  1.4887E-02  7.8856E-04 -6.5906E-02
  1.9903E-03  1.4993E-02  7.9441E-04 -6.6395E-02
  2.0050E-03  1.5101E-02  8.0029E-04 -6.6886E-02
  2.0199E-03  1.5209E-02  8.0621E-04 -6.7381E-02
  2.0348E-03  1.5317E-02  8.1217E-04 -6.7878E-02
  2.0498E-03  1.5426E-02  8.1816E-04 -6.8379E-02
  2.0649E-03  1.5536E-02  8.2418E-04 -6.8883E-02
  2.0801E-03  1.5646E-02  8.3025E-04 -6.9390E-02
  2.0954E-03  1.5757E-02  8.3635E-04 -6.9900E-02
  2.1108E-03  1.5869E-02  8.4249E-04 -7.0413E-02
  2.1262E-03  1.5981E-02  8.4866E-04 -7.0929E-02
  2.1418E-03  1.6094E-02  8.5487E-04 -7.1448E-02
  2.1575E-03  1.6207E-02  8.6112E-04 -7.1970E-02
  2.1732E-03  1.6321E-02  8.6741E-04 -7.2496E-02
  2.1891E-03  1.6436E-02  8.7374E-04 -7.3025E-02
  2.2050E-03  1.6551E-02  8.8011E-04 -7.3556E-02
  2.2210E-03  1.6667E-02  8.8651E-04 -7.4092E-02
  2.2372E-03  1.6784E-02  8.9295E-04 -7.4630E-02
  2.2534E-03  1.6901E-02  8.9943E-04 -7.5172E-02
  2.2698E-03  1.7019E-02  9.0596E-04 -7.5717E-02
  2.2862E-03  1.7138E-02  9.1252E-04 -7.6265E-02
  2.3027E-03  1.7257E-02  9.1912E-04 -7.6817E-02
  2.3194E-03  1.7377E-02  9.2576E-04 -7.7372E-02
  2.3361E-03  1.7498E-02  9.3244E-04 -7.7930E-02
  2.3530E-03  1.7619E-02  9.3916E-04 -7.8492E-02
  2.3699E-03  1.7741E-02  9.4593E-04 -7.9057E-02
  2.3870E-03  1.7864E-02  9.5273E-04 -7.9626E-02
  2.4041E-03  1.7987E-02  9.5958E-04 -8.0198E-02
  2.4214E-03  1.8111E-02  9.6646E-04 -8.0774E-02
  2.4387E-03  1.8236E-02  9.7339E-04 -8.1353E-02
  2.4562E-03  1.8361E-02  9.8036E-04 -8.1936E-02
  2.4738E-03  1.8487E-02  9.8738E-04 -8.2522E-02
  2.4914E-03  1.8614E-02  9.9443E-04 -8.3111E-02
  2.5092E-03  1.8741E-02  1.0015E-03 -8.3705E-02
  2.5271E-03  1.8869E-02  1.0087E-03 -8.4302E-02
  2.5451E-03  1.8998E-02  1.0159E-03 -8.4902E-02
  2.5632E-03  1.9128E-02  1.0231E-03 -8.5506E-02
  2.5815E-03  1.9258E-02  1.0304E-03 -8.6114E-02
  2.5998E-03  1.9389E-02  1.0377E-03 -8.6726E-02
  2.6182E-03  1.9521E-02  1.0450E-03 -8.7341E-02
  2.6368E-03  1.9653E-02  1.0525E-03 -8.7960E-02
  2.6555E-03  1.9787E-02  1.0599E-03 -8.8583E-02
  2.6742E-03  1.9920E-02  1.0674E-03 -8.9210E-02
  2.6931E-03  2.0055E-02  1.0749E-03 -8.9840E-02
  2.7122E-03  2.0190E-02  1.0825E-03 -9.0474E-02
  2.7313E-03  2.0327E-02  1.0902E-03 -9.1112E-02
  2.7505E-03  2.0464E-02  1.0978E-03 -9.1754E-02
  2.7699E-03  2.0601E-02  1.1056E-03 -9.2400E-02
  2.7894E-03  2.0740E-02  1.1134E-03 -9.3050E-02
  2.8090E-03  2.0879E-02  1.1212E-03 -9.3704E-02
  2.8287E-03  2.1019E-02  1.1290E-03 -9.4361E-02
  2.8485E-03  2.1159E-02  1.1370E-03 -9.5023E-02
  2.8685E-03  2.1301E-02  1.1449E-03 -9.5689E-02
  2.8886E-03  2.1443E-02  1.1529E-03 -9.6359E-02
  2.9088E-03  2.1586E-02  1.1610E-03 -9.7033E-02
  2.9291E-03  2.1730E-02  1.1691E-03 -9.7711E-02
  2.9495E-03  2.1874E-02  1.1773E-03 -9.8393E-02
  2.9701E-03  2.2019E-02  1.1855E-03 -9.9079E-02
  2.9908E-03  2.2166E-02  1.1938E-03 -9.9769E-02
  3.0116E-03  2.2312E-02  1.2021E-03 -1.0046E-01
  3.0326E-03  2.2460E-02  1.2104E-03 -1.0116E-01
  3.0537E-03  2.2609E-02  1.2188E-03 -1.0187E-01
  3.0749E-03  2.2758E-02  1.2273E-03 -1.0257E-01
  3.0962E-03  2.2908E-02  1.2358E-03 -1.0328E-01
  3.1177E-03  2.3059E-02  1.2444E-03 -1.0400E-01
  3.1393E-03  2.3211E-02  1.2530E-03 -1.0472E-01
  3.1610E-03  2.3363E-02  1.2617E-03 -1.0545E-01
  3.1828E-03  2.3517E-02  1.2704E-03 -1.0618E-01
  3.2048E-03  2.3671E-02  1.2792E-03 -1.0691E-01
  3.2270E-03  2.3826E-02  1.2880E-03 -1.0765E-01
  3.2492E-03  2.3982E-02  1.2969E-03 -1.0839E-01
  3.2716E-03  2.4139E-02  1.3058E-03 -1.0914E-01
  3.2941E-03  2.4296E-02  1.3148E-03 -1.0989E-01
  3.3168E-03  2.4455E-02  1.3239E-03 -1.1064E-01
  3.3396E-03  2.4614E-02  1.3330E-03 -1.1140E-01
  3.3626E-03  2.4774E-02  1.3421E-03 -1.1217E-01
  3.3856E-03  2.4935E-02  1.3513E-03 -1.1294E-01
  3.4089E-03  2.5097E-02  1.3606E-03 -1.1371E-01
  3.4322E-03  2.5260E-02  1.3699E-03 -1.1449E-01
  3.4557E-03  2.5423E-02  1.3793E-03 -1.1528E-01
  3.4794E-03  2.5588E-02  1.3888E-03 -1.1607E-01
  3.5032E-03  2.5753E-02  1.3983E-03 -1.1686E-01
  3.5271E-03  2.5919E-02  1.4078E-03 -1.1766E-01
  3.5512E-03  2.6087E-02  1.4174E-03 -1.1846E-01
  3.5754E-03  2.6255E-02  1.4271E-03 -1.1927E-01
  3.5998E-03  2.6423E-02  1.4368E-03 -1.2008E-01
  3.6243E-03  2.6593E-02  1.4466E-03 -1.2090E-01
  3.6490E-03  2.6764E-02  1.4565E-03 -1.2173E-01
  3.6738E-03  2.6936E-02  1.4664E-03 -1.2255E-01
  3.6988E-03  2.7108E-02  1.4764E-03 -1.2339E-01
  3.7240E-03  2.7282E-02  1.4864E-03 -1.2423E-01
  3.7492E-03  2.7456E-02  1.4965E-03 -1.2507E-01
  3.7747E-03  2.7631E-02  1.5066E-03 -1.2592E-01
  3.8003E-03  2.7807E-02  1.5168E-03 -1.2677E-01
  3.8260E-03  2.7985E-02  1.5271E-03 -1.2763E-01
  3.8519E-03  2.8163E-02  1.5375E-03 -1.2849E-01
  3.8780E-03  2.8342E-02  1.5479E-03 -1.2936E-01
  3.9042E-03  2.8522E-02  1.5583E-03 -1.3024E-01
  3.9306E-03  2.8702E-02  1.5689E-03 -1.3112E-01
  3.9571E-03  2.8884E-02  1.5794E-03 -1.3200E-01
  3.9838E-03  2.9067E-02  1.5901E-03 -1.3289E-01
  4.0107E-03  2.9251E-02  1.6008E-03 -1.3379E-01
  4.0377E-03  2.9436E-02  1.6116E-03 -1.3469E-01
  4.0649E-03  2.9621E-02  1.6225E-03 -1.3560E-01
  4.0922E-03  2.9808E-02  1.6334E-03 -1.3651E-01
  4.1198E-03  2.9996E-02  1.6444E-03 -1.3743E-01
  4.1475E-03  3.0184E-02  1.6554E-03 -1.3835E-01
  4.1753E-03  3.0374E-02  1.6665E-03 -1.3928E-01
  4.2033E-03  3.0564E-02  1.6777E-03 -1.4022E-01
  4.2315E-03  3.0756E-02  1.6890E-03 -1.4116E-01
  4.2599E-03  3.0949E-02  1.7003E-03 -1.4210E-01
  4.2884E-03  3.1142E-02  1.7117E-03 -1.4305E-01
  4.3172E-03  3.1337E-02  1.7232E-03 -1.4401E-01
  4.3461E-03  3.1532E-02  1.7347E-03 -1.4498E-01
  4.3751E-03  3.1729E-02  1.7463E-03 -1.4595E-01
  4.4044E-03  3.1927E-02  1.7580E-03 -1.4692E-01
  4.4338E-03  3.2125E-02  1.7697E-03 -1.4790E-01
  4.4634E-03  3.2325E-02  1.7815E-03 -1.4889E-01
  4.4932E-03  3.2526E-02  1.7934E-03 -1.4988E-01
  4.5231E-03  3.2728E-02  1.8054E-03 -1.5088E-01
  4.5533E-03  3.2930E-02  1.8174E-03 -1.5189E-01
  4.5836E-03  3.3134E-02  1.8295E-03 -1.5290E-01
  4.6141E-03  3.3339E-02  1.8417E-03 -1.5392E-01
  4.6448E-03  3.3545E-02  1.8539E-03 -1.5494E-01
  4.6757E-03  3.3752E-02  1.8663E-03 -1.5597E-01
  4.7067E-03  3.3960E-02  1.8787E-03 -1.5701E-01
  4.7380E-03  3.4169E-02  1.8911E-03 -1.5805E-01
  4.7694E-03  3.4379E-02  1.9037E-03 -1.5910E-01
  4.8011E-03  3.4590E-02  1.9163E-03 -1.6015E-01
  4.8329E-03  3.4803E-02  1.9290E-03 -1.6122E-01
  4.8649E-03  3.5016E-02  1.9418E-03 -1.6228E-01
  4.8972E-03  3.5231E-02  1.9547E-03 -1.6336E-01
  4.9296E-03  3.5446E-02  1.9676E-03 -1.6444E-01
  4.9622E-03  3.5663E-02  1.9806E-03 -1.6553E-01
  4.9950E-03  3.5881E-02  1.9937E-03 -1.6662E-01
  5.0280E-03  3.6099E-02  2.0069E-03 -1.6772E-01
  5.0612E-03  3.6319E-02  2.0202E-03 -1.6883E-01
  5.0947E-03  3.6541E-02  2.0335E-03 -1.6995E-01
  5.1283E-03  3.6763E-02  2.0469E-03 -1.7107E-01
  5.1621E-03  3.6986E-02  2.0604E-03 -1.7220E-01
  5.1961E-03  3.7210E-02  2.0740E-03 -1.7333E-01
  5.2304E-03  3.7436E-02  2.0877E-03 -1.7447E-01
  5.2648E-03  3.7663E-02  2.1014E-03 -1.7562E-01
  5.2995E-03  3.7890E-02  2.1152E-03 -1.7678E-01
  5.3343E-03  3.8119E-02  2.1292E-03 -1.7794E-01
  5.3694E-03  3.8350E-02  2.1432E-03 -1.7911E-01
  5.4047E-03  3.8581E-02  2.1572E-03 -1.8029E-01
  5.4402E-03  3.8813E-02  2.1714E-03 -1.8147E-01
  5.4759E-03  3.9047E-02  2.1857E-03 -1.8266E-01
  5.5118E-03  3.9281E-02  2.2000E-03 -1.8386E-01
  5.5480E-03  3.9517E-02  2.2144E-03 -1.8507E-01
  5.5844E-03  3.9754E-02  2.2290E-03 -1.8628E-01
  5.6210E-03  3.9992E-02  2.2436E-03 -1.8750E-01
  5.6578E-03  4.0232E-02  2.2583E-03 -1.8873E-01
  5.6948E-03  4.0472E-02  2.2731E-03 -1.8997E-01
  5.7321E-03  4.0714E-02  2.2879E-03 -1.9121E-01
  5.7696E-03  4.0957E-02  2.3029E-03 -1.9246E-01
  5.8073E-03  4.1201E-02  2.3180E-03 -1.9372E-01
  5.8453E-03  4.1446E-02  2.3331E-03 -1.9498E-01
  5.8835E-03  4.1693E-02  2.3483E-03 -1.9626E-01
  5.9219E-03  4.1941E-02  2.3637E-03 -1.9754E-01
  5.9605E-03  4.2190E-02  2.3791E-03 -1.9883E-01
  5.9994E-03  4.2440E-02  2.3946E-03 -2.0012E-01
  6.0385E-03  4.2691E-02  2.4102E-03 -2.0143E-01
  6.0779E-03  4.2944E-02  2.4260E-03 -2.0274E-01
  6.1175E-03  4.3197E-02  2.4418E-03 -2.0406E-01
  6.1573E-03  4.3452E-02  2.4577E-03 -2.0539E-01
  6.1974E-03  4.3709E-02  2.4737E-03 -2.0673E-01
  6.2377E-03  4.3966E-02  2.4898E-03 -2.0807E-01
  6.2783E-03  4.4225E-02  2.5060E-03 -2.0943E-01
  6.3191E-03  4.4485E-02  2.5222E-03 -2.1079E-01
  6.3602E-03  4.4746E-02  2.5386E-03 -2.1216E-01
  6.4015E-03  4.5008E-02  2.5551E-03 -2.1354E-01
  6.4431E-03  4.5272E-02  2.5717E-03 -2.1492E-01
  6.4849E-03  4.5537E-02  2.5884E-03 -2.1632E-01
  6.5269E-03  4.5803E-02  2.6052E-03 -2.1772E-01
  6.5693E-03  4.6071E-02  2.6221E-03 -2.1913E-01
  6.6119E-03  4.6340E-02  2.6391E-03 -2.2055E-01
  6.6547E-03  4.6610E-02  2.6562E-03 -2.2198E-01
  6.6978E-03  4.6881E-02  2.6734E-03 -2.2342E-01
  6.7412E-03  4.7153E-02  2.6907E-03 -2.2486E-01
  6.7848E-03  4.7427E-02  2.7081E-03 -2.2632E-01
  6.8287E-03  4.7702E-02  2.7257E-03 -2.2778E-01
  6.8729E-03  4.7979E-02  2.7433E-03 -2.2926E-01
  6.9173E-03  4.8257E-02  2.7610E-03 -2.3074E-01
  6.9620E-03  4.8536E-02  2.7789E-03 -2.3223E-01
  7.0070E-03  4.8816E-02  2.7968E-03 -2.3373E-01
  7.0522E-03  4.9098E-02  2.8149E-03 -2.3524E-01
  7.0978E-03  4.9381E-02  2.8330E-03 -2.3676E-01
  7.1436E-03  4.9665E-02  2.8513E-03 -2.3828E-01
  7.1896E-03  4.9950E-02  2.8697E-03 -2.3982E-01
  7.2360E-03  5.0237E-02  2.8882E-03 -2.4137E-01
  7.2826E-03  5.0525E-02  2.9068E-03 -2.4292E-01
  7.3296E-03  5.0815E-02  2.9256E-03 -2.4449E-01
  7.3768E-03  5.1106E-02  2.9444E-03 -2.4606E-01
  7.4243E-03  5.1398E-02  2.9634E-03 -2.4765E-01
  7.4721E-03  5.1692E-02  2.9825E-03 -2.4924E-01
  7.5201E-03  5.1986E-02  3.0016E-03 -2.5084E-01
  7.5685E-03  5.2283E-02  3.0210E-03 -2.5246E-01
  7.6172E-03  5.2580E-02  3.0404E-03 -2.5408E-01
  7.6661E-03  5.2879E-02  3.0599E-03 -2.5571E-01
  7.7154E-03  5.3179E-02  3.0796E-03 -2.5736E-01
  7.7649E-03  5.3481E-02  3.0994E-03 -2.5901E-01
  7.8148E-03  5.3784E-02  3.1193E-03 -2.6067E-01
  7.8650E-03  5.4088E-02  3.1393E-03 -2.6234E-01
  7.9154E-03  5.4394E-02  3.1594E-03 -2.6403E-01
  7.9662E-03  5.4701E-02  3.1797E-03 -2.6572E-01
  8.0173E-03  5.5009E-02  3.2001E-03 -2.6742E-01
  8.0687E-03  5.5319E-02  3.2206E-03 -2.6914E-01
  8.1204E-03  5.5630E-02  3.2412E-03 -2.7086E-01
  8.1724E-03  5.5942E-02  3.2620E-03 -2.7260E-01
  8.2247E-03  5.6256E-02  3.2829E-03 -2.7434E-01
  8.2774E-03  5.6572E-02  3.3039E-03 -2.7610E-01
  8.3304E-03  5.6888E-02  3.3251E-03 -2.7787E-01
  8.3837E-03  5.7206E-02  3.3463E-03 -2.7964E-01
  8.4373E-03  5.7526E-02  3.3677E-03 -2.8143E-01
  8.4912E-03  5.7846E-02  3.3893E-03 -2.8323E-01
  8.5455E-03  5.8169E-02  3.4109E-03 -2.8504E-01
  8.6001E-03  5.8492E-02  3.4327E-03 -2.8686E-01
  8.6550E-03  5.8817E-02  3.4547E-03 -2.8869E-01
  8.7103E-03  5.9144E-02  3.4767E-03 -2.9054E-01
  8.7659E-03  5.9471E-02  3.4989E-03 -2.9239E-01
  8.8219E-03  5.9801E-02  3.5213E-03 -2.9426E-01
  8.8782E-03  6.0131E-02  3.5437E-03 -2.9613E-01
  8.9348E-03  6.0463E-02  3.5663E-03 -2.9802E-01
  8.9918E-03  6.0797E-02  3.5891E-03 -2.9992E-01
  9.0491E-03  6.1131E-02  3.6120E-03 -3.0183E-01
  9.1067E-03  6.1468E-02  3.6350E-03 -3.0376E-01
  9.1648E-03  6.1805E-02  3.6581E-03 -3.0569E-01
  9.2231E-03  6.2144E-02  3.6814E-03 -3.0764E-01
  9.2819E-03  6.2485E-02  3.7049E-03 -3.0960E-01
  9.3409E-03  6.2827E-02  3.7285E-03 -3.1157E-01
  9.4004E-03  6.3170E-02  3.7522E-03 -3.1355E-01
  9.4602E-03  6.3515E-02  3.7761E-03 -3.1554E-01
  9.5204E-03  6.3861E-02  3.8001E-03 -3.1755E-01
  9.5809E-03  6.4208E-02  3.8242E-03 -3.1957E-01
  9.6418E-03  6.4557E-02  3.8486E-03 -3.2160E-01
  9.7031E-03  6.4908E-02  3.8730E-03 -3.2364E-01
  9.7647E-03  6.5260E-02  3.8976E-03 -3.2570E-01
  9.8267E-03  6.5613E-02  3.9224E-03 -3.2776E-01
  9.8891E-03  6.5968E-02  3.9473E-03 -3.2984E-01
  9.9519E-03  6.6324E-02  3.9723E-03 -3.3194E-01
  1.0015E-02  6.6681E-02  3.9976E-03 -3.3404E-01
  1.0079E-02  6.7040E-02  4.0229E-03 -3.3616E-01
  1.0143E-02  6.7401E-02  4.0484E-03 -3.3829E-01
  1.0207E-02  6.7763E-02  4.0741E-03 -3.4044E-01
  1.0272E-02  6.8126E-02  4.1000E-03 -3.4260E-01
  1.0337E-02  6.8491E-02  4.1259E-03 -3.4477E-01
  1.0402E-02  6.8857E-02  4.1521E-03 -3.4695E-01
  1.0468E-02  6.9224E-02  4.1784E-03 -3.4915E-01
  1.0534E-02  6.9593E-02  4.2049E-03 -3.5136E-01
  1.0601E-02  6.9964E-02  4.2315E-03 -3.5358E-01
  1.0668E-02  7.0336E-02  4.2583E-03 -3.5582E-01
  1.0736E-02  7.0709E-02  4.2852E-03 -3.5807E-01
  1.0804E-02  7.1084E-02  4.3123E-03 -3.6034E-01
  1.0872E-02  7.1460E-02  4.3396E-03 -3.6262E-01
  1.0941E-02  7.1838E-02  4.3671E-03 -3.6491E-01
  1.1010E-02  7.2217E-02  4.3947E-03 -3.6721E-01
  1.1079E-02  7.2597E-02  4.4225E-03 -3.6953E-01
  1.1149E-02  7.2979E-02  4.4504E-03 -3.7187E-01
  1.1220E-02  7.3362E-02  4.4785E-03 -3.7422E-01
  1.1291E-02  7.3747E-02  4.5068E-03 -3.7658E-01
  1.1362E-02  7.4133E-02  4.5353E-03 -3.7896E-01
  1.1434E-02  7.4521E-02  4.5639E-03 -3.8135E-01
  1.1506E-02  7.4910E-02  4.5927E-03 -3.8375E-01
  1.1579E-02  7.5301E-02  4.6217E-03 -3.8618E-01
  1.1652E-02  7.5692E-02  4.6509E-03 -3.8861E-01
  1.1725E-02  7.6086E-02  4.6802E-03 -3.9106E-01
  1.1799E-02  7.6480E-02  4.7097E-03 -3.9353E-01
  1.1874E-02  7.6877E-02  4.7394E-03 -3.9601E-01
  1.1948E-02  7.7274E-02  4.7693E-03 -3.9850E-01
  1.2024E-02  7.7673E-02  4.7994E-03 -4.0101E-01
  1.2099E-02  7.8074E-02  4.8296E-03 -4.0354E-01
  1.2176E-02  7.8475E-02  4.8600E-03 -4.0608E-01
  1.2252E-02  7.8879E-02  4.8907E-03 -4.0864E-01
  1.2329E-02  7.9283E-02  4.9215E-03 -4.1121E-01
  1.2407E-02  7.9689E-02  4.9524E-03 -4.1379E-01
  1.2485E-02  8.0097E-02  4.9836E-03 -4.1640E-01
  1.2564E-02  8.0505E-02  5.0150E-03 -4.1902E-01
  1.2643E-02  8.0915E-02  5.0465E-03 -4.2165E-01
  1.2722E-02  8.1327E-02  5.0783E-03 -4.2430E-01
  1.2802E-02  8.1740E-02  5.1102E-03 -4.2697E-01
  1.2883E-02  8.2154E-02  5.1424E-03 -4.2965E-01
  1.2964E-02  8.2570E-02  5.1747E-03 -4.3235E-01
  1.3045E-02  8.2987E-02  5.2072E-03 -4.3507E-01
  1.3127E-02  8.3406E-02  5.2399E-03 -4.3780E-01
  1.3210E-02  8.3825E-02  5.2729E-03 -4.4055E-01
  1.3293E-02  8.4247E-02  5.3060E-03 -4.4332E-01
  1.3376E-02  8.4669E-02  5.3393E-03 -4.4610E-01
  1.3460E-02  8.5093E-02  5.3728E-03 -4.4890E-01
  1.3545E-02  8.5518E-02  5.4066E-03 -4.5171E-01
  1.3630E-02  8.5945E-02  5.4405E-03 -4.5455E-01
  1.3715E-02  8.6373E-02  5.4746E-03 -4.5740E-01
  1.3801E-02  8.6802E-02  5.5090E-03 -4.6027E-01
  1.3888E-02  8.7232E-02  5.5436E-03 -4.6315E-01
  1.3975E-02  8.7664E-02  5.5783E-03 -4.6605E-01
  1.4062E-02  8.8098E-02  5.6133E-03 -4.6897E-01
  1.4151E-02  8.8532E-02  5.6485E-03 -4.7191E-01
  1.4239E-02  8.8968E-02  5.6839E-03 -4.7487E-01
  1.4329E-02  8.9405E-02  5.7195E-03 -4.7784E-01
  1.4418E-02  8.9843E-02  5.7554E-03 -4.8084E-01
  1.4509E-02  9.0283E-02  5.7914E-03 -4.8385E-01
  1.4600E-02  9.0724E-02  5.8277E-03 -4.8687E-01
  1.4691E-02  9.1166E-02  5.8642E-03 -4.8992E-01
  1.4783E-02  9.1610E-02  5.9009E-03 -4.9299E-01
  1.4875E-02  9.2055E-02  5.9379E-03 -4.9607E-01
  1.4969E-02  9.2501E-02  5.9751E-03 -4.9917E-01
  1.5062E-02  9.2948E-02  6.0125E-03 -5.0229E-01
  1.5157E-02  9.3396E-02  6.0501E-03 -5.0544E-01
  1.5251E-02  9.3846E-02  6.0879E-03 -5.0859E-01
  1.5347E-02  9.4297E-02  6.1260E-03 -5.1177E-01
  1.5443E-02  9.4749E-02  6.1643E-03 -5.1497E-01
  1.5539E-02  9.5203E-02  6.2029E-03 -5.1819E-01
  1.5636E-02  9.5657E-02  6.2417E-03 -5.2143E-01
  1.5734E-02  9.6113E-02  6.2807E-03 -5.2468E-01
  1.5832E-02  9.6570E-02  6.3199E-03 -5.2796E-01
  1.5931E-02  9.7028E-02  6.3594E-03 -5.3126E-01
  1.6031E-02  9.7487E-02  6.3992E-03 -5.3457E-01
  1.6131E-02  9.7948E-02  6.4392E-03 -5.3791E-01
  1.6232E-02  9.8409E-02  6.4794E-03 -5.4126E-01
  1.6333E-02  9.8872E-02  6.5198E-03 -5.4464E-01
  1.6435E-02  9.9335E-02  6.5605E-03 -5.4804E-01
  1.6538E-02  9.9800E-02  6.6015E-03 -5.5146E-01
  1.6641E-02  1.0027E-01  6.6427E-03 -5.5490E-01
  1.6745E-02  1.0073E-01  6.6842E-03 -5.5836E-01
  1.6849E-02  1.0120E-01  6.7259E-03 -5.6184E-01
  1.6954E-02  1.0167E-01  6.7679E-03 -5.6534E-01
  1.7060E-02  1.0214E-01  6.8101E-03 -5.6886E-01
  1.7166E-02  1.0261E-01  6.8526E-03 -5.7241E-01
  1.7273E-02  1.0308E-01  6.8953E-03 -5.7597E-01
  1.7381E-02  1.0356E-01  6.9383E-03 -5.7956E-01
  1.7489E-02  1.0403E-01  6.9815E-03 -5.8317E-01
  1.7598E-02  1.0451E-01  7.0251E-03 -5.8680E-01
  1.7708E-02  1.0498E-01  7.0689E-03 -5.9045E-01
  1.7818E-02  1.0546E-01  7.1129E-03 -5.9413E-01
  1.7929E-02  1.0594E-01  7.1572E-03 -5.9783E-01
  1.8041E-02  1.0642E-01  7.2018E-03 -6.0155E-01
  1.8153E-02  1.0690E-01  7.2467E-03 -6.0529E-01
  1.8267E-02  1.0738E-01  7.2918E-03 -6.0905E-01
  1.8380E-02  1.0786E-01  7.3372E-03 -6.1284E-01
  1.8495E-02  1.0834E-01  7.3829E-03 -6.1665E-01
  1.8610E-02  1.0883E-01  7.4289E-03 -6.2049E-01
  1.8726E-02  1.0931E-01  7.4751E-03 -6.2434E-01
  1.8842E-02  1.0980E-01  7.5216E-03 -6.2822E-01
  1.8959E-02  1.1028E-01  7.5685E-03 -6.3213E-01
  1.9077E-02  1.1077E-01  7.6155E-03 -6.3606E-01
  1.9196E-02  1.1126E-01  7.6629E-03 -6.4001E-01
  1.9315E-02  1.1175E-01  7.7106E-03 -6.4398E-01
  1.9435E-02  1.1223E-01  7.7586E-03 -6.4798E-01
  1.9556E-02  1.1272E-01  7.8068E-03 -6.5201E-01
  1.9678E-02  1.1321E-01  7.8553E-03 -6.5606E-01
  1.9800E-02  1.1371E-01  7.9042E-03 -6.6013E-01
  1.9923E-02  1.1420E-01  7.9533E-03 -6.6423E-01
  2.0047E-02  1.1469E-01  8.0028E-03 -6.6835E-01
  2.0172E-02  1.1518E-01  8.0525E-03 -6.7250E-01
  2.0297E-02  1.1568E-01  8.1025E-03 -6.7667E-01
  2.0423E-02  1.1617E-01  8.1529E-03 -6.8087E-01
  2.0550E-02  1.1667E-01  8.2035E-03 -6.8509E-01
  2.0677E-02  1.1716E-01  8.2545E-03 -6.8934E-01
  2.0806E-02  1.1766E-01  8.3058E-03 -6.9362E-01
  2.0935E-02  1.1815E-01  8.3573E-03 -6.9792E-01
  2.1065E-02  1.1865E-01  8.4092E-03 -7.0224E-01
  2.1196E-02  1.1915E-01  8.4615E-03 -7.0660E-01
  2.1327E-02  1.1965E-01  8.5140E-03 -7.1097E-01
  2.1460E-02  1.2015E-01  8.5668E-03 -7.1538E-01
  2.1593E-02  1.2064E-01  8.6200E-03 -7.1981E-01
  2.1727E-02  1.2114E-01  8.6735E-03 -7.2427E-01
  2.1861E-02  1.2164E-01  8.7273E-03 -7.2876E-01
  2.1997E-02  1.2214E-01  8.7815E-03 -7.3327E-01
  2.2133E-02  1.2264E-01  8.8360E-03 -7.3781E-01
  2.2271E-02  1.2314E-01  8.8908E-03 -7.4238E-01
  2.2409E-02  1.2364E-01  8.9459E-03 -7.4698E-01
  2.2548E-02  1.2414E-01  9.0014E-03 -7.5160E-01
  2.2687E-02  1.2465E-01  9.0572E-03 -7.5625E-01
  2.2828E-02  1.2515E-01  9.1134E-03 -7.6093E-01
  2.2969E-02  1.2565E-01  9.1699E-03 -7.6564E-01
  2.3112E-02  1.2615E-01  9.2267E-03 -7.7038E-01
  2.3255E-02  1.2665E-01  9.2839E-03 -7.7514E-01
  2.3399E-02  1.2715E-01  9.3414E-03 -7.7994E-01
  2.3544E-02  1.2766E-01  9.3993E-03 -7.8476E-01
  2.3690E-02  1.2816E-01  9.4576E-03 -7.8961E-01
  2.3837E-02  1.2866E-01  9.5162E-03 -7.9449E-01
  2.3984E-02  1.2916E-01  9.5751E-03 -7.9941E-01
  2.4133E-02  1.2966E-01  9.6344E-03 -8.0435E-01
  2.4282E-02  1.3016E-01  9.6941E-03 -8.0932E-01
  2.4432E-02  1.3067E-01  9.7541E-03 -8.1432E-01
  2.4584E-02  1.3117E-01  9.8145E-03 -8.1935E-01
  2.4736E-02  1.3167E-01  9.8753E-03 -8.2441E-01
  2.4889E-02  1.3217E-01  9.9364E-03 -8.2950E-01
  2.5043E-02  1.3267E-01  9.9979E-03 -8.3463E-01
  2.5198E-02  1.3317E-01  1.0060E-02 -8.3978E-01
  2.5354E-02  1.3367E-01  1.0122E-02 -8.4497E-01
  2.5510E-02  1.3417E-01  1.0185E-02 -8.5018E-01
  2.5668E-02  1.3467E-01  1.0248E-02 -8.5543E-01
  2.5827E-02  1.3517E-01  1.0311E-02 -8.6071E-01
  2.5987E-02  1.3567E-01  1.0375E-02 -8.6602E-01
  2.6147E-02  1.3616E-01  1.0439E-02 -8.7137E-01
  2.6309E-02  1.3666E-01  1.0504E-02 -8.7674E-01
  2.6472E-02  1.3716E-01  1.0569E-02 -8.8215E-01
  2.6635E-02  1.3765E-01  1.0634E-02 -8.8759E-01
  2.6800E-02  1.3815E-01  1.0700E-02 -8.9307E-01
  2.6965E-02  1.3864E-01  1.0766E-02 -8.9857E-01
  2.7132E-02  1.3914E-01  1.0833E-02 -9.0411E-01
  2.7300E-02  1.3963E-01  1.0900E-02 -9.0969E-01
  2.7468E-02  1.4012E-01  1.0967E-02 -9.1530E-01
  2.7638E-02  1.4062E-01  1.1035E-02 -9.2094E-01
  2.7809E-02  1.4111E-01  1.1103E-02 -9.2661E-01
  2.7981E-02  1.4160E-01  1.1171E-02 -9.3232E-01
  2.8153E-02  1.4209E-01  1.1241E-02 -9.3807E-01
  2.8327E-02  1.4258E-01  1.1310E-02 -9.4385E-01
  2.8502E-02  1.4306E-01  1.1380E-02 -9.4966E-01
  2.8678E-02  1.4355E-01  1.1450E-02 -9.5551E-01
  2.8855E-02  1.4403E-01  1.1521E-02 -9.6139E-01
  2.9033E-02  1.4452E-01  1.1592E-02 -9.6731E-01
  2.9212E-02  1.4500E-01  1.1664E-02 -9.7327E-01
  2.9393E-02  1.4548E-01  1.1736E-02 -9.7926E-01
  2.9574E-02  1.4596E-01  1.1808E-02 -9.8529E-01
  2.9757E-02  1.4644E-01  1.1881E-02 -9.9135E-01
  2.9940E-02  1.4692E-01  1.1954E-02 -9.9745E-01
  3.0125E-02  1.4739E-01  1.2028E-02 -1.0036E+00
  3.0311E-02  1.4787E-01  1.2103E-02 -1.0098E+00
  3.0498E-02  1.4834E-01  1.2177E-02 -1.0160E+00
  3.0686E-02  1.4881E-01  1.2252E-02 -1.0222E+00
  3.0875E-02  1.4928E-01  1.2328E-02 -1.0285E+00
  3.1066E-02  1.4975E-01  1.2404E-02 -1.0348E+00
  3.1257E-02  1.5022E-01  1.2481E-02 -1.0412E+00
  3.1450E-02  1.5068E-01  1.2558E-02 -1.0476E+00
  3.1644E-02  1.5115E-01  1.2635E-02 -1.0540E+00
  3.1839E-02  1.5161E-01  1.2713E-02 -1.0605E+00
  3.2035E-02  1.5207E-01  1.2792E-02 -1.0670E+00
  3.2233E-02  1.5252E-01  1.2870E-02 -1.0736E+00
  3.2431E-02  1.5298E-01  1.2950E-02 -1.0802E+00
  3.2631E-02  1.5343E-01  1.3030E-02 -1.0868E+00
  3.2832E-02  1.5388E-01  1.3110E-02 -1.0935E+00
  3.3035E-02  1.5433E-01  1.3191E-02 -1.1002E+00
  3.3238E-02  1.5478E-01  1.3272E-02 -1.1070E+00
  3.3443E-02  1.5522E-01  1.3354E-02 -1.1138E+00
  3.3649E-02  1.5567E-01  1.3436E-02 -1.1206E+00
  3.3856E-02  1.5611E-01  1.3519E-02 -1.1275E+00
  3.4065E-02  1.5654E-01  1.3603E-02 -1.1344E+00
  3.4275E-02  1.5698E-01  1.3686E-02 -1.1414E+00
  3.4486E-02  1.5741E-01  1.3771E-02 -1.1484E+00
  3.4698E-02  1.5784E-01  1.3856E-02 -1.1554E+00
  3.4912E-02  1.5827E-01  1.3941E-02 -1.1625E+00
  3.5127E-02  1.5869E-01  1.4027E-02 -1.1696E+00
  3.5343E-02  1.5911E-01  1.4113E-02 -1.1768E+00
  3.5560E-02  1.5953E-01  1.4200E-02 -1.1840E+00
  3.5779E-02  1.5995E-01  1.4288E-02 -1.1913E+00
  3.6000E-02  1.6036E-01  1.4376E-02 -1.1986E+00
  3.6221E-02  1.6077E-01  1.4465E-02 -1.2060E+00
  3.6444E-02  1.6118E-01  1.4554E-02 -1.2133E+00
  3.6668E-02  1.6158E-01  1.4643E-02 -1.2208E+00
  3.6894E-02  1.6198E-01  1.4734E-02 -1.2283E+00
  3.7121E-02  1.6238E-01  1.4824E-02 -1.2358E+00
  3.7349E-02  1.6277E-01  1.4916E-02 -1.2434E+00
  3.7579E-02  1.6316E-01  1.5007E-02 -1.2510E+00
  3.7810E-02  1.6355E-01  1.5100E-02 -1.2586E+00
  3.8043E-02  1.6393E-01  1.5193E-02 -1.2664E+00
  3.8277E-02  1.6431E-01  1.5286E-02 -1.2741E+00
  3.8512E-02  1.6469E-01  1.5381E-02 -1.2819E+00
  3.8749E-02  1.6506E-01  1.5475E-02 -1.2898E+00
  3.8987E-02  1.6543E-01  1.5571E-02 -1.2977E+00
  3.9227E-02  1.6579E-01  1.5666E-02 -1.3056E+00
  3.9468E-02  1.6615E-01  1.5763E-02 -1.3136E+00
  3.9711E-02  1.6651E-01  1.5860E-02 -1.3216E+00
  3.9955E-02  1.6686E-01  1.5957E-02 -1.3297E+00
  4.0201E-02  1.6721E-01  1.6056E-02 -1.3378E+00
  4.0448E-02  1.6756E-01  1.6155E-02 -1.3460E+00
  4.0697E-02  1.6790E-01  1.6254E-02 -1.3543E+00
  4.0947E-02  1.6823E-01  1.6354E-02 -1.3625E+00
  4.1198E-02  1.6856E-01  1.6455E-02 -1.3709E+00
  4.1452E-02  1.6889E-01  1.6556E-02 -1.3793E+00
  4.1706E-02  1.6921E-01  1.6658E-02 -1.3877E+00
  4.1963E-02  1.6953E-01  1.6760E-02 -1.3962E+00
  4.2220E-02  1.6984E-01  1.6863E-02 -1.4047E+00
  4.2480E-02  1.7015E-01  1.6967E-02 -1.4133E+00
  4.2741E-02  1.7045E-01  1.7072E-02 -1.4219E+00
  4.3003E-02  1.7075E-01  1.7177E-02 -1.4306E+00
  4.3268E-02  1.7104E-01  1.7282E-02 -1.4394E+00
  4.3533E-02  1.7133E-01  1.7389E-02 -1.4482E+00
  4.3801E-02  1.7161E-01  1.7495E-02 -1.4570E+00
  4.4070E-02  1.7189E-01  1.7603E-02 -1.4659E+00
  4.4340E-02  1.7216E-01  1.7711E-02 -1.4748E+00
  4.4613E-02  1.7243E-01  1.7820E-02 -1.4838E+00
  4.4887E-02  1.7269E-01  1.7930E-02 -1.4929E+00
  4.5162E-02  1.7294E-01  1.8040E-02 -1.5020E+00
  4.5440E-02  1.7319E-01  1.8151E-02 -1.5112E+00
  4.5719E-02  1.7343E-01  1.8263E-02 -1.5204E+00
  4.5999E-02  1.7367E-01  1.8375E-02 -1.5297E+00
  4.6282E-02  1.7390E-01  1.8488E-02 -1.5390E+00
  4.6566E-02  1.7413E-01  1.8602E-02 -1.5484E+00
  4.6852E-02  1.7435E-01  1.8716E-02 -1.5578E+00
  4.7139E-02  1.7456E-01  1.8831E-02 -1.5673E+00
  4.7429E-02  1.7477E-01  1.8947E-02 -1.5769E+00
  4.7720E-02  1.7497E-01  1.9063E-02 -1.5865E+00
  4.8012E-02  1.7516E-01  1.9181E-02 -1.5962E+00
  4.8307E-02  1.7535E-01  1.9298E-02 -1.6059E+00
  4.8603E-02  1.7553E-01  1.9417E-02 -1.6157E+00
  4.8902E-02  1.7571E-01  1.9536E-02 -1.6255E+00
  4.9202E-02  1.7588E-01  1.9657E-02 -1.6354E+00
  4.9504E-02  1.7604E-01  1.9777E-02 -1.6454E+00
  4.9807E-02  1.7619E-01  1.9899E-02 -1.6554E+00
  5.0113E-02  1.7634E-01  2.0021E-02 -1.6655E+00
  5.0420E-02  1.7647E-01  2.0144E-02 -1.6756E+00
  5.0730E-02  1.7661E-01  2.0268E-02 -1.6858E+00
  5.1041E-02  1.7673E-01  2.0393E-02 -1.6961E+00
  5.1354E-02  1.7685E-01  2.0518E-02 -1.7064E+00
  5.1669E-02  1.7696E-01  2.0644E-02 -1.7168E+00
  5.1986E-02  1.7706E-01  2.0771E-02 -1.7272E+00
  5.2304E-02  1.7715E-01  2.0899E-02 -1.7377E+00
  5.2625E-02  1.7724E-01  2.1027E-02 -1.7483E+00
  5.2948E-02  1.7732E-01  2.1156E-02 -1.7589E+00
  5.3272E-02  1.7739E-01  2.1286E-02 -1.7696E+00
  5.3599E-02  1.7745E-01  2.1417E-02 -1.7804E+00
  5.3928E-02  1.7751E-01  2.1549E-02 -1.7912E+00
  5.4258E-02  1.7755E-01  2.1681E-02 -1.8021E+00
  5.4591E-02  1.7759E-01  2.1814E-02 -1.8131E+00
  5.4926E-02  1.7762E-01  2.1948E-02 -1.8241E+00
  5.5262E-02  1.7764E-01  2.2083E-02 -1.8351E+00
  5.5601E-02  1.7765E-01  2.2219E-02 -1.8463E+00
  5.5942E-02  1.7765E-01  2.2355E-02 -1.8575E+00
  5.6285E-02  1.7765E-01  2.2493E-02 -1.8688E+00
  5.6630E-02  1.7763E-01  2.2631E-02 -1.8801E+00
  5.6977E-02  1.7761E-01  2.2770E-02 -1.8915E+00
  5.7326E-02  1.7757E-01  2.2910E-02 -1.9030E+00
  5.7677E-02  1.7753E-01  2.3050E-02 -1.9146E+00
  5.8030E-02  1.7748E-01  2.3192E-02 -1.9262E+00
  5.8386E-02  1.7742E-01  2.3335E-02 -1.9379E+00
  5.8744E-02  1.7735E-01  2.3478E-02 -1.9496E+00
  5.9104E-02  1.7726E-01  2.3622E-02 -1.9614E+00
  5.9466E-02  1.7717E-01  2.3767E-02 -1.9733E+00
  5.9830E-02  1.7707E-01  2.3913E-02 -1.9853E+00
  6.0196E-02  1.7696E-01  2.4060E-02 -1.9973E+00
  6.0565E-02  1.7684E-01  2.4208E-02 -2.0094E+00
  6.0936E-02  1.7671E-01  2.4357E-02 -2.0216E+00
  6.1309E-02  1.7657E-01  2.4506E-02 -2.0338E+00
  6.1685E-02  1.7642E-01  2.4657E-02 -2.0461E+00
  6.2063E-02  1.7626E-01  2.4808E-02 -2.0585E+00
  6.2443E-02  1.7608E-01  2.4961E-02 -2.0710E+00
  6.2825E-02  1.7590E-01  2.5114E-02 -2.0835E+00
  6.3210E-02  1.7571E-01  2.5268E-02 -2.0961E+00
  6.3597E-02  1.7550E-01  2.5423E-02 -2.1088E+00
  6.3986E-02  1.7528E-01  2.5580E-02 -2.1216E+00
  6.4378E-02  1.7506E-01  2.5737E-02 -2.1344E+00
  6.4772E-02  1.7482E-01  2.5895E-02 -2.1473E+00
  6.5169E-02  1.7457E-01  2.6054E-02 -2.1603E+00
  6.5568E-02  1.7431E-01  2.6214E-02 -2.1733E+00
  6.5969E-02  1.7403E-01  2.6375E-02 -2.1865E+00
  6.6373E-02  1.7375E-01  2.6537E-02 -2.1997E+00
  6.6779E-02  1.7345E-01  2.6700E-02 -2.2130E+00
  6.7188E-02  1.7314E-01  2.6864E-02 -2.2263E+00
  6.7599E-02  1.7282E-01  2.7029E-02 -2.2398E+00
  6.8013E-02  1.7249E-01  2.7195E-02 -2.2533E+00
  6.8429E-02  1.7215E-01  2.7362E-02 -2.2669E+00
  6.8848E-02  1.7179E-01  2.7530E-02 -2.2806E+00
  6.9270E-02  1.7142E-01  2.7699E-02 -2.2943E+00
  6.9693E-02  1.7104E-01  2.7869E-02 -2.3082E+00
  7.0120E-02  1.7064E-01  2.8040E-02 -2.3221E+00
  7.0549E-02  1.7024E-01  2.8213E-02 -2.3361E+00
  7.0981E-02  1.6982E-01  2.8386E-02 -2.3502E+00
  7.1415E-02  1.6939E-01  2.8560E-02 -2.3643E+00
  7.1852E-02  1.6894E-01  2.8736E-02 -2.3786E+00
  7.2292E-02  1.6848E-01  2.8912E-02 -2.3929E+00
  7.2734E-02  1.6801E-01  2.9090E-02 -2.4073E+00
  7.3179E-02  1.6752E-01  2.9268E-02 -2.4218E+00
  7.3627E-02  1.6703E-01  2.9448E-02 -2.4364E+00
  7.4077E-02  1.6651E-01  2.9629E-02 -2.4510E+00
  7.4530E-02  1.6599E-01  2.9811E-02 -2.4658E+00
  7.4986E-02  1.6545E-01  2.9994E-02 -2.4806E+00
  7.5445E-02  1.6489E-01  3.0179E-02 -2.4955E+00
  7.5906E-02  1.6433E-01  3.0364E-02 -2.5105E+00
  7.6370E-02  1.6375E-01  3.0550E-02 -2.5256E+00
  7.6838E-02  1.6315E-01  3.0738E-02 -2.5408E+00
  7.7307E-02  1.6254E-01  3.0927E-02 -2.5560E+00
  7.7780E-02  1.6192E-01  3.1117E-02 -2.5714E+00
  7.8256E-02  1.6128E-01  3.1308E-02 -2.5868E+00
  7.8735E-02  1.6063E-01  3.1501E-02 -2.6024E+00
  7.9216E-02  1.5996E-01  3.1694E-02 -2.6180E+00
  7.9700E-02  1.5928E-01  3.1889E-02 -2.6337E+00
  8.0188E-02  1.5858E-01  3.2085E-02 -2.6495E+00
  8.0678E-02  1.5787E-01  3.2282E-02 -2.6654E+00
  8.1171E-02  1.5714E-01  3.2480E-02 -2.6813E+00
  8.1668E-02  1.5640E-01  3.2680E-02 -2.6974E+00
  8.2167E-02  1.5565E-01  3.2881E-02 -2.7136E+00
  8.2669E-02  1.5487E-01  3.3083E-02 -2.7298E+00
  8.3175E-02  1.5409E-01  3.3286E-02 -2.7462E+00
  8.3683E-02  1.5329E-01  3.3491E-02 -2.7626E+00
  8.4195E-02  1.5247E-01  3.3697E-02 -2.7791E+00
  8.4709E-02  1.5163E-01  3.3904E-02 -2.7958E+00
  8.5227E-02  1.5078E-01  3.4112E-02 -2.8125E+00
  8.5748E-02  1.4992E-01  3.4322E-02 -2.8293E+00
  8.6272E-02  1.4904E-01  3.4533E-02 -2.8462E+00
  8.6800E-02  1.4814E-01  3.4745E-02 -2.8632E+00
  8.7330E-02  1.4723E-01  3.4959E-02 -2.8803E+00
  8.7864E-02  1.4630E-01  3.5173E-02 -2.8975E+00
  8.8401E-02  1.4535E-01  3.5390E-02 -2.9148E+00
  8.8941E-02  1.4439E-01  3.5607E-02 -2.9322E+00
  8.9485E-02  1.4342E-01  3.5826E-02 -2.9497E+00
  9.0032E-02  1.4242E-01  3.6047E-02 -2.9673E+00
  9.0582E-02  1.4141E-01  3.6268E-02 -2.9850E+00
  9.1135E-02  1.4038E-01  3.6491E-02 -3.0027E+00
  9.1692E-02  1.3934E-01  3.6716E-02 -3.0206E+00
  9.2252E-02  1.3828E-01  3.6941E-02 -3.0386E+00
  9.2816E-02  1.3720E-01  3.7169E-02 -3.0567E+00
  9.3383E-02  1.3611E-01  3.7397E-02 -3.0749E+00
  9.3954E-02  1.3500E-01  3.7627E-02 -3.0932E+00
  9.4528E-02  1.3387E-01  3.7859E-02 -3.1116E+00
  9.5105E-02  1.3273E-01  3.8092E-02 -3.1301E+00
  9.5686E-02  1.3156E-01  3.8326E-02 -3.1487E+00
  9.6271E-02  1.3039E-01  3.8562E-02 -3.1674E+00
  9.6859E-02  1.2919E-01  3.8799E-02 -3.1862E+00
  9.7451E-02  1.2798E-01  3.9038E-02 -3.2051E+00
  9.8046E-02  1.2675E-01  3.9278E-02 -3.2241E+00
  9.8645E-02  1.2550E-01  3.9519E-02 -3.2432E+00
  9.9248E-02  1.2423E-01  3.9763E-02 -3.2624E+00
  9.9854E-02  1.2295E-01  4.0007E-02 -3.2818E+00
  1.0046E-01  1.2165E-01  4.0254E-02 -3.3012E+00
  1.0108E-01  1.2033E-01  4.0501E-02 -3.3208E+00
  1.0169E-01  1.1899E-01  4.0751E-02 -3.3404E+00
  1.0232E-01  1.1764E-01  4.1002E-02 -3.3602E+00
  1.0294E-01  1.1627E-01  4.1254E-02 -3.3800E+00
  1.0357E-01  1.1488E-01  4.1508E-02 -3.4000E+00
  1.0420E-01  1.1347E-01  4.1764E-02 -3.4201E+00
  1.0484E-01  1.1205E-01  4.2021E-02 -3.4403E+00
  1.0548E-01  1.1061E-01  4.2279E-02 -3.4606E+00
  1.0612E-01  1.0915E-01  4.2540E-02 -3.4810E+00
  1.0677E-01  1.0767E-01  4.2802E-02 -3.5016E+00
  1.0742E-01  1.0617E-01  4.3065E-02 -3.5222E+00
  1.0808E-01  1.0466E-01  4.3331E-02 -3.5430E+00
  1.0874E-01  1.0313E-01  4.3598E-02 -3.5638E+00
  1.0940E-01  1.0158E-01  4.3866E-02 -3.5848E+00
  1.1007E-01  1.0001E-01  4.4137E-02 -3.6059E+00
  1.1074E-01  9.8424E-02  4.4409E-02 -3.6271E+00
  1.1142E-01  9.6820E-02  4.4682E-02 -3.6484E+00
  1.1210E-01  9.5198E-02  4.4958E-02 -3.6698E+00
  1.1278E-01  9.3558E-02  4.5235E-02 -3.6914E+00
  1.1347E-01  9.1900E-02  4.5514E-02 -3.7131E+00
  1.1416E-01  9.0224E-02  4.5794E-02 -3.7348E+00
  1.1486E-01  8.8530E-02  4.6076E-02 -3.7567E+00
  1.1556E-01  8.6818E-02  4.6361E-02 -3.7787E+00
  1.1627E-01  8.5088E-02  4.6646E-02 -3.8009E+00
  1.1698E-01  8.3340E-02  4.6934E-02 -3.8231E+00
  1.1769E-01  8.1573E-02  4.7224E-02 -3.8455E+00
  1.1841E-01  7.9789E-02  4.7515E-02 -3.8679E+00
  1.1913E-01  7.7987E-02  4.7808E-02 -3.8905E+00
  1.1986E-01  7.6167E-02  4.8103E-02 -3.9133E+00
  1.2059E-01  7.4329E-02  4.8400E-02 -3.9361E+00
  1.2133E-01  7.2473E-02  4.8698E-02 -3.9591E+00
  1.2207E-01  7.0599E-02  4.8999E-02 -3.9821E+00
  1.2281E-01  6.8708E-02  4.9301E-02 -4.0053E+00
  1.2356E-01  6.6798E-02  4.9606E-02 -4.0287E+00
  1.2432E-01  6.4871E-02  4.9912E-02 -4.0521E+00
  1.2508E-01  6.2926E-02  5.0220E-02 -4.0757E+00
  1.2584E-01  6.0964E-02  5.0530E-02 -4.0993E+00
  1.2661E-01  5.8983E-02  5.0842E-02 -4.1231E+00
  1.2738E-01  5.6986E-02  5.1156E-02 -4.1471E+00
  1.2816E-01  5.4971E-02  5.1472E-02 -4.1711E+00
  1.2894E-01  5.2938E-02  5.1790E-02 -4.1953E+00
  1.2973E-01  5.0888E-02  5.2110E-02 -4.2196E+00
  1.3052E-01  4.8821E-02  5.2432E-02 -4.2440E+00
  1.3131E-01  4.6736E-02  5.2756E-02 -4.2685E+00
  1.3212E-01  4.4635E-02  5.3083E-02 -4.2932E+00
  1.3292E-01  4.2516E-02  5.3411E-02 -4.3180E+00
  1.3373E-01  4.0381E-02  5.3741E-02 -4.3429E+00
  1.3455E-01  3.8228E-02  5.4073E-02 -4.3680E+00
  1.3537E-01  3.6059E-02  5.4408E-02 -4.3931E+00
  1.3620E-01  3.3873E-02  5.4744E-02 -4.4184E+00
  1.3703E-01  3.1670E-02  5.5083E-02 -4.4438E+00
  1.3786E-01  2.9451E-02  5.5424E-02 -4.4694E+00
  1.3870E-01  2.7215E-02  5.5767E-02 -4.4951E+00
  1.3955E-01  2.4964E-02  5.6112E-02 -4.5209E+00
  1.4040E-01  2.2696E-02  5.6459E-02 -4.5468E+00
  1.4126E-01  2.0412E-02  5.6809E-02 -4.5728E+00
  1.4212E-01  1.8112E-02  5.7161E-02 -4.5990E+00
  1.4299E-01  1.5796E-02  5.7515E-02 -4.6253E+00
  1.4386E-01  1.3465E-02  5.7871E-02 -4.6518E+00
  1.4474E-01  1.1118E-02  5.8229E-02 -4.6783E+00
  1.4562E-01  8.7555E-03  5.8590E-02 -4.7050E+00
  1.4651E-01  6.3780E-03  5.8953E-02 -4.7319E+00
  1.4740E-01  3.9854E-03  5.9319E-02 -4.7588E+00
  1.4830E-01  1.5779E-03  5.9686E-02 -4.7859E+00
  1.4920E-01 -8.4437E-04  6.0056E-02 -4.8131E+00
  1.5011E-01 -3.2813E-03  6.0429E-02 -4.8404E+00
  1.5103E-01 -5.7326E-03  6.0804E-02 -4.8679E+00
  1.5195E-01 -8.1982E-03  6.1181E-02 -4.8955E+00
  1.5288E-01 -1.0678E-02  6.1560E-02 -4.9232E+00
  1.5381E-01 -1.3172E-02  6.1942E-02 -4.9511E+00
  1.5475E-01 -1.5679E-02  6.2327E-02 -4.9791E+00
  1.5569E-01 -1.8200E-02  6.2714E-02 -5.0072E+00
  1.5664E-01 -2.0734E-02  6.3103E-02 -5.0354E+00
  1.5760E-01 -2.3281E-02  6.3495E-02 -5.0638E+00
  1.5856E-01 -2.5842E-02  6.3889E-02 -5.0923E+00
  1.5952E-01 -2.8415E-02  6.4286E-02 -5.1209E+00
  1.6050E-01 -3.1000E-02  6.4686E-02 -5.1497E+00
  1.6148E-01 -3.3598E-02  6.5088E-02 -5.1786E+00
  1.6246E-01 -3.6208E-02  6.5493E-02 -5.2076E+00
  1.6345E-01 -3.8830E-02  6.5900E-02 -5.2367E+00
  1.6445E-01 -4.1463E-02  6.6310E-02 -5.2660E+00
  1.6545E-01 -4.4108E-02  6.6722E-02 -5.2954E+00
  1.6646E-01 -4.6764E-02  6.7137E-02 -5.3250E+00
  1.6747E-01 -4.9430E-02  6.7555E-02 -5.3546E+00
  1.6850E-01 -5.2108E-02  6.7976E-02 -5.3844E+00
  1.6952E-01 -5.4795E-02  6.8399E-02 -5.4144E+00
  1.7056E-01 -5.7493E-02  6.8825E-02 -5.4444E+00
  1.7160E-01 -6.0201E-02  6.9254E-02 -5.4746E+00
  1.7264E-01 -6.2918E-02  6.9685E-02 -5.5049E+00
  1.7370E-01 -6.5645E-02  7.0119E-02 -5.5353E+00
  1.7475E-01 -6.8380E-02  7.0556E-02 -5.5659E+00
  1.7582E-01 -7.1125E-02  7.0996E-02 -5.5966E+00
  1.7689E-01 -7.3877E-02  7.1439E-02 -5.6274E+00
  1.7797E-01 -7.6638E-02  7.1885E-02 -5.6584E+00
  1.7906E-01 -7.9407E-02  7.2333E-02 -5.6894E+00
  1.8015E-01 -8.2183E-02  7.2785E-02 -5.7206E+00
  1.8125E-01 -8.4966E-02  7.3239E-02 -5.7520E+00
  1.8235E-01 -8.7757E-02  7.3696E-02 -5.7834E+00
  1.8346E-01 -9.0554E-02  7.4157E-02 -5.8150E+00
  1.8458E-01 -9.3357E-02  7.4620E-02 -5.8467E+00
  1.8571E-01 -9.6166E-02  7.5086E-02 -5.8785E+00
  1.8684E-01 -9.8981E-02  7.5556E-02 -5.9105E+00
  1.8798E-01 -1.0180E-01  7.6028E-02 -5.9425E+00
  1.8912E-01 -1.0463E-01  7.6503E-02 -5.9747E+00
  1.9028E-01 -1.0745E-01  7.6982E-02 -6.0070E+00
  1.9144E-01 -1.1029E-01  7.7464E-02 -6.0395E+00
  1.9260E-01 -1.1313E-01  7.7949E-02 -6.0720E+00
  1.9378E-01 -1.1597E-01  7.8437E-02 -6.1047E+00
  1.9496E-01 -1.1881E-01  7.8928E-02 -6.1375E+00
  1.9615E-01 -1.2166E-01  7.9422E-02 -6.1704E+00
  1.9734E-01 -1.2451E-01  7.9920E-02 -6.2034E+00
  1.9854E-01 -1.2736E-01  8.0421E-02 -6.2366E+00
  1.9975E-01 -1.3021E-01  8.0926E-02 -6.2698E+00
  2.0097E-01 -1.3306E-01  8.1433E-02 -6.3032E+00
  2.0220E-01 -1.3592E-01  8.1944E-02 -6.3367E+00
  2.0343E-01 -1.3877E-01  8.2458E-02 -6.3703E+00
  2.0467E-01 -1.4162E-01  8.2976E-02 -6.4040E+00
  2.0592E-01 -1.4448E-01  8.3497E-02 -6.4378E+00
  2.0717E-01 -1.4733E-01  8.4022E-02 -6.4718E+00
  2.0843E-01 -1.5018E-01  8.4550E-02 -6.5058E+00
  2.0970E-01 -1.5303E-01  8.5082E-02 -6.5400E+00
  2.1098E-01 -1.5588E-01  8.5617E-02 -6.5742E+00
  2.1227E-01 -1.5873E-01  8.6155E-02 -6.6086E+00
  2.1356E-01 -1.6157E-01  8.6698E-02 -6.6431E+00
  2.1486E-01 -1.6441E-01  8.7243E-02 -6.6776E+00
  2.1617E-01 -1.6724E-01  8.7793E-02 -6.7123E+00
  2.1749E-01 -1.7007E-01  8.8346E-02 -6.7471E+00
  2.1881E-01 -1.7290E-01  8.8903E-02 -6.7820E+00
  2.2015E-01 -1.7571E-01  8.9463E-02 -6.8169E+00
  2.2149E-01 -1.7853E-01  9.0027E-02 -6.8520E+00
  2.2284E-01 -1.8134E-01  9.0595E-02 -6.8871E+00
  2.2420E-01 -1.8414E-01  9.1167E-02 -6.9224E+00
  2.2556E-01 -1.8693E-01  9.1743E-02 -6.9577E+00
  2.2694E-01 -1.8971E-01  9.2322E-02 -6.9932E+00
  2.2832E-01 -1.9249E-01  9.2906E-02 -7.0287E+00
  2.2971E-01 -1.9526E-01  9.3493E-02 -7.0643E+00
  2.3111E-01 -1.9802E-01  9.4084E-02 -7.1000E+00
  2.3252E-01 -2.0077E-01  9.4680E-02 -7.1358E+00
  2.3394E-01 -2.0350E-01  9.5279E-02 -7.1716E+00
  2.3536E-01 -2.0623E-01  9.5882E-02 -7.2075E+00
  2.3680E-01 -2.0895E-01  9.6489E-02 -7.2435E+00
  2.3824E-01 -2.1165E-01  9.7101E-02 -7.2796E+00
  2.3969E-01 -2.1434E-01  9.7716E-02 -7.3158E+00
  2.4115E-01 -2.1702E-01  9.8336E-02 -7.3520E+00
  2.4262E-01 -2.1969E-01  9.8960E-02 -7.3883E+00
  2.4410E-01 -2.2234E-01  9.9588E-02 -7.4246E+00
  2.4558E-01 -2.2498E-01  1.0022E-01 -7.4610E+00
  2.4708E-01 -2.2760E-01  1.0086E-01 -7.4975E+00
  2.4859E-01 -2.3020E-01  1.0150E-01 -7.5340E+00
  2.5010E-01 -2.3279E-01  1.0214E-01 -7.5706E+00
  2.5162E-01 -2.3536E-01  1.0279E-01 -7.6072E+00
  2.5316E-01 -2.3792E-01  1.0345E-01 -7.6439E+00
  2.5470E-01 -2.4045E-01  1.0411E-01 -7.6806E+00
  2.5625E-01 -2.4297E-01  1.0477E-01 -7.7174E+00
  2.5781E-01 -2.4547E-01  1.0544E-01 -7.7542E+00
  2.5938E-01 -2.4795E-01  1.0611E-01 -7.7910E+00
  2.6096E-01 -2.5041E-01  1.0679E-01 -7.8279E+00
  2.6255E-01 -2.5285E-01  1.0747E-01 -7.8648E+00
  2.6415E-01 -2.5526E-01  1.0815E-01 -7.9017E+00
  2.6576E-01 -2.5766E-01  1.0885E-01 -7.9387E+00
  2.6738E-01 -2.6003E-01  1.0954E-01 -7.9757E+00
  2.6901E-01 -2.6238E-01  1.1024E-01 -8.0126E+00
  2.7065E-01 -2.6470E-01  1.1095E-01 -8.0496E+00
  2.7230E-01 -2.6701E-01  1.1166E-01 -8.0866E+00
  2.7395E-01 -2.6928E-01  1.1237E-01 -8.1237E+00
  2.7562E-01 -2.7153E-01  1.1309E-01 -8.1607E+00
  2.7730E-01 -2.7375E-01  1.1382E-01 -8.1977E+00
  2.7899E-01 -2.7595E-01  1.1455E-01 -8.2347E+00
  2.8069E-01 -2.7812E-01  1.1528E-01 -8.2716E+00
  2.8240E-01 -2.8026E-01  1.1602E-01 -8.3086E+00
  2.8412E-01 -2.8237E-01  1.1677E-01 -8.3455E+00
  2.8585E-01 -2.8446E-01  1.1752E-01 -8.3824E+00
  2.8759E-01 -2.8651E-01  1.1828E-01 -8.4193E+00
  2.8934E-01 -2.8854E-01  1.1904E-01 -8.4562E+00
  2.9111E-01 -2.9053E-01  1.1981E-01 -8.4930E+00
  2.9288E-01 -2.9249E-01  1.2058E-01 -8.5297E+00
  2.9466E-01 -2.9442E-01  1.2135E-01 -8.5664E+00
  2.9646E-01 -2.9631E-01  1.2214E-01 -8.6031E+00
  2.9826E-01 -2.9818E-01  1.2293E-01 -8.6397E+00
  3.0008E-01 -3.0000E-01  1.2372E-01 -8.6762E+00
  3.0191E-01 -3.0180E-01  1.2452E-01 -8.7126E+00
  3.0375E-01 -3.0356E-01  1.2532E-01 -8.7490E+00
  3.0560E-01 -3.0528E-01  1.2614E-01 -8.7852E+00
  3.0746E-01 -3.0696E-01  1.2695E-01 -8.8214E+00
  3.0933E-01 -3.0861E-01  1.2778E-01 -8.8575E+00
  3.1121E-01 -3.1022E-01  1.2860E-01 -8.8935E+00
  3.1311E-01 -3.1180E-01  1.2944E-01 -8.9293E+00
  3.1502E-01 -3.1333E-01  1.3028E-01 -8.9651E+00
  3.1693E-01 -3.1483E-01  1.3112E-01 -9.0007E+00
  3.1886E-01 -3.1628E-01  1.3198E-01 -9.0361E+00
  3.2081E-01 -3.1770E-01  1.3283E-01 -9.0715E+00
  3.2276E-01 -3.1907E-01  1.3370E-01 -9.1067E+00
  3.2473E-01 -3.2040E-01  1.3457E-01 -9.1417E+00
  3.2670E-01 -3.2169E-01  1.3545E-01 -9.1766E+00
  3.2869E-01 -3.2294E-01  1.3633E-01 -9.2113E+00
  3.3069E-01 -3.2414E-01  1.3722E-01 -9.2458E+00
  3.3271E-01 -3.2530E-01  1.3812E-01 -9.2802E+00
  3.3473E-01 -3.2641E-01  1.3902E-01 -9.3143E+00
  3.3677E-01 -3.2748E-01  1.3993E-01 -9.3482E+00
  3.3882E-01 -3.2850E-01  1.4084E-01 -9.3820E+00
  3.4089E-01 -3.2948E-01  1.4176E-01 -9.4155E+00
  3.4296E-01 -3.3041E-01  1.4269E-01 -9.4487E+00
  3.4505E-01 -3.3129E-01  1.4363E-01 -9.4817E+00
  3.4715E-01 -3.3213E-01  1.4457E-01 -9.5145E+00
  3.4927E-01 -3.3292E-01  1.4552E-01 -9.5470E+00
  3.5139E-01 -3.3365E-01  1.4648E-01 -9.5793E+00
  3.5353E-01 -3.3434E-01  1.4744E-01 -9.6112E+00
  3.5569E-01 -3.3498E-01  1.4841E-01 -9.6429E+00
  3.5785E-01 -3.3557E-01  1.4939E-01 -9.6743E+00
  3.6003E-01 -3.3610E-01  1.5037E-01 -9.7053E+00
  3.6222E-01 -3.3659E-01  1.5136E-01 -9.7361E+00
  3.6443E-01 -3.3702E-01  1.5236E-01 -9.7665E+00
  3.6665E-01 -3.3740E-01  1.5337E-01 -9.7965E+00
  3.6888E-01 -3.3772E-01  1.5438E-01 -9.8262E+00
  3.7113E-01 -3.3800E-01  1.5540E-01 -9.8556E+00
  3.7339E-01 -3.3822E-01  1.5643E-01 -9.8845E+00
  3.7566E-01 -3.3838E-01  1.5747E-01 -9.9130E+00
  3.7795E-01 -3.3849E-01  1.5851E-01 -9.9412E+00
  3.8025E-01 -3.3854E-01  1.5957E-01 -9.9689E+00
  3.8256E-01 -3.3854E-01  1.6062E-01 -9.9962E+00
  3.8489E-01 -3.3848E-01  1.6169E-01 -1.0023E+01
  3.8724E-01 -3.3837E-01  1.6277E-01 -1.0049E+01
  3.8959E-01 -3.3820E-01  1.6385E-01 -1.0075E+01
  3.9197E-01 -3.3797E-01  1.6494E-01 -1.0101E+01
  3.9435E-01 -3.3768E-01  1.6604E-01 -1.0126E+01
  3.9675E-01 -3.3733E-01  1.6715E-01 -1.0150E+01
  3.9917E-01 -3.3693E-01  1.6827E-01 -1.0174E+01
  4.0160E-01 -3.3647E-01  1.6939E-01 -1.0197E+01
  4.0404E-01 -3.3594E-01  1.7052E-01 -1.0220E+01
  4.0650E-01 -3.3536E-01  1.7167E-01 -1.0242E+01
  4.0898E-01 -3.3472E-01  1.7282E-01 -1.0264E+01
  4.1147E-01 -3.3401E-01  1.7397E-01 -1.0284E+01
  4.1397E-01 -3.3325E-01  1.7514E-01 -1.0305E+01
  4.1649E-01 -3.3242E-01  1.7632E-01 -1.0324E+01
  4.1903E-01 -3.3153E-01  1.7750E-01 -1.0343E+01
  4.2158E-01 -3.3058E-01  1.7870E-01 -1.0362E+01
  4.2415E-01 -3.2957E-01  1.7990E-01 -1.0379E+01
  4.2673E-01 -3.2849E-01  1.8111E-01 -1.0396E+01
  4.2933E-01 -3.2736E-01  1.8234E-01 -1.0412E+01
  4.3194E-01 -3.2615E-01  1.8357E-01 -1.0428E+01
  4.3457E-01 -3.2489E-01  1.8481E-01 -1.0442E+01
  4.3722E-01 -3.2356E-01  1.8606E-01 -1.0456E+01
  4.3988E-01 -3.2217E-01  1.8732E-01 -1.0469E+01
  4.4256E-01 -3.2072E-01  1.8859E-01 -1.0481E+01
  4.4525E-01 -3.1920E-01  1.8986E-01 -1.0492E+01
  4.4796E-01 -3.1761E-01  1.9115E-01 -1.0503E+01
  4.5069E-01 -3.1596E-01  1.9245E-01 -1.0512E+01
  4.5343E-01 -3.1425E-01  1.9376E-01 -1.0521E+01
  4.5619E-01 -3.1247E-01  1.9508E-01 -1.0528E+01
  4.5897E-01 -3.1063E-01  1.9641E-01 -1.0535E+01
  4.6176E-01 -3.0872E-01  1.9774E-01 -1.0541E+01
  4.6457E-01 -3.0674E-01  1.9909E-01 -1.0545E+01
  4.6740E-01 -3.0470E-01  2.0045E-01 -1.0549E+01
  4.7025E-01 -3.0260E-01  2.0182E-01 -1.0551E+01
  4.7311E-01 -3.0042E-01  2.0320E-01 -1.0553E+01
  4.7599E-01 -2.9819E-01  2.0460E-01 -1.0553E+01
  4.7889E-01 -2.9588E-01  2.0600E-01 -1.0552E+01
  4.8180E-01 -2.9351E-01  2.0741E-01 -1.0550E+01
  4.8473E-01 -2.9108E-01  2.0883E-01 -1.0547E+01
  4.8768E-01 -2.8858E-01  2.1027E-01 -1.0542E+01
  4.9065E-01 -2.8601E-01  2.1171E-01 -1.0537E+01
  4.9364E-01 -2.8337E-01  2.1317E-01 -1.0530E+01
  4.9664E-01 -2.8068E-01  2.1464E-01 -1.0521E+01
  4.9967E-01 -2.7791E-01  2.1612E-01 -1.0512E+01
  5.0271E-01 -2.7508E-01  2.1761E-01 -1.0501E+01
  5.0577E-01 -2.7218E-01  2.1912E-01 -1.0489E+01
  5.0885E-01 -2.6922E-01  2.2063E-01 -1.0475E+01
  5.1194E-01 -2.6619E-01  2.2216E-01 -1.0460E+01
  5.1506E-01 -2.6309E-01  2.2370E-01 -1.0443E+01
  5.1820E-01 -2.5993E-01  2.2525E-01 -1.0425E+01
  5.2135E-01 -2.5670E-01  2.2681E-01 -1.0405E+01
  5.2452E-01 -2.5341E-01  2.2838E-01 -1.0384E+01
  5.2772E-01 -2.5005E-01  2.2997E-01 -1.0361E+01
  5.3093E-01 -2.4663E-01  2.3157E-01 -1.0337E+01
  5.3416E-01 -2.4315E-01  2.3318E-01 -1.0311E+01
  5.3741E-01 -2.3959E-01  2.3481E-01 -1.0283E+01
  5.4068E-01 -2.3598E-01  2.3645E-01 -1.0254E+01
  5.4397E-01 -2.3230E-01  2.3810E-01 -1.0222E+01
  5.4728E-01 -2.2855E-01  2.3976E-01 -1.0189E+01
  5.5061E-01 -2.2474E-01  2.4144E-01 -1.0154E+01
  5.5397E-01 -2.2087E-01  2.4313E-01 -1.0118E+01
  5.5734E-01 -2.1694E-01  2.4483E-01 -1.0079E+01
  5.6073E-01 -2.1294E-01  2.4654E-01 -1.0039E+01
  5.6414E-01 -2.0888E-01  2.4827E-01 -9.9966E+00
  5.6758E-01 -2.0475E-01  2.5002E-01 -9.9522E+00
  5.7103E-01 -2.0057E-01  2.5177E-01 -9.9059E+00
  5.7451E-01 -1.9632E-01  2.5354E-01 -9.8576E+00
  5.7800E-01 -1.9201E-01  2.5533E-01 -9.8072E+00
  5.8152E-01 -1.8764E-01  2.5713E-01 -9.7547E+00
  5.8506E-01 -1.8321E-01  2.5894E-01 -9.7000E+00
  5.8862E-01 -1.7872E-01  2.6077E-01 -9.6432E+00
  5.9220E-01 -1.7417E-01  2.6261E-01 -9.5843E+00
  5.9581E-01 -1.6957E-01  2.6446E-01 -9.5230E+00
  5.9943E-01 -1.6490E-01  2.6633E-01 -9.4596E+00
  6.0308E-01 -1.6017E-01  2.6822E-01 -9.3938E+00
  6.0675E-01 -1.5539E-01  2.7012E-01 -9.3258E+00
  6.1045E-01 -1.5055E-01  2.7203E-01 -9.2554E+00
  6.1416E-01 -1.4565E-01  2.7396E-01 -9.1826E+00
  6.1790E-01 -1.4069E-01  2.7590E-01 -9.1074E+00
  6.2166E-01 -1.3568E-01  2.7786E-01 -9.0298E+00
  6.2544E-01 -1.3062E-01  2.7984E-01 -8.9498E+00
  6.2925E-01 -1.2550E-01  2.8183E-01 -8.8672E+00
  6.3308E-01 -1.2033E-01  2.8383E-01 -8.7821E+00
  6.3693E-01 -1.1510E-01  2.8585E-01 -8.6945E+00
  6.4081E-01 -1.0982E-01  2.8789E-01 -8.6043E+00
  6.4471E-01 -1.0449E-01  2.8994E-01 -8.5115E+00
  6.4863E-01 -9.9102E-02  2.9201E-01 -8.4162E+00
  6.5258E-01 -9.3668E-02  2.9409E-01 -8.3181E+00
  6.5655E-01 -8.8183E-02  2.9619E-01 -8.2174E+00
  6.6054E-01 -8.2649E-02  2.9831E-01 -8.1141E+00
  6.6456E-01 -7.7066E-02  3.0044E-01 -8.0080E+00
  6.6861E-01 -7.1435E-02  3.0259E-01 -7.8992E+00
  6.7268E-01 -6.5757E-02  3.0476E-01 -7.7877E+00
  6.7677E-01 -6.0032E-02  3.0694E-01 -7.6734E+00
  6.8089E-01 -5.4261E-02  3.0914E-01 -7.5564E+00
  6.8503E-01 -4.8446E-02  3.1135E-01 -7.4366E+00
  6.8920E-01 -4.2586E-02  3.1358E-01 -7.3140E+00
  6.9340E-01 -3.6682E-02  3.1583E-01 -7.1887E+00
  6.9762E-01 -3.0736E-02  3.1810E-01 -7.0605E+00
  7.0186E-01 -2.4749E-02  3.2038E-01 -6.9295E+00
  7.0613E-01 -1.8720E-02  3.2268E-01 -6.7957E+00
  7.1043E-01 -1.2651E-02  3.2500E-01 -6.6592E+00
  7.1475E-01 -6.5432E-03  3.2733E-01 -6.5198E+00
  7.1910E-01 -3.9689E-04  3.2968E-01 -6.3776E+00
  7.2348E-01  5.7869E-03  3.3205E-01 -6.2326E+00
  7.2788E-01  1.2007E-02  3.3444E-01 -6.0848E+00
  7.3231E-01  1.8263E-02  3.3684E-01 -5.9343E+00
  7.3677E-01  2.4554E-02  3.3926E-01 -5.7810E+00
  7.4125E-01  3.0878E-02  3.4170E-01 -5.6250E+00
  7.4576E-01  3.7235E-02  3.4416E-01 -5.4663E+00
  7.5030E-01  4.3624E-02  3.4663E-01 -5.3048E+00
  7.5487E-01  5.0044E-02  3.4913E-01 -5.1408E+00
  7.5946E-01  5.6494E-02  3.5164E-01 -4.9740E+00
  7.6408E-01  6.2972E-02  3.5417E-01 -4.8047E+00
  7.6873E-01  6.9479E-02  3.5671E-01 -4.6328E+00
  7.7341E-01  7.6012E-02  3.5928E-01 -4.4585E+00
  7.7811E-01  8.2571E-02  3.6186E-01 -4.2816E+00
  7.8285E-01  8.9155E-02  3.6446E-01 -4.1023E+00
  7.8761E-01  9.5762E-02  3.6708E-01 -3.9206E+00
  7.9241E-01  1.0239E-01  3.6972E-01 -3.7367E+00
  7.9723E-01  1.0904E-01  3.7237E-01 -3.5505E+00
  8.0208E-01  1.1572E-01  3.7504E-01 -3.3621E+00
  8.0696E-01  1.2241E-01  3.7773E-01 -3.1716E+00
  8.1187E-01  1.2912E-01  3.8044E-01 -2.9790E+00
  8.1681E-01  1.3585E-01  3.8317E-01 -2.7845E+00
  8.2178E-01  1.4259E-01  3.8592E-01 -2.5881E+00
  8.2678E-01  1.4935E-01  3.8868E-01 -2.3900E+00
  8.3181E-01  1.5612E-01  3.9146E-01 -2.1901E+00
  8.3687E-01  1.6290E-01  3.9426E-01 -1.9887E+00
  8.4196E-01  1.6970E-01  3.9708E-01 -1.7858E+00
  8.4709E-01  1.7651E-01  3.9992E-01 -1.5815E+00
  8.5224E-01  1.8332E-01  4.0277E-01 -1.3759E+00
  8.5743E-01  1.9015E-01  4.0564E-01 -1.1693E+00
  8.6265E-01  1.9698E-01  4.0853E-01 -9.6154E-01
  8.6789E-01  2.0382E-01  4.1144E-01 -7.5295E-01
  8.7318E-01  2.1066E-01  4.1437E-01 -5.4360E-01
  8.7849E-01  2.1750E-01  4.1731E-01 -3.3364E-01
  8.8383E-01  2.2435E-01  4.2027E-01 -1.2321E-01
  8.8921E-01  2.3120E-01  4.2325E-01  8.7536E-02
  8.9462E-01  2.3805E-01  4.2625E-01  2.9844E-01
  9.0007E-01  2.4489E-01  4.2926E-01  5.0935E-01
  9.0554E-01  2.5174E-01  4.3229E-01  7.2009E-01
  9.1105E-01  2.5858E-01  4.3533E-01  9.3051E-01
  9.1660E-01  2.6541E-01  4.3840E-01  1.1404E+00
  9.2217E-01  2.7224E-01  4.4148E-01  1.3496E+00
  9.2778E-01  2.7906E-01  4.4458E-01  1.5580E+00
  9.3343E-01  2.8588E-01  4.4769E-01  1.7653E+00
  9.3911E-01  2.9268E-01  4.5082E-01  1.9713E+00
  9.4482E-01  2.9947E-01  4.5396E-01  2.1759E+00
  9.5057E-01  3.0625E-01  4.5712E-01  2.3789E+00
  9.5635E-01  3.1302E-01  4.6030E-01  2.5800E+00
  9.6217E-01  3.1977E-01  4.6349E-01  2.7790E+00
  9.6803E-01  3.2650E-01  4.6670E-01  2.9758E+00
  9.7392E-01  3.3322E-01  4.6992E-01  3.1702E+00
  9.7984E-01  3.3992E-01  4.7315E-01  3.3618E+00
  9.8581E-01  3.4660E-01  4.7640E-01  3.5506E+00
  9.9180E-01  3.5325E-01  4.7967E-01  3.7363E+00
  9.9784E-01  3.5989E-01  4.8294E-01  3.9186E+00
  1.0039E+00  3.6650E-01  4.8624E-01  4.0974E+00
  1.0100E+00  3.7309E-01  4.8954E-01  4.2724E+00
  1.0162E+00  3.7965E-01  4.9285E-01  4.4435E+00
  1.0223E+00  3.8618E-01  4.9618E-01  4.6104E+00
  1.0286E+00  3.9269E-01  4.9952E-01  4.7729E+00
  1.0348E+00  3.9916E-01  5.0287E-01  4.9308E+00
  1.0411E+00  4.0561E-01  5.0624E-01  5.0839E+00
  1.0475E+00  4.1202E-01  5.0961E-01  5.2320E+00
  1.0538E+00  4.1840E-01  5.1299E-01  5.3749E+00
  1.0602E+00  4.2475E-01  5.1639E-01  5.5124E+00
  1.0667E+00  4.3106E-01  5.1979E-01  5.6443E+00
  1.0732E+00  4.3733E-01  5.2320E-01  5.7704E+00
  1.0797E+00  4.4357E-01  5.2662E-01  5.8906E+00
  1.0863E+00  4.4977E-01  5.3004E-01  6.0047E+00
  1.0929E+00  4.5592E-01  5.3347E-01  6.1126E+00
  1.0995E+00  4.6204E-01  5.3691E-01  6.2140E+00
  1.1062E+00  4.6811E-01  5.4036E-01  6.3090E+00
  1.1130E+00  4.7414E-01  5.4381E-01  6.3972E+00
  1.1197E+00  4.8013E-01  5.4726E-01  6.4788E+00
  1.1265E+00  4.8607E-01  5.5072E-01  6.5534E+00
  1.1334E+00  4.9196E-01  5.5418E-01  6.6211E+00
  1.1403E+00  4.9781E-01  5.5765E-01  6.6818E+00
  1.1472E+00  5.0361E-01  5.6111E-01  6.7354E+00
  1.1542E+00  5.0936E-01  5.6458E-01  6.7819E+00
  1.1612E+00  5.1506E-01  5.6805E-01  6.8213E+00
  1.1683E+00  5.2071E-01  5.7152E-01  6.8536E+00
  1.1754E+00  5.2631E-01  5.7498E-01  6.8787E+00
  1.1826E+00  5.3185E-01  5.7844E-01  6.8968E+00
  1.1897E+00  5.3734E-01  5.8190E-01  6.9079E+00
  1.1970E+00  5.4278E-01  5.8536E-01  6.9120E+00
  1.2043E+00  5.4816E-01  5.8881E-01  6.9092E+00
  1.2116E+00  5.5349E-01  5.9225E-01  6.8997E+00
  1.2190E+00  5.5875E-01  5.9569E-01  6.8835E+00
  1.2264E+00  5.6396E-01  5.9912E-01  6.8609E+00
  1.2338E+00  5.6912E-01  6.0254E-01  6.8320E+00
  1.2413E+00  5.7421E-01  6.0596E-01  6.7970E+00
  1.2489E+00  5.7924E-01  6.0936E-01  6.7560E+00
  1.2565E+00  5.8421E-01  6.1274E-01  6.7094E+00
  1.2641E+00  5.8912E-01  6.1612E-01  6.6574E+00
  1.2718E+00  5.9397E-01  6.1948E-01  6.6002E+00
  1.2796E+00  5.9875E-01  6.2283E-01  6.5381E+00
  1.2874E+00  6.0347E-01  6.2615E-01  6.4713E+00
  1.2952E+00  6.0812E-01  6.2946E-01  6.4003E+00
  1.3031E+00  6.1271E-01  6.3276E-01  6.3252E+00
  1.3110E+00  6.1722E-01  6.3603E-01  6.2465E+00
  1.3190E+00  6.2167E-01  6.3928E-01  6.1644E+00
  1.3270E+00  6.2605E-01  6.4250E-01  6.0792E+00
  1.3351E+00  6.3036E-01  6.4570E-01  5.9912E+00
  1.3432E+00  6.3460E-01  6.4888E-01  5.9009E+00
  1.3514E+00  6.3877E-01  6.5203E-01  5.8084E+00
  1.3596E+00  6.4286E-01  6.5515E-01  5.7140E+00
  1.3679E+00  6.4688E-01  6.5824E-01  5.6181E+00
  1.3762E+00  6.5082E-01  6.6129E-01  5.5208E+00
  1.3845E+00  6.5469E-01  6.6432E-01  5.4225E+00
  1.3930E+00  6.5848E-01  6.6731E-01  5.3232E+00
  1.4014E+00  6.6219E-01  6.7026E-01  5.2232E+00
  1.4100E+00  6.6582E-01  6.7318E-01  5.1225E+00
  1.4185E+00  6.6937E-01  6.7605E-01  5.0212E+00
  1.4272E+00  6.7285E-01  6.7889E-01  4.9193E+00
  1.4359E+00  6.7623E-01  6.8168E-01  4.8168E+00
  1.4446E+00  6.7954E-01  6.8443E-01  4.7135E+00
  1.4534E+00  6.8276E-01  6.8713E-01  4.6093E+00
  1.4622E+00  6.8590E-01  6.8978E-01  4.5039E+00
  1.4711E+00  6.8895E-01  6.9238E-01  4.3970E+00
  1.4801E+00  6.9192E-01  6.9493E-01  4.2882E+00
  1.4891E+00  6.9480E-01  6.9743E-01  4.1770E+00
  1.4981E+00  6.9759E-01  6.9987E-01  4.0629E+00
  1.5072E+00  7.0029E-01  7.0226E-01  3.9452E+00
  1.5164E+00  7.0291E-01  7.0459E-01  3.8232E+00
  1.5256E+00  7.0543E-01  7.0685E-01  3.6960E+00
  1.5349E+00  7.0787E-01  7.0906E-01  3.5630E+00
  1.5443E+00  7.1021E-01  7.1120E-01  3.4230E+00
  1.5537E+00  7.1246E-01  7.1327E-01  3.2753E+00
  1.5631E+00  7.1463E-01  7.1527E-01  3.1189E+00
  1.5726E+00  7.1669E-01  7.1720E-01  2.9526E+00
  1.5822E+00  7.1867E-01  7.1906E-01  2.7757E+00
  1.5918E+00  7.2055E-01  7.2085E-01  2.5873E+00
  1.6015E+00  7.2234E-01  7.2256E-01  2.3864E+00
  1.6112E+00  7.2404E-01  7.2419E-01  2.1724E+00
  1.6210E+00  7.2564E-01  7.2575E-01  1.9449E+00
  1.6309E+00  7.2715E-01  7.2722E-01  1.7036E+00
  1.6408E+00  7.2856E-01  7.2860E-01  1.4484E+00
  1.6508E+00  7.2988E-01  7.2990E-01  1.1800E+00
  1.6608E+00  7.3110E-01  7.3111E-01  8.9902E-01
  1.6709E+00  7.3223E-01  7.3223E-01  6.0710E-01
  1.6811E+00  7.3326E-01  7.3326E-01  3.0633E-01
  1.6913E+00  7.3420E-01  7.3420E-01  0.0000E+00
  1.7016E+00  7.3503E-01  7.3503E-01  0.0000E+00
  1.7120E+00  7.3578E-01  7.3578E-01  0.0000E+00
  1.7224E+00  7.3642E-01  7.3642E-01  0.0000E+00
  1.7329E+00  7.3698E-01  7.3698E-01  0.0000E+00
  1.7434E+00  7.3743E-01  7.3743E-01  0.0000E+00
  1.7540E+00  7.3779E-01  7.3779E-01  0.0000E+00
  1.7647E+00  7.3805E-01  7.3805E-01  0.0000E+00
  1.7754E+00  7.3822E-01  7.3822E-01  0.0000E+00
  1.7862E+00  7.3829E-01  7.3829E-01  0.0000E+00
  1.7971E+00  7.3826E-01  7.3826E-01  0.0000E+00
  1.8080E+00  7.3814E-01  7.3814E-01  0.0000E+00
  1.8190E+00  7.3792E-01  7.3792E-01  0.0000E+00
  1.8301E+00  7.3761E-01  7.3761E-01  0.0000E+00
  1.8412E+00  7.3721E-01  7.3721E-01  0.0000E+00
  1.8524E+00  7.3670E-01  7.3670E-01  0.0000E+00
  1.8637E+00  7.3611E-01  7.3611E-01  0.0000E+00
  1.8750E+00  7.3542E-01  7.3542E-01  0.0000E+00
  1.8864E+00  7.3464E-01  7.3464E-01  0.0000E+00
  1.8979E+00  7.3376E-01  7.3376E-01  0.0000E+00
  1.9094E+00  7.3279E-01  7.3279E-01  0.0000E+00
  1.9211E+00  7.3173E-01  7.3173E-01  0.0000E+00
  1.9328E+00  7.3057E-01  7.3057E-01  0.0000E+00
  1.9445E+00  7.2933E-01  7.2933E-01  0.0000E+00
  1.9563E+00  7.2799E-01  7.2799E-01  0.0000E+00
  1.9682E+00  7.2657E-01  7.2657E-01  0.0000E+00
  1.9802E+00  7.2505E-01  7.2505E-01  0.0000E+00
  1.9923E+00  7.2344E-01  7.2344E-01  0.0000E+00
  2.0044E+00  7.2175E-01  7.2175E-01  0.0000E+00
  2.0166E+00  7.1997E-01  7.1997E-01  0.0000E+00
  2.0288E+00  7.1810E-01  7.1810E-01  0.0000E+00
  2.0412E+00  7.1614E-01  7.1614E-01  0.0000E+00
  2.0536E+00  7.1410E-01  7.1410E-01  0.0000E+00
  2.0661E+00  7.1198E-01  7.1198E-01  0.0000E+00
  2.0787E+00  7.0977E-01  7.0977E-01  0.0000E+00
  2.0913E+00  7.0747E-01  7.0747E-01  0.0000E+00
  2.1040E+00  7.0510E-01  7.0510E-01  0.0000E+00
  2.1168E+00  7.0264E-01  7.0264E-01  0.0000E+00
  2.1297E+00  7.0010E-01  7.0010E-01  0.0000E+00
  2.1426E+00  6.9749E-01  6.9749E-01  0.0000E+00
  2.1557E+00  6.9479E-01  6.9479E-01  0.0000E+00
  2.1688E+00  6.9202E-01  6.9202E-01  0.0000E+00
  2.1820E+00  6.8917E-01  6.8917E-01  0.0000E+00
  2.1953E+00  6.8624E-01  6.8624E-01  0.0000E+00
  2.2086E+00  6.8324E-01  6.8324E-01  0.0000E+00
  2.2220E+00  6.8016E-01  6.8016E-01  0.0000E+00
  2.2356E+00  6.7702E-01  6.7702E-01  0.0000E+00
  2.2492E+00  6.7380E-01  6.7380E-01  0.0000E+00
  2.2628E+00  6.7051E-01  6.7051E-01  0.0000E+00
  2.2766E+00  6.6715E-01  6.6715E-01  0.0000E+00
  2.2905E+00  6.6372E-01  6.6372E-01  0.0000E+00
