 # l=           0 energy=  -5.00000000000000     
  0.0000E+00  0.0000E+00  0.0000E+00  0.0000E+00
  2.6339E-06  1.1739E-06  2.3407E-05  2.9039E-05
  5.2839E-06  2.3550E-06  4.6785E-05  5.8041E-05
  7.9500E-06  3.5432E-06  7.0238E-05  8.7139E-05
  1.0632E-05  4.7387E-06  9.3789E-05  1.1636E-04
  1.3331E-05  5.9415E-06  1.1688E-04  1.4501E-04
  1.6046E-05  7.1515E-06  1.4050E-04  1.7432E-04
  1.8777E-05  8.3689E-06  1.6431E-04  2.0386E-04
  2.1526E-05  9.5938E-06  1.8820E-04  2.3351E-04
  2.4290E-05  1.0826E-05  2.1223E-04  2.6332E-04
  2.7072E-05  1.2066E-05  2.3640E-04  2.9330E-04
  2.9871E-05  1.3313E-05  2.6069E-04  3.2344E-04
  3.2686E-05  1.4568E-05  2.8512E-04  3.5375E-04
  3.5519E-05  1.5831E-05  3.0968E-04  3.8422E-04
  3.8369E-05  1.7101E-05  3.3438E-04  4.1487E-04
  4.1236E-05  1.8379E-05  3.5922E-04  4.4569E-04
  4.4121E-05  1.9664E-05  3.8420E-04  4.7668E-04
  4.7023E-05  2.0958E-05  4.0932E-04  5.0784E-04
  4.9943E-05  2.2259E-05  4.3458E-04  5.3918E-04
  5.2881E-05  2.3569E-05  4.5999E-04  5.7070E-04
  5.5836E-05  2.4886E-05  4.8554E-04  6.0240E-04
  5.8810E-05  2.6211E-05  5.1124E-04  6.3429E-04
  6.1802E-05  2.7544E-05  5.3708E-04  6.6635E-04
  6.4811E-05  2.8886E-05  5.6307E-04  6.9860E-04
  6.7840E-05  3.0235E-05  5.8922E-04  7.3103E-04
  7.0886E-05  3.1593E-05  6.1551E-04  7.6365E-04
  7.3951E-05  3.2959E-05  6.4196E-04  7.9646E-04
  7.7035E-05  3.4334E-05  6.6855E-04  8.2945E-04
  8.0137E-05  3.5716E-05  6.9530E-04  8.6264E-04
  8.3259E-05  3.7108E-05  7.2221E-04  8.9602E-04
  8.6399E-05  3.8507E-05  7.4927E-04  9.2959E-04
  8.9558E-05  3.9915E-05  7.7649E-04  9.6336E-04
  9.2737E-05  4.1332E-05  8.0387E-04  9.9732E-04
  9.5935E-05  4.2757E-05  8.3140E-04  1.0315E-03
  9.9152E-05  4.4191E-05  8.5910E-04  1.0658E-03
  1.0239E-04  4.5634E-05  8.8696E-04  1.1004E-03
  1.0565E-04  4.7085E-05  9.1498E-04  1.1352E-03
  1.0892E-04  4.8546E-05  9.4316E-04  1.1701E-03
  1.1222E-04  5.0015E-05  9.7151E-04  1.2053E-03
  1.1554E-04  5.1493E-05  1.0000E-03  1.2407E-03
  1.1887E-04  5.2980E-05  1.0287E-03  1.2762E-03
  1.2223E-04  5.4476E-05  1.0575E-03  1.3120E-03
  1.2561E-04  5.5981E-05  1.0866E-03  1.3480E-03
  1.2900E-04  5.7496E-05  1.1157E-03  1.3842E-03
  1.3242E-04  5.9019E-05  1.1451E-03  1.4206E-03
  1.3586E-04  6.0552E-05  1.1746E-03  1.4573E-03
  1.3932E-04  6.2094E-05  1.2043E-03  1.4941E-03
  1.4280E-04  6.3646E-05  1.2342E-03  1.5312E-03
  1.4631E-04  6.5207E-05  1.2642E-03  1.5685E-03
  1.4983E-04  6.6778E-05  1.2945E-03  1.6059E-03
  1.5337E-04  6.8358E-05  1.3249E-03  1.6437E-03
  1.5694E-04  6.9947E-05  1.3554E-03  1.6816E-03
  1.6053E-04  7.1547E-05  1.3862E-03  1.7197E-03
  1.6414E-04  7.3156E-05  1.4171E-03  1.7581E-03
  1.6777E-04  7.4774E-05  1.4483E-03  1.7967E-03
  1.7143E-04  7.6403E-05  1.4796E-03  1.8356E-03
  1.7510E-04  7.8042E-05  1.5111E-03  1.8746E-03
  1.7880E-04  7.9690E-05  1.5427E-03  1.9139E-03
  1.8252E-04  8.1349E-05  1.5746E-03  1.9534E-03
  1.8627E-04  8.3018E-05  1.6066E-03  1.9932E-03
  1.9003E-04  8.4696E-05  1.6389E-03  2.0332E-03
  1.9382E-04  8.6385E-05  1.6713E-03  2.0734E-03
  1.9764E-04  8.8085E-05  1.7039E-03  2.1138E-03
  2.0147E-04  8.9794E-05  1.7367E-03  2.1545E-03
  2.0533E-04  9.1514E-05  1.7697E-03  2.1955E-03
  2.0921E-04  9.3245E-05  1.8029E-03  2.2366E-03
  2.1312E-04  9.4986E-05  1.8363E-03  2.2781E-03
  2.1705E-04  9.6737E-05  1.8698E-03  2.3197E-03
  2.2100E-04  9.8500E-05  1.9036E-03  2.3616E-03
  2.2498E-04  1.0027E-04  1.9376E-03  2.4038E-03
  2.2898E-04  1.0206E-04  1.9718E-03  2.4461E-03
  2.3301E-04  1.0385E-04  2.0062E-03  2.4888E-03
  2.3706E-04  1.0566E-04  2.0407E-03  2.5317E-03
  2.4114E-04  1.0747E-04  2.0755E-03  2.5748E-03
  2.4524E-04  1.0930E-04  2.1105E-03  2.6182E-03
  2.4936E-04  1.1114E-04  2.1457E-03  2.6619E-03
  2.5351E-04  1.1299E-04  2.1811E-03  2.7058E-03
  2.5769E-04  1.1485E-04  2.2167E-03  2.7500E-03
  2.6189E-04  1.1672E-04  2.2525E-03  2.7944E-03
  2.6612E-04  1.1861E-04  2.2885E-03  2.8391E-03
  2.7037E-04  1.2050E-04  2.3248E-03  2.8840E-03
  2.7465E-04  1.2241E-04  2.3612E-03  2.9293E-03
  2.7895E-04  1.2433E-04  2.3979E-03  2.9747E-03
  2.8328E-04  1.2626E-04  2.4348E-03  3.0205E-03
  2.8764E-04  1.2820E-04  2.4719E-03  3.0665E-03
  2.9202E-04  1.3015E-04  2.5092E-03  3.1128E-03
  2.9643E-04  1.3212E-04  2.5467E-03  3.1594E-03
  3.0087E-04  1.3410E-04  2.5845E-03  3.2062E-03
  3.0533E-04  1.3608E-04  2.6225E-03  3.2533E-03
  3.0982E-04  1.3809E-04  2.6607E-03  3.3007E-03
  3.1434E-04  1.4010E-04  2.6991E-03  3.3484E-03
  3.1889E-04  1.4213E-04  2.7377E-03  3.3963E-03
  3.2346E-04  1.4416E-04  2.7766E-03  3.4445E-03
  3.2806E-04  1.4621E-04  2.8157E-03  3.4930E-03
  3.3269E-04  1.4828E-04  2.8551E-03  3.5418E-03
  3.3735E-04  1.5035E-04  2.8946E-03  3.5909E-03
  3.4204E-04  1.5244E-04  2.9344E-03  3.6403E-03
  3.4675E-04  1.5454E-04  2.9745E-03  3.6899E-03
  3.5149E-04  1.5666E-04  3.0147E-03  3.7399E-03
  3.5626E-04  1.5878E-04  3.0553E-03  3.7901E-03
  3.6106E-04  1.6092E-04  3.0960E-03  3.8407E-03
  3.6589E-04  1.6308E-04  3.1370E-03  3.8915E-03
  3.7075E-04  1.6524E-04  3.1782E-03  3.9427E-03
  3.7564E-04  1.6742E-04  3.2197E-03  3.9941E-03
  3.8056E-04  1.6961E-04  3.2614E-03  4.0458E-03
  3.8551E-04  1.7182E-04  3.3033E-03  4.0979E-03
  3.9049E-04  1.7404E-04  3.3455E-03  4.1502E-03
  3.9550E-04  1.7627E-04  3.3880E-03  4.2029E-03
  4.0054E-04  1.7852E-04  3.4307E-03  4.2558E-03
  4.0561E-04  1.8077E-04  3.4736E-03  4.3091E-03
  4.1071E-04  1.8305E-04  3.5168E-03  4.3627E-03
  4.1584E-04  1.8534E-04  3.5603E-03  4.4166E-03
  4.2100E-04  1.8764E-04  3.6040E-03  4.4708E-03
  4.2620E-04  1.8995E-04  3.6480E-03  4.5254E-03
  4.3142E-04  1.9228E-04  3.6922E-03  4.5802E-03
  4.3668E-04  1.9462E-04  3.7367E-03  4.6354E-03
  4.4197E-04  1.9698E-04  3.7814E-03  4.6909E-03
  4.4729E-04  1.9935E-04  3.8265E-03  4.7467E-03
  4.5264E-04  2.0174E-04  3.8717E-03  4.8029E-03
  4.5803E-04  2.0414E-04  3.9173E-03  4.8594E-03
  4.6345E-04  2.0656E-04  3.9631E-03  4.9162E-03
  4.6890E-04  2.0899E-04  4.0091E-03  4.9733E-03
  4.7439E-04  2.1143E-04  4.0555E-03  5.0308E-03
  4.7991E-04  2.1389E-04  4.1021E-03  5.0887E-03
  4.8546E-04  2.1637E-04  4.1490E-03  5.1468E-03
  4.9105E-04  2.1886E-04  4.1962E-03  5.2053E-03
  4.9667E-04  2.2136E-04  4.2436E-03  5.2642E-03
  5.0232E-04  2.2388E-04  4.2913E-03  5.3234E-03
  5.0801E-04  2.2642E-04  4.3393E-03  5.3829E-03
  5.1373E-04  2.2897E-04  4.3876E-03  5.4428E-03
  5.1949E-04  2.3153E-04  4.4362E-03  5.5030E-03
  5.2529E-04  2.3412E-04  4.4850E-03  5.5636E-03
  5.3111E-04  2.3671E-04  4.5342E-03  5.6245E-03
  5.3698E-04  2.3933E-04  4.5836E-03  5.6858E-03
  5.4288E-04  2.4196E-04  4.6333E-03  5.7475E-03
  5.4881E-04  2.4460E-04  4.6833E-03  5.8095E-03
  5.5479E-04  2.4726E-04  4.7336E-03  5.8719E-03
  5.6079E-04  2.4994E-04  4.7842E-03  5.9347E-03
  5.6684E-04  2.5263E-04  4.8351E-03  5.9978E-03
  5.7292E-04  2.5535E-04  4.8863E-03  6.0613E-03
  5.7904E-04  2.5807E-04  4.9377E-03  6.1251E-03
  5.8519E-04  2.6082E-04  4.9895E-03  6.1894E-03
  5.9139E-04  2.6358E-04  5.0416E-03  6.2540E-03
  5.9762E-04  2.6635E-04  5.0940E-03  6.3189E-03
  6.0389E-04  2.6915E-04  5.1467E-03  6.3843E-03
  6.1019E-04  2.7196E-04  5.1997E-03  6.4501E-03
  6.1654E-04  2.7479E-04  5.2530E-03  6.5162E-03
  6.2292E-04  2.7763E-04  5.3067E-03  6.5827E-03
  6.2934E-04  2.8049E-04  5.3606E-03  6.6496E-03
  6.3580E-04  2.8337E-04  5.4149E-03  6.7169E-03
  6.4231E-04  2.8627E-04  5.4695E-03  6.7846E-03
  6.4885E-04  2.8918E-04  5.5244E-03  6.8527E-03
  6.5543E-04  2.9212E-04  5.5796E-03  6.9212E-03
  6.6205E-04  2.9507E-04  5.6351E-03  6.9900E-03
  6.6871E-04  2.9804E-04  5.6910E-03  7.0593E-03
  6.7541E-04  3.0102E-04  5.7472E-03  7.1290E-03
  6.8215E-04  3.0403E-04  5.8037E-03  7.1991E-03
  6.8893E-04  3.0705E-04  5.8605E-03  7.2696E-03
  6.9575E-04  3.1009E-04  5.9177E-03  7.3405E-03
  7.0262E-04  3.1315E-04  5.9752E-03  7.4119E-03
  7.0953E-04  3.1623E-04  6.0331E-03  7.4836E-03
  7.1648E-04  3.1933E-04  6.0913E-03  7.5558E-03
  7.2347E-04  3.2244E-04  6.1498E-03  7.6284E-03
  7.3050E-04  3.2558E-04  6.2086E-03  7.7014E-03
  7.3758E-04  3.2873E-04  6.2679E-03  7.7748E-03
  7.4470E-04  3.3191E-04  6.3274E-03  7.8487E-03
  7.5186E-04  3.3510E-04  6.3873E-03  7.9230E-03
  7.5907E-04  3.3831E-04  6.4476E-03  7.9977E-03
  7.6632E-04  3.4154E-04  6.5082E-03  8.0729E-03
  7.7361E-04  3.4479E-04  6.5691E-03  8.1485E-03
  7.8095E-04  3.4806E-04  6.6304E-03  8.2245E-03
  7.8833E-04  3.5135E-04  6.6921E-03  8.3010E-03
  7.9576E-04  3.5466E-04  6.7541E-03  8.3779E-03
  8.0324E-04  3.5800E-04  6.8165E-03  8.4553E-03
  8.1076E-04  3.6135E-04  6.8793E-03  8.5331E-03
  8.1832E-04  3.6472E-04  6.9424E-03  8.6114E-03
  8.2593E-04  3.6811E-04  7.0059E-03  8.6901E-03
  8.3359E-04  3.7152E-04  7.0697E-03  8.7693E-03
  8.4129E-04  3.7496E-04  7.1339E-03  8.8490E-03
  8.4904E-04  3.7841E-04  7.1985E-03  8.9291E-03
  8.5684E-04  3.8189E-04  7.2635E-03  9.0097E-03
  8.6468E-04  3.8538E-04  7.3289E-03  9.0907E-03
  8.7258E-04  3.8890E-04  7.3946E-03  9.1722E-03
  8.8052E-04  3.9244E-04  7.4607E-03  9.2542E-03
  8.8851E-04  3.9600E-04  7.5272E-03  9.3367E-03
  8.9654E-04  3.9958E-04  7.5941E-03  9.4196E-03
  9.0463E-04  4.0319E-04  7.6614E-03  9.5030E-03
  9.1277E-04  4.0681E-04  7.7290E-03  9.5870E-03
  9.2095E-04  4.1046E-04  7.7971E-03  9.6714E-03
  9.2919E-04  4.1413E-04  7.8655E-03  9.7562E-03
  9.3747E-04  4.1782E-04  7.9344E-03  9.8416E-03
  9.4581E-04  4.2154E-04  8.0036E-03  9.9275E-03
  9.5419E-04  4.2528E-04  8.0733E-03  1.0014E-02
  9.6263E-04  4.2904E-04  8.1433E-03  1.0101E-02
  9.7112E-04  4.3282E-04  8.2138E-03  1.0188E-02
  9.7966E-04  4.3662E-04  8.2846E-03  1.0276E-02
  9.8825E-04  4.4045E-04  8.3559E-03  1.0364E-02
  9.9689E-04  4.4431E-04  8.4276E-03  1.0453E-02
  1.0056E-03  4.4818E-04  8.4997E-03  1.0543E-02
  1.0143E-03  4.5208E-04  8.5722E-03  1.0633E-02
  1.0231E-03  4.5601E-04  8.6451E-03  1.0723E-02
  1.0320E-03  4.5995E-04  8.7185E-03  1.0814E-02
  1.0409E-03  4.6392E-04  8.7923E-03  1.0906E-02
  1.0499E-03  4.6792E-04  8.8665E-03  1.0998E-02
  1.0589E-03  4.7194E-04  8.9411E-03  1.1090E-02
  1.0680E-03  4.7598E-04  9.0162E-03  1.1183E-02
  1.0771E-03  4.8005E-04  9.0917E-03  1.1277E-02
  1.0863E-03  4.8415E-04  9.1677E-03  1.1371E-02
  1.0955E-03  4.8826E-04  9.2440E-03  1.1466E-02
  1.1048E-03  4.9241E-04  9.3209E-03  1.1561E-02
  1.1142E-03  4.9658E-04  9.3981E-03  1.1657E-02
  1.1236E-03  5.0077E-04  9.4758E-03  1.1753E-02
  1.1330E-03  5.0499E-04  9.5540E-03  1.1850E-02
  1.1426E-03  5.0923E-04  9.6326E-03  1.1948E-02
  1.1522E-03  5.1351E-04  9.7117E-03  1.2046E-02
  1.1618E-03  5.1780E-04  9.7912E-03  1.2144E-02
  1.1715E-03  5.2213E-04  9.8712E-03  1.2243E-02
  1.1813E-03  5.2647E-04  9.9516E-03  1.2343E-02
  1.1911E-03  5.3085E-04  1.0033E-02  1.2444E-02
  1.2010E-03  5.3525E-04  1.0114E-02  1.2544E-02
  1.2109E-03  5.3968E-04  1.0196E-02  1.2646E-02
  1.2209E-03  5.4414E-04  1.0278E-02  1.2748E-02
  1.2309E-03  5.4862E-04  1.0361E-02  1.2851E-02
  1.2411E-03  5.5313E-04  1.0444E-02  1.2954E-02
  1.2512E-03  5.5767E-04  1.0528E-02  1.3058E-02
  1.2615E-03  5.6224E-04  1.0612E-02  1.3162E-02
  1.2718E-03  5.6683E-04  1.0697E-02  1.3267E-02
  1.2822E-03  5.7145E-04  1.0782E-02  1.3373E-02
  1.2926E-03  5.7610E-04  1.0868E-02  1.3479E-02
  1.3031E-03  5.8078E-04  1.0954E-02  1.3586E-02
  1.3137E-03  5.8548E-04  1.1040E-02  1.3693E-02
  1.3243E-03  5.9022E-04  1.1128E-02  1.3801E-02
  1.3350E-03  5.9498E-04  1.1215E-02  1.3910E-02
  1.3457E-03  5.9977E-04  1.1303E-02  1.4019E-02
  1.3565E-03  6.0460E-04  1.1392E-02  1.4129E-02
  1.3674E-03  6.0945E-04  1.1481E-02  1.4240E-02
  1.3784E-03  6.1433E-04  1.1571E-02  1.4351E-02
  1.3894E-03  6.1924E-04  1.1661E-02  1.4463E-02
  1.4005E-03  6.2418E-04  1.1752E-02  1.4576E-02
  1.4116E-03  6.2915E-04  1.1843E-02  1.4689E-02
  1.4228E-03  6.3415E-04  1.1935E-02  1.4802E-02
  1.4341E-03  6.3918E-04  1.2027E-02  1.4917E-02
  1.4455E-03  6.4424E-04  1.2120E-02  1.5032E-02
  1.4569E-03  6.4933E-04  1.2213E-02  1.5148E-02
  1.4684E-03  6.5445E-04  1.2307E-02  1.5264E-02
  1.4800E-03  6.5961E-04  1.2402E-02  1.5381E-02
  1.4916E-03  6.6479E-04  1.2496E-02  1.5499E-02
  1.5033E-03  6.7001E-04  1.2592E-02  1.5617E-02
  1.5151E-03  6.7526E-04  1.2688E-02  1.5736E-02
  1.5269E-03  6.8054E-04  1.2785E-02  1.5856E-02
  1.5389E-03  6.8585E-04  1.2882E-02  1.5977E-02
  1.5508E-03  6.9120E-04  1.2979E-02  1.6098E-02
  1.5629E-03  6.9657E-04  1.3078E-02  1.6219E-02
  1.5750E-03  7.0198E-04  1.3176E-02  1.6342E-02
  1.5873E-03  7.0743E-04  1.3276E-02  1.6465E-02
  1.5995E-03  7.1290E-04  1.3376E-02  1.6589E-02
  1.6119E-03  7.1841E-04  1.3476E-02  1.6714E-02
  1.6243E-03  7.2396E-04  1.3577E-02  1.6839E-02
  1.6369E-03  7.2953E-04  1.3679E-02  1.6965E-02
  1.6495E-03  7.3514E-04  1.3781E-02  1.7092E-02
  1.6621E-03  7.4079E-04  1.3884E-02  1.7219E-02
  1.6749E-03  7.4647E-04  1.3987E-02  1.7347E-02
  1.6877E-03  7.5218E-04  1.4091E-02  1.7476E-02
  1.7006E-03  7.5793E-04  1.4196E-02  1.7606E-02
  1.7136E-03  7.6371E-04  1.4301E-02  1.7736E-02
  1.7266E-03  7.6953E-04  1.4407E-02  1.7867E-02
  1.7397E-03  7.7539E-04  1.4513E-02  1.7999E-02
  1.7530E-03  7.8128E-04  1.4620E-02  1.8132E-02
  1.7663E-03  7.8720E-04  1.4728E-02  1.8265E-02
  1.7796E-03  7.9316E-04  1.4836E-02  1.8399E-02
  1.7931E-03  7.9916E-04  1.4945E-02  1.8534E-02
  1.8066E-03  8.0520E-04  1.5054E-02  1.8670E-02
  1.8202E-03  8.1127E-04  1.5164E-02  1.8806E-02
  1.8339E-03  8.1737E-04  1.5275E-02  1.8943E-02
  1.8477E-03  8.2352E-04  1.5386E-02  1.9081E-02
  1.8616E-03  8.2970E-04  1.5498E-02  1.9220E-02
  1.8756E-03  8.3592E-04  1.5610E-02  1.9360E-02
  1.8896E-03  8.4218E-04  1.5724E-02  1.9500E-02
  1.9037E-03  8.4847E-04  1.5837E-02  1.9641E-02
  1.9179E-03  8.5481E-04  1.5952E-02  1.9783E-02
  1.9322E-03  8.6118E-04  1.6067E-02  1.9926E-02
  1.9466E-03  8.6759E-04  1.6183E-02  2.0069E-02
  1.9611E-03  8.7404E-04  1.6299E-02  2.0213E-02
  1.9757E-03  8.8053E-04  1.6416E-02  2.0358E-02
  1.9903E-03  8.8706E-04  1.6534E-02  2.0504E-02
  2.0050E-03  8.9363E-04  1.6652E-02  2.0651E-02
  2.0199E-03  9.0024E-04  1.6771E-02  2.0799E-02
  2.0348E-03  9.0689E-04  1.6891E-02  2.0947E-02
  2.0498E-03  9.1358E-04  1.7011E-02  2.1096E-02
  2.0649E-03  9.2031E-04  1.7132E-02  2.1246E-02
  2.0801E-03  9.2708E-04  1.7254E-02  2.1397E-02
  2.0954E-03  9.3389E-04  1.7376E-02  2.1549E-02
  2.1108E-03  9.4074E-04  1.7499E-02  2.1701E-02
  2.1262E-03  9.4764E-04  1.7623E-02  2.1855E-02
  2.1418E-03  9.5458E-04  1.7747E-02  2.2009E-02
  2.1575E-03  9.6156E-04  1.7873E-02  2.2164E-02
  2.1732E-03  9.6858E-04  1.7999E-02  2.2320E-02
  2.1891E-03  9.7564E-04  1.8125E-02  2.2477E-02
  2.2050E-03  9.8275E-04  1.8252E-02  2.2635E-02
  2.2210E-03  9.8990E-04  1.8380E-02  2.2794E-02
  2.2372E-03  9.9709E-04  1.8509E-02  2.2953E-02
  2.2534E-03  1.0043E-03  1.8638E-02  2.3114E-02
  2.2698E-03  1.0116E-03  1.8769E-02  2.3275E-02
  2.2862E-03  1.0189E-03  1.8899E-02  2.3437E-02
  2.3027E-03  1.0263E-03  1.9031E-02  2.3600E-02
  2.3194E-03  1.0337E-03  1.9163E-02  2.3764E-02
  2.3361E-03  1.0412E-03  1.9296E-02  2.3929E-02
  2.3530E-03  1.0487E-03  1.9430E-02  2.4095E-02
  2.3699E-03  1.0562E-03  1.9565E-02  2.4262E-02
  2.3870E-03  1.0638E-03  1.9700E-02  2.4430E-02
  2.4041E-03  1.0715E-03  1.9836E-02  2.4598E-02
  2.4214E-03  1.0792E-03  1.9973E-02  2.4768E-02
  2.4387E-03  1.0869E-03  2.0110E-02  2.4938E-02
  2.4562E-03  1.0947E-03  2.0249E-02  2.5110E-02
  2.4738E-03  1.1025E-03  2.0388E-02  2.5282E-02
  2.4914E-03  1.1104E-03  2.0528E-02  2.5455E-02
  2.5092E-03  1.1183E-03  2.0668E-02  2.5630E-02
  2.5271E-03  1.1263E-03  2.0810E-02  2.5805E-02
  2.5451E-03  1.1343E-03  2.0952E-02  2.5981E-02
  2.5632E-03  1.1424E-03  2.1095E-02  2.6158E-02
  2.5815E-03  1.1505E-03  2.1238E-02  2.6337E-02
  2.5998E-03  1.1587E-03  2.1383E-02  2.6516E-02
  2.6182E-03  1.1669E-03  2.1528E-02  2.6696E-02
  2.6368E-03  1.1752E-03  2.1674E-02  2.6877E-02
  2.6555E-03  1.1835E-03  2.1821E-02  2.7059E-02
  2.6742E-03  1.1919E-03  2.1969E-02  2.7242E-02
  2.6931E-03  1.2003E-03  2.2118E-02  2.7426E-02
  2.7122E-03  1.2088E-03  2.2267E-02  2.7612E-02
  2.7313E-03  1.2173E-03  2.2417E-02  2.7798E-02
  2.7505E-03  1.2259E-03  2.2568E-02  2.7985E-02
  2.7699E-03  1.2345E-03  2.2720E-02  2.8173E-02
  2.7894E-03  1.2432E-03  2.2873E-02  2.8362E-02
  2.8090E-03  1.2519E-03  2.3026E-02  2.8553E-02
  2.8287E-03  1.2607E-03  2.3181E-02  2.8744E-02
  2.8485E-03  1.2696E-03  2.3336E-02  2.8936E-02
  2.8685E-03  1.2785E-03  2.3492E-02  2.9130E-02
  2.8886E-03  1.2874E-03  2.3649E-02  2.9324E-02
  2.9088E-03  1.2964E-03  2.3807E-02  2.9520E-02
  2.9291E-03  1.3055E-03  2.3965E-02  2.9716E-02
  2.9495E-03  1.3146E-03  2.4125E-02  2.9914E-02
  2.9701E-03  1.3237E-03  2.4285E-02  3.0113E-02
  2.9908E-03  1.3330E-03  2.4446E-02  3.0313E-02
  3.0116E-03  1.3423E-03  2.4609E-02  3.0514E-02
  3.0326E-03  1.3516E-03  2.4772E-02  3.0716E-02
  3.0537E-03  1.3610E-03  2.4935E-02  3.0919E-02
  3.0749E-03  1.3704E-03  2.5100E-02  3.1123E-02
  3.0962E-03  1.3799E-03  2.5266E-02  3.1328E-02
  3.1177E-03  1.3895E-03  2.5432E-02  3.1535E-02
  3.1393E-03  1.3991E-03  2.5600E-02  3.1742E-02
  3.1610E-03  1.4088E-03  2.5768E-02  3.1951E-02
  3.1828E-03  1.4186E-03  2.5938E-02  3.2161E-02
  3.2048E-03  1.4284E-03  2.6108E-02  3.2372E-02
  3.2270E-03  1.4382E-03  2.6279E-02  3.2584E-02
  3.2492E-03  1.4481E-03  2.6451E-02  3.2797E-02
  3.2716E-03  1.4581E-03  2.6624E-02  3.3011E-02
  3.2941E-03  1.4682E-03  2.6798E-02  3.3227E-02
  3.3168E-03  1.4783E-03  2.6973E-02  3.3443E-02
  3.3396E-03  1.4884E-03  2.7148E-02  3.3661E-02
  3.3626E-03  1.4987E-03  2.7325E-02  3.3880E-02
  3.3856E-03  1.5089E-03  2.7503E-02  3.4100E-02
  3.4089E-03  1.5193E-03  2.7681E-02  3.4322E-02
  3.4322E-03  1.5297E-03  2.7861E-02  3.4544E-02
  3.4557E-03  1.5402E-03  2.8042E-02  3.4768E-02
  3.4794E-03  1.5507E-03  2.8223E-02  3.4993E-02
  3.5032E-03  1.5613E-03  2.8406E-02  3.5219E-02
  3.5271E-03  1.5720E-03  2.8589E-02  3.5446E-02
  3.5512E-03  1.5827E-03  2.8773E-02  3.5675E-02
  3.5754E-03  1.5935E-03  2.8959E-02  3.5905E-02
  3.5998E-03  1.6044E-03  2.9145E-02  3.6136E-02
  3.6243E-03  1.6153E-03  2.9333E-02  3.6368E-02
  3.6490E-03  1.6263E-03  2.9521E-02  3.6601E-02
  3.6738E-03  1.6374E-03  2.9711E-02  3.6836E-02
  3.6988E-03  1.6485E-03  2.9901E-02  3.7072E-02
  3.7240E-03  1.6597E-03  3.0092E-02  3.7309E-02
  3.7492E-03  1.6710E-03  3.0285E-02  3.7548E-02
  3.7747E-03  1.6823E-03  3.0478E-02  3.7787E-02
  3.8003E-03  1.6937E-03  3.0673E-02  3.8028E-02
  3.8260E-03  1.7052E-03  3.0868E-02  3.8271E-02
  3.8519E-03  1.7168E-03  3.1065E-02  3.8514E-02
  3.8780E-03  1.7284E-03  3.1262E-02  3.8759E-02
  3.9042E-03  1.7401E-03  3.1461E-02  3.9005E-02
  3.9306E-03  1.7518E-03  3.1661E-02  3.9252E-02
  3.9571E-03  1.7636E-03  3.1861E-02  3.9501E-02
  3.9838E-03  1.7755E-03  3.2063E-02  3.9751E-02
  4.0107E-03  1.7875E-03  3.2266E-02  4.0002E-02
  4.0377E-03  1.7996E-03  3.2470E-02  4.0255E-02
  4.0649E-03  1.8117E-03  3.2675E-02  4.0509E-02
  4.0922E-03  1.8239E-03  3.2881E-02  4.0764E-02
  4.1198E-03  1.8361E-03  3.3088E-02  4.1021E-02
  4.1475E-03  1.8485E-03  3.3296E-02  4.1279E-02
  4.1753E-03  1.8609E-03  3.3506E-02  4.1538E-02
  4.2033E-03  1.8734E-03  3.3716E-02  4.1799E-02
  4.2315E-03  1.8859E-03  3.3928E-02  4.2061E-02
  4.2599E-03  1.8986E-03  3.4140E-02  4.2324E-02
  4.2884E-03  1.9113E-03  3.4354E-02  4.2589E-02
  4.3172E-03  1.9241E-03  3.4569E-02  4.2855E-02
  4.3461E-03  1.9370E-03  3.4785E-02  4.3123E-02
  4.3751E-03  1.9499E-03  3.5002E-02  4.3392E-02
  4.4044E-03  1.9630E-03  3.5220E-02  4.3662E-02
  4.4338E-03  1.9761E-03  3.5439E-02  4.3934E-02
  4.4634E-03  1.9893E-03  3.5660E-02  4.4207E-02
  4.4932E-03  2.0025E-03  3.5881E-02  4.4481E-02
  4.5231E-03  2.0159E-03  3.6104E-02  4.4757E-02
  4.5533E-03  2.0293E-03  3.6328E-02  4.5034E-02
  4.5836E-03  2.0428E-03  3.6553E-02  4.5313E-02
  4.6141E-03  2.0564E-03  3.6779E-02  4.5593E-02
  4.6448E-03  2.0701E-03  3.7007E-02  4.5875E-02
  4.6757E-03  2.0839E-03  3.7235E-02  4.6158E-02
  4.7067E-03  2.0977E-03  3.7465E-02  4.6443E-02
  4.7380E-03  2.1117E-03  3.7696E-02  4.6729E-02
  4.7694E-03  2.1257E-03  3.7928E-02  4.7016E-02
  4.8011E-03  2.1398E-03  3.8161E-02  4.7305E-02
  4.8329E-03  2.1540E-03  3.8395E-02  4.7595E-02
  4.8649E-03  2.1682E-03  3.8631E-02  4.7887E-02
  4.8972E-03  2.1826E-03  3.8868E-02  4.8181E-02
  4.9296E-03  2.1971E-03  3.9106E-02  4.8475E-02
  4.9622E-03  2.2116E-03  3.9345E-02  4.8772E-02
  4.9950E-03  2.2262E-03  3.9586E-02  4.9069E-02
  5.0280E-03  2.2409E-03  3.9827E-02  4.9369E-02
  5.0612E-03  2.2557E-03  4.0070E-02  4.9670E-02
  5.0947E-03  2.2706E-03  4.0314E-02  4.9972E-02
  5.1283E-03  2.2856E-03  4.0560E-02  5.0276E-02
  5.1621E-03  2.3007E-03  4.0806E-02  5.0581E-02
  5.1961E-03  2.3158E-03  4.1054E-02  5.0888E-02
  5.2304E-03  2.3311E-03  4.1303E-02  5.1197E-02
  5.2648E-03  2.3465E-03  4.1553E-02  5.1507E-02
  5.2995E-03  2.3619E-03  4.1805E-02  5.1818E-02
  5.3343E-03  2.3774E-03  4.2058E-02  5.2131E-02
  5.3694E-03  2.3931E-03  4.2312E-02  5.2446E-02
  5.4047E-03  2.4088E-03  4.2567E-02  5.2762E-02
  5.4402E-03  2.4246E-03  4.2824E-02  5.3080E-02
  5.4759E-03  2.4405E-03  4.3082E-02  5.3399E-02
  5.5118E-03  2.4566E-03  4.3341E-02  5.3720E-02
  5.5480E-03  2.4727E-03  4.3602E-02  5.4043E-02
  5.5844E-03  2.4889E-03  4.3863E-02  5.4367E-02
  5.6210E-03  2.5052E-03  4.4126E-02  5.4693E-02
  5.6578E-03  2.5216E-03  4.4391E-02  5.5020E-02
  5.6948E-03  2.5381E-03  4.4656E-02  5.5349E-02
  5.7321E-03  2.5547E-03  4.4923E-02  5.5680E-02
  5.7696E-03  2.5714E-03  4.5192E-02  5.6012E-02
  5.8073E-03  2.5882E-03  4.5461E-02  5.6346E-02
  5.8453E-03  2.6052E-03  4.5732E-02  5.6682E-02
  5.8835E-03  2.6222E-03  4.6005E-02  5.7019E-02
  5.9219E-03  2.6393E-03  4.6278E-02  5.7358E-02
  5.9605E-03  2.6565E-03  4.6553E-02  5.7698E-02
  5.9994E-03  2.6738E-03  4.6830E-02  5.8040E-02
  6.0385E-03  2.6913E-03  4.7107E-02  5.8384E-02
  6.0779E-03  2.7088E-03  4.7386E-02  5.8729E-02
  6.1175E-03  2.7265E-03  4.7666E-02  5.9076E-02
  6.1573E-03  2.7442E-03  4.7948E-02  5.9425E-02
  6.1974E-03  2.7621E-03  4.8231E-02  5.9776E-02
  6.2377E-03  2.7801E-03  4.8516E-02  6.0128E-02
  6.2783E-03  2.7981E-03  4.8802E-02  6.0482E-02
  6.3191E-03  2.8163E-03  4.9089E-02  6.0837E-02
  6.3602E-03  2.8346E-03  4.9377E-02  6.1194E-02
  6.4015E-03  2.8530E-03  4.9667E-02  6.1553E-02
  6.4431E-03  2.8716E-03  4.9959E-02  6.1914E-02
  6.4849E-03  2.8902E-03  5.0251E-02  6.2276E-02
  6.5269E-03  2.9090E-03  5.0545E-02  6.2640E-02
  6.5693E-03  2.9278E-03  5.0841E-02  6.3006E-02
  6.6119E-03  2.9468E-03  5.1138E-02  6.3374E-02
  6.6547E-03  2.9659E-03  5.1436E-02  6.3743E-02
  6.6978E-03  2.9851E-03  5.1736E-02  6.4114E-02
  6.7412E-03  3.0044E-03  5.2037E-02  6.4487E-02
  6.7848E-03  3.0239E-03  5.2340E-02  6.4862E-02
  6.8287E-03  3.0434E-03  5.2644E-02  6.5238E-02
  6.8729E-03  3.0631E-03  5.2949E-02  6.5616E-02
  6.9173E-03  3.0829E-03  5.3256E-02  6.5996E-02
  6.9620E-03  3.1029E-03  5.3564E-02  6.6377E-02
  7.0070E-03  3.1229E-03  5.3874E-02  6.6761E-02
  7.0522E-03  3.1431E-03  5.4185E-02  6.7146E-02
  7.0978E-03  3.1634E-03  5.4498E-02  6.7533E-02
  7.1436E-03  3.1838E-03  5.4812E-02  6.7922E-02
  7.1896E-03  3.2043E-03  5.5128E-02  6.8312E-02
  7.2360E-03  3.2250E-03  5.5445E-02  6.8705E-02
  7.2826E-03  3.2457E-03  5.5763E-02  6.9099E-02
  7.3296E-03  3.2667E-03  5.6083E-02  6.9495E-02
  7.3768E-03  3.2877E-03  5.6405E-02  6.9893E-02
  7.4243E-03  3.3089E-03  5.6728E-02  7.0292E-02
  7.4721E-03  3.3302E-03  5.7052E-02  7.0694E-02
  7.5201E-03  3.3516E-03  5.7378E-02  7.1097E-02
  7.5685E-03  3.3731E-03  5.7705E-02  7.1502E-02
  7.6172E-03  3.3948E-03  5.8034E-02  7.1909E-02
  7.6661E-03  3.4167E-03  5.8365E-02  7.2318E-02
  7.7154E-03  3.4386E-03  5.8696E-02  7.2729E-02
  7.7649E-03  3.4607E-03  5.9030E-02  7.3141E-02
  7.8148E-03  3.4829E-03  5.9365E-02  7.3556E-02
  7.8650E-03  3.5053E-03  5.9701E-02  7.3972E-02
  7.9154E-03  3.5278E-03  6.0039E-02  7.4390E-02
  7.9662E-03  3.5504E-03  6.0378E-02  7.4810E-02
  8.0173E-03  3.5732E-03  6.0719E-02  7.5232E-02
  8.0687E-03  3.5961E-03  6.1062E-02  7.5655E-02
  8.1204E-03  3.6191E-03  6.1406E-02  7.6081E-02
  8.1724E-03  3.6423E-03  6.1751E-02  7.6508E-02
  8.2247E-03  3.6656E-03  6.2098E-02  7.6938E-02
  8.2774E-03  3.6891E-03  6.2447E-02  7.7369E-02
  8.3304E-03  3.7127E-03  6.2797E-02  7.7802E-02
  8.3837E-03  3.7364E-03  6.3148E-02  7.8237E-02
  8.4373E-03  3.7603E-03  6.3502E-02  7.8674E-02
  8.4912E-03  3.7844E-03  6.3856E-02  7.9113E-02
  8.5455E-03  3.8086E-03  6.4213E-02  7.9553E-02
  8.6001E-03  3.8329E-03  6.4570E-02  7.9996E-02
  8.6550E-03  3.8574E-03  6.4930E-02  8.0440E-02
  8.7103E-03  3.8820E-03  6.5291E-02  8.0887E-02
  8.7659E-03  3.9068E-03  6.5653E-02  8.1335E-02
  8.8219E-03  3.9317E-03  6.6017E-02  8.1785E-02
  8.8782E-03  3.9568E-03  6.6383E-02  8.2238E-02
  8.9348E-03  3.9820E-03  6.6750E-02  8.2692E-02
  8.9918E-03  4.0074E-03  6.7119E-02  8.3148E-02
  9.0491E-03  4.0330E-03  6.7489E-02  8.3606E-02
  9.1067E-03  4.0587E-03  6.7861E-02  8.4066E-02
  9.1648E-03  4.0845E-03  6.8234E-02  8.4527E-02
  9.2231E-03  4.1105E-03  6.8609E-02  8.4991E-02
  9.2819E-03  4.1367E-03  6.8986E-02  8.5457E-02
  9.3409E-03  4.1631E-03  6.9364E-02  8.5925E-02
  9.4004E-03  4.1895E-03  6.9744E-02  8.6394E-02
  9.4602E-03  4.2162E-03  7.0125E-02  8.6866E-02
  9.5204E-03  4.2430E-03  7.0508E-02  8.7339E-02
  9.5809E-03  4.2700E-03  7.0892E-02  8.7815E-02
  9.6418E-03  4.2971E-03  7.1278E-02  8.8292E-02
  9.7031E-03  4.3244E-03  7.1666E-02  8.8771E-02
  9.7647E-03  4.3519E-03  7.2055E-02  8.9253E-02
  9.8267E-03  4.3795E-03  7.2446E-02  8.9736E-02
  9.8891E-03  4.4073E-03  7.2839E-02  9.0221E-02
  9.9519E-03  4.4353E-03  7.3233E-02  9.0708E-02
  1.0015E-02  4.4635E-03  7.3628E-02  9.1197E-02
  1.0079E-02  4.4918E-03  7.4026E-02  9.1689E-02
  1.0143E-02  4.5203E-03  7.4424E-02  9.2182E-02
  1.0207E-02  4.5489E-03  7.4825E-02  9.2677E-02
  1.0272E-02  4.5778E-03  7.5227E-02  9.3174E-02
  1.0337E-02  4.6068E-03  7.5630E-02  9.3672E-02
  1.0402E-02  4.6360E-03  7.6036E-02  9.4173E-02
  1.0468E-02  4.6653E-03  7.6442E-02  9.4676E-02
  1.0534E-02  4.6949E-03  7.6851E-02  9.5181E-02
  1.0601E-02  4.7246E-03  7.7261E-02  9.5688E-02
  1.0668E-02  4.7545E-03  7.7672E-02  9.6197E-02
  1.0736E-02  4.7846E-03  7.8086E-02  9.6707E-02
  1.0804E-02  4.8149E-03  7.8500E-02  9.7220E-02
  1.0872E-02  4.8453E-03  7.8917E-02  9.7735E-02
  1.0941E-02  4.8760E-03  7.9335E-02  9.8251E-02
  1.1010E-02  4.9068E-03  7.9754E-02  9.8770E-02
  1.1079E-02  4.9378E-03  8.0176E-02  9.9290E-02
  1.1149E-02  4.9690E-03  8.0598E-02  9.9813E-02
  1.1220E-02  5.0004E-03  8.1023E-02  1.0034E-01
  1.1291E-02  5.0320E-03  8.1449E-02  1.0086E-01
  1.1362E-02  5.0638E-03  8.1876E-02  1.0139E-01
  1.1434E-02  5.0957E-03  8.2305E-02  1.0192E-01
  1.1506E-02  5.1279E-03  8.2736E-02  1.0245E-01
  1.1579E-02  5.1602E-03  8.3169E-02  1.0299E-01
  1.1652E-02  5.1928E-03  8.3603E-02  1.0352E-01
  1.1725E-02  5.2256E-03  8.4038E-02  1.0406E-01
  1.1799E-02  5.2585E-03  8.4475E-02  1.0460E-01
  1.1874E-02  5.2917E-03  8.4914E-02  1.0514E-01
  1.1948E-02  5.3250E-03  8.5354E-02  1.0569E-01
  1.2024E-02  5.3586E-03  8.5796E-02  1.0623E-01
  1.2099E-02  5.3923E-03  8.6239E-02  1.0678E-01
  1.2176E-02  5.4263E-03  8.6684E-02  1.0733E-01
  1.2252E-02  5.4605E-03  8.7131E-02  1.0788E-01
  1.2329E-02  5.4948E-03  8.7579E-02  1.0844E-01
  1.2407E-02  5.5294E-03  8.8029E-02  1.0899E-01
  1.2485E-02  5.5642E-03  8.8480E-02  1.0955E-01
  1.2564E-02  5.5992E-03  8.8933E-02  1.1011E-01
  1.2643E-02  5.6345E-03  8.9388E-02  1.1067E-01
  1.2722E-02  5.6699E-03  8.9843E-02  1.1123E-01
  1.2802E-02  5.7055E-03  9.0301E-02  1.1180E-01
  1.2883E-02  5.7414E-03  9.0760E-02  1.1237E-01
  1.2964E-02  5.7775E-03  9.1221E-02  1.1293E-01
  1.3045E-02  5.8138E-03  9.1683E-02  1.1350E-01
  1.3127E-02  5.8503E-03  9.2147E-02  1.1408E-01
  1.3210E-02  5.8871E-03  9.2612E-02  1.1465E-01
  1.3293E-02  5.9241E-03  9.3079E-02  1.1523E-01
  1.3376E-02  5.9613E-03  9.3547E-02  1.1581E-01
  1.3460E-02  5.9987E-03  9.4017E-02  1.1639E-01
  1.3545E-02  6.0363E-03  9.4488E-02  1.1697E-01
  1.3630E-02  6.0742E-03  9.4961E-02  1.1755E-01
  1.3715E-02  6.1123E-03  9.5435E-02  1.1814E-01
  1.3801E-02  6.1507E-03  9.5911E-02  1.1872E-01
  1.3888E-02  6.1892E-03  9.6388E-02  1.1931E-01
  1.3975E-02  6.2280E-03  9.6867E-02  1.1990E-01
  1.4062E-02  6.2671E-03  9.7347E-02  1.2050E-01
  1.4151E-02  6.3064E-03  9.7829E-02  1.2109E-01
  1.4239E-02  6.3459E-03  9.8312E-02  1.2169E-01
  1.4329E-02  6.3857E-03  9.8797E-02  1.2229E-01
  1.4418E-02  6.4257E-03  9.9283E-02  1.2289E-01
  1.4509E-02  6.4659E-03  9.9771E-02  1.2349E-01
  1.4600E-02  6.5064E-03  1.0026E-01  1.2409E-01
  1.4691E-02  6.5471E-03  1.0075E-01  1.2470E-01
  1.4783E-02  6.5881E-03  1.0124E-01  1.2530E-01
  1.4875E-02  6.6294E-03  1.0174E-01  1.2591E-01
  1.4969E-02  6.6708E-03  1.0223E-01  1.2652E-01
  1.5062E-02  6.7126E-03  1.0273E-01  1.2713E-01
  1.5157E-02  6.7546E-03  1.0322E-01  1.2775E-01
  1.5251E-02  6.7968E-03  1.0372E-01  1.2836E-01
  1.5347E-02  6.8393E-03  1.0422E-01  1.2898E-01
  1.5443E-02  6.8821E-03  1.0473E-01  1.2960E-01
  1.5539E-02  6.9251E-03  1.0523E-01  1.3022E-01
  1.5636E-02  6.9684E-03  1.0573E-01  1.3084E-01
  1.5734E-02  7.0119E-03  1.0624E-01  1.3147E-01
  1.5832E-02  7.0557E-03  1.0675E-01  1.3209E-01
  1.5931E-02  7.0998E-03  1.0725E-01  1.3272E-01
  1.6031E-02  7.1442E-03  1.0776E-01  1.3335E-01
  1.6131E-02  7.1888E-03  1.0827E-01  1.3398E-01
  1.6232E-02  7.2337E-03  1.0879E-01  1.3461E-01
  1.6333E-02  7.2788E-03  1.0930E-01  1.3524E-01
  1.6435E-02  7.3243E-03  1.0982E-01  1.3588E-01
  1.6538E-02  7.3700E-03  1.1033E-01  1.3651E-01
  1.6641E-02  7.4160E-03  1.1085E-01  1.3715E-01
  1.6745E-02  7.4622E-03  1.1137E-01  1.3779E-01
  1.6849E-02  7.5088E-03  1.1189E-01  1.3843E-01
  1.6954E-02  7.5556E-03  1.1241E-01  1.3907E-01
  1.7060E-02  7.6027E-03  1.1293E-01  1.3972E-01
  1.7166E-02  7.6501E-03  1.1345E-01  1.4036E-01
  1.7273E-02  7.6978E-03  1.1398E-01  1.4101E-01
  1.7381E-02  7.7458E-03  1.1451E-01  1.4166E-01
  1.7489E-02  7.7941E-03  1.1503E-01  1.4230E-01
  1.7598E-02  7.8426E-03  1.1556E-01  1.4296E-01
  1.7708E-02  7.8915E-03  1.1609E-01  1.4361E-01
  1.7818E-02  7.9406E-03  1.1662E-01  1.4426E-01
  1.7929E-02  7.9901E-03  1.1715E-01  1.4492E-01
  1.8041E-02  8.0398E-03  1.1768E-01  1.4557E-01
  1.8153E-02  8.0899E-03  1.1822E-01  1.4623E-01
  1.8267E-02  8.1403E-03  1.1875E-01  1.4689E-01
  1.8380E-02  8.1909E-03  1.1929E-01  1.4755E-01
  1.8495E-02  8.2419E-03  1.1982E-01  1.4821E-01
  1.8610E-02  8.2932E-03  1.2036E-01  1.4887E-01
  1.8726E-02  8.3448E-03  1.2090E-01  1.4953E-01
  1.8842E-02  8.3967E-03  1.2144E-01  1.5020E-01
  1.8959E-02  8.4489E-03  1.2198E-01  1.5086E-01
  1.9077E-02  8.5015E-03  1.2252E-01  1.5153E-01
  1.9196E-02  8.5543E-03  1.2306E-01  1.5220E-01
  1.9315E-02  8.6075E-03  1.2361E-01  1.5286E-01
  1.9435E-02  8.6610E-03  1.2415E-01  1.5353E-01
  1.9556E-02  8.7149E-03  1.2470E-01  1.5420E-01
  1.9678E-02  8.7690E-03  1.2524E-01  1.5488E-01
  1.9800E-02  8.8235E-03  1.2579E-01  1.5555E-01
  1.9923E-02  8.8783E-03  1.2634E-01  1.5622E-01
  2.0047E-02  8.9335E-03  1.2689E-01  1.5690E-01
  2.0172E-02  8.9890E-03  1.2743E-01  1.5757E-01
  2.0297E-02  9.0448E-03  1.2798E-01  1.5825E-01
  2.0423E-02  9.1010E-03  1.2853E-01  1.5893E-01
  2.0550E-02  9.1575E-03  1.2909E-01  1.5960E-01
  2.0677E-02  9.2143E-03  1.2964E-01  1.6028E-01
  2.0806E-02  9.2715E-03  1.3019E-01  1.6096E-01
  2.0935E-02  9.3291E-03  1.3074E-01  1.6164E-01
  2.1065E-02  9.3870E-03  1.3130E-01  1.6232E-01
  2.1196E-02  9.4452E-03  1.3185E-01  1.6300E-01
  2.1327E-02  9.5038E-03  1.3241E-01  1.6369E-01
  2.1460E-02  9.5628E-03  1.3296E-01  1.6437E-01
  2.1593E-02  9.6221E-03  1.3352E-01  1.6505E-01
  2.1727E-02  9.6817E-03  1.3407E-01  1.6573E-01
  2.1861E-02  9.7418E-03  1.3463E-01  1.6642E-01
  2.1997E-02  9.8022E-03  1.3519E-01  1.6710E-01
  2.2133E-02  9.8629E-03  1.3575E-01  1.6779E-01
  2.2271E-02  9.9241E-03  1.3630E-01  1.6847E-01
  2.2409E-02  9.9856E-03  1.3686E-01  1.6916E-01
  2.2548E-02  1.0047E-02  1.3742E-01  1.6985E-01
  2.2687E-02  1.0110E-02  1.3798E-01  1.7053E-01
  2.2828E-02  1.0172E-02  1.3854E-01  1.7122E-01
  2.2969E-02  1.0235E-02  1.3910E-01  1.7191E-01
  2.3112E-02  1.0299E-02  1.3966E-01  1.7259E-01
  2.3255E-02  1.0363E-02  1.4022E-01  1.7328E-01
  2.3399E-02  1.0427E-02  1.4078E-01  1.7397E-01
  2.3544E-02  1.0491E-02  1.4134E-01  1.7466E-01
  2.3690E-02  1.0556E-02  1.4190E-01  1.7534E-01
  2.3837E-02  1.0622E-02  1.4246E-01  1.7603E-01
  2.3984E-02  1.0687E-02  1.4302E-01  1.7672E-01
  2.4133E-02  1.0753E-02  1.4358E-01  1.7741E-01
  2.4282E-02  1.0820E-02  1.4414E-01  1.7809E-01
  2.4432E-02  1.0887E-02  1.4470E-01  1.7878E-01
  2.4584E-02  1.0954E-02  1.4526E-01  1.7947E-01
  2.4736E-02  1.1022E-02  1.4582E-01  1.8016E-01
  2.4889E-02  1.1090E-02  1.4638E-01  1.8084E-01
  2.5043E-02  1.1159E-02  1.4694E-01  1.8153E-01
  2.5198E-02  1.1228E-02  1.4750E-01  1.8221E-01
  2.5354E-02  1.1297E-02  1.4806E-01  1.8290E-01
  2.5510E-02  1.1367E-02  1.4862E-01  1.8358E-01
  2.5668E-02  1.1437E-02  1.4918E-01  1.8427E-01
  2.5827E-02  1.1508E-02  1.4974E-01  1.8495E-01
  2.5987E-02  1.1579E-02  1.5030E-01  1.8564E-01
  2.6147E-02  1.1651E-02  1.5085E-01  1.8632E-01
  2.6309E-02  1.1723E-02  1.5141E-01  1.8700E-01
  2.6472E-02  1.1795E-02  1.5197E-01  1.8768E-01
  2.6635E-02  1.1868E-02  1.5252E-01  1.8836E-01
  2.6800E-02  1.1941E-02  1.5308E-01  1.8904E-01
  2.6965E-02  1.2015E-02  1.5363E-01  1.8972E-01
  2.7132E-02  1.2089E-02  1.5419E-01  1.9040E-01
  2.7300E-02  1.2164E-02  1.5474E-01  1.9108E-01
  2.7468E-02  1.2239E-02  1.5529E-01  1.9175E-01
  2.7638E-02  1.2315E-02  1.5584E-01  1.9243E-01
  2.7809E-02  1.2391E-02  1.5640E-01  1.9310E-01
  2.7981E-02  1.2467E-02  1.5695E-01  1.9377E-01
  2.8153E-02  1.2544E-02  1.5749E-01  1.9444E-01
  2.8327E-02  1.2622E-02  1.5804E-01  1.9511E-01
  2.8502E-02  1.2700E-02  1.5859E-01  1.9578E-01
  2.8678E-02  1.2778E-02  1.5914E-01  1.9645E-01
  2.8855E-02  1.2857E-02  1.5968E-01  1.9711E-01
  2.9033E-02  1.2936E-02  1.6023E-01  1.9778E-01
  2.9212E-02  1.3016E-02  1.6077E-01  1.9844E-01
  2.9393E-02  1.3096E-02  1.6131E-01  1.9910E-01
  2.9574E-02  1.3177E-02  1.6185E-01  1.9976E-01
  2.9757E-02  1.3258E-02  1.6239E-01  2.0042E-01
  2.9940E-02  1.3340E-02  1.6293E-01  2.0107E-01
  3.0125E-02  1.3422E-02  1.6346E-01  2.0173E-01
  3.0311E-02  1.3505E-02  1.6400E-01  2.0238E-01
  3.0498E-02  1.3588E-02  1.6453E-01  2.0303E-01
  3.0686E-02  1.3672E-02  1.6506E-01  2.0368E-01
  3.0875E-02  1.3756E-02  1.6559E-01  2.0432E-01
  3.1066E-02  1.3841E-02  1.6612E-01  2.0496E-01
  3.1257E-02  1.3926E-02  1.6664E-01  2.0561E-01
  3.1450E-02  1.4012E-02  1.6717E-01  2.0624E-01
  3.1644E-02  1.4098E-02  1.6769E-01  2.0688E-01
  3.1839E-02  1.4185E-02  1.6821E-01  2.0751E-01
  3.2035E-02  1.4273E-02  1.6873E-01  2.0814E-01
  3.2233E-02  1.4361E-02  1.6925E-01  2.0877E-01
  3.2431E-02  1.4449E-02  1.6976E-01  2.0940E-01
  3.2631E-02  1.4538E-02  1.7027E-01  2.1002E-01
  3.2832E-02  1.4628E-02  1.7079E-01  2.1064E-01
  3.3035E-02  1.4718E-02  1.7129E-01  2.1126E-01
  3.3238E-02  1.4808E-02  1.7180E-01  2.1187E-01
  3.3443E-02  1.4899E-02  1.7230E-01  2.1249E-01
  3.3649E-02  1.4991E-02  1.7280E-01  2.1309E-01
  3.3856E-02  1.5083E-02  1.7330E-01  2.1370E-01
  3.4065E-02  1.5176E-02  1.7380E-01  2.1430E-01
  3.4275E-02  1.5270E-02  1.7429E-01  2.1490E-01
  3.4486E-02  1.5364E-02  1.7478E-01  2.1549E-01
  3.4698E-02  1.5458E-02  1.7527E-01  2.1608E-01
  3.4912E-02  1.5553E-02  1.7576E-01  2.1667E-01
  3.5127E-02  1.5649E-02  1.7624E-01  2.1726E-01
  3.5343E-02  1.5745E-02  1.7672E-01  2.1784E-01
  3.5560E-02  1.5842E-02  1.7720E-01  2.1841E-01
  3.5779E-02  1.5939E-02  1.7767E-01  2.1899E-01
  3.6000E-02  1.6037E-02  1.7814E-01  2.1955E-01
  3.6221E-02  1.6136E-02  1.7861E-01  2.2012E-01
  3.6444E-02  1.6235E-02  1.7907E-01  2.2068E-01
  3.6668E-02  1.6335E-02  1.7953E-01  2.2124E-01
  3.6894E-02  1.6435E-02  1.7999E-01  2.2179E-01
  3.7121E-02  1.6536E-02  1.8044E-01  2.2233E-01
  3.7349E-02  1.6638E-02  1.8089E-01  2.2288E-01
  3.7579E-02  1.6740E-02  1.8134E-01  2.2342E-01
  3.7810E-02  1.6843E-02  1.8178E-01  2.2395E-01
  3.8043E-02  1.6947E-02  1.8222E-01  2.2448E-01
  3.8277E-02  1.7051E-02  1.8266E-01  2.2500E-01
  3.8512E-02  1.7156E-02  1.8309E-01  2.2552E-01
  3.8749E-02  1.7261E-02  1.8352E-01  2.2604E-01
  3.8987E-02  1.7367E-02  1.8394E-01  2.2654E-01
  3.9227E-02  1.7474E-02  1.8436E-01  2.2705E-01
  3.9468E-02  1.7581E-02  1.8478E-01  2.2755E-01
  3.9711E-02  1.7689E-02  1.8519E-01  2.2804E-01
  3.9955E-02  1.7798E-02  1.8560E-01  2.2853E-01
  4.0201E-02  1.7907E-02  1.8600E-01  2.2901E-01
  4.0448E-02  1.8017E-02  1.8640E-01  2.2948E-01
  4.0697E-02  1.8128E-02  1.8679E-01  2.2995E-01
  4.0947E-02  1.8239E-02  1.8718E-01  2.3042E-01
  4.1198E-02  1.8351E-02  1.8756E-01  2.3088E-01
  4.1452E-02  1.8463E-02  1.8794E-01  2.3133E-01
  4.1706E-02  1.8577E-02  1.8832E-01  2.3177E-01
  4.1963E-02  1.8691E-02  1.8869E-01  2.3221E-01
  4.2220E-02  1.8806E-02  1.8905E-01  2.3265E-01
  4.2480E-02  1.8921E-02  1.8941E-01  2.3307E-01
  4.2741E-02  1.9037E-02  1.8977E-01  2.3349E-01
  4.3003E-02  1.9154E-02  1.9012E-01  2.3391E-01
  4.3268E-02  1.9271E-02  1.9046E-01  2.3431E-01
  4.3533E-02  1.9390E-02  1.9080E-01  2.3471E-01
  4.3801E-02  1.9508E-02  1.9113E-01  2.3511E-01
  4.4070E-02  1.9628E-02  1.9146E-01  2.3549E-01
  4.4340E-02  1.9749E-02  1.9178E-01  2.3587E-01
  4.4613E-02  1.9870E-02  1.9210E-01  2.3624E-01
  4.4887E-02  1.9991E-02  1.9241E-01  2.3660E-01
  4.5162E-02  2.0114E-02  1.9271E-01  2.3696E-01
  4.5440E-02  2.0237E-02  1.9301E-01  2.3731E-01
  4.5719E-02  2.0361E-02  1.9330E-01  2.3765E-01
  4.5999E-02  2.0486E-02  1.9359E-01  2.3798E-01
  4.6282E-02  2.0612E-02  1.9387E-01  2.3831E-01
  4.6566E-02  2.0738E-02  1.9414E-01  2.3862E-01
  4.6852E-02  2.0865E-02  1.9440E-01  2.3893E-01
  4.7139E-02  2.0993E-02  1.9466E-01  2.3923E-01
  4.7429E-02  2.1122E-02  1.9492E-01  2.3952E-01
  4.7720E-02  2.1251E-02  1.9516E-01  2.3980E-01
  4.8012E-02  2.1381E-02  1.9540E-01  2.4008E-01
  4.8307E-02  2.1512E-02  1.9564E-01  2.4034E-01
  4.8603E-02  2.1644E-02  1.9586E-01  2.4060E-01
  4.8902E-02  2.1777E-02  1.9608E-01  2.4084E-01
  4.9202E-02  2.1910E-02  1.9629E-01  2.4108E-01
  4.9504E-02  2.2044E-02  1.9649E-01  2.4131E-01
  4.9807E-02  2.2179E-02  1.9669E-01  2.4153E-01
  5.0113E-02  2.2315E-02  1.9688E-01  2.4174E-01
  5.0420E-02  2.2452E-02  1.9706E-01  2.4194E-01
  5.0730E-02  2.2589E-02  1.9723E-01  2.4213E-01
  5.1041E-02  2.2728E-02  1.9740E-01  2.4231E-01
  5.1354E-02  2.2867E-02  1.9756E-01  2.4248E-01
  5.1669E-02  2.3007E-02  1.9771E-01  2.4263E-01
  5.1986E-02  2.3148E-02  1.9785E-01  2.4278E-01
  5.2304E-02  2.3289E-02  1.9798E-01  2.4292E-01
  5.2625E-02  2.3432E-02  1.9810E-01  2.4305E-01
  5.2948E-02  2.3575E-02  1.9822E-01  2.4317E-01
  5.3272E-02  2.3719E-02  1.9833E-01  2.4327E-01
  5.3599E-02  2.3865E-02  1.9843E-01  2.4337E-01
  5.3928E-02  2.4011E-02  1.9852E-01  2.4345E-01
  5.4258E-02  2.4158E-02  1.9860E-01  2.4353E-01
  5.4591E-02  2.4305E-02  1.9867E-01  2.4359E-01
  5.4926E-02  2.4454E-02  1.9874E-01  2.4364E-01
  5.5262E-02  2.4604E-02  1.9879E-01  2.4368E-01
  5.5601E-02  2.4754E-02  1.9883E-01  2.4371E-01
  5.5942E-02  2.4905E-02  1.9887E-01  2.4372E-01
  5.6285E-02  2.5058E-02  1.9890E-01  2.4372E-01
  5.6630E-02  2.5211E-02  1.9891E-01  2.4371E-01
  5.6977E-02  2.5365E-02  1.9892E-01  2.4369E-01
  5.7326E-02  2.5520E-02  1.9892E-01  2.4366E-01
  5.7677E-02  2.5676E-02  1.9890E-01  2.4361E-01
  5.8030E-02  2.5833E-02  1.9888E-01  2.4355E-01
  5.8386E-02  2.5991E-02  1.9885E-01  2.4348E-01
  5.8744E-02  2.6150E-02  1.9880E-01  2.4340E-01
  5.9104E-02  2.6310E-02  1.9875E-01  2.4330E-01
  5.9466E-02  2.6471E-02  1.9869E-01  2.4319E-01
  5.9830E-02  2.6632E-02  1.9861E-01  2.4306E-01
  6.0196E-02  2.6795E-02  1.9853E-01  2.4292E-01
  6.0565E-02  2.6959E-02  1.9843E-01  2.4277E-01
  6.0936E-02  2.7123E-02  1.9832E-01  2.4261E-01
  6.1309E-02  2.7289E-02  1.9821E-01  2.4243E-01
  6.1685E-02  2.7456E-02  1.9808E-01  2.4223E-01
  6.2063E-02  2.7624E-02  1.9794E-01  2.4203E-01
  6.2443E-02  2.7792E-02  1.9779E-01  2.4180E-01
  6.2825E-02  2.7962E-02  1.9762E-01  2.4157E-01
  6.3210E-02  2.8133E-02  1.9745E-01  2.4132E-01
  6.3597E-02  2.8305E-02  1.9726E-01  2.4105E-01
  6.3986E-02  2.8477E-02  1.9706E-01  2.4077E-01
  6.4378E-02  2.8651E-02  1.9685E-01  2.4047E-01
  6.4772E-02  2.8826E-02  1.9663E-01  2.4016E-01
  6.5169E-02  2.9002E-02  1.9640E-01  2.3984E-01
  6.5568E-02  2.9179E-02  1.9615E-01  2.3950E-01
  6.5969E-02  2.9357E-02  1.9589E-01  2.3914E-01
  6.6373E-02  2.9536E-02  1.9562E-01  2.3876E-01
  6.6779E-02  2.9717E-02  1.9534E-01  2.3838E-01
  6.7188E-02  2.9898E-02  1.9504E-01  2.3797E-01
  6.7599E-02  3.0080E-02  1.9473E-01  2.3755E-01
  6.8013E-02  3.0264E-02  1.9441E-01  2.3711E-01
  6.8429E-02  3.0448E-02  1.9407E-01  2.3666E-01
  6.8848E-02  3.0634E-02  1.9373E-01  2.3619E-01
  6.9270E-02  3.0821E-02  1.9336E-01  2.3570E-01
  6.9693E-02  3.1009E-02  1.9299E-01  2.3520E-01
  7.0120E-02  3.1198E-02  1.9260E-01  2.3467E-01
  7.0549E-02  3.1388E-02  1.9220E-01  2.3414E-01
  7.0981E-02  3.1580E-02  1.9178E-01  2.3358E-01
  7.1415E-02  3.1772E-02  1.9136E-01  2.3301E-01
  7.1852E-02  3.1966E-02  1.9091E-01  2.3242E-01
  7.2292E-02  3.2161E-02  1.9046E-01  2.3181E-01
  7.2734E-02  3.2357E-02  1.8998E-01  2.3118E-01
  7.3179E-02  3.2554E-02  1.8950E-01  2.3054E-01
  7.3627E-02  3.2753E-02  1.8900E-01  2.2988E-01
  7.4077E-02  3.2952E-02  1.8848E-01  2.2920E-01
  7.4530E-02  3.3153E-02  1.8796E-01  2.2850E-01
  7.4986E-02  3.3355E-02  1.8741E-01  2.2778E-01
  7.5445E-02  3.3558E-02  1.8685E-01  2.2704E-01
  7.5906E-02  3.3763E-02  1.8628E-01  2.2629E-01
  7.6370E-02  3.3968E-02  1.8569E-01  2.2552E-01
  7.6838E-02  3.4175E-02  1.8509E-01  2.2472E-01
  7.7307E-02  3.4383E-02  1.8447E-01  2.2391E-01
  7.7780E-02  3.4593E-02  1.8384E-01  2.2308E-01
  7.8256E-02  3.4804E-02  1.8319E-01  2.2223E-01
  7.8735E-02  3.5015E-02  1.8253E-01  2.2136E-01
  7.9216E-02  3.5229E-02  1.8185E-01  2.2047E-01
  7.9700E-02  3.5443E-02  1.8115E-01  2.1956E-01
  8.0188E-02  3.5659E-02  1.8044E-01  2.1863E-01
  8.0678E-02  3.5876E-02  1.7971E-01  2.1768E-01
  8.1171E-02  3.6094E-02  1.7897E-01  2.1671E-01
  8.1668E-02  3.6314E-02  1.7821E-01  2.1572E-01
  8.2167E-02  3.6535E-02  1.7743E-01  2.1471E-01
  8.2669E-02  3.6757E-02  1.7664E-01  2.1368E-01
  8.3175E-02  3.6981E-02  1.7583E-01  2.1263E-01
  8.3683E-02  3.7206E-02  1.7501E-01  2.1156E-01
  8.4195E-02  3.7432E-02  1.7416E-01  2.1046E-01
  8.4709E-02  3.7660E-02  1.7331E-01  2.0935E-01
  8.5227E-02  3.7889E-02  1.7243E-01  2.0821E-01
  8.5748E-02  3.8119E-02  1.7154E-01  2.0705E-01
  8.6272E-02  3.8351E-02  1.7063E-01  2.0588E-01
  8.6800E-02  3.8584E-02  1.6971E-01  2.0468E-01
  8.7330E-02  3.8819E-02  1.6876E-01  2.0345E-01
  8.7864E-02  3.9055E-02  1.6780E-01  2.0221E-01
  8.8401E-02  3.9292E-02  1.6682E-01  2.0094E-01
  8.8941E-02  3.9531E-02  1.6583E-01  1.9966E-01
  8.9485E-02  3.9772E-02  1.6482E-01  1.9835E-01
  9.0032E-02  4.0013E-02  1.6379E-01  1.9702E-01
  9.0582E-02  4.0256E-02  1.6274E-01  1.9566E-01
  9.1135E-02  4.0501E-02  1.6167E-01  1.9429E-01
  9.1692E-02  4.0747E-02  1.6059E-01  1.9289E-01
  9.2252E-02  4.0995E-02  1.5949E-01  1.9147E-01
  9.2816E-02  4.1244E-02  1.5837E-01  1.9002E-01
  9.3383E-02  4.1494E-02  1.5724E-01  1.8856E-01
  9.3954E-02  4.1746E-02  1.5608E-01  1.8707E-01
  9.4528E-02  4.2000E-02  1.5491E-01  1.8555E-01
  9.5105E-02  4.2255E-02  1.5372E-01  1.8402E-01
  9.5686E-02  4.2511E-02  1.5251E-01  1.8246E-01
  9.6271E-02  4.2769E-02  1.5128E-01  1.8088E-01
  9.6859E-02  4.3029E-02  1.5003E-01  1.7927E-01
  9.7451E-02  4.3290E-02  1.4877E-01  1.7765E-01
  9.8046E-02  4.3553E-02  1.4748E-01  1.7599E-01
  9.8645E-02  4.3817E-02  1.4618E-01  1.7432E-01
  9.9248E-02  4.4083E-02  1.4486E-01  1.7262E-01
  9.9854E-02  4.4350E-02  1.4352E-01  1.7090E-01
  1.0046E-01  4.4619E-02  1.4216E-01  1.6915E-01
  1.0108E-01  4.4890E-02  1.4078E-01  1.6738E-01
  1.0169E-01  4.5162E-02  1.3939E-01  1.6559E-01
  1.0232E-01  4.5436E-02  1.3797E-01  1.6377E-01
  1.0294E-01  4.5711E-02  1.3654E-01  1.6193E-01
  1.0357E-01  4.5989E-02  1.3509E-01  1.6006E-01
  1.0420E-01  4.6267E-02  1.3361E-01  1.5817E-01
  1.0484E-01  4.6548E-02  1.3212E-01  1.5626E-01
  1.0548E-01  4.6830E-02  1.3061E-01  1.5432E-01
  1.0612E-01  4.7114E-02  1.2908E-01  1.5236E-01
  1.0677E-01  4.7399E-02  1.2753E-01  1.5037E-01
  1.0742E-01  4.7686E-02  1.2596E-01  1.4836E-01
  1.0808E-01  4.7975E-02  1.2438E-01  1.4632E-01
  1.0874E-01  4.8266E-02  1.2277E-01  1.4426E-01
  1.0940E-01  4.8558E-02  1.2115E-01  1.4218E-01
  1.1007E-01  4.8852E-02  1.1950E-01  1.4007E-01
  1.1074E-01  4.9148E-02  1.1784E-01  1.3794E-01
  1.1142E-01  4.9446E-02  1.1615E-01  1.3578E-01
  1.1210E-01  4.9745E-02  1.1445E-01  1.3360E-01
  1.1278E-01  5.0046E-02  1.1273E-01  1.3139E-01
  1.1347E-01  5.0349E-02  1.1098E-01  1.2916E-01
  1.1416E-01  5.0653E-02  1.0922E-01  1.2691E-01
  1.1486E-01  5.0960E-02  1.0744E-01  1.2463E-01
  1.1556E-01  5.1268E-02  1.0564E-01  1.2232E-01
  1.1627E-01  5.1578E-02  1.0382E-01  1.1999E-01
  1.1698E-01  5.1890E-02  1.0198E-01  1.1764E-01
  1.1769E-01  5.2204E-02  1.0012E-01  1.1526E-01
  1.1841E-01  5.2520E-02  9.8246E-02  1.1286E-01
  1.1913E-01  5.2837E-02  9.6349E-02  1.1043E-01
  1.1986E-01  5.3157E-02  9.4433E-02  1.0798E-01
  1.2059E-01  5.3478E-02  9.2498E-02  1.0551E-01
  1.2133E-01  5.3801E-02  9.0543E-02  1.0301E-01
  1.2207E-01  5.4126E-02  8.8569E-02  1.0048E-01
  1.2281E-01  5.4453E-02  8.6575E-02  9.7936E-02
  1.2356E-01  5.4782E-02  8.4563E-02  9.5364E-02
  1.2432E-01  5.5113E-02  8.2532E-02  9.2767E-02
  1.2508E-01  5.5446E-02  8.0481E-02  9.0146E-02
  1.2584E-01  5.5780E-02  7.8411E-02  8.7501E-02
  1.2661E-01  5.6117E-02  7.6323E-02  8.4832E-02
  1.2738E-01  5.6456E-02  7.4215E-02  8.2139E-02
  1.2816E-01  5.6797E-02  7.2089E-02  7.9423E-02
  1.2894E-01  5.7139E-02  6.9944E-02  7.6682E-02
  1.2973E-01  5.7484E-02  6.7780E-02  7.3918E-02
  1.3052E-01  5.7831E-02  6.5598E-02  7.1130E-02
  1.3131E-01  5.8180E-02  6.3397E-02  6.8319E-02
  1.3212E-01  5.8530E-02  6.1177E-02  6.5484E-02
  1.3292E-01  5.8883E-02  5.8939E-02  6.2626E-02
  1.3373E-01  5.9238E-02  5.6683E-02  5.9744E-02
  1.3455E-01  5.9595E-02  5.4408E-02  5.6840E-02
  1.3537E-01  5.9955E-02  5.2115E-02  5.3912E-02
  1.3620E-01  6.0316E-02  4.9805E-02  5.0961E-02
  1.3703E-01  6.0679E-02  4.7476E-02  4.7988E-02
  1.3786E-01  6.1045E-02  4.5129E-02  4.4992E-02
  1.3870E-01  6.1412E-02  4.2765E-02  4.1974E-02
  1.3955E-01  6.1782E-02  4.0383E-02  3.8933E-02
  1.4040E-01  6.2154E-02  3.7984E-02  3.5870E-02
  1.4126E-01  6.2528E-02  3.5567E-02  3.2785E-02
  1.4212E-01  6.2905E-02  3.3133E-02  2.9678E-02
  1.4299E-01  6.3283E-02  3.0681E-02  2.6549E-02
  1.4386E-01  6.3664E-02  2.8213E-02  2.3399E-02
  1.4474E-01  6.4047E-02  2.5728E-02  2.0227E-02
  1.4562E-01  6.4432E-02  2.3226E-02  1.7034E-02
  1.4651E-01  6.4819E-02  2.0708E-02  1.3820E-02
  1.4740E-01  6.5209E-02  1.8173E-02  1.0585E-02
  1.4830E-01  6.5601E-02  1.5622E-02  7.3288E-03
  1.4920E-01  6.5995E-02  1.3055E-02  4.0525E-03
  1.5011E-01  6.6392E-02  1.0472E-02  7.5602E-04
  1.5103E-01  6.6791E-02  7.8732E-03 -2.5606E-03
  1.5195E-01  6.7192E-02  5.2588E-03 -5.8970E-03
  1.5288E-01  6.7595E-02  2.6290E-03 -9.2532E-03
  1.5381E-01  6.8001E-02 -1.5984E-05 -1.2629E-02
  1.5475E-01  6.8409E-02 -2.6760E-03 -1.6023E-02
  1.5569E-01  6.8820E-02 -5.3508E-03 -1.9437E-02
  1.5664E-01  6.9233E-02 -8.0403E-03 -2.2869E-02
  1.5760E-01  6.9648E-02 -1.0744E-02 -2.6320E-02
  1.5856E-01  7.0066E-02 -1.3462E-02 -2.9789E-02
  1.5952E-01  7.0486E-02 -1.6194E-02 -3.3276E-02
  1.6050E-01  7.0909E-02 -1.8940E-02 -3.6781E-02
  1.6148E-01  7.1334E-02 -2.1700E-02 -4.0303E-02
  1.6246E-01  7.1761E-02 -2.4473E-02 -4.3842E-02
  1.6345E-01  7.2191E-02 -2.7258E-02 -4.7398E-02
  1.6445E-01  7.2624E-02 -3.0057E-02 -5.0970E-02
  1.6545E-01  7.3059E-02 -3.2869E-02 -5.4559E-02
  1.6646E-01  7.3496E-02 -3.5692E-02 -5.8163E-02
  1.6747E-01  7.3936E-02 -3.8528E-02 -6.1783E-02
  1.6850E-01  7.4378E-02 -4.1376E-02 -6.5419E-02
  1.6952E-01  7.4824E-02 -4.4235E-02 -6.9069E-02
  1.7056E-01  7.5271E-02 -4.7106E-02 -7.2735E-02
  1.7160E-01  7.5721E-02 -4.9987E-02 -7.6414E-02
  1.7264E-01  7.6174E-02 -5.2880E-02 -8.0107E-02
  1.7370E-01  7.6629E-02 -5.5783E-02 -8.3814E-02
  1.7475E-01  7.7087E-02 -5.8696E-02 -8.7535E-02
  1.7582E-01  7.7548E-02 -6.1619E-02 -9.1268E-02
  1.7689E-01  7.8011E-02 -6.4552E-02 -9.5014E-02
  1.7797E-01  7.8477E-02 -6.7494E-02 -9.8772E-02
  1.7906E-01  7.8946E-02 -7.0445E-02 -1.0254E-01
  1.8015E-01  7.9417E-02 -7.3405E-02 -1.0632E-01
  1.8125E-01  7.9891E-02 -7.6373E-02 -1.1011E-01
  1.8235E-01  8.0368E-02 -7.9349E-02 -1.1392E-01
  1.8346E-01  8.0847E-02 -8.2333E-02 -1.1773E-01
  1.8458E-01  8.1329E-02 -8.5324E-02 -1.2155E-01
  1.8571E-01  8.1814E-02 -8.8323E-02 -1.2539E-01
  1.8684E-01  8.2302E-02 -9.1328E-02 -1.2923E-01
  1.8798E-01  8.2792E-02 -9.4339E-02 -1.3308E-01
  1.8912E-01  8.3285E-02 -9.7357E-02 -1.3693E-01
  1.9028E-01  8.3781E-02 -1.0038E-01 -1.4080E-01
  1.9144E-01  8.4280E-02 -1.0341E-01 -1.4467E-01
  1.9260E-01  8.4782E-02 -1.0644E-01 -1.4855E-01
  1.9378E-01  8.5286E-02 -1.0948E-01 -1.5244E-01
  1.9496E-01  8.5794E-02 -1.1252E-01 -1.5633E-01
  1.9615E-01  8.6304E-02 -1.1557E-01 -1.6023E-01
  1.9734E-01  8.6817E-02 -1.1862E-01 -1.6413E-01
  1.9854E-01  8.7333E-02 -1.2167E-01 -1.6803E-01
  1.9975E-01  8.7852E-02 -1.2472E-01 -1.7195E-01
  2.0097E-01  8.8374E-02 -1.2778E-01 -1.7586E-01
  2.0220E-01  8.8899E-02 -1.3084E-01 -1.7978E-01
  2.0343E-01  8.9426E-02 -1.3390E-01 -1.8370E-01
  2.0467E-01  8.9957E-02 -1.3696E-01 -1.8762E-01
  2.0592E-01  9.0491E-02 -1.4002E-01 -1.9154E-01
  2.0717E-01  9.1028E-02 -1.4309E-01 -1.9546E-01
  2.0843E-01  9.1567E-02 -1.4615E-01 -1.9939E-01
  2.0970E-01  9.2110E-02 -1.4921E-01 -2.0331E-01
  2.1098E-01  9.2656E-02 -1.5227E-01 -2.0723E-01
  2.1227E-01  9.3205E-02 -1.5533E-01 -2.1115E-01
  2.1356E-01  9.3757E-02 -1.5838E-01 -2.1507E-01
  2.1486E-01  9.4312E-02 -1.6144E-01 -2.1899E-01
  2.1617E-01  9.4870E-02 -1.6449E-01 -2.2291E-01
  2.1749E-01  9.5432E-02 -1.6753E-01 -2.2682E-01
  2.1881E-01  9.5996E-02 -1.7058E-01 -2.3072E-01
  2.2015E-01  9.6564E-02 -1.7362E-01 -2.3463E-01
  2.2149E-01  9.7135E-02 -1.7665E-01 -2.3852E-01
  2.2284E-01  9.7708E-02 -1.7968E-01 -2.4242E-01
  2.2420E-01  9.8286E-02 -1.8270E-01 -2.4630E-01
  2.2556E-01  9.8866E-02 -1.8572E-01 -2.5018E-01
  2.2694E-01  9.9450E-02 -1.8873E-01 -2.5405E-01
  2.2832E-01  1.0004E-01 -1.9173E-01 -2.5791E-01
  2.2971E-01  1.0063E-01 -1.9473E-01 -2.6176E-01
  2.3111E-01  1.0122E-01 -1.9771E-01 -2.6561E-01
  2.3252E-01  1.0182E-01 -2.0069E-01 -2.6944E-01
  2.3394E-01  1.0242E-01 -2.0366E-01 -2.7326E-01
  2.3536E-01  1.0302E-01 -2.0662E-01 -2.7707E-01
  2.3680E-01  1.0363E-01 -2.0956E-01 -2.8087E-01
  2.3824E-01  1.0424E-01 -2.1250E-01 -2.8466E-01
  2.3969E-01  1.0485E-01 -2.1543E-01 -2.8843E-01
  2.4115E-01  1.0547E-01 -2.1834E-01 -2.9219E-01
  2.4262E-01  1.0609E-01 -2.2124E-01 -2.9593E-01
  2.4410E-01  1.0671E-01 -2.2413E-01 -2.9966E-01
  2.4558E-01  1.0734E-01 -2.2700E-01 -3.0338E-01
  2.4708E-01  1.0797E-01 -2.2986E-01 -3.0707E-01
  2.4859E-01  1.0860E-01 -2.3271E-01 -3.1075E-01
  2.5010E-01  1.0924E-01 -2.3554E-01 -3.1441E-01
  2.5162E-01  1.0988E-01 -2.3835E-01 -3.1805E-01
  2.5316E-01  1.1052E-01 -2.4115E-01 -3.2168E-01
  2.5470E-01  1.1117E-01 -2.4393E-01 -3.2528E-01
  2.5625E-01  1.1182E-01 -2.4669E-01 -3.2886E-01
  2.5781E-01  1.1248E-01 -2.4944E-01 -3.3242E-01
  2.5938E-01  1.1314E-01 -2.5216E-01 -3.3596E-01
  2.6096E-01  1.1380E-01 -2.5487E-01 -3.3947E-01
  2.6255E-01  1.1447E-01 -2.5756E-01 -3.4296E-01
  2.6415E-01  1.1513E-01 -2.6022E-01 -3.4643E-01
  2.6576E-01  1.1581E-01 -2.6287E-01 -3.4987E-01
  2.6738E-01  1.1648E-01 -2.6549E-01 -3.5329E-01
  2.6901E-01  1.1716E-01 -2.6810E-01 -3.5668E-01
  2.7065E-01  1.1785E-01 -2.7067E-01 -3.6004E-01
  2.7230E-01  1.1854E-01 -2.7323E-01 -3.6338E-01
  2.7395E-01  1.1923E-01 -2.7576E-01 -3.6668E-01
  2.7562E-01  1.1992E-01 -2.7827E-01 -3.6996E-01
  2.7730E-01  1.2062E-01 -2.8075E-01 -3.7321E-01
  2.7899E-01  1.2133E-01 -2.8321E-01 -3.7642E-01
  2.8069E-01  1.2203E-01 -2.8564E-01 -3.7961E-01
  2.8240E-01  1.2274E-01 -2.8804E-01 -3.8276E-01
  2.8412E-01  1.2346E-01 -2.9042E-01 -3.8588E-01
  2.8585E-01  1.2418E-01 -2.9277E-01 -3.8897E-01
  2.8759E-01  1.2490E-01 -2.9509E-01 -3.9202E-01
  2.8934E-01  1.2562E-01 -2.9738E-01 -3.9503E-01
  2.9111E-01  1.2635E-01 -2.9964E-01 -3.9801E-01
  2.9288E-01  1.2709E-01 -3.0187E-01 -4.0096E-01
  2.9466E-01  1.2782E-01 -3.0407E-01 -4.0386E-01
  2.9646E-01  1.2857E-01 -3.0624E-01 -4.0673E-01
  2.9826E-01  1.2931E-01 -3.0837E-01 -4.0956E-01
  3.0008E-01  1.3006E-01 -3.1048E-01 -4.1235E-01
  3.0191E-01  1.3082E-01 -3.1255E-01 -4.1510E-01
  3.0375E-01  1.3157E-01 -3.1458E-01 -4.1781E-01
  3.0560E-01  1.3234E-01 -3.1658E-01 -4.2048E-01
  3.0746E-01  1.3310E-01 -3.1855E-01 -4.2311E-01
  3.0933E-01  1.3387E-01 -3.2048E-01 -4.2569E-01
  3.1121E-01  1.3465E-01 -3.2237E-01 -4.2823E-01
  3.1311E-01  1.3542E-01 -3.2423E-01 -4.3073E-01
  3.1502E-01  1.3621E-01 -3.2605E-01 -4.3318E-01
  3.1693E-01  1.3699E-01 -3.2783E-01 -4.3558E-01
  3.1886E-01  1.3778E-01 -3.2958E-01 -4.3794E-01
  3.2081E-01  1.3858E-01 -3.3128E-01 -4.4025E-01
  3.2276E-01  1.3938E-01 -3.3295E-01 -4.4251E-01
  3.2473E-01  1.4018E-01 -3.3457E-01 -4.4472E-01
  3.2670E-01  1.4099E-01 -3.3616E-01 -4.4689E-01
  3.2869E-01  1.4180E-01 -3.3770E-01 -4.4900E-01
  3.3069E-01  1.4262E-01 -3.3920E-01 -4.5107E-01
  3.3271E-01  1.4344E-01 -3.4066E-01 -4.5308E-01
  3.3473E-01  1.4427E-01 -3.4208E-01 -4.5504E-01
  3.3677E-01  1.4509E-01 -3.4345E-01 -4.5695E-01
  3.3882E-01  1.4593E-01 -3.4478E-01 -4.5880E-01
  3.4089E-01  1.4677E-01 -3.4606E-01 -4.6060E-01
  3.4296E-01  1.4761E-01 -3.4730E-01 -4.6235E-01
  3.4505E-01  1.4846E-01 -3.4849E-01 -4.6404E-01
  3.4715E-01  1.4931E-01 -3.4964E-01 -4.6568E-01
  3.4927E-01  1.5017E-01 -3.5074E-01 -4.6726E-01
  3.5139E-01  1.5103E-01 -3.5179E-01 -4.6878E-01
  3.5353E-01  1.5189E-01 -3.5280E-01 -4.7025E-01
  3.5569E-01  1.5277E-01 -3.5375E-01 -4.7165E-01
  3.5785E-01  1.5364E-01 -3.5466E-01 -4.7300E-01
  3.6003E-01  1.5452E-01 -3.5552E-01 -4.7429E-01
  3.6222E-01  1.5541E-01 -3.5633E-01 -4.7552E-01
  3.6443E-01  1.5629E-01 -3.5709E-01 -4.7668E-01
  3.6665E-01  1.5719E-01 -3.5780E-01 -4.7779E-01
  3.6888E-01  1.5809E-01 -3.5846E-01 -4.7883E-01
  3.7113E-01  1.5899E-01 -3.5906E-01 -4.7982E-01
  3.7339E-01  1.5990E-01 -3.5962E-01 -4.8074E-01
  3.7566E-01  1.6081E-01 -3.6012E-01 -4.8159E-01
  3.7795E-01  1.6173E-01 -3.6057E-01 -4.8239E-01
  3.8025E-01  1.6266E-01 -3.6097E-01 -4.8311E-01
  3.8256E-01  1.6359E-01 -3.6131E-01 -4.8378E-01
  3.8489E-01  1.6452E-01 -3.6160E-01 -4.8437E-01
  3.8724E-01  1.6546E-01 -3.6184E-01 -4.8491E-01
  3.8959E-01  1.6640E-01 -3.6202E-01 -4.8537E-01
  3.9197E-01  1.6735E-01 -3.6214E-01 -4.8577E-01
  3.9435E-01  1.6831E-01 -3.6221E-01 -4.8610E-01
  3.9675E-01  1.6927E-01 -3.6222E-01 -4.8636E-01
  3.9917E-01  1.7023E-01 -3.6218E-01 -4.8656E-01
  4.0160E-01  1.7120E-01 -3.6208E-01 -4.8669E-01
  4.0404E-01  1.7218E-01 -3.6192E-01 -4.8674E-01
  4.0650E-01  1.7316E-01 -3.6171E-01 -4.8673E-01
  4.0898E-01  1.7414E-01 -3.6143E-01 -4.8665E-01
  4.1147E-01  1.7513E-01 -3.6110E-01 -4.8650E-01
  4.1397E-01  1.7613E-01 -3.6071E-01 -4.8627E-01
  4.1649E-01  1.7713E-01 -3.6027E-01 -4.8598E-01
  4.1903E-01  1.7814E-01 -3.5976E-01 -4.8561E-01
  4.2158E-01  1.7916E-01 -3.5919E-01 -4.8518E-01
  4.2415E-01  1.8018E-01 -3.5857E-01 -4.8467E-01
  4.2673E-01  1.8120E-01 -3.5788E-01 -4.8409E-01
  4.2933E-01  1.8223E-01 -3.5714E-01 -4.8343E-01
  4.3194E-01  1.8327E-01 -3.5633E-01 -4.8270E-01
  4.3457E-01  1.8432E-01 -3.5547E-01 -4.8190E-01
  4.3722E-01  1.8537E-01 -3.5454E-01 -4.8103E-01
  4.3988E-01  1.8642E-01 -3.5355E-01 -4.8008E-01
  4.4256E-01  1.8748E-01 -3.5250E-01 -4.7906E-01
  4.4525E-01  1.8855E-01 -3.5139E-01 -4.7796E-01
  4.4796E-01  1.8962E-01 -3.5022E-01 -4.7679E-01
  4.5069E-01  1.9070E-01 -3.4898E-01 -4.7554E-01
  4.5343E-01  1.9179E-01 -3.4769E-01 -4.7422E-01
  4.5619E-01  1.9288E-01 -3.4633E-01 -4.7282E-01
  4.5897E-01  1.9398E-01 -3.4491E-01 -4.7135E-01
  4.6176E-01  1.9509E-01 -3.4342E-01 -4.6980E-01
  4.6457E-01  1.9620E-01 -3.4188E-01 -4.6818E-01
  4.6740E-01  1.9732E-01 -3.4027E-01 -4.6648E-01
  4.7025E-01  1.9845E-01 -3.3859E-01 -4.6470E-01
  4.7311E-01  1.9958E-01 -3.3686E-01 -4.6285E-01
  4.7599E-01  2.0072E-01 -3.3506E-01 -4.6092E-01
  4.7889E-01  2.0187E-01 -3.3320E-01 -4.5892E-01
  4.8180E-01  2.0303E-01 -3.3127E-01 -4.5684E-01
  4.8473E-01  2.0419E-01 -3.2929E-01 -4.5468E-01
  4.8768E-01  2.0536E-01 -3.2723E-01 -4.5245E-01
  4.9065E-01  2.0653E-01 -3.2512E-01 -4.5014E-01
  4.9364E-01  2.0772E-01 -3.2294E-01 -4.4775E-01
  4.9664E-01  2.0891E-01 -3.2070E-01 -4.4529E-01
  4.9967E-01  2.1011E-01 -3.1839E-01 -4.4275E-01
  5.0271E-01  2.1132E-01 -3.1602E-01 -4.4013E-01
  5.0577E-01  2.1253E-01 -3.1359E-01 -4.3743E-01
  5.0885E-01  2.1376E-01 -3.1109E-01 -4.3466E-01
  5.1194E-01  2.1499E-01 -3.0853E-01 -4.3182E-01
  5.1506E-01  2.1623E-01 -3.0591E-01 -4.2889E-01
  5.1820E-01  2.1748E-01 -3.0322E-01 -4.2589E-01
  5.2135E-01  2.1874E-01 -3.0047E-01 -4.2282E-01
  5.2452E-01  2.2000E-01 -2.9765E-01 -4.1967E-01
  5.2772E-01  2.2128E-01 -2.9478E-01 -4.1644E-01
  5.3093E-01  2.2256E-01 -2.9184E-01 -4.1313E-01
  5.3416E-01  2.2385E-01 -2.8883E-01 -4.0975E-01
  5.3741E-01  2.2516E-01 -2.8576E-01 -4.0630E-01
  5.4068E-01  2.2647E-01 -2.8263E-01 -4.0276E-01
  5.4397E-01  2.2779E-01 -2.7944E-01 -3.9916E-01
  5.4728E-01  2.2912E-01 -2.7618E-01 -3.9547E-01
  5.5061E-01  2.3046E-01 -2.7287E-01 -3.9172E-01
  5.5397E-01  2.3181E-01 -2.6948E-01 -3.8788E-01
  5.5734E-01  2.3317E-01 -2.6604E-01 -3.8398E-01
  5.6073E-01  2.3455E-01 -2.6254E-01 -3.8000E-01
  5.6414E-01  2.3593E-01 -2.5897E-01 -3.7594E-01
  5.6758E-01  2.3732E-01 -2.5534E-01 -3.7181E-01
  5.7103E-01  2.3873E-01 -2.5165E-01 -3.6761E-01
  5.7451E-01  2.4014E-01 -2.4789E-01 -3.6333E-01
  5.7800E-01  2.4157E-01 -2.4408E-01 -3.5898E-01
  5.8152E-01  2.4301E-01 -2.4021E-01 -3.5456E-01
  5.8506E-01  2.4446E-01 -2.3627E-01 -3.5007E-01
  5.8862E-01  2.4592E-01 -2.3227E-01 -3.4550E-01
  5.9220E-01  2.4740E-01 -2.2822E-01 -3.4086E-01
  5.9581E-01  2.4889E-01 -2.2410E-01 -3.3615E-01
  5.9943E-01  2.5039E-01 -2.1992E-01 -3.3137E-01
  6.0308E-01  2.5190E-01 -2.1568E-01 -3.2652E-01
  6.0675E-01  2.5343E-01 -2.1139E-01 -3.2160E-01
  6.1045E-01  2.5497E-01 -2.0703E-01 -3.1661E-01
  6.1416E-01  2.5653E-01 -2.0261E-01 -3.1155E-01
  6.1790E-01  2.5810E-01 -1.9814E-01 -3.0642E-01
  6.2166E-01  2.5968E-01 -1.9361E-01 -3.0122E-01
  6.2544E-01  2.6128E-01 -1.8902E-01 -2.9595E-01
  6.2925E-01  2.6290E-01 -1.8437E-01 -2.9061E-01
  6.3308E-01  2.6452E-01 -1.7966E-01 -2.8521E-01
  6.3693E-01  2.6617E-01 -1.7490E-01 -2.7974E-01
  6.4081E-01  2.6783E-01 -1.7008E-01 -2.7420E-01
  6.4471E-01  2.6951E-01 -1.6520E-01 -2.6860E-01
  6.4863E-01  2.7121E-01 -1.6027E-01 -2.6293E-01
  6.5258E-01  2.7292E-01 -1.5527E-01 -2.5719E-01
  6.5655E-01  2.7465E-01 -1.5023E-01 -2.5139E-01
  6.6054E-01  2.7640E-01 -1.4513E-01 -2.4553E-01
  6.6456E-01  2.7816E-01 -1.3997E-01 -2.3960E-01
  6.6861E-01  2.7995E-01 -1.3476E-01 -2.3361E-01
  6.7268E-01  2.8175E-01 -1.2949E-01 -2.2756E-01
  6.7677E-01  2.8358E-01 -1.2417E-01 -2.2144E-01
  6.8089E-01  2.8542E-01 -1.1879E-01 -2.1526E-01
  6.8503E-01  2.8729E-01 -1.1336E-01 -2.0902E-01
  6.8920E-01  2.8917E-01 -1.0788E-01 -2.0272E-01
  6.9340E-01  2.9108E-01 -1.0234E-01 -1.9636E-01
  6.9762E-01  2.9301E-01 -9.6750E-02 -1.8994E-01
  7.0186E-01  2.9496E-01 -9.1107E-02 -1.8345E-01
  7.0613E-01  2.9694E-01 -8.5413E-02 -1.7691E-01
  7.1043E-01  2.9894E-01 -7.9666E-02 -1.7031E-01
  7.1475E-01  3.0096E-01 -7.3867E-02 -1.6366E-01
  7.1910E-01  3.0301E-01 -6.8017E-02 -1.5694E-01
  7.2348E-01  3.0508E-01 -6.2115E-02 -1.5017E-01
  7.2788E-01  3.0718E-01 -5.6162E-02 -1.4334E-01
  7.3231E-01  3.0931E-01 -5.0159E-02 -1.3646E-01
  7.3677E-01  3.1146E-01 -4.4106E-02 -1.2952E-01
  7.4125E-01  3.1364E-01 -3.8002E-02 -1.2253E-01
  7.4576E-01  3.1585E-01 -3.1848E-02 -1.1548E-01
  7.5030E-01  3.1809E-01 -2.5644E-02 -1.0837E-01
  7.5487E-01  3.2036E-01 -1.9391E-02 -1.0122E-01
  7.5946E-01  3.2265E-01 -1.3089E-02 -9.4008E-02
  7.6408E-01  3.2498E-01 -6.7377E-03 -8.6745E-02
  7.6873E-01  3.2735E-01 -3.3756E-04 -7.9431E-02
  7.7341E-01  3.2974E-01  6.1112E-03 -7.2064E-02
  7.7811E-01  3.3217E-01  1.2608E-02 -6.4647E-02
  7.8285E-01  3.3463E-01  1.9154E-02 -5.7178E-02
  7.8761E-01  3.3713E-01  2.5747E-02 -4.9659E-02
  7.9241E-01  3.3966E-01  3.2389E-02 -4.2090E-02
  7.9723E-01  3.4223E-01  3.9078E-02 -3.4472E-02
  8.0208E-01  3.4484E-01  4.5815E-02 -2.6804E-02
  8.0696E-01  3.4749E-01  5.2599E-02 -1.9087E-02
  8.1187E-01  3.5018E-01  5.9431E-02 -1.1322E-02
  8.1681E-01  3.5290E-01  6.6310E-02 -3.5091E-03
  8.2178E-01  3.5567E-01  7.3237E-02  4.3519E-03
  8.2678E-01  3.5848E-01  8.0210E-02  1.2260E-02
  8.3181E-01  3.6134E-01  8.7231E-02  2.0216E-02
  8.3687E-01  3.6423E-01  9.4299E-02  2.8218E-02
  8.4196E-01  3.6718E-01  1.0141E-01  3.6268E-02
  8.4709E-01  3.7017E-01  1.0858E-01  4.4363E-02
  8.5224E-01  3.7321E-01  1.1579E-01  5.2504E-02
  8.5743E-01  3.7629E-01  1.2304E-01  6.0692E-02
  8.6265E-01  3.7943E-01  1.3035E-01  6.8925E-02
  8.6789E-01  3.8262E-01  1.3770E-01  7.7204E-02
  8.7318E-01  3.8586E-01  1.4510E-01  8.5527E-02
  8.7849E-01  3.8915E-01  1.5254E-01  9.3897E-02
  8.8383E-01  3.9250E-01  1.6004E-01  1.0231E-01
  8.8921E-01  3.9591E-01  1.6758E-01  1.1077E-01
  8.9462E-01  3.9937E-01  1.7517E-01  1.1927E-01
  9.0007E-01  4.0289E-01  1.8281E-01  1.2782E-01
  9.0554E-01  4.0647E-01  1.9050E-01  1.3642E-01
  9.1105E-01  4.1011E-01  1.9824E-01  1.4506E-01
  9.1660E-01  4.1382E-01  2.0602E-01  1.5374E-01
  9.2217E-01  4.1758E-01  2.1386E-01  1.6247E-01
  9.2778E-01  4.2142E-01  2.2174E-01  1.7125E-01
  9.3343E-01  4.2532E-01  2.2968E-01  1.8007E-01
  9.3911E-01  4.2929E-01  2.3767E-01  1.8893E-01
  9.4482E-01  4.3333E-01  2.4570E-01  1.9784E-01
  9.5057E-01  4.3745E-01  2.5379E-01  2.0680E-01
  9.5635E-01  4.4163E-01  2.6194E-01  2.1581E-01
  9.6217E-01  4.4589E-01  2.7013E-01  2.2486E-01
  9.6803E-01  4.5023E-01  2.7838E-01  2.3396E-01
  9.7392E-01  4.5465E-01  2.8668E-01  2.4310E-01
  9.7984E-01  4.5915E-01  2.9504E-01  2.5229E-01
  9.8581E-01  4.6373E-01  3.0345E-01  2.6154E-01
  9.9180E-01  4.6839E-01  3.1192E-01  2.7083E-01
  9.9784E-01  4.7314E-01  3.2045E-01  2.8017E-01
  1.0039E+00  4.7798E-01  3.2903E-01  2.8956E-01
  1.0100E+00  4.8290E-01  3.3767E-01  2.9900E-01
  1.0162E+00  4.8792E-01  3.4638E-01  3.0850E-01
  1.0223E+00  4.9304E-01  3.5514E-01  3.1805E-01
  1.0286E+00  4.9824E-01  3.6396E-01  3.2765E-01
  1.0348E+00  5.0355E-01  3.7285E-01  3.3730E-01
  1.0411E+00  5.0896E-01  3.8180E-01  3.4701E-01
  1.0475E+00  5.1446E-01  3.9082E-01  3.5678E-01
  1.0538E+00  5.2008E-01  3.9990E-01  3.6660E-01
  1.0602E+00  5.2580E-01  4.0905E-01  3.7649E-01
  1.0667E+00  5.3163E-01  4.1827E-01  3.8643E-01
  1.0732E+00  5.3757E-01  4.2756E-01  3.9644E-01
  1.0797E+00  5.4362E-01  4.3692E-01  4.0651E-01
  1.0863E+00  5.4979E-01  4.4635E-01  4.1664E-01
  1.0929E+00  5.5608E-01  4.5586E-01  4.2684E-01
  1.0995E+00  5.6249E-01  4.6545E-01  4.3710E-01
  1.1062E+00  5.6902E-01  4.7511E-01  4.4744E-01
  1.1130E+00  5.7568E-01  4.8486E-01  4.5785E-01
  1.1197E+00  5.8247E-01  4.9469E-01  4.6833E-01
  1.1265E+00  5.8939E-01  5.0460E-01  4.7888E-01
  1.1334E+00  5.9645E-01  5.1460E-01  4.8951E-01
  1.1403E+00  6.0364E-01  5.2469E-01  5.0023E-01
  1.1472E+00  6.1098E-01  5.3487E-01  5.1102E-01
  1.1542E+00  6.1846E-01  5.4515E-01  5.2190E-01
  1.1612E+00  6.2608E-01  5.5552E-01  5.3286E-01
  1.1683E+00  6.3386E-01  5.6599E-01  5.4392E-01
  1.1754E+00  6.4178E-01  5.7656E-01  5.5507E-01
  1.1826E+00  6.4987E-01  5.8723E-01  5.6631E-01
  1.1897E+00  6.5811E-01  5.9802E-01  5.7765E-01
  1.1970E+00  6.6652E-01  6.0891E-01  5.8909E-01
  1.2043E+00  6.7510E-01  6.1992E-01  6.0064E-01
  1.2116E+00  6.8384E-01  6.3104E-01  6.1229E-01
  1.2190E+00  6.9276E-01  6.4229E-01  6.2406E-01
  1.2264E+00  7.0186E-01  6.5366E-01  6.3594E-01
  1.2338E+00  7.1113E-01  6.6516E-01  6.4794E-01
  1.2413E+00  7.2060E-01  6.7679E-01  6.6007E-01
  1.2489E+00  7.3025E-01  6.8855E-01  6.7232E-01
  1.2565E+00  7.4009E-01  7.0046E-01  6.8470E-01
  1.2641E+00  7.5014E-01  7.1251E-01  6.9721E-01
  1.2718E+00  7.6039E-01  7.2470E-01  7.0987E-01
  1.2796E+00  7.7084E-01  7.3705E-01  7.2267E-01
  1.2874E+00  7.8150E-01  7.4955E-01  7.3562E-01
  1.2952E+00  7.9238E-01  7.6222E-01  7.4872E-01
  1.3031E+00  8.0348E-01  7.7505E-01  7.6197E-01
  1.3110E+00  8.1481E-01  7.8805E-01  7.7540E-01
  1.3190E+00  8.2636E-01  8.0123E-01  7.8898E-01
  1.3270E+00  8.3815E-01  8.1458E-01  8.0275E-01
  1.3351E+00  8.5019E-01  8.2813E-01  8.1669E-01
  1.3432E+00  8.6247E-01  8.4186E-01  8.3081E-01
  1.3514E+00  8.7500E-01  8.5579E-01  8.4513E-01
  1.3596E+00  8.8778E-01  8.6993E-01  8.5964E-01
  1.3679E+00  9.0084E-01  8.8427E-01  8.7435E-01
  1.3762E+00  9.1416E-01  8.9883E-01  8.8927E-01
  1.3845E+00  9.2775E-01  9.1361E-01  9.0441E-01
  1.3930E+00  9.4163E-01  9.2861E-01  9.1977E-01
  1.4014E+00  9.5580E-01  9.4386E-01  9.3535E-01
  1.4100E+00  9.7027E-01  9.5934E-01  9.5118E-01
  1.4185E+00  9.8503E-01  9.7507E-01  9.6724E-01
  1.4272E+00  1.0001E+00  9.9106E-01  9.8356E-01
  1.4359E+00  1.0155E+00  1.0073E+00  1.0001E+00
  1.4446E+00  1.0312E+00  1.0238E+00  1.0170E+00
  1.4534E+00  1.0473E+00  1.0407E+00  1.0341E+00
  1.4622E+00  1.0637E+00  1.0578E+00  1.0515E+00
  1.4711E+00  1.0804E+00  1.0752E+00  1.0692E+00
  1.4801E+00  1.0975E+00  1.0929E+00  1.0872E+00
  1.4891E+00  1.1149E+00  1.1109E+00  1.1055E+00
  1.4981E+00  1.1328E+00  1.1293E+00  1.1242E+00
  1.5072E+00  1.1510E+00  1.1480E+00  1.1432E+00
  1.5164E+00  1.1696E+00  1.1670E+00  1.1625E+00
  1.5256E+00  1.1886E+00  1.1864E+00  1.1822E+00
  1.5349E+00  1.2081E+00  1.2062E+00  1.2022E+00
  1.5443E+00  1.2279E+00  1.2264E+00  1.2227E+00
  1.5537E+00  1.2482E+00  1.2469E+00  1.2435E+00
  1.5631E+00  1.2690E+00  1.2679E+00  1.2647E+00
  1.5726E+00  1.2901E+00  1.2893E+00  1.2864E+00
  1.5822E+00  1.3118E+00  1.3112E+00  1.3085E+00
  1.5918E+00  1.3340E+00  1.3335E+00  1.3311E+00
  1.6015E+00  1.3566E+00  1.3563E+00  1.3541E+00
  1.6112E+00  1.3798E+00  1.3795E+00  1.3776E+00
  1.6210E+00  1.4034E+00  1.4033E+00  1.4016E+00
  1.6309E+00  1.4276E+00  1.4275E+00  1.4261E+00
  1.6408E+00  1.4524E+00  1.4523E+00  1.4511E+00
  1.6508E+00  1.4777E+00  1.4777E+00  1.4767E+00
  1.6608E+00  1.5036E+00  1.5036E+00  1.5029E+00
  1.6709E+00  1.5301E+00  1.5301E+00  1.5297E+00
  1.6811E+00  1.5573E+00  1.5573E+00  1.5570E+00
  1.6913E+00  1.5850E+00  1.5850E+00  1.5850E+00
  1.7016E+00  1.6135E+00  1.6135E+00  1.6137E+00
  1.7120E+00  1.6425E+00  1.6425E+00  1.6430E+00
  1.7224E+00  1.6723E+00  1.6723E+00  1.6731E+00
  1.7329E+00  1.7028E+00  1.7028E+00  1.7038E+00
  1.7434E+00  1.7341E+00  1.7341E+00  1.7353E+00
  1.7540E+00  1.7661E+00  1.7661E+00  1.7676E+00
  1.7647E+00  1.7990E+00  1.7990E+00  1.8007E+00
  1.7754E+00  1.8327E+00  1.8327E+00  1.8347E+00
  1.7862E+00  1.8672E+00  1.8672E+00  1.8695E+00
  1.7971E+00  1.9026E+00  1.9026E+00  1.9051E+00
