1.735358	1.34740319629	1.417295	1.752279	1.430596	1.434855	1.436055	0.00113916461925	0.000420833641859	0.0135016419474
1.735853	1.592761	1.379834	1.615496	1.484625	1.391456	1.443313	0.000728602357975	0.0154996872814	3.5593172814e-05
1.738456	1.613711	1.618437	1.762634	1.422666	1.411573	1.451817	0.000221538400605	0.00824409396464	0.00411289080148
1.7400385644	1.643281	1.344972	1.631892	1.656501	1.383669	1.441535	0.000173217282943	0.0184655306292	0.000545864780937
1.740862	1.379057	1.348282	1.763197	1.414419	1.427321	1.430029	0.000758981639052	0.00207133076472	0.0117452063259
1.74291046843	1.37726471913	1.34827961265	1.763197	1.406675	1.427241	1.430037	0.000731955409026	0.0020275412006	0.0117465274668
1.74291046843	1.37726471913	1.36409505283	1.763197	1.406675	1.427241	1.430037	0.000731955409026	0.0020275412006	0.011746529584
1.754312	1.493703	1.52153	1.687617	1.43185671742	1.433356	1.451583	0.000768979107677	0.00207303804593	0.0122310050697
1.754312	1.493703	1.52153	1.687617	1.43467344758	1.433356	1.451583	0.000768979107677	0.00207303804593	0.0122310050697
1.754312	1.493703	1.52153	1.687617	1.43652	1.433356	1.451583	0.000768979107677	0.00207303804593	0.0122310050697
1.76022559683	1.613615	1.62067857682	1.77487	1.460426	1.40748469752	1.451817	0.000286680119917	0.00882356999896	0.00105669180394
1.761501	1.34648241213	1.63218533352	1.676438	1.655708	1.410169	1.340232	0.00103646967929	0.0114089055447	4.48693877958e-05
1.762013	1.346995	1.623876	1.67694	1.65366	1.410809	1.33988	0.00103646967929	0.0114089055447	4.48715050086e-05
1.763638	1.512563	1.373622	1.625444	1.420159	1.303805	1.342779	9.23874603211e-05	0.051404470979	0.0159612865578
1.764316	1.49335408316	1.330266	1.720385	1.43651984139	1.43309997699	1.452095	0.000760403322137	0.0021349279896	0.0115575746807
1.764316	1.494439	1.330266	1.720385	1.41627678009	1.43309997699	1.452095	0.000739277763898	0.00213091767798	0.0115232906515
1.764316	1.494439	1.330266	1.720385	1.428525	1.43309997699	1.452095	0.000749203932798	0.0021330567774	0.0115405417026
1.764316	1.494439	1.330266	1.720385	1.429702751	1.43309997699	1.452095	0.000749203932798	0.0021330567774	0.0115405417026
1.764316	1.494439	1.330266	1.720385	1.43651984139	1.43309997699	1.452095	0.000760403322137	0.0021349279896	0.0115575746807
1.764316	1.494439	1.33861997522	1.720385	1.428525	1.43309997699	1.452095	0.000749203932798	0.0021330567774	0.0115405374681
1.764316	1.499611	1.339772	1.681473	1.428429	1.434124	1.452351	0.000731773810987	0.00208509097152	0.0118133996376
1.764573	1.328219	1.60929339538	1.67695	1.72001416118	1.41284962525	1.33886	0.00136018913881	0.0113738583	3.77005018508e-06
1.764573	1.328219	1.6227	1.67695	1.72001416118	1.41284962525	1.33886	0.00136018913881	0.0113738642975	3.77005018508e-06
1.764573	1.328219	1.6239665786	1.67695	1.72001416118	1.41284962525	1.33886	0.00136018913881	0.0113738642975	3.77005018508e-06
1.764573	1.348103	1.5907	1.67695	1.656484	1.40853501357	1.339176	0.00100284653503	0.0114107667611	4.69421392651e-05
1.764573	1.348103	1.5907	1.67695	1.656484	1.411765	1.339176	0.00100284653503	0.0114107667611	4.69421392651e-05
1.76711269514	1.39336655101	1.373054	1.767665	1.48637475478	1.424123	1.423511	0.000310443218787	0.00127463618175	0.0163794636374
1.77025394155	1.390069	1.376734	1.752261	1.453439	1.434875	1.434775	0.000579643743948	0.00118866837513	0.0148722006898
1.779899	1.387317	1.33155	1.751939	1.74327699726	1.439035	1.434637	0.000902163088248	0.00222356667175	0.0112355677645
1.77995861391	1.512563	1.373622	1.625444	1.420159	1.303805	1.342779	8.90404732187e-05	0.051190063247	0.0154874797082
1.78066738396	1.368444	1.364904	1.72033562404	1.733869	1.404839	1.4053184598	0.000486057757308	0.00954699143071	0.000268861343014
1.78066738396	1.368444	1.364904	1.72033562404	1.733869	1.404839	1.405459	0.000486057757308	0.00954699143071	0.000268861343014
1.782433	1.31195	1.595524	1.680778	1.6575	1.415669	1.334664	0.00121206619238	0.00878269320853	4.21254798244e-05
1.78243332115	1.31188552101	1.595524	1.680746	1.656732	1.415669	1.334664	0.00121206619238	0.00878269320853	4.21254798244e-05
1.78243332115	1.31188552101	1.595524	1.680746	1.65967799056	1.415669	1.334664	0.00121206619238	0.00878269320853	4.21254798244e-05
1.78243332115	1.31188552101	1.595524	1.68482533793	1.656732	1.415669	1.334664	0.00121206619238	0.00878269320853	4.21254798244e-05
1.782481	1.37603788534	1.685302	1.678086	1.655792	1.420481	1.359704	0.00103213586041	0.00870575959841	0.000224533960756
1.782767	1.435611	1.634942	1.677852	1.660032	1.420149	1.424012	0.00063786353249	0.00726714726976	0.00112089416916
1.783757	1.419186	1.609724	1.68250933862	1.488718	1.422541	1.352928	0.00115276364433	0.00856615837204	0.00011872624403
1.783759	1.348537	1.595726	1.697126	1.49596	1.422013	1.35021328556	0.00115109491498	0.00859944235912	4.54001031565e-05
1.783759	1.348537	1.595726	1.697126	1.49596	1.422013	1.361156	0.00118266381009	0.00858002053592	5.62698743956e-05
1.784777	1.412759	1.590382	1.671854	1.713784	1.416162	1.374212	0.00157591223582	0.00878883662208	1.95369349571e-05
1.784781	1.433981	1.618024	1.631342	1.734044	1.422525	1.329107	0.00155539204854	0.00932462904768	6.82730567188e-06
1.78489919687	1.433563	1.65066235977	1.676308	1.63383967275	1.420244	1.428441	0.00093180584771	0.00707937032589	0.000453051105117
1.785322	1.36527	1.623648	1.676492	1.724322	1.42022	1.435641	0.00164664242631	0.00844604893941	1.19544903277e-05
1.785423	1.348537	1.59771	1.697154	1.49776	1.420989	1.361236	0.00118266381009	0.00858002053592	5.62698743956e-05
1.786334	1.41907517638	1.643622	1.677828	1.660556	1.421268	1.428241	0.000847041891515	0.00779499903846	0.000299508705423
1.786334	1.430859	1.643622	1.677828	1.67208653795	1.421268	1.428241	0.00095750535214	0.00759100492219	0.000467100930194
1.786334	1.431627	1.643546	1.677508	1.660556	1.421276	1.430929	0.000617443057358	0.00726901048533	0.00112312994603
1.78633420858	1.433563	1.643622	1.676308	1.64532581823	1.420244	1.428441	0.000666244339097	0.00726107582591	0.00113045762002
1.78633420858	1.433563	1.643622	1.676308	1.660044	1.420244	1.428441	0.000617443057358	0.00726901048533	0.00112312994603
1.78633420858	1.433563	1.65066235977	1.676308	1.63383967275	1.420244	1.428441	0.00093180584771	0.00707937032589	0.000453051105117
1.78633420858	1.433563	1.65066235977	1.676308	1.660044	1.420244	1.428441	0.000617443057358	0.00726901048533	0.00112312994603
1.78633420858	1.433563	1.6560889653	1.676308	1.660044	1.420244	1.428441	0.000617443057358	0.00726901048533	0.00112312994603
1.788125	1.367524	1.433558	1.689294	1.704415	1.404711	1.405419	0.000412900879419	0.0104601589773	5.07143076385e-05
1.788427	1.364974	1.50127	1.696334	1.655789	1.404775	1.405539	0.000480711938957	0.00977951553554	0.000317599584916
1.78908494077	1.36849961359	1.43355765926	1.6807856408	1.73402886593	1.40483902344	1.40545947054	0.00061054540349	0.0105258513201	5.96602374017e-05
1.78908494077	1.36849961359	1.43355765926	1.68865432473	1.73402886593	1.40483902344	1.40545947054	0.00061054540349	0.0105258513201	5.96602374017e-05
1.78908494077	1.37196519679	1.43355765926	1.68865432473	1.73402886593	1.40483902344	1.40545947054	0.00061054540349	0.0105258513201	5.96602374017e-05
1.789197	1.471992	1.587038	1.676738	1.65602	1.422536	1.361664	0.00114786018832	0.00851624938426	8.68219622218e-05
1.789197	1.50256054102	1.587038	1.676738	1.65602	1.422536	1.361664	0.00118707510507	0.00845237027805	8.39234977058e-05
1.789342	1.432027	1.584154	1.677314	1.660172	1.421276	1.430497	0.000617443057358	0.00726901048533	0.00112312994603
1.789405	1.36599815094	1.433558	1.689166	1.733613	1.404711	1.405443	0.00061054540349	0.0105258513201	5.96602374017e-05
1.789405	1.36599815094	1.433558	1.689166	1.75266326861	1.404711	1.405443	0.000730051615902	0.0105617582029	5.72953105467e-05
1.789405	1.36599815094	1.433558	1.689166	1.76684882702	1.404711	1.405443	0.000788660681373	0.00953954856424	4.07492914126e-05
1.789405	1.36786	1.433558	1.689166	1.70427146654	1.404711	1.405443	0.000412900879419	0.0104601589773	5.07143076385e-05
1.789405	1.36786	1.433558	1.689166	1.733613	1.404711	1.40364181999	0.00061054540349	0.0105258513201	5.96602374017e-05
1.789405	1.36786	1.433558	1.689166	1.733613	1.404711	1.405443	0.00061054540349	0.0105258513201	5.96602374017e-05
1.791453	1.367796	1.433494	1.688142	1.700845	1.404711	1.403642	0.000412900879419	0.0101718163726	0.000708869005265
1.79209	1.613631	1.636711	1.778454	1.460458	1.407933	1.451543	0.000276663006633	0.00921578887057	0.00183662788484
1.793293	1.462776	1.58507	1.67657	1.65097383037	1.422496	1.33888	0.0010319970764	0.00872537334081	0.000221266396101
1.793293	1.462776	1.58507	1.67657	1.657556	1.422496	1.33601791179	0.0010319970764	0.00872537334081	0.000221266396101
1.793293	1.462776	1.58507	1.67657	1.657556	1.422496	1.33888	0.0010319970764	0.00872537334081	0.000221266396101
1.793293	1.462776	1.59091087071	1.67657	1.65097383037	1.422496	1.33888	0.0010319970764	0.00872537334081	0.000221266396101
1.793293	1.462776	1.59091087071	1.67657	1.66328970375	1.422496	1.33888	0.0011595828326	0.00872387797038	7.78132211578e-05
1.793313	1.372698	1.584994	1.677598	1.65592	1.420449	1.338944	0.000918199664255	0.00893543690178	0.000254210229463
1.793313	1.503736	1.585006	1.67657	1.657556	1.422496	1.336	0.00107347413566	0.00863674665361	0.000181937048509
1.793329	1.503416	1.59115	1.672346	1.657556	1.4225	1.336012	0.00107347413566	0.00863674665361	0.000181937048509
1.79435159995	1.368444	1.364904	1.72033562404	1.733869	1.404839	1.405459	0.00047005716064	0.00991067231712	0.000799987498606
1.796141	1.332111	1.594396	1.668718	1.656732	1.419837	1.3778	0.00103769171893	0.00920490345345	0.000126224707179
1.796141	1.332175	1.594396	1.66174581983	1.6575	1.419837	1.3778	0.00103769171893	0.00920490345345	0.000126224707179
1.796141	1.332175	1.594396	1.66875	1.6575	1.419837	1.37739269336	0.00103769171893	0.00920490345345	0.000126224707179
1.796141	1.332175	1.594396	1.66875	1.6575	1.419837	1.3778	0.00103769171893	0.00920490345345	0.000126224707179
1.796141	1.332175	1.59813787744	1.66875	1.6575	1.419837	1.37739269336	0.00103769171893	0.00920490345345	0.000126224707179
1.796237	1.332047	1.594492	1.668622	1.65934	1.419773	1.377265	0.00103769171893	0.00920490345345	0.000126224707179
1.798095	1.435403	1.622718	1.67734	1.72722	1.416821	1.425483	0.00110199257534	0.00775211909138	0.000248644781728
1.798531	1.348663	1.636186	1.664258	1.655904	1.421261	1.361652	0.00100291514608	0.00900001171509	0.000131610896901
1.798875	1.33883818394	1.63619	1.66445	1.65588	1.420493	1.361632	0.00097822688161	0.00902810988545	9.62851989805e-05
1.798875	1.340983	1.63619	1.66445	1.65588	1.420493	1.361632	0.000990255090798	0.00901459357596	0.00011814118817
1.798958	1.433563	1.641574	1.66926230338	1.676428	1.420004	1.42509539953	0.000852905285391	0.00750867158541	0.0005173614482
1.798958	1.433563	1.641574	1.66926230338	1.676428	1.420004	1.429081	0.000852905285391	0.00750867158541	0.0005173614482
1.799081	1.433563	1.63726669524	1.68464514349	1.741964	1.41623388281	1.42906	0.00118925056023	0.00763900671291	8.98940381991e-05
1.799081	1.433563	1.63726669524	1.68464514349	1.741964	1.420053	1.42906	0.00118925056023	0.00763900671291	8.98940381991e-05
1.799121	1.376218	1.685154	1.677574	1.65592	1.420481	1.338948	0.000879120162811	0.00892035725048	0.0002731127066
1.799121	1.507256	1.685166	1.676546	1.657556	1.422528	1.336004	0.00103830700087	0.00863860587086	0.000179720326559
1.799151	1.435547	1.635006	1.677852	1.7272	1.416821	1.424524	0.00110199257534	0.00775211909138	0.000248644781728
1.799151	1.435547	1.635006	1.677852	1.7272	1.416821	1.42580277868	0.00110199257534	0.00775211909138	0.000248644781728
1.799151	1.435547	1.635006	1.677852	1.74648447246	1.416821	1.424524	0.00120194133578	0.00774871052642	0.000228814965323
1.799151	1.435547	1.635174	1.676924	1.727212	1.416693	1.429068	0.00110199257534	0.00775211909138	0.000248644781728
1.799159	1.435315	1.645246	1.674228	1.72528	1.418869	1.425547	0.00110199257534	0.00775211909138	0.000248642664515