%eval_id interface    DAKOTA_RC_1    DAKOTA_RC_2    DAKOTA_RC_3    DAKOTA_RC_4    DAKOTA_RC_5    DAKOTA_RC_6    DAKOTA_RC_7    DAKOTA_RC_8    DAKOTA_RC_9    DAKOTA_EP_1    DAKOTA_EP_2       obj_fn_1       obj_fn_2       obj_fn_3 
1            NO_ID    2.000548585    1.859228278    1.882763505    2.189898913    2.113802923    2.368010391    2.085138605    2.087547498    2.205102542    4.170259943    3.167353689   0.0168868117 0.001503962138 0.001764761069 
2            NO_ID    2.002526669    1.918391113    1.621095976    2.011406137    2.364358045    2.150774375    2.359085804    2.100074909    2.121182627    7.836638614    3.044717779  0.02411507023 0.004917673098  0.00519942597 
3            NO_ID    2.004416036    1.991945661    1.959959905     2.31375962     2.25453489    2.051166226    2.327207591    2.059538396    2.277151153    2.615367742    9.919661303  0.02122515913 0.0007885156054 0.0009674713943 
4            NO_ID    2.006446658    1.807096737    1.794408842    2.393003369    2.339797913    2.285801492    2.077097775    2.273860157    2.150903655     11.9041448    11.97989995  0.04133722964  0.01323711538  0.01670542892 
5            NO_ID     2.00707789    1.784348928    1.884679895    2.170683051    2.383491301    2.010844484     2.36077565    2.042256192     2.32387897    8.037922788   0.7070242952  0.02082127924 0.005734966764 0.006186284071 
6            NO_ID    2.007677762    1.784914651    1.838534636    2.284450811    2.243441786    2.142547057    2.321263479    2.293349075    2.079779598    2.166683219    7.521708105  0.01424503998   0.0012495387 0.001252939166 
7            NO_ID     2.01103509    1.739508198    1.644353128    2.044104711     2.24164426    2.033421216    2.126707994       2.371574     2.34701823    9.700825195    2.816532429  0.02790354715  0.00996237082  0.01157908069 
8            NO_ID    2.011704217    1.736527003    1.961971918    2.018403699    2.306056226    2.361437114    2.142274681    2.295276069    2.155200373    9.743740623    11.37061872  0.02816055758  0.01012737374   0.0117640559 
9            NO_ID    2.015626534    1.842635426    1.956955226    2.094661601    2.090575074    2.134807567    2.206605342    2.118456999    2.346090614    9.703208829     7.84957245  0.02863931642 0.008231284386 0.009468703284 
10           NO_ID      2.0174166    1.833282187    1.939451994    2.287725334    2.200977667    2.152230627    2.164126368    2.206848621    2.241545905    3.732284341    7.299054073  0.01547367847 0.001437541748 0.001605957261 
11           NO_ID    2.018814624    1.931665972    1.700899714      2.1218638    2.152957035     2.26474278    2.151554615    2.037756099    2.155308356    11.84814772    4.145442257   0.0389569756  0.01120440718   0.0131753301 
12           NO_ID    2.021945924    1.801818073    1.963301761    2.305335313    2.227053684    2.119033248     2.37557011    2.344070794    2.384271272    8.543804961   0.5969723931  0.02293175919 0.006745769985 0.007508318136 
13           NO_ID    2.024774409    1.844759973    1.808194678    2.389863673    2.001488381    2.376230735    2.355135098    2.257801563    2.117335079    5.488631383    2.662385463  0.01633523801 0.002225574436 0.002710606699 
14           NO_ID    2.024890017    1.854198853     1.65706356    2.106650547    2.348122632    2.254110317    2.206812186    2.095062828    2.040417956    8.008011883    4.672879359  0.02227841284 0.005512405421 0.005853435249 
15           NO_ID     2.02530041    1.981122637    1.918516187    2.056471237    2.081549438    2.027003518    2.198507941    2.341995133    2.072707293    1.883013542    10.00066941   0.0203609083 0.0004928060448 0.0006027480864 
16           NO_ID    2.025720855    1.782129902    1.838988592    2.358811177    2.194944875    2.316213408    2.328400863    2.169575345    2.019863735   0.1413672679    2.549880195  0.01434476124 0.001038000936  0.00100317461 
17           NO_ID    2.028116413    1.761062548    1.926072628    2.157074005    2.103781887     2.17100525    2.102324456    2.242601967    2.150168856    10.62165218    6.104559423  0.03450668263  0.01328836013  0.01592497049 
18           NO_ID    2.028158006    1.870846197    1.767730681    2.030619486     2.12992527    2.138028152    2.166415818    2.175907309    2.091885501   0.1808771511   0.1688322109  0.01676775512 0.001090469114 0.001058341585 
19           NO_ID    2.030007721    1.849891481    1.914365077     2.24555433    2.274741099    2.145691693    2.146523978    2.117484012    2.377214923    11.03078791    3.752314033  0.03609292631 0.008744519984 0.008866866231 
20           NO_ID    2.030223484    1.807831879    1.899431655    2.279646409    2.303044849     2.14384808    2.039529934    2.154720987    2.295263406    4.042518482    3.297979073  0.01469194728 0.001486225523 0.001707551263 
21           NO_ID    2.030706495    1.788671297    1.622936987    2.149739743    2.093798506    2.367007781    2.134011015    2.378592005    2.386906861    5.353955534    2.664669018  0.01491916384 0.002217572463 0.002661734593 
22           NO_ID    2.031143847    1.777527735    1.629151109    2.178652198     2.10602371    2.031170827    2.106719257    2.108487332    2.142036704    7.813370842    1.371113253  0.01981930737 0.005886854226 0.006239553529 
23           NO_ID    2.031566292    1.835736235    1.937952409    2.201626981    2.390275053    2.311732969    2.110975862    2.278394715    2.029867264     6.30508409    4.179604799  0.01741021901 0.003099898271 0.003537475308 
24           NO_ID    2.035620379    1.973467485    1.673063476    2.179468459    2.004153246    2.227784463    2.074731864    2.138903862    2.337717099   0.8097779401     11.0373873  0.01917974991 0.000468305494 0.0003230546309 
25           NO_ID    2.035750582    1.834069447    1.993426753    2.163491332    2.209644729    2.120947776    2.302438204    2.341679901    2.280259718    8.438859677    2.588404143  0.02320021638 0.006561471046 0.007279036649 
26           NO_ID     2.03716064    1.970959108    1.946347355    2.103776707    2.202106162    2.285708761     2.24875736    2.083884624    2.035296743   0.2661049963     8.20026383  0.01981511091 0.0009466723713 0.0009122812533 
27           NO_ID     2.03816807    1.728813313    1.920341549    2.368900343    2.101349035    2.238680378    2.267545526    2.265757847    2.026661397    9.971028478    11.22402697  0.03085518094   0.0126834283  0.01508698214 
28           NO_ID    2.038336854    1.889757346    1.827706565    2.326357724    2.396510798    2.000015199    2.057680397    2.177172442    2.133602643    4.060512763    1.848323778   0.0172215213 0.001668967172  0.00191116468 
29           NO_ID    2.038408101    1.728563441    1.694792517    2.062657179    2.148711075    2.147844157    2.004800471    2.069595586    2.323124102    5.137533509    1.715942743  0.01323389723 0.002049693734 0.002429310936 
30           NO_ID    2.040729991    1.795041882    1.813692828    2.215626245    2.139198011    2.057993275    2.224940054    2.217430172    2.381689363    7.820719084    11.88568306  0.02028004986 0.004666833328 0.005080886999 
31           NO_ID     2.04095111    1.857669933    1.615132153    2.307679042    2.091173804    2.034639096    2.121005297    2.329801938    2.030423102    6.601941853    4.843346181  0.01859449068 0.003463340402 0.003865278126 
32           NO_ID     2.04445417    1.782672722    1.624128229    2.274212413    2.355530827    2.033069621    2.188966663    2.389068088    2.082603283    3.897892218    9.407910435   0.0139318985 0.001864579173 0.002010004019 
33           NO_ID    2.045425581    1.815840668    1.965245468    2.345271025    2.272488154      2.2366056    2.350694926    2.051658445    2.095756113    5.366293567    9.981185461  0.01569818491  0.00224566072 0.002662642284 
34           NO_ID    2.047838099    1.979801215    1.862547857    2.374631437    2.049368819    2.015450013    2.345571553    2.387650095    2.012757559    5.584547614    5.489261289  0.02118738181 0.002733696548 0.003262478626 
35           NO_ID    2.048810579    1.718482017    1.603811066    2.339093795    2.076945276    2.236730388    2.218405448    2.160814155    2.250631356    1.070085286    1.389300401  0.01229138927 0.001065425707 0.001069259149 
36           NO_ID    2.049217358    1.965684716    1.736858141    2.196731424    2.330569896    2.344773636    2.030525627    2.392304075    2.183704873    3.334702521    1.808602392  0.01907869544   0.0013910386 0.001504708646 
37           NO_ID    2.050178373    1.798231854    1.758649008    2.049939173    2.194442649     2.14970772    2.071630003    2.131520388     2.34517682    7.082496076    3.170336272  0.01808352545 0.004543300362 0.004872522419 
38           NO_ID    2.050806476    1.967131909    1.731330696    2.222566513    2.226618609    2.276773049    2.130222251    2.304012421    2.036812668    1.497218667    10.11697623  0.01914844109 2.635885034e-05 0.0004407473529 
39           NO_ID    2.051477835    1.877849579     1.94282038    2.197169528     2.38365675    2.060304392    2.174384452     2.35134968    2.185381527    10.63725555    9.245523371  0.03498878357  0.01193519206   0.0144999335 
40           NO_ID     2.05213271    1.848485693     1.83351424    2.062795549    2.319480609    2.046958988     2.32778287    2.220686874     2.08269333    8.716093768    1.324403337  0.02461103817 0.007327836919 0.008303067961 
41           NO_ID     2.05387006    1.713523219     1.85603382    2.248781717     2.11717917    2.040741085    2.226218447    2.189088851    2.017875587   0.3381887322    10.91991989  0.01249762153 0.001141631451   0.0010661591 
42           NO_ID    2.053961323    1.866415207    1.894250497    2.396018859    2.287886442    2.316487586    2.221315513    2.319233984    2.146129072    10.42009303    0.552033244  0.03372897886  0.01192306126  0.01401648168 
43           NO_ID    2.055800166    1.785219496    1.690358361    2.260008656    2.046576738    2.255518377      2.2088173    2.189187375    2.056911534    9.900015027     4.83193522  0.03068688686  0.01201139358  0.01401163786 
44           NO_ID    2.058203785    1.990117167    1.881200726     2.30526576    2.254890156    2.130731325    2.151657732    2.314198285    2.355438297    4.158701662   0.5239629655  0.01938878255 0.001768029358 0.001991216289 
45           NO_ID    2.059131617    1.871258525     1.78005272    2.388780798    2.081296245    2.394396403     2.02588012    2.252589593    2.010011393    6.157610818    1.933853221  0.01731472025 0.002471009125  0.00292777862 
46           NO_ID    2.060121543    1.745524862    1.640842528    2.111287769    2.387907408    2.100380924    2.388438923    2.075086332    2.031036301    8.158876188    2.331746663  0.02112001331 0.007187137851 0.008087730377 
47           NO_ID    2.060997229    1.916357172    1.839917776    2.080591026    2.308904285    2.121234265    2.361570721    2.268223973    2.137112758    11.74735327    2.042378421  0.04163472424  0.01476359473  0.01838806694 
48           NO_ID    2.061136362    1.990842786    1.822757627    2.101877446    2.214008828    2.011846477    2.119753034    2.225281786    2.375843807    1.880560874   0.1637477037  0.01977750227 0.001363774418 0.001392253942 
49           NO_ID    2.062546971     1.88054739    1.954455817     2.26569882    2.336525534     2.31805996    2.223166352    2.222023806    2.202169714   0.6105175934    6.488785763  0.01624276484 0.001062437909 0.001022225591 
50           NO_ID    2.063863057    1.912875818    1.945853525    2.370143942    2.339884086    2.080605993     2.15261306    2.345507537     2.39071629   0.5597047641   0.7781538352   0.0169527276 0.001096867311 0.001057117992 
51           NO_ID    2.064228602    1.967869493    1.780317582     2.30095899    2.175564772    2.341131737    2.151590346    2.211234281     2.38744175   0.1919317079    11.27702464  0.01901267882 0.0009845014211 0.0008258628041 
52           NO_ID     2.06482209    1.781282289    1.960690336    2.047328522    2.398206311    2.100695383    2.203323804    2.014216168    2.108955148    9.251181229    2.926130887  0.02738276249  0.01036968329  0.01199089441 
53           NO_ID    2.065756661    1.759546731    1.626436773    2.100527101    2.069730665     2.12774075    2.030885466    2.127521023    2.138946872    3.961055167    4.779358263  0.01322464117 0.001435665394 0.001608627684 
54           NO_ID    2.067455335    1.932426608    1.770791341     2.37400056    2.228704125    2.311415359    2.014047992    2.330953055     2.00339148    2.095444742    1.337371499  0.01744550051 0.001082868613 0.001101792817 
55           NO_ID     2.06929625    1.774046911    1.794806503    2.088874481    2.097404746     2.33687238    2.381794839    2.372138808    2.282560327    1.755603752    8.804853775  0.01339935058 0.001615987646 0.001564974275 
56           NO_ID    2.072246022    1.813883949    1.758630368    2.044286384    2.018941668    2.194911657    2.099148212    2.184707265     2.37743673    2.157290413    11.31403508  0.01313029728 0.0004306539371 0.0005158751062 
57           NO_ID    2.074661395    1.731544464    1.686724075    2.190846116    2.195450196    2.266886543    2.133710744    2.068442452    2.388201777   0.6721944197    9.475983883  0.01253898048 0.002234837877 0.002013238853 
58           NO_ID    2.075870571     1.74939186    1.925125053    2.340613351    2.217410429    2.362881152    2.095921707    2.212348686    2.101062561    8.429809502    3.259915823  0.02272823261 0.008469424959 0.009725390301 
59           NO_ID    2.076311379    1.936565497    1.768372994    2.035880028    2.341212822    2.102754938     2.02392363    2.025208767    2.023959771    8.795038756   0.4341141602  0.02387840279  0.00491145662 0.005209060973 
