%eval_id interface    DAKOTA_RC_1    DAKOTA_RC_2    DAKOTA_RC_3    DAKOTA_RC_4    DAKOTA_RC_5    DAKOTA_RC_6    DAKOTA_RC_7    DAKOTA_RC_8    DAKOTA_RC_9   DAKOTA_RC_10   DAKOTA_RC_11    DAKOTA_EP_1    DAKOTA_EP_2    DAKOTA_EP_3       obj_fn_1       obj_fn_2       obj_fn_3 
1            NO_ID    2.300176137    1.754528194    1.937910668    1.936211548    1.734332957    2.504553166    2.235346483    2.472311023    2.289968991    2.394277535    2.634009341    7.929221116   0.5648786614   0.4060890378            100            100            100 
2            NO_ID    2.302021599    2.147163692    2.110332667    1.718173325    1.937591296    2.560754175    2.328195988    2.424676065    2.270193184    2.541490865     2.12812647    7.833294084     3.04684315     5.46007472            100            100            100 
3            NO_ID    2.302544323    2.044833606    1.613324546    1.937629627      1.6920415    2.547433026    2.517187985    2.120103044    2.685020975    2.488189225    2.163052458    6.783054441    8.847604555    1.495026906            100            100            100 
4            NO_ID    2.303650899    1.983766924    2.039705196    1.862649211    1.911479461    2.492763694    2.521357238    2.394630309    2.213526403    2.245400475    2.237768347    2.257652098    3.670839665    11.51201256            100            100            100 
5            NO_ID    2.305171805    1.814807152    2.284332879     1.77160114    1.710678382    2.655861202    2.436943249     2.28337942    2.165808725    2.225703824    2.671127804    2.100868375    9.430953522    10.41267881            100            100            100 
6            NO_ID    2.305524749    1.976777043    1.980089195    1.811282996    1.643244704    2.609045302    2.516414736    2.174723636      2.6356202    2.300381086    2.497773895    7.862009954    3.411254734    8.316553796            100            100            100 
7            NO_ID    2.305910436    1.904466406    2.265590119    1.548515626    1.748140292    2.411649977    2.421609144    2.264555885    2.603985066    2.535572277    2.579053235     1.62152565    2.707577545    4.180376358            100            100            100 
8            NO_ID    2.306371461    2.148615593    2.026678754     1.99921928    1.768242858    2.602648728    2.237062327    2.413101602    2.209933562    2.610880195     2.46719455    6.843099461    1.057152071    8.379816752            100            100            100 
9            NO_ID     2.30924585    1.971758865    1.679467986    1.541880988    1.683093871    2.681751045    2.592756125    2.201250774    2.531236478    2.211065872    2.596984665    9.877288816    11.30432148    9.341155936            100            100            100 
10           NO_ID    2.309328636    1.745487435    2.201499921    1.858547876    2.060697526    2.520586793    2.139852475    2.386967038    2.226600875    2.496492012    2.326597839    1.194207179    2.375847644    1.588452817            100            100            100 
11           NO_ID    2.309558048    1.966913485    1.922204929    2.040713972    1.746287506    2.403118576    2.207413515    2.654844224    2.276128074    2.385712478    2.313174424    4.481674217    3.414874073    4.431067499            100            100            100 
12           NO_ID    2.309640388    2.225340048     2.24249122    2.037939341    1.717386479    2.251624063    2.129085794    2.630199025    2.126121849    2.627671249    2.629852678     2.60728229    2.529977852    4.579500253            100            100            100 
13           NO_ID    2.311442834    1.827353209    2.152669576    1.782691581    1.627780753    2.480540204    2.329540097    2.575644052    2.191743524     2.10499105    2.519558699    2.995941668    11.41079321    4.555351079            100            100            100 
14           NO_ID    2.312026953    2.044509668    1.890455471    1.883550648    1.732176159    2.523182045    2.541638157    2.292392926    2.234906148    2.433525275    2.362537347   0.8504863348    4.657121202    3.456800274            100            100            100 
15           NO_ID    2.313569143    1.707865628    1.928782832    2.060984734     1.79968509    2.231069785    2.584775252    2.211324422    2.342217724     2.42979292    2.263037352    4.420814553    4.673163031    3.453839199            100            100            100 
16           NO_ID    2.318674809    2.211335006    2.091333686    2.049426361    2.018156903    2.577612686    2.199798769    2.495733891    2.162627963    2.554150201    2.670073132    11.07143827    5.641599457    10.68190557            100            100            100 
17           NO_ID    2.320749137    2.121266359    2.269868242    1.879546607    1.625650596    2.429689085    2.511568575    2.391985317     2.49720427    2.145711133    2.499937527     1.87505312   0.9368513473    7.519653795            100            100            100 
18           NO_ID    2.324433075    2.179921148    1.927424513     1.53145166    1.532813274    2.445935502    2.180189532    2.650242437      2.5499997    2.302889355     2.45177066    9.560084429    6.456698709    8.851155067            100            100            100 
19           NO_ID    2.324588663    1.745991561    2.000392739    1.798178881    1.898329091    2.334592974     2.52842429    2.410476971    2.244608853     2.39017674    2.283788417    8.082684962     8.19462543    10.79209904            100            100            100 
20           NO_ID    2.325483526    2.064218268    1.984774929    1.959141224    1.617563032    2.590567571    2.350342394    2.578773424    2.395368097    2.202665255    2.639668905    3.186777023    9.732998784    2.237776163            100            100            100 
21           NO_ID    2.326433315    1.743673886    1.873049845    1.837415347    2.016415594    2.408337578    2.141367753    2.414497349    2.277091217    2.399806601    2.429965583    3.322524342    11.69749702     5.51265684            100            100            100 
22           NO_ID    2.326706394    2.098414602    2.135047025    2.006219849    1.776052899    2.385328436    2.161926167    2.319206464    2.381559899    2.274890491    2.274733893    2.262560233    10.72485567    6.674135213            100            100            100 
23           NO_ID    2.328225093    1.953661439    1.905130772    1.522222906    1.794450676    2.304468019    2.486245452    2.230240052    2.263767949    2.496715504     2.58139465    8.534530731    2.924728343    9.243570377            100            100            100 
24           NO_ID    2.329598145    1.961239773    1.941323776    1.831424467     1.84024719    2.200460786     2.47880113    2.302719788     2.14894872    2.193174535    2.494492819    1.454850393    9.562484023    0.847462323            100            100            100 
25           NO_ID    2.335168192    1.879684485     1.61141823     2.07676831    1.947035196    2.448331558     2.52050068    2.559219513    2.697425476    2.370062949     2.16344533    2.275454271    10.72301328    5.755483827            100            100            100 
26           NO_ID    2.338358093    2.182050154    1.534636068    1.989652032    2.090869047    2.503096149    2.318909018    2.298094523    2.113531425    2.274896836    2.260865591   0.1601360646    5.456146904    4.580866486            100            100            100 
27           NO_ID    2.341172482    1.788668605    1.860122309     1.75093594    1.835444829     2.67112288    2.145316994    2.692062497    2.549852752    2.524258064    2.286935927    2.310249518    11.94618382    5.324259882            100            100            100 
28           NO_ID     2.34213683    2.066693468    1.812645414    1.722826215    1.523420345    2.623021336    2.133346493    2.259968642    2.351502093    2.487383519    2.232694507    1.143978915    9.170090596    10.08821347            100            100            100 
29           NO_ID    2.346649154    2.064537037    1.740430505    1.541886137    1.984099061    2.594272854    2.111069721    2.389258869    2.473357907    2.203054734    2.363217511    11.00262238    3.159425353    11.10690731            100            100            100 
30           NO_ID    2.351416779    2.099876974    1.616170973    1.710313895    2.089349482    2.675828682    2.583504016    2.140862153    2.641690368    2.384784361    2.462875809    2.128454386   0.3205267155    10.00840025            100            100            100 
31           NO_ID    2.351965999    1.934919427    2.012039612    1.859675138    2.051579871    2.679630538    2.187172101    2.134933783    2.501567644    2.172364119     2.24170804    2.704084884    1.602750192    8.169018788            100            100            100 
32           NO_ID    2.352724419    1.947446581    2.146669278    1.658897297    1.855318749      2.6179479    2.365687609    2.337257173    2.232939679    2.507921725    2.615121025    1.711420628    3.503452768    8.046215491            100            100            100 
33           NO_ID    2.353207113    1.807872167    1.522047362    1.659927833    1.981938425    2.392835166    2.174247162    2.377863852    2.652631353    2.467250914     2.58718975     4.34849684    5.825900459    6.569533845  0.08826897938 0.007505392337 0.0003437439839 
34           NO_ID      2.3534097    1.819819871    2.152316484    1.827317049    1.740073599    2.511574185    2.229835512    2.657941677     2.50969346     2.41109221    2.312662498     2.02291249    4.093396461    9.317046051            100            100            100 
35           NO_ID    2.353411443    2.074066257    1.786488903    2.029168761    1.895925428    2.467690962    2.331795266    2.309325898    2.364793489    2.624044109    2.541286943    5.359879433    7.474324954    3.710033562            100            100            100 
36           NO_ID    2.353500612    1.981156945    2.057820304    1.881541238    1.758872929    2.450282773    2.550381434    2.265691289    2.112608812    2.674164616    2.228965234   0.8935172655     3.30707013    5.529510339            100            100            100 
37           NO_ID    2.356382839    1.717733555    2.072187666    1.866755162    1.932983141    2.523269577    2.379976822    2.525298606    2.331918342    2.494692001    2.673891684    4.666116186    9.118350097    2.776112131            100            100            100 
38           NO_ID    2.356939807    1.897022648    2.088771395    1.662534879    2.096899622     2.64058898    2.410707312    2.686249104    2.599701194    2.453053593    2.127111257    8.827831237   0.7567590665    7.799741326            100            100            100 
39           NO_ID    2.359028516     1.86935493    1.903980502    2.057985603    1.598249682     2.26147292    2.144675984    2.671000692    2.138795323    2.532956647    2.369658114    4.480917683    7.713480674    7.701819893            100            100            100 
40           NO_ID    2.360333393    1.916527336    1.865152669    1.593532487    1.563691028    2.309678335    2.359754843    2.601282323    2.664519012    2.685540998    2.325958389    2.694243915    8.540637261    5.081697181            100            100            100 
41           NO_ID    2.361553362    2.054479817     2.18780886     1.93213529    1.502100466    2.405022406    2.111784783    2.205266063    2.204977309    2.119794935    2.284315765    6.399989004    7.782853115   0.2939698623            100            100            100 
42           NO_ID     2.36252511    1.893898965    1.974736176    1.698511523    2.097174004    2.432106823    2.571627659    2.117170373    2.690461769    2.349900697    2.336199889    2.538388041    2.360216853    6.166664592            100            100            100 
43           NO_ID    2.365152948    1.944212979    1.839573103    1.634612416    1.790204541    2.224978651    2.460659414    2.188533631     2.29148595    2.446900445    2.499010602    6.721896069   0.7415436938     11.6559804            100            100            100 
44           NO_ID    2.368199736     2.16520984    1.517245983    1.958621163    1.996728558    2.561352715    2.447222106    2.420433279    2.437537085    2.528759082    2.632634432    5.314844473    3.612964798    11.28801053            100            100            100 
45           NO_ID    2.369613586    1.770901661    1.754815812    1.604684584    1.625429855     2.63295405    2.550746777    2.459762812    2.385008659    2.203311912    2.232073835    9.499553007     7.95178896    1.321663511            100            100            100 
46           NO_ID    2.369815906    2.103275038    2.196634741    1.867441668    1.519996369    2.459944651    2.336622921    2.319029515    2.236457634    2.568110146    2.172133341    2.612984074    7.236211547    7.248034339            100            100            100 
47           NO_ID    2.371825017    1.844397525     1.75566017    1.518423119     2.09445496    2.441598035     2.50007535    2.152300534     2.55571068    2.215087332    2.137368502    10.67658671    6.601314563    7.821579793            100            100            100 
48           NO_ID    2.373690821    2.180831497    2.232968735    1.712835836    1.846041337    2.668884199    2.159547499    2.342769896    2.496284296    2.588123525    2.663203175    2.676427615    6.337652137     9.91675214            100            100            100 
49           NO_ID    2.376449184    2.102301867    1.910526994    2.014237381    1.799832714    2.340111149    2.194741864    2.446463413    2.132772499    2.220790052    2.157001118    9.801245329    4.142759344    4.842484191            100            100            100 
50           NO_ID      2.3772079    1.728910738    2.279745162    1.998679975     2.00789859    2.568520386    2.131536404    2.590845986    2.256410741    2.527779984    2.457932716    8.827032503   0.3393446637    5.553191115            100            100            100 
51           NO_ID    2.377384613    2.108492869    1.869458895    1.887515625     1.73432625    2.502901499    2.238909881    2.304557156    2.141614554    2.664291208    2.269243021   0.1932990142    4.839619581    3.724588418            100            100            100 
52           NO_ID    2.377842859    1.737198605    2.286861408    1.953637913      1.9398112    2.694485858    2.324665137    2.589870375    2.581621962    2.344455714    2.395248299    5.427967488    10.76276788    6.757667913            100            100            100 
53           NO_ID    2.379258946     2.18320105    1.592155726    1.946771924    1.649370378    2.303980959    2.182608433     2.57107438    2.533127321    2.437721729    2.436981659    1.285180696    4.269653853    1.650740919            100            100            100 
54           NO_ID    2.380643726    1.706456584    1.585444918    2.093835279     1.88358367    2.505451228    2.361784435    2.508006803    2.570152334    2.506097918    2.253466366    8.038495049    5.724986256   0.9636512142            100            100            100 
55           NO_ID    2.388792484    1.889472508    2.145154919    1.869890925    1.551512671    2.675579958    2.353816285    2.422013656    2.264732352    2.431241975    2.237544203    1.586952266    3.682525022    10.24125595            100            100            100 
56           NO_ID    2.392897876    2.080956678    2.218432483    1.842840095    1.953564171    2.554410962    2.482817342    2.672036316    2.195083414    2.224454966    2.277022855    1.323665847    11.55327889    5.088290129            100            100            100 
57           NO_ID    2.393486034    2.146808456    2.196538629    1.591167131    1.619171089    2.509582627    2.424790252    2.127114546    2.626120917    2.239909419    2.386847155    6.605757715     4.65761973    11.06897337            100            100            100 
58           NO_ID    2.397013976    2.039238392    1.639326598    1.511483988    1.561616241    2.472789924    2.423913354     2.12107459    2.148113028    2.336457029    2.274603687     11.5551398      8.8205067     7.60090654   0.1143942125  0.00752119921  0.01206108982 
59           NO_ID    2.397568521    2.256240963    1.747789336     1.88564818    1.856494116    2.576341132    2.154169307    2.655161871    2.693661984    2.350578007    2.529882525    7.162174649    10.20928492    10.47619287            100            100            100 
60           NO_ID    2.397783196    1.819827386    1.823070304    1.614450208    1.812989369    2.414218605    2.306981166    2.192684337    2.555233843    2.282663553    2.526426955     2.54116819   0.4103885574   0.7490390487            100            100            100 
61           NO_ID    2.403280141    2.014273864    2.062149771    1.602734492    1.868138153    2.293349506    2.296932588    2.122155029    2.314909296    2.513783026    2.152290809   0.6283586308    11.46972291    6.313375072            100            100            100 
62           NO_ID    2.405676077    2.153322327    2.019144934    1.534617193    2.055025819    2.271307292    2.286011713    2.519489688    2.228019462    2.340116553    2.175624671    10.03039411     11.6800932   0.6265871882            100            100            100 
63           NO_ID    2.406089773    2.071019513    1.503157029    1.690258365    1.692285872    2.683140794    2.574837477    2.417936469    2.355395855    2.563687262    2.109921785    1.052002503    10.18796791    8.197186247            100            100            100 
64           NO_ID    2.406199971    2.256990248    1.647955578    1.786258333    1.957841795    2.636141816    2.301060787    2.342387875    2.203623372    2.372012912    2.476175236    7.571763774    5.104937807     9.72785524            100            100            100 
65           NO_ID    2.406413981    1.956726877    1.864188724    1.917189577    1.636548297    2.486563741    2.389473106    2.672725865    2.505696853    2.171121011    2.471716167    10.45372643    3.645694157    10.34205742            100            100            100 
66           NO_ID    2.409459576    1.768374868    2.056643301    1.573471196    2.057188666    2.203227885    2.413322995    2.120456627    2.205658305    2.138396783    2.157918459     8.57750885     8.65666684     3.06161588            100            100            100 
67           NO_ID    2.409617099    2.121985448    2.274204523    1.939707122    1.506311539    2.307285966    2.293127404    2.327836235    2.366978981    2.577436561     2.38917213    7.971956652    7.854368022     4.80756801            100            100            100 
68           NO_ID    2.410767851    1.886532985    1.744549227    1.900358963     2.05404765    2.261377541    2.519641435    2.577282379    2.609434805    2.280356557    2.503502976    4.812596286    4.392683651    9.481125979            100            100            100 
69           NO_ID    2.411105485    2.099739708    1.908051248    1.672134576    1.583506632    2.292347777    2.545653156    2.594986092    2.562133765    2.540412472    2.289616402    11.51320338    11.71625895    6.547694975            100            100            100 
70           NO_ID     2.41271799    2.159448649    1.505844916    1.833502634    1.781434097      2.6875309    2.244341463    2.387745636    2.213780238    2.504962641    2.615581871     7.61518438     5.64798403    4.095080016            100            100            100 
71           NO_ID    2.413131582    1.749002187    2.003155427      1.5367023    1.772794016    2.344333388    2.290455158    2.386260961    2.181513635    2.575692779    2.553236746    4.360296877     4.40056981    4.506792596            100            100            100 
72           NO_ID    2.413362373    2.193036574    2.126250327    1.758586334    1.562391505    2.343894268    2.280476614    2.260641187    2.346440625    2.370183118    2.231641878    5.704718959     2.06279529    8.025999833            100            100            100 
73           NO_ID     2.41402424    1.909576512     1.80134395    1.840733734    1.758578699    2.202812111    2.414530029    2.631372715    2.276574599    2.105982223    2.317633675     5.16176468    9.633500038    1.417408409            100            100            100 
74           NO_ID    2.415656569    1.720766114     2.11212335    1.895804683    1.786841107     2.31672441    2.355049456    2.399468682    2.331356644    2.697051314    2.394755613    3.513002047   0.8240308579    2.080684221            100            100            100 
75           NO_ID    2.419571368    1.775117602    2.093509869    2.091195697    1.527573558    2.476637809    2.173061275    2.177905461    2.303136306    2.162905017    2.365856112    7.085694465    2.385834917    6.158906995            100            100            100 
76           NO_ID    2.420855377     1.89761435    1.701537037     1.82680403    2.036852743    2.413039772    2.381906681    2.698468984    2.682995636    2.226984042    2.119543574   0.6221732835    7.268821431    3.882945234            100            100            100 
77           NO_ID    2.422248157    1.877029174    1.512032948    1.962401131    1.802885602    2.383167249    2.427905502     2.20903806    2.576862261      2.3508219    2.485563643    9.946726161    6.451864614    3.360537519            100            100            100 
78           NO_ID      2.4223465    2.080793403    1.899737384    1.540762218    1.563911924    2.679762968    2.392915762    2.560147447    2.676487612    2.199102075    2.646529146    6.222877977    6.919456616   0.5188524297            100            100            100 
79           NO_ID    2.423846888    1.900152587     2.04997708    1.543879307    1.876118904    2.461348956    2.585199333    2.333242165    2.133119912     2.40214033    2.449238355    1.059208112    11.24998363   0.6185166727            100            100            100 
80           NO_ID    2.426118145    1.946776224      1.8936743    1.903444454    1.756617668    2.603754413    2.408231392     2.29487343    2.365659724    2.273051127    2.179277066    1.357195197     3.59439967    6.856234345            100            100            100 
81           NO_ID    2.429409644    1.739742798    1.894186023    1.702401589    1.816519841    2.246422011    2.528070487    2.559764546    2.646560776    2.513382268    2.634488182    9.643619527   0.2752670759    6.645241536            100            100            100 
82           NO_ID    2.430256585    1.934034219     1.96647371    1.842059671    1.853861605    2.693465009    2.480424899    2.166850974    2.349220336    2.204887277    2.259535311    2.089083587    5.751016597    11.71924533            100            100            100 
83           NO_ID    2.432162218    1.957139011    2.076775482    1.546537271    1.849861072    2.208359458    2.242741823    2.243909813    2.381949874    2.243538438    2.548861746     5.48690294    6.080315131    6.465911404            100            100            100 
84           NO_ID    2.433114291    1.738475158    1.969687905    1.744068654    1.799714931    2.269382301    2.579577601     2.13996212    2.183811704    2.530054478    2.342681909    2.655208481    10.46458026   0.7434945538            100            100            100 
85           NO_ID    2.434482537    2.092186003    1.610966743    1.554047191    1.888496431     2.22024276    2.383163836    2.519564942    2.305941889    2.316562455    2.108234367    9.472213591    2.927110776    10.96498395            100            100            100 
86           NO_ID    2.435662187    1.772607493    2.148625056    1.616540715    1.618472145    2.424825217    2.320895129    2.304986539    2.671099879    2.553208979    2.177391651    7.657366084    0.883904519    9.038959414            100            100            100 
87           NO_ID    2.437001962    2.101353214    1.606063792    1.683349614    2.021341523    2.375708604    2.599658243    2.371168607    2.413560822    2.129872632    2.342362659    2.061951953    6.865177327    2.959645345            100            100            100 
88           NO_ID     2.44169353    2.221189429    2.043462261    2.011246533    2.036669434    2.546965827    2.427893766    2.432942842    2.224924327    2.416460724    2.293128175    8.184104454    11.81895686    10.26921908            100            100            100 
89           NO_ID    2.442844825    1.709841444    1.752332761    2.066433217    2.038255763     2.51762869     2.43597788    2.584403636    2.502200036    2.106668857    2.363534651    4.223382702    10.92272888    9.359285411            100            100            100 
90           NO_ID    2.443427284    2.290427603    2.266874014    1.555661861     1.98708477    2.481073479    2.239713066    2.403450405     2.32147152    2.410851292    2.344877265    9.402812863     3.53681081    6.645869027            100            100            100 
91           NO_ID    2.444448291    1.797789746    1.891702278    1.875186551    2.051112073    2.269279507    2.441503119    2.606137892     2.26870416    2.133017799     2.42562758    5.934472435    5.462687024    8.025045039            100            100            100 
92           NO_ID    2.450788499    2.243856259    1.758994255    1.783719889    1.925906412    2.383518952    2.244476601    2.516775459     2.68393812    2.536062743    2.114869982    11.94939092   0.2191915681    3.514711458            100            100            100 
93           NO_ID    2.451233269    2.026560057    2.164981454     1.65722953    2.003432208    2.244557528    2.289129976    2.561261037    2.247026338    2.139522508    2.372654036    1.317535932    6.229397102    1.121667021            100            100            100 
94           NO_ID    2.452788542    2.280853651    2.081566829    1.924567689    1.714887869    2.355025336    2.238856133    2.668749475    2.278188414    2.123137238    2.135600448    8.548175005    2.560490304    3.902715193            100            100            100 
95           NO_ID    2.453704162    2.246858596    1.579127222    1.828285665    1.691071575    2.461687703    2.485748401    2.581276115    2.443999625    2.395689378    2.669809747    10.70971151   0.8517964375    7.376406975            100            100            100 
96           NO_ID    2.453708639    1.820365083    1.510212642    1.824350623    1.814264048    2.503093011    2.535718455    2.411438052      2.1422398    2.588815338    2.428608425    0.654031372    2.774320684    11.29616627            100            100            100 
97           NO_ID    2.454341726    2.008070258    1.531218958    2.039830369    1.846802118    2.262828453    2.158364446    2.123380594    2.115958341    2.140173915    2.382315353    2.758968245    4.675815143    3.115651071            100            100            100 
98           NO_ID    2.456138125    2.067514665    2.153654839    1.603210758    2.023234729    2.563151463    2.330655697    2.626220597     2.43119501    2.139277625    2.170553323    7.548212303      2.4975097    8.375706088            100            100            100 
99           NO_ID     2.45699067    1.740649742    2.190650868    1.539601384    1.885890718    2.292049005    2.102376186    2.602151207    2.405297233    2.256359826    2.310697569    9.598092248    5.593464042    4.743607987            100            100            100 
100          NO_ID    2.457801466    2.162040163    1.615773014    2.034688618    1.770500985    2.361697002    2.122218694    2.515530547    2.614615262    2.552884276    2.474518595    7.575227216    11.83680132     11.7814628            100            100            100 
101          NO_ID    2.459530266    2.100253154    1.854356476    1.779354989    1.698667755    2.318377188    2.254645698    2.574720654    2.464446748    2.359886239    2.193927118   0.9201329429    8.695534602    5.373220226            100            100            100 
102          NO_ID    2.460744691    1.870518301    1.585250296    1.910194022    1.529966951    2.256934508    2.219747213    2.411401048    2.153358489    2.416906412    2.699146685     3.34277454    2.437381051     10.2945711            100            100            100 
103          NO_ID    2.464801666    1.820253728    2.146202213    1.928485566    1.817868078    2.229837031    2.229407996    2.354720821    2.391452164    2.593577613    2.353189805    5.488956003   0.4112331068    5.454667576            100            100            100 
104          NO_ID    2.465945342     2.17075509    1.766477041    1.664059517    1.796762255    2.434542676    2.177948411    2.489682904    2.179698337     2.66373064     2.22889106    2.433755112    11.25638812    8.458868783            100            100            100 
105          NO_ID     2.46656677    2.068471341      1.7535359    1.919893715    1.761507915    2.249866392    2.165400041     2.42389942    2.332512791    2.395051986    2.584540606    9.579068322    11.30470207   0.3236496841            100            100            100 
106          NO_ID    2.468037718    1.980296031    1.561714099    2.026249827    1.970373124    2.502843738    2.278696693    2.205937651    2.106664336    2.361170113    2.402199704   0.6924067813    7.114543255    3.708575899            100            100            100 
107          NO_ID    2.469192019    2.282311815     1.54675537    1.767656803     1.75407068    2.341389598    2.357948159     2.53716455    2.247768771     2.40084514    2.638415324    11.58010498     8.23822025    8.707999772            100            100            100 
108          NO_ID    2.469334238    2.088320988    2.244888449    1.995118394     2.05883929    2.218836715    2.354427013     2.68880624    2.190925467    2.549009071    2.400207288    2.885679123    3.318309653    5.987079444            100            100            100 
109          NO_ID    2.471712404     2.17982142    1.594313262     2.03017815    1.936177569    2.251516969    2.369794403    2.498990302    2.216989468    2.211163697    2.245386704    10.77400094    4.254308617    5.995798199            100            100            100 
110          NO_ID    2.474197258    2.052337529    2.014956021    1.715930268    2.012147881    2.685914403     2.41338966    2.573311446    2.359525395    2.219554531    2.455816535    2.936076641    9.252627235    10.18980459            100            100            100 
111          NO_ID    2.474536898    2.029182698    1.507062916    2.068634013    2.049773482    2.296308213    2.373512472    2.450048751    2.409406195    2.164564229    2.697359216    4.024808085    6.110286157    2.077783876            100            100            100 
112          NO_ID    2.475145206    1.916721331    2.019276701    2.016505838    1.699033146    2.553770044    2.253468867    2.553103826     2.69419157    2.593700432    2.390268376    2.839206818    3.890911434    4.573673997            100            100            100 
113          NO_ID    2.475895622     1.79587123    2.245045044    1.632730758    2.072701038    2.298979403    2.367809938    2.487748384    2.139234694    2.445843852    2.649506137    11.94512372    11.87324329    1.846010937            100            100            100 
114          NO_ID     2.47701822    1.700427543    2.096194751    2.092756536    1.847863299    2.495912732    2.374619111    2.643914648     2.15805356     2.66554861    2.508208855    4.883806276    7.320581605    11.71209327            100            100            100 
115          NO_ID    2.480959137    2.125833381    1.615183503    1.879176232    2.070230906    2.431777296    2.431332793    2.664685866    2.668050397    2.377689771      2.1169864    8.475221541    7.855542069    1.087098029            100            100            100 
116          NO_ID    2.480981922    2.219708469    1.662734242    1.531201795    1.625061225    2.503738148    2.368994696    2.245989326    2.288018899    2.277760995     2.39056303    4.321285315    2.718684835     6.11168912  0.05503042415  0.01124821213 0.002599074686 
117          NO_ID    2.481053586    1.779667007    1.968825825     1.91180943    2.026475463    2.428352783    2.519147135    2.145646552    2.145522492    2.392724863    2.172761098    11.43286818    8.652685637     7.19216506            100            100            100 
118          NO_ID    2.481739696    2.256356149    2.288113889    1.893575134    2.062812733    2.245974254    2.422842011    2.446396403    2.521710579    2.201551734    2.254403205    5.837258239    10.15299305    6.157391424            100            100            100 
119          NO_ID      2.4827955    1.890077092    1.922835881    1.788186205    1.735564527    2.402709876    2.138945067    2.296262053    2.127956002     2.19455705    2.583229091    3.091137558    9.820981235    2.196538597            100            100            100 
120          NO_ID    2.483520982    1.884326091    1.697453022    1.892045763    1.721524696    2.315196518    2.304736396    2.161335896    2.231618852    2.615281841    2.651206271   0.2648162675    3.194751091    4.929091385            100            100            100 
121          NO_ID    2.484305982     2.00132668    1.625958381    1.947495334    2.010903192    2.467063957    2.256857557    2.269481891    2.423851282    2.665665102    2.200854605    10.00851762    11.43294651    6.369765599            100            100            100 
122          NO_ID    2.486019263    1.825856427     1.78103465    2.031085471    1.906152459    2.414217968    2.481112749    2.376525583    2.120474047     2.17177133    2.482463233   0.5427676703    6.658828852    1.693258737            100            100            100 
123          NO_ID    2.486244433    2.245835251    1.762083143    1.530860197    1.826806834    2.621593606    2.358814964    2.484941802    2.151979108    2.231060223    2.141429583    8.847187901  0.07107057612     8.65879225            100            100            100 
124          NO_ID    2.487817426    2.016660444    1.755369249    1.844931383    1.583353912    2.555009165    2.573131332    2.206774257    2.433636601     2.10777339    2.366742899    11.70277387    7.903138181    7.988748113            100            100            100 
125          NO_ID    2.488120602    2.115249586    2.245043657    2.069217025    2.092315465    2.569995709    2.148933178    2.248593078    2.101387467    2.161225504    2.264913922    7.613742899    3.791398602     7.74638669            100            100            100 
126          NO_ID    2.489759459    1.797875948    2.279117287    1.978753654    1.637618747    2.433314569    2.167629368    2.554138588    2.435683896    2.694839827    2.413903134     5.64489345    8.164441884    4.967826311            100            100            100 
127          NO_ID      2.4913515    1.779007417    1.859413482    1.623136889    1.962472599    2.240329814    2.298844316    2.291773031      2.1237938    2.484949666    2.347880297    10.10208301     4.83728217    1.778587299            100            100            100 
128          NO_ID    2.491357414     1.87706588    2.146949477     1.58950279    1.656277613    2.331160514    2.102088075    2.116320844    2.479299678    2.228344426    2.322405412    11.27735554    6.512803224    1.425197511            100            100            100 
129          NO_ID    2.495608121    2.021530394    1.623219643    1.830061793    1.701451542    2.544152597    2.401261211    2.334264816    2.208105719    2.557740892    2.284507252    11.16210837     1.21260492    10.72555825            100            100            100 
130          NO_ID     2.49851025    2.172741708     2.26029028    1.812225957    1.898081755    2.639238437    2.308471081    2.115468234       2.689035     2.38506825    2.645667259   0.3031369822     4.25478999    9.510398726            100            100            100 
131          NO_ID    2.498657613    2.108460822    1.642942189    1.591973816    1.645029562    2.467149049    2.455184869    2.658988048    2.564146099    2.238955789    2.314554546    6.029791153     5.78633758     8.58584177            100            100            100 
132          NO_ID    2.499137491    1.715480005    1.511683062    1.982225987    1.896273408    2.457137779    2.535823504    2.560185332    2.384280896    2.374487119    2.420332779    5.215370158     7.47178388    5.337238499            100            100            100 
133          NO_ID    2.500860213    2.277715985    2.142632133    1.658916482     2.00681836     2.46022457     2.12808908    2.663273945    2.132067051     2.29118889    2.247510283    1.770257258   0.4823800365    4.147813441            100            100            100 
134          NO_ID     2.50128753    1.765515268    1.917409228    2.032487538    1.512373864    2.510335281    2.317311002    2.303445438    2.186427581    2.223671284    2.184721553    8.608544132    8.387213228    1.090625994            100            100            100 
135          NO_ID    2.501997249    2.166467661    1.674383289    1.688414687    2.031478932    2.237304864    2.350569503    2.423050259    2.557480298     2.67018165    2.118053794    6.473275834    9.332717371    3.486367326            100            100            100 
136          NO_ID    2.502624571    1.816208328    2.225358162    1.791230505    1.755079751    2.572130154    2.498496325    2.532426332    2.201359676     2.40922933    2.409487843    8.788438589    2.315123812    4.530229504            100            100            100 
137          NO_ID    2.503048337    2.147265804    2.233163504    1.688914711    1.641346859    2.325668626    2.369255893    2.303899255    2.641883999    2.377193146    2.627959566    7.856106345    6.195185392    11.51838592            100            100            100 
138          NO_ID     2.50370431    2.084002727    2.122507521    1.814422118    2.088469133    2.567561025     2.40244812    2.336609425    2.195053202    2.248868717     2.50116531    11.98076534    11.68881987    5.604370898            100            100            100 
139          NO_ID    2.504552444    1.920590784    1.647030224    1.859580954    1.900275269    2.361530283    2.380291052    2.347310465    2.591834209    2.340950079    2.206529978    9.785193699    10.22026056    3.399506166            100            100            100 
140          NO_ID    2.505545187    1.738731861    1.569306567    1.630206966    1.776578476    2.650470164    2.575113817    2.358934759    2.221990071    2.293616843    2.573467201    1.824688001    6.941257867    5.607851361            100            100            100 
141          NO_ID    2.506605231    1.966673839     1.86478002    1.692511206    1.663072872    2.299874119    2.284556122    2.115712867    2.251954873    2.136071667    2.324846978   0.7134032365    10.31358313    7.782859206            100            100            100 
142          NO_ID    2.507323801    1.904548877    2.061965059    1.801577404    1.534707054    2.300048161    2.524034618    2.662654977      2.2124185    2.591292231    2.541714972     3.75829233    5.670933257    4.538257193            100            100            100 
143          NO_ID    2.507615122    1.987784535     1.78544337    1.759320629    1.592052789    2.477970903    2.422146356    2.671438645    2.398180041    2.605026321    2.578398059    11.89520738    2.223010921    9.265258685            100            100            100 
144          NO_ID     2.50832919    2.062760377    1.961654215    1.928305635    1.891671115     2.47587461    2.372488008    2.399569705    2.273273995    2.464829295    2.290415691    6.593694709    3.852185571    10.96696815            100            100            100 
145          NO_ID    2.513169227    2.238217538    1.980623881     1.93583076    1.846710407    2.231301735    2.286121987    2.681036657     2.50104388    2.490038242    2.285593813     8.85316868    7.086588988    7.096736684            100            100            100 
146          NO_ID    2.516559308    2.089675116    1.649973432    1.555302701     1.65350884    2.390156366    2.180990935    2.305127099    2.657977733    2.498396174    2.448798147   0.4266581668    9.723577049    9.278156803            100            100            100 
147          NO_ID    2.518152804    2.047435756    2.177265621    1.836786398    1.696051349    2.452465234    2.296671398    2.564294207    2.286136754     2.50048047    2.277395809    5.921406328    6.227213292    10.89180718            100            100            100 
148          NO_ID    2.518589003    1.966169328    1.574213809    1.752358196    1.821704001    2.456958475    2.298826342     2.56590728    2.331131714    2.575760964    2.445555387    2.385214298     3.34621421    4.345319836            100            100            100 
149          NO_ID    2.520309159    2.063833724    1.654276754    1.541886422    1.551618259    2.474825077    2.351005876    2.243671048    2.163355176    2.187782678    2.215109693     7.23070433    11.85617999    11.87015504            100            100            100 
150          NO_ID    2.524582416    2.102612595    1.504315965    1.915960252    1.550059175    2.606865777    2.579047958    2.505377924    2.489776413     2.39368268    2.142635097    10.45432183    2.032088093    11.15512244            100            100            100 
151          NO_ID    2.526536832     1.94762065    1.940226991     1.68200645    1.603165597    2.582458685    2.104710996    2.179049702    2.315022141     2.46934772    2.530382728    6.160255258    2.443847002    8.576035429            100            100            100 
152          NO_ID    2.529703281    2.215210091    2.111438947    1.789275094    1.826269512    2.484913937    2.390557535    2.639630801    2.633109484    2.422300371    2.552824802     5.84911243    8.192438737     2.24964434            100            100            100 
153          NO_ID     2.53176206    1.935580824    1.907368778    1.551579946    1.851789152    2.407954337    2.385675376    2.106868903    2.196101388    2.321006041    2.539295236    3.949221294    10.60470742    2.975661575            100            100            100 
154          NO_ID    2.532281934    2.004384237    1.897634294    1.614335683     1.66633472    2.301314474    2.226524036     2.20795221    2.396548386    2.101131434    2.676045163    2.910854846    7.068211726    9.795693341            100            100            100 
155          NO_ID    2.534329032    2.080971583    1.912466626    1.779717759    1.558134968    2.321722317    2.450401889    2.356487781    2.490380287    2.572493306     2.49151003    9.021055725    6.359537303    5.189502393            100            100            100 
156          NO_ID     2.53477732    2.228414319    1.755873144    1.936740239    2.046147874    2.217538006    2.269579501    2.479131014    2.508969099    2.639467587     2.30442962   0.8177488227    6.683191753     3.56642608            100            100            100 
157          NO_ID     2.53753039    1.803959545    2.109027582    1.750772589    1.984139333    2.675628839    2.432709125     2.15264011    2.143404864    2.542847705    2.279980175    2.773183578    3.835137501    5.922529614            100            100            100 
158          NO_ID    2.537547705    1.731518718     2.06091836    2.058045364    1.923704721    2.619928189    2.110077129    2.312201152    2.628205139    2.451889158    2.131766095    2.682940561    11.36903227   0.8000092231            100            100            100 
159          NO_ID    2.538115241    1.827712537    2.228716714    1.642979475    1.983150849    2.501841643    2.299809825    2.543138038    2.699356201    2.138141508    2.537832281    7.131204495    6.907055361    7.903630003            100            100            100 
160          NO_ID    2.538393608    1.822842832    2.093911855    1.962010792    1.693744493    2.230454791    2.572246147    2.419174348     2.65609061    2.607591509     2.17893716    4.821985376   0.2180684266    4.220219914            100            100            100 
161          NO_ID    2.539819274    1.905352756    1.823246794    1.791591841    1.520928101    2.552944268    2.479139466    2.244573704    2.128045367    2.658173247    2.115021425     6.15903511    2.628329383    10.17699482            100            100            100 
162          NO_ID    2.543673479    2.187666491    1.626635801     1.64641514    2.060216767    2.489239745    2.436299573    2.170144421    2.607618169    2.599330785    2.610302667    10.50502196    11.20611846    8.838391681            100            100            100 
163          NO_ID    2.543941855    2.161950483    2.064468865    1.537493161     2.04161749    2.345809181    2.474418826    2.568092953    2.548994357    2.452279152    2.613739504     9.89033698   0.9000803069    11.73001204            100            100            100 
164          NO_ID    2.550395616    1.925231479    1.684780908    1.581149889    1.509234205    2.204555268    2.429643339    2.697703339    2.546539551    2.258509751    2.334312763    10.83185505    6.147569359   0.7095614694            100            100            100 
165          NO_ID    2.550432569    2.291528194    1.920557685    1.569061034    1.813058588     2.53986083    2.432602356    2.614510131    2.320816112     2.26063628    2.248774946    6.578436622     0.36754342    6.665643976            100            100            100 
166          NO_ID    2.553936614    1.772550276     1.83614779    1.757144347    1.609927654    2.333775396    2.179809415    2.540158246    2.117632929    2.160975138    2.631616917    4.818013572    4.524541248    6.829846722            100            100            100 
167          NO_ID    2.555245417    2.178987851    2.109887456     1.63916371    2.082947397    2.461821898    2.424946916     2.56708673    2.384940885    2.289187249     2.61972684    6.566914964   0.6406990721    1.994140294            100            100            100 
168          NO_ID    2.556202646    1.821985871    1.947255566     2.03922418    1.936259735    2.330878336     2.13496556    2.304397888     2.36907341    2.378277777    2.326552917    9.679654111    1.841216047    5.576874523            100            100            100 
169          NO_ID    2.557204409    2.055438312    2.054229914    1.596792315    2.059987189    2.397621859    2.431974765    2.694694243    2.457204023     2.40721126     2.65734922    9.392450479    3.970069814    7.981283827            100            100            100 
170          NO_ID    2.562156377    1.874454163     2.18719181    2.059892793    2.074193871    2.384526911    2.210022807    2.157700502    2.432249626    2.166811155    2.652686595    3.887667827    10.14447255    2.846059923            100            100            100 
171          NO_ID    2.562658265    2.036568741     1.78449629    1.834248027    1.913958485    2.319639366    2.360611622    2.355566498    2.537343459     2.25036109    2.314737543    11.99601525    5.767982106    1.053640226            100            100            100 
172          NO_ID    2.566375736    2.197530847    2.113650845    1.699452856      1.5466307    2.587199267    2.105916513    2.410537705    2.557289767    2.186347915    2.285123092    7.939477107    11.39855825     4.86175797            100            100            100 
173          NO_ID    2.566592835    1.849099853    1.505867983    1.907646959    1.763907005    2.693875539    2.166040083    2.574585387    2.639684088    2.583579998    2.157964807   0.1098562629   0.1856764221    0.581852211            100            100            100 
174          NO_ID    2.568311112    2.279211734    1.862907346      2.0130029    1.960043231     2.38492255    2.204865614    2.306084568    2.284568099    2.297295735    2.548854464    11.61704791      1.7083852    8.241152771            100            100            100 
175          NO_ID    2.569410253    2.045240976     1.75662754    2.063250039    1.616260489    2.362365356     2.22792367    2.408546362     2.27460738    2.223313375     2.12648283    8.600064691    11.74001275    0.728092315            100            100            100 
176          NO_ID    2.574559097    2.252455956    2.149110627    1.596477833    1.550331904    2.592642446    2.579359573     2.28795065    2.251148417    2.156386729    2.142089238    9.736646264    1.024531106    7.119847441            100            100            100 
177          NO_ID    2.580610623    2.053344764    1.640133184    1.941269649    1.861210392     2.55557251    2.435211985    2.160895481    2.563970755    2.483984685    2.272219903    2.123769567    2.275552082    6.705145109            100            100            100 
178          NO_ID    2.581259457    1.937846615    2.151445696    1.939929615    2.082356283    2.351188229    2.286233552    2.314532442    2.669244329    2.253446051    2.506925368    2.083009535    9.739426519    1.389254289            100            100            100 
179          NO_ID    2.581565269    2.019434255    2.092940128    1.706651873    1.941420127    2.350122308    2.221563377    2.377679862    2.437200773    2.287834724     2.58207775   0.1254836452    9.322250028    2.172613342            100            100            100 
180          NO_ID    2.588076595    1.808818894     1.95031777     1.87303879    1.707225476    2.408180039    2.526838345    2.662771068    2.694475378    2.197910509    2.168177733    6.983321175    9.098103833    6.349884228            100            100            100 
181          NO_ID    2.588950685    1.734758082    1.820779096     1.69101644    1.657600914    2.271681844     2.14418936    2.451345407    2.222563963    2.119722608    2.170519754    1.573091448    10.54628234    2.989138295            100            100            100 
182          NO_ID    2.589208761    2.147207894    1.942568296    1.562995954    1.928061544    2.340084453    2.506303036    2.142949413    2.454131747    2.154191003    2.111698888    10.64640323     1.54656482   0.9459867221            100            100            100 
183          NO_ID    2.590631562    1.879804763    1.549374398    1.826204231    1.637978066    2.553754327    2.209884796    2.261698317    2.306492065    2.433966398    2.186295112    6.225529402    2.323071824    3.428813508            100            100            100 
184          NO_ID     2.59073976    2.083465181    2.005114221     1.61547629    1.829300432    2.679498353    2.221947072    2.156107266    2.581310351    2.556914443    2.541049068    10.66578917    11.75949331     9.64957302            100            100            100 
185          NO_ID    2.592262406    1.929838774    2.261877355    1.714042461    1.721366968    2.439021899    2.335919579    2.634425557    2.194659274    2.182226322    2.548935687    6.309507729    4.857252032    11.95421267            100            100            100 
186          NO_ID    2.593680623    2.196657167    1.982843552    1.611993818    1.916365635    2.603486122    2.219329677     2.64142686    2.348669123    2.565989249    2.187416186     8.73376045   0.8750048656    7.559584332            100            100            100 
187          NO_ID    2.594800802    2.155544947    1.671706905    1.923646746    2.075884106    2.496726433    2.403078771    2.451333026    2.192990621     2.45284463    2.698419044    4.268027708    9.692590953    3.616663754            100            100            100 
188          NO_ID    2.598290903    1.947296046    2.034870767    1.871650554    1.821036431    2.556801299    2.423495665    2.249256632    2.471026687    2.336874331      2.6795773    11.19837407    1.993912105    10.30328062            100            100            100 
189          NO_ID    2.598862629    1.792722061    1.736599651    1.624752917    1.894048741     2.42659877    2.576873542    2.404951933    2.692395273    2.260477318    2.574433824    6.324931101    2.522848406    11.50576858            100            100            100 
190          NO_ID    2.599367731     1.72185917    1.641816636    1.848985558     1.91340047     2.65297028    2.304908158    2.331961045    2.103200482    2.549672138    2.444214736    11.17711864     11.0568762    6.264688245            100            100            100 
191          NO_ID    2.601548923    2.296310428    2.221421673    1.785749412    1.531068511    2.351375481    2.497304877    2.288669424     2.36766879    2.629793084    2.640014831    7.804655066    10.99031383   0.2106917092            100            100            100 
192          NO_ID    2.602329486    1.813117001    1.933146035    1.536866464    1.790146176    2.478236864    2.516056329    2.693031778    2.653684936    2.392754197    2.202069838    8.610943932    10.87152195    9.752669618            100            100            100 
193          NO_ID    2.604828312    1.983118521    1.867883365    1.810736696    1.896235523    2.200643375    2.389669301    2.186381699    2.434656287    2.346870756    2.179413476    5.766824459    10.79249906    3.629666276            100            100            100 
194          NO_ID    2.605084108    2.229102376     2.07372718    1.974790414    1.556455585    2.466497972    2.231234996    2.284236338    2.156445812    2.532930112    2.159880389     2.96378671    8.758423228    9.588781769            100            100            100 
195          NO_ID    2.605405983    1.875966317     2.16818125    2.038359893    1.957123261    2.466250971    2.366584276     2.21599619    2.119840493    2.360358851    2.381687479   0.6489861033    4.690469342    8.213054257            100            100            100 
196          NO_ID    2.607590912    2.095000139    1.789190375    1.591949327    2.015365222    2.387126885    2.446916625     2.32962927    2.688263875    2.439162097    2.641067322   0.6100735146    4.559548686    5.393514937            100            100            100 
197          NO_ID    2.610642016    2.022377849    1.797137281    1.877212037    2.059458349    2.467304266    2.473134171    2.253529097    2.629643962    2.304568306     2.30544164    1.237859645    4.052971017    9.994841135            100            100            100 
198          NO_ID    2.610773505    2.177638297    1.961478473    1.668091552    2.043153566    2.249304813    2.183815908    2.655527429    2.531568113    2.461352292    2.258972867    10.35991389    9.700471523    4.873888417            100            100            100 
199          NO_ID    2.611336618    1.923791829    2.027777994    1.691843889    1.513466945    2.623594641    2.305955491    2.266975785    2.236501209    2.444335712    2.472102884    1.889578824    2.854637723     2.41802062            100            100            100 
200          NO_ID    2.612591551    2.176829808       1.713322    1.688641167    1.915047346    2.633716176    2.120393272    2.261757753    2.658021492    2.347818312     2.24279441     7.18130745   0.7571310721    6.567764464            100            100            100 
201          NO_ID    2.612669048    1.855720064    2.227387502    1.673576078    1.502985867    2.612844379    2.402075657    2.244332727    2.146215605     2.18559786    2.448231981    11.76199208    7.255820127    5.523830934            100            100            100 
202          NO_ID    2.612961886    2.228894751     1.99437617    1.595625578     1.97275101    2.670856516    2.416121222    2.398657422    2.285250561    2.652717387    2.215432881     3.38377363     7.77560259    2.606057258            100            100            100 
203          NO_ID     2.61524646    2.077127086    1.903277047    1.820306043    1.524423132    2.286342383    2.176630497    2.445459563    2.631772419    2.580151395    2.594716195    6.055982125    2.340514514    9.485869896            100            100            100 
204          NO_ID    2.617402052    1.801703492    1.894946734    1.688596863    1.964463869    2.235375593    2.114085415    2.356134983    2.473500243    2.443888107    2.655704688    10.93548476    2.174348028    2.922407578            100            100            100 
205          NO_ID    2.617492951    1.737377379    2.177892844    1.938626951    1.830230591    2.580918711      2.5710032    2.191458672     2.32326775    2.265251925    2.509875419    11.86613017    2.825752053    2.974975857            100            100            100 
206          NO_ID    2.620697654    2.135329595    1.937713404    1.883635434    1.759672227    2.509855988    2.409695083    2.381037506    2.356947865    2.622167643    2.399302408    1.415506405    8.910999224    6.076328251            100            100            100 
207          NO_ID    2.621735573    2.196399033    2.095018571    1.528956141    1.952639995    2.226754942      2.4455036    2.309134111    2.583715289    2.579607489    2.264295982    9.547545454    2.603709917    11.88357016            100            100            100 
208          NO_ID    2.622894804    1.994081056    1.767906297     1.63419236    1.562552396    2.525901374    2.561738396    2.424060311    2.550921318    2.132566123     2.14795973    1.668682181    6.552362186    10.65000674            100            100            100 
209          NO_ID    2.623612542     1.76501127    2.185304494    1.612268717    1.891571328    2.543928717    2.324581872    2.395003535    2.566183494    2.596454218    2.256264572   0.2641966381    10.71953452    8.578372153            100            100            100 
210          NO_ID    2.626441392    2.119627265     1.61755921    1.765255513    1.544858743    2.388962574    2.388671168    2.154092949    2.332221411    2.241977409    2.151796287    1.575219233    6.009743205    5.722181012            100            100            100 
211          NO_ID    2.626837925    2.258173304    2.016632524    1.905657525    1.523720251    2.518322394    2.268420535    2.624596794    2.204784405    2.482187194    2.185145564    3.988182476    6.678076887    10.53463679            100            100            100 
212          NO_ID    2.629651336    2.080179788    1.651978561    1.648478361    1.668500776    2.260541881    2.136330629    2.227340065    2.195254315     2.44890917    2.216146305    3.723595654    3.958364828    8.327071872            100            100            100 
213          NO_ID    2.633289308      2.0915413    2.082935812    1.996904232    1.918560575    2.249696789    2.269818624     2.21225369     2.65565545    2.203171671    2.669019677    11.43047391    4.480566822    8.829970612            100            100            100 
214          NO_ID    2.635059303    2.124342631    1.558056177    2.087998665     1.52136528    2.604267233     2.22544462    2.118264901    2.513827455    2.623382318    2.104514005    6.270572984     5.52871821   0.6325052365            100            100            100 
215          NO_ID    2.639521221    2.188813798    1.748521315    1.802516398    1.563267961    2.284820703    2.318674325    2.137461832    2.423217137    2.494436559    2.195162335    1.109335263     9.22495427   0.9569785823            100            100            100 
216          NO_ID    2.640457063    2.150057436    1.630896686    1.961667301    1.557845574    2.338160865     2.29583076    2.685067968    2.178118656    2.314978396    2.453710488    3.411820881    6.816718662    8.000657389            100            100            100 
