1.42990777573	1.21413508729	0.852767546639	1.56778175326	1.42954432193	1.38801448496	1.30387828385	3.7156241771	0.343478730108	3.0264391208e-05	0.000498136575186	0.00797679813586
1.427796	1.207095	0.848416	1.567686	1.429424	1.388014	1.30279	3.37689	0.343479	3.05534873434e-05	0.000486074540883	0.00796423610407
1.356545	1.279199	0.843442	1.416144	1.565758	1.563523	1.40872425361	4.913882	5.172364	5.10168212862e-05	0.00048265513179	0.00809500675212
1.398164	1.210733	0.811424	1.562918	1.4292	1.389296	1.30418	6.000666	0.395447	5.14202575568e-05	0.000478155130213	0.00796330604045
1.537256	1.291781	0.550536	1.5640634138	1.282401	1.57379	1.285222	3.143766	1.373373	6.12489143979e-05	0.00721433323285	0.00258297033478
1.365433	1.287647	0.754575	1.314896	1.589634	1.61315852069	1.56643685946	5.913306	4.411516	8.16374376222e-05	0.000433026120037	0.00807694664515
1.365433	1.287647	0.754575	1.314896	1.589634	1.584643	1.56643685946	5.913306	4.411516	8.16374376222e-05	0.000433026120037	0.00807694664515
1.433397	1.201016	0.941676	1.382657	1.396267	1.601305	1.647894	3.741827	3.23497	9.38660871471e-05	0.00044689830535	0.00791933995802
1.585541	1.237466	0.561035	1.3448	1.287668	1.570332	1.748076	0.960538	2.831157	0.000104044740066	0.00645615698031	0.00289925575139
1.585541	1.237466	0.555518148747	1.3448	1.287668	1.570332	1.748076	0.960538	2.831157	0.000104044740066	0.00721443896597	0.00241760420099
1.585541	1.237466	0.560779	1.347408	1.288754	1.574044	1.68116455181	5.154842	2.83115543557	0.000104884673064	0.00644137126084	0.00291967394
1.585541	1.237466	0.560779	1.347408	1.288754	1.574044	1.70766	5.154842	2.83115543557	0.000104884673064	0.00644137126084	0.00291967394
1.61557123955	1.290603	1.026078	1.352999	1.208795	1.36189608817	1.290172	4.115491	4.550047	0.000105050911982	0.000351569324574	0.00795262677019
1.59034103876	1.290603	1.026078	1.352999	1.208795	1.36189608817	1.290172	4.115491	4.550047	0.000111106904101	0.000351886523934	0.00795203622094
1.536296	1.350385	0.620892	1.20554	1.229289	1.547978	1.297922	2.112534	2.773373	0.000115680362314	0.00034852844005	0.00778713717662
1.639025	1.316858	0.496276	1.33725	1.265974	1.591932	1.709384	1.025166	9.179922	0.000132050552623	0.00615035565134	0.0043369859483
1.585541	1.237466	0.560779	1.347408	1.288754	1.61915378648	1.70766	5.154842	2.83115543557	0.000151492325183	0.00647044152479	0.0028697221163
1.684079	1.372364	0.593843	1.307918	1.358196	1.704087	1.333266	3.056837	2.124977	0.000151828244287	0.00218463621647	0.00591061037379
1.68513629975	1.372364	0.593843	1.307918	1.358196	1.704087	1.333266	3.056837	2.124977	0.000151828244287	0.00218463621647	0.00591061037379
1.585541	1.23881	0.629715	1.347104	1.289716	1.579932	1.748212	0.174106	2.877621	0.000162074784603	0.00042389923714	0.00767256239298
1.383909	1.270653	0.630383	1.377389	1.546733	1.699935	1.649065	1.6355	0.187712	0.0001671898915	0.000166726684609	0.00756424290445
1.415345	1.207261	0.553391	1.292364	1.530773	1.677471	1.641897	1.671172	2.0224	0.000172888717696	0.00763135523049	0.00217003032042
1.425297	1.253115	0.570512	1.527927	1.505789	1.606598	1.396085	3.074955	1.497991	0.000177826005819	0.00543645620003	0.00358952756668
1.695397	1.418064	0.581359	1.317646	1.358312	1.703839	1.25632369519	2.660549	4.381873	0.000191781632507	0.00387535532401	0.00477514056341
1.695397	1.418064	0.581359	1.317646	1.35788671461	1.703839	1.25632369519	2.660549	4.381873	0.000191781632507	0.00387535532401	0.00477514056341
1.682311	1.410652	0.520627	1.364588	1.358182	1.735567	1.284894	2.789857	4.375805	0.000191826037072	0.00886502812523	0.00174662709039
1.695408	1.383644	0.585699	1.40112058083	1.358196	1.710743	1.258694	3.055685	2.117787	0.000195420123647	0.00279410940938	0.00556712882709
1.651911	1.420041	0.533683	1.328741	1.309024	1.738653	1.31559	2.815765	4.329473	0.000196269197309	0.00877066765983	0.00167890323252
1.685775	1.418176	0.581263	1.31767	1.38224	1.704047	1.283476	2.726085	4.381873	0.00019842425067	0.0039031800518	0.0047459011741
1.685914	1.361576	0.562035	1.41956177643	1.36024	1.73706973623	1.332558	2.685381	4.214845	0.000201622526245	0.00656379329622	0.00284659810102
1.687387	1.410408	0.561651	1.333006	1.358192	1.702159	1.334718	3.00507263231	4.214909	0.000206823757002	0.00641967693933	0.00299923553233
1.687351	1.410272	0.578035	1.33147	1.358128	1.701383	1.333182	2.666693	4.20186142921	0.000208271436883	0.00438187406354	0.00436992501544
1.68578570909	1.410408	0.561651	1.333006	1.358192	1.702159	1.334718	2.685125	4.214909	0.000209330787898	0.00642271993852	0.00299644534149
1.687387	1.410408	0.561651	1.333006	1.358192	1.702159	1.334718	2.685125	4.214909	0.000209330787898	0.00642271993852	0.00299644534149
1.687351	1.410272	0.578035	1.33147	1.358128	1.701383	1.333182	2.666693	4.214909	0.000209495864855	0.00438449624491	0.00436695580793
1.684271	1.408636	0.520627	1.396053	1.358114	1.704847	1.333058	2.697187	4.259071	0.000213544974242	0.00900479673624	0.00161340576587
1.351357	1.236926	0.600238	1.564112	1.511664	1.312337	1.590678	5.037571	0.495031	0.000215472998866	0.0016894055448	0.00644007377853
1.684207	1.412476	0.548643	1.314805	1.35813	1.739663	1.33255	2.813837	4.267009	0.000217738797341	0.00783026671937	0.00211229024277
1.684207	1.412476	0.542435747121	1.314805	1.35813	1.739663	1.33255	2.813837	4.267009	0.000217738797341	0.00837341564092	0.00180494742896
1.434725	1.270653	0.537007	1.294596	1.547909	1.674911	1.647273	1.660932	2.02272	0.000217743641579	0.00911987243446	0.00137373742602
1.683655	1.339354	0.576459	1.368405	1.360176	1.717903	1.3349	2.786565	4.451473	0.000222610276223	0.00458994204059	0.00413947294757
1.515409	1.25304335973	0.53672	1.495159	1.509885	1.612358	1.453429	2.485131	1.496231	0.000223847030158	0.00885674287796	0.00150645873847
1.351357	1.236926	0.600238	1.564112	1.511664	1.2654294575	1.590678	5.037571	0.495031	0.000223913546478	0.000750711136899	0.00749793883396
1.572561	1.450686	0.550862	1.522027	1.508085	1.626702	1.418711	2.809795	1.496215	0.000224721628627	0.00710759564845	0.00279771831967
1.687479	1.410426	0.570707	1.33147	1.358384	1.60659768589	1.39777928202	3.057779	4.217757	0.000225994434241	0.00512161468932	0.00387290683876
1.351357	1.236926	0.600238	1.564112	1.511664	1.2654294575	1.590678	5.037571	0.458888128968	0.000228875867053	0.000725159671177	0.00752981820472
1.652391	1.410554	0.581231	1.399638	1.364578	1.720519	1.332852	2.425885	4.442353	0.000233150309719	0.00394150830772	0.00468982163038
1.661843	1.364904	0.577667	1.343186	1.398638	1.701421	1.332706	2.716997	4.642175	0.000235153138215	0.00454078459856	0.00418153980718
1.684231	1.410652	0.581299	1.383182	1.358128	1.715087	1.333062	3.3218748771	4.451457	0.000237056319096	0.00404479053376	0.00460300883412
1.697447	1.37256	0.593843	1.383182	1.358128	1.704087	1.333174	3.19866041821	4.484273	0.000237097395958	0.00254813399423	0.00553004562694
1.684231	1.40482146979	0.581299	1.3929808076	1.358128	1.715087	1.333062	2.815173	4.451457	0.000237303431983	0.00406682743058	0.00457471596973
1.697447	1.37256	0.593843	1.383182	1.358128	1.704087	1.333174	3.059909	4.484273	0.000237469149495	0.00254968827109	0.00552883777884
1.684679	1.42004143904	0.532147	1.394277	1.308976	1.709967	1.331974	2.815877	4.451457	0.00023791418858	0.00897896824974	0.00149989890925
1.684231	1.410652	0.581299	1.36506831803	1.358128	1.715087	1.333062	2.815173	4.451457	0.000238599221766	0.00404850388093	0.00459655188805
1.684231	1.410652	0.581299	1.3929808076	1.358128	1.715087	1.333062	2.815173	4.451457	0.000239143018872	0.00404815284697	0.0045984552262
1.46168341067	1.394464	0.569475	1.369358	1.356134	1.700851	1.333054	2.780357	4.635815	0.000242409427846	0.00528733866657	0.00373583151169
1.69539871551	1.41038413039	0.581362800478	1.38318214704	1.33542678708	1.70381517916	1.33317357096	2.66669269403	4.45150469637	0.000243034412723	0.00409007814362	0.00456348113048
1.684231	1.410652	0.581071	1.389909	1.361248	1.718031	1.334838	2.426075	4.451457	0.000243577281021	0.00405290026405	0.00459510535105
1.69539871551	1.41038413039	0.581362800478	1.38318214704	1.35812753167	1.70381517916	1.33317357096	2.66669269403	4.45150469637	0.000243833787975	0.00408751517279	0.00456362105156
1.684679	1.42004143904	0.532147	1.394277	1.308976	1.709967	1.331974	1.78956690854	4.451457	0.000250636974368	0.00899259301956	0.00149260037907
1.618541	1.3314	0.593875	1.37355	1.337648	1.703959	1.361942	2.983349	4.484273	0.000251650099516	0.00243344527923	0.00556783666312
1.442581	1.247837	0.550063	1.323632	1.489205	1.704839	1.465443	2.7097	1.5312	0.000254977484755	0.00777682708598	0.00208755919279
1.572753	1.450686	0.550816	1.489259	1.509109	1.626702	1.453527	2.809027	1.496215	0.000267700249914	0.00711219503916	0.00276388005386
1.572753	1.450686	0.550816	1.489259	1.509109	1.62846585874	1.453527	2.809027	1.496215	0.000267700249914	0.00711219503916	0.00276388005386
1.687443	1.410848	0.577667	1.364238	1.359726	1.701363	1.333054	2.667717	4.641959	0.000270823783497	0.00449304398032	0.00427398031138
1.401147	1.222782	0.62089	1.564514	1.51788828814	1.318481	1.550293	9.184017	2.774135	0.000275528694104	0.000293836211753	0.0073690303708
1.401147	1.222782	0.62089	1.564514	1.528424	1.318481	1.550293	9.184017	2.774135	0.000275528694104	0.000293836211753	0.0073690303708
1.40706632467	1.222782	0.62089	1.564514	1.528424	1.318481	1.550293	9.184017	2.774135	0.000275528694104	0.000298480010373	0.00736659409797
1.572881	1.44607	0.551152	1.489515	1.487605	1.544782	1.456599	2.809035	1.496119	0.000276977718707	0.00716423899537	0.00273913665791
1.429173	1.237373	0.529519	1.325376	1.525327	1.703591	1.653417	1.678516	0.744768	0.000290724897983	0.00926089081095	0.00136223509061
1.684231	1.410652	0.581299	1.41615600461	1.358128	1.715087	1.37968982922	2.815173	4.451457	0.000292322122211	0.00417200227947	0.0044800881699
1.552785	1.487298	0.551296	1.495499	1.514101	1.621894	1.453639	0.710059	1.90867	0.000294580826283	0.00707609563741	0.0028357110068
1.690279	1.213008	0.581411	1.385998	1.358128	1.68363165947	1.39217171871	2.178757	4.713649	0.000306272870959	0.0045490486992	0.00401627449887
1.690279	1.213328	0.581411	1.388558	1.36632	1.705127	1.3923	2.166469	4.687281	0.000306802433373	0.00458176252645	0.00398616883349
1.638867	1.380584	0.577155	1.364226	1.372174	1.721587	1.333054	2.667541	4.973639	0.000309990553944	0.00447961375945	0.00423215625599
1.688892	1.320296	0.561655	1.26747	1.358192	1.703183	1.31631	2.865349	4.949585	0.000310469290156	0.00664982410645	0.0027128726491
1.506996	1.482632	0.601182	1.599088	1.25336061681	1.444451	1.632933	2.504104	1.409967	0.000312276453076	0.00148858028646	0.00651191090446
1.657511	1.213008	0.515875	1.385998	1.292592	1.720967	1.393516	2.178761	4.700593	0.00031387183151	0.00908979982054	0.0014759868091
1.690279	1.213008	0.581411	1.385998	1.358128	1.704583	1.39217171871	2.178757	4.713649	0.000314009100634	0.00458287695353	0.00398186626044
1.394267	1.229067	0.941778	1.305584	1.275869	1.34988189776	1.435767	0.95592	4.268957	0.000319845533549	0.000104803025691	0.00775635865549
1.372781	1.316558	0.596398	1.570338	1.467248	1.314839	1.558673	9.274811	2.147447	0.000322290638015	0.00189605669805	0.00632472737131
1.506996	1.482628	0.601182	1.598928	1.531471	1.444643	1.597093	2.504104	1.424535	0.000326789613386	0.00147730913589	0.00652278771037
1.537256	1.291781	0.550536	1.5640634138	1.282401	1.57379	1.51819917735	3.143766	1.373373	0.000327818521539	0.00755679011978	0.00226602235072
1.506868	1.481476	0.59299	1.5982	1.530467	1.442595	1.597093	2.504112	1.375383	0.000332153208691	0.00217341793247	0.00604381523701
1.430581	1.237885	0.548463	1.325312	1.548285	1.703583	1.647273	1.661124	0.214899926825	0.00033465402381	0.00813317941951	0.0018772166641
1.377757	1.30131	0.630382	1.499238	1.22026	1.339039	1.580502	7.43649	4.455307	0.000335033199453	0.000137330762654	0.00763554503804
1.672671	1.41476	0.626355	1.331438	1.358792	1.701479	1.333214	2.667717	4.978525	0.00033735200229	0.000142162766227	0.00750307887579
1.429717	1.270461	0.630383	1.289865	1.49749294589	1.699231	1.647177	1.76762	5.430592	0.000343494440582	1.33347036792e-05	0.00735126656729
1.352817	1.267507	0.819394	1.311849	1.378216	1.748894	1.398287	11.439387	7.272406	0.000346576048405	0.0031027084367	0.00364592399048
1.430581	1.237885	0.548463	1.325312	1.54439859916	1.703583	1.647273	1.661124	0.089408	0.000346939521044	0.008131779513	0.00187879900684
1.430581	1.237885	0.548463	1.325312	1.548285	1.703583	1.65349349354	1.661124	0.089408	0.000346939521044	0.008131779513	0.00187879900684
1.430581	1.237885	0.548463	1.325312	1.548285	1.703583	1.647273	1.661124	0.089408	0.000346939521044	0.008131779513	0.00187879900684
1.438965	1.250503	0.542351	1.320283	1.544549	1.58066218152	1.649321	1.661142	0.062624	0.000348125349162	0.00866653956883	0.00158667466759
1.430581	1.25050340297	0.548463	1.32028290933	1.548285	1.703583	1.647273	1.661124	0.089408	0.000349010500804	0.00813054666483	0.00188259539483
1.372781	1.34506761496	0.596398	1.570338	1.467248	1.314839	1.558673	9.274811	2.147447	0.000350415721087	0.00184571715973	0.00637843442975
1.430581	1.25050340297	0.548463	1.325312	1.548285	1.703583	1.647273	1.661124	0.089408	0.000359931518539	0.00811311761737	0.00188931777941
1.50698	1.484804	0.601182	1.35433571458	1.523279	1.438499	1.597101	2.504124	1.463335	0.000361900505084	0.00143803351122	0.00654731505171
1.43472478284	1.27065346431	0.60526786557	1.2945921144	1.54826887229	1.69948707309	1.64727335954	1.66112447607	0.1877118946	0.00036489461908	0.00127514741091	0.00643724037676
1.662527	1.408104	0.598179	1.338798	1.360292	1.703975	1.336646	2.281245	5.112925	0.000365895205825	0.0021724261558	0.00577045266775
1.662527	1.42248288659	0.598179	1.338798	1.360292	1.703975	1.336646	2.281245	5.112925	0.000371522711696	0.00213036975009	0.00582115142308
1.570024	1.291781	0.550544	1.37657542386	1.232225	1.564574	1.516343	8.386646	2.946213	0.000373812046827	0.00758406715001	0.00216276882817
1.428581	1.270909	0.630639	1.32144	1.540079	1.704891	1.633941	1.595588	5.537088	0.000380181125299	8.64509725639e-06	0.00735396210564
1.389621	1.229789	0.607467	1.325532	1.446909	1.704063	1.641129	0.874732	0.230144	0.000381774056118	0.00142424591241	0.00635069096134
1.425621	1.375485	0.619135	1.289865	1.513877	1.699227	1.675529	1.292484	5.42976	0.000382273695256	0.000446736876238	0.00706173899857
1.68892	1.466118	0.585338	1.337801	1.396038	1.485067	1.413413	7.600299	4.355746	0.000382776032525	0.00306213018	0.00539583456658
1.537077	1.23388451399	0.607275	1.325276	1.482749	1.703551	1.729193	0.874692	0.171328	0.000407620290171	0.000994977904831	0.00659549728536
1.49631	1.438387	0.589672	1.271247	1.231393	1.648674	1.390479	5.258927	4.884074	0.000411275471388	0.00278875085487	0.00542120966503
1.425669	1.382653	0.619119	1.290045	1.484629	1.715067	1.676553	1.210564	5.478912	0.000415294806318	0.000452309011649	0.00705626355769
1.537077	1.237693	0.607275	1.325276	1.482749	1.703551	1.729193	0.874692	0.171328	0.000415838439667	0.000986011736275	0.00660537818243
1.537077	1.237693	0.528390164116	1.325276	1.482749	1.703551	1.729193	0.874692	0.171328	0.000415838439667	0.00903965694582	0.00148679571213
1.422101	1.246813	0.548271	1.323344	1.489205	1.704847	1.61699519137	2.840772	0.130368	0.00042565450291	0.0080746688257	0.00194257009435
1.422037	1.374461	0.618623	1.263521	1.513875	1.701411	1.675497	0.100548	5.411328	0.00043850518375	0.000705907784732	0.00689710333509
1.696519	1.408348	0.518771	1.366798	1.358116	1.706509	1.46422383292	2.738145	4.537465	0.000444336745406	0.00927071553244	0.00132320328373
1.684231	1.410684	0.543695	1.383246	1.358178	1.715087	1.66648245483	3.474629	4.385921	0.000468595083643	0.00869000386277	0.00134420996391
1.49631	1.438387	0.589672	1.271247	1.231393	1.648674	1.409545527	5.258927	4.884074	0.000474136756865	0.00287226098752	0.00533902043722
1.371757	1.313102	0.596398	1.570672	1.467248	1.314887	1.558675	11.7808185237	2.147447	0.000477875317841	0.00187270236656	0.00633874005542
1.362397	1.302142	0.56491	1.496994	1.294366	1.342561	1.573142	9.471889	4.973651	0.000492694662822	0.00618082793645	0.00328726306483
1.496502	1.438391	0.589232	1.268687	1.231649	1.648674	1.408946	6.205679	4.91409	0.000495625368533	0.00283167427217	0.0053762353278
1.496054	1.438563	0.548359	1.271179	1.249505	1.646106	1.384271	5.20007	5.364842	0.000504862769342	0.00803560678193	0.00196724970275
1.376729	1.31507	0.614033	1.499122	1.257502	1.328401	1.435094	9.410069	4.973649	0.000507040876157	0.000703987671276	0.0070515473944
1.486259	1.361696	0.570243	1.369382	1.356134	1.700883	1.283646	2.780357	6.601895	0.000518505404069	0.0055041127087	0.00345283084958
1.362397	1.302142	0.56491	1.496994	1.294366	1.342561	1.573142	10.0436182008	4.973651	0.000532383164758	0.00617129503838	0.00329513774061
1.377755	1.313922	0.602022	1.491704	1.222642	1.38549794822	1.418724	10.485449	8.189091	0.000602665716918	0.00276922194765	0.00516657594317
1.622981	1.379547	0.55726	1.338194	1.438416	1.66184685887	1.712503	6.014735	6.112243	0.000706093782459	0.00741819726106	0.0020602807562
1.646074	1.444722	0.590542	1.376897	1.39929	1.450071	1.419663	7.664815	7.821742	0.000713888460697	0.00193811310377	0.00628357822934
1.49464637236	1.43805065632	0.529414684973	1.27124319434	1.23043333964	1.64611356654	1.39041541384	5.21746210334	6.02020200995	0.000730806234126	0.00939952384825	0.0012259766557
1.49464637236	1.43805065632	0.529414684973	1.27124319434	1.23856278258	1.64611356654	1.39041541384	5.21746210334	6.02020200995	0.000733610667677	0.00939528395015	0.00122920924406
1.49464637236	1.43805065632	0.529414684973	1.27124319434	1.23043333964	1.64611356654	1.40466057145	5.8426708353	5.83005949251	0.000751975816341	0.00940573038238	0.00121912875369
1.554104	1.249456	0.911487	1.412112	1.514183	1.415942	1.258694	8.413705	8.29915956572	0.000763892808567	8.2722019051e-06	0.00747483951064
1.394263	1.295856	0.932626	1.29752	1.24971161334	1.407682	1.425911	1.723088	4.453917	0.000768670462218	0.00023038153726	0.00730454527428
1.394263	1.295856	0.964983151918	1.29752	1.28789616501	1.407682	1.425911	1.723088	4.453917	0.000770331597702	0.000229852871662	0.00730477779019
1.394263	1.295856	0.932626	1.29752	1.275661	1.4352972942	1.425911	1.723088	4.453917	0.000770704154203	0.00022923327558	0.00730813178066
1.394263	1.295856	0.932626	1.29752	1.275661	1.407682	1.425911	1.723088	4.453917	0.000770704154203	0.00022923327558	0.00730813178066
1.515058	1.497996	0.613972749997	1.556873	1.425831	1.48495520065	1.680749	6.524899	5.031031	0.000780592758451	0.000587471887963	0.00698762403984
1.515058	1.497996	0.598179	1.556873	1.425831	1.48495520065	1.680749	6.524899	5.031031	0.000780592758451	0.00209362326165	0.00591273799719
1.687475	1.406848	0.544899	1.356046	1.402102	1.702483	1.283902	2.669845	6.508775	0.00078437178289	0.00863586427612	0.00135844076029
1.394775	1.295856	0.914194	1.297522	1.275717	1.423009	1.420623	1.018576	4.441309	0.000786575700629	0.000244964249138	0.00728923832023
1.515058	1.497996	0.598179	1.556873	1.425831	1.507372	1.680749	6.524899	5.031031	0.000787216875907	0.00204209951239	0.00594517499459
1.466774	1.441091	0.598248	1.310955	1.328481	1.646882	1.468783	5.127894	5.997422	0.000796988379222	0.00244889711735	0.00553209300149
1.49464637236	1.43805065632	0.529414684973	1.27124319434	1.23043333964	1.64611356654	1.40466057145	5.21746210334	6.02020200995	0.000801494655587	0.00947046442762	0.00114894187337
1.620597	1.379547	0.556956	1.338056	1.44027576353	1.341583	1.712591	5.938959	6.112019	0.000805844928307	0.00794854613112	0.00198150519108
1.48131043166	1.43805065632	0.529414684973	1.27124319434	1.23043333964	1.64611356654	1.40466057145	5.21746210334	6.02020200995	0.000809469104993	0.00951114418812	0.00113149289227
1.58594482372	1.373915	0.563884	1.307682	1.21688	1.346131	1.718095	5.936659	6.118007	0.000811845495083	0.00699492009205	0.00261704934715
1.49464637236	1.43805065632	0.529414684973	1.27124319434	1.23043333964	1.64611356654	1.40466057145	5.8426708353	6.02020200995	0.000824773987545	0.00945896489352	0.00115905940167
1.59273678115	1.37545109511	0.562844157202	1.30759228566	1.21534406823	1.34149853028	1.71809484994	5.93895889909	6.11790730158	0.000825407315395	0.00703108504833	0.00257712245692
1.620597	1.379547	0.556956	1.338056	1.40664690538	1.341583	1.712591	5.938959	6.112019	0.000834697547517	0.00791795119559	0.00199839448787
1.49464637236	1.43805065632	0.529414684973	1.27124319434	1.23043333964	1.64611356654	1.41006844492	5.21746210334	6.02020200995	0.000839502002316	0.00950840358566	0.00110726391204
1.410027	1.25325354276	0.919722	1.357232	1.254352	1.407146	1.393463	1.722544	8.215069	0.000851956826372	1.4869650486e-06	0.00753189850188
1.60826323554	1.37545109511	0.562844157202	1.30759228566	1.21534406823	1.34149853028	1.71809484994	5.93895889909	6.11790730158	0.000856468801807	0.00712820514815	0.00249983458205
1.68424	1.414422	0.998355	1.322376	1.360052	1.416088	1.633783	7.042417	5.40162266914	0.00085968649597	0.000405771636318	0.0071595253109
1.62059657336	1.37545109511	0.562844157202	1.30759228566	1.21534406823	1.34149853028	1.71809484994	5.93895889909	6.11790730158	0.000872130728969	0.0071661717968	0.00246079248686
1.621621	1.375451	0.562876	1.30836	1.360048	1.341497	1.652559	6.225679	6.117905	0.000876956319336	0.00717592039044	0.00245856198031
1.691828	1.41647	0.998201	1.31646	1.356548	1.38268	1.633999	8.215313	5.664969	0.000909772054283	0.000350790414043	0.00728325052129
1.608231	1.380699	0.562844	1.325366	1.223536	1.341523	1.718095	5.939087	6.248979	0.000911357599194	0.00713328245256	0.00248058720362
1.68424	1.39666016753	0.998355	1.322376	1.360052	1.416088	1.633783	7.042417	5.47173957852	0.000914767662961	0.000544169946097	0.00700660186444
1.686133	1.375451	0.553596	1.307592	1.215344	1.341627	1.675535	5.480207	6.052371	0.000916619230593	0.00850533673978	0.00155566774588
1.686133	1.375451	0.553596	1.30789179889	1.215344	1.341627	1.675535	5.480207	6.052371	0.000916619230593	0.00850533673978	0.00155566774588
1.64406254028	1.375451	0.562876	1.30836	1.360048	1.341497	1.652559	6.225679	6.117905	0.000925498523376	0.00730107245497	0.00233214123156
1.385869	1.321342	0.602862	1.56317	1.545552	1.341105	1.403401	9.419533	7.142655	0.000947545446583	0.00191351746545	0.00604984007388
1.68424	1.39666016753	0.998355	1.322376	1.360052	1.416088	1.633783	7.042417	5.533897	0.000950569300823	0.000578903275938	0.00697042197829
1.589685	1.234298	0.560795038624	1.34736	1.288758	1.57404	1.703308	5.15493	9.264018	0.000965184429692	0.00709122816151	0.00223359358397
1.691858	1.406358	0.998193	1.322672	1.368708	1.422216	1.633743	5.950513	5.599433	0.000966898973355	0.000616812828697	0.0069183363582
1.68424	1.39666016753	0.998355	1.322376	1.360052	1.416088	1.633783	8.08870042703	5.533897	0.00100376315897	0.000560679115416	0.00698585444978
1.684665	1.414592	0.951251	1.322464	1.382836	1.406876	1.674695	6.485489	5.598665	0.00100915145818	0.000689840579853	0.00688145069368
1.596359	1.291938	1.027919	1.473618	1.398606	1.638829	1.420768	4.814147	6.402201	0.00102410953056	6.27311025688e-05	0.00730602061856
1.594311	1.295762	1.029071	1.456978	1.34413	1.715357	1.466548	5.889303	6.15441022917	0.00102685924507	5.50675660485e-05	0.00731119564066
1.584424	1.427826	0.621898	1.338605	1.231486	1.425295	1.404751	8.289705	7.701378	0.00103678359057	0.00058780388996	0.00690304586545
1.69185613598	1.41454955368	0.998192696692	1.3226320109	1.36000393804	1.42220017951	1.63361477358	8.31960134409	5.53389673379	0.00103936885943	0.00048125873984	0.00705424499042
1.695952	1.381782	0.998577	1.322632	1.36	1.422424	1.633687	8.314609	5.530825	0.00107465985495	0.000712433632883	0.00680055779348
1.618307	1.295314	1.022863	1.597142	1.292898	1.673489	1.467764	5.755163	6.087537	0.0010787279769	0.000183366248228	0.00720142344215
1.467463	1.422508	0.544174281571	1.461024	1.309452	1.453514	1.41830877269	10.419624	4.550465	0.00109553515828	0.00835914166975	0.00171409955582
1.596359	1.295778	1.028347	1.474258	1.398606	1.650605	1.426788	4.803867	6.508697	0.00112101417167	0.00013504832716	0.00723535636045
1.596359	1.295778	1.028347	1.474258	1.39137515939	1.650605	1.426788	4.803867	6.508697	0.00112187148726	0.000133974078663	0.00723235217267
1.598919	1.305598	1.135503	1.456978	1.349186	1.706717	1.46586	5.774619	6.349945	0.00115346431243	0.00015527507297	0.00720672192403
1.647656	1.442418	0.541646	1.375041	1.44987993625	1.390607	1.408901	7.701559	7.744102	0.0011643564962	0.00913088136689	0.00130480160473
1.689872	1.313944	0.998019	1.322184	1.366196	1.416088	1.634191	7.048689	5.533777	0.00118305049621	0.00130880649225	0.00617567644637
1.585539	1.294802	1.022863	1.596754	1.350242	1.673117	1.465716	6.151451	6.426737	0.00119264551243	0.000108985113139	0.00727045803126
1.585539	1.294802	1.022863	1.58170200048	1.350242	1.673117	1.465716	6.151451	6.426737	0.00119264551243	0.000108985113139	0.00727045803126
1.690832	1.41455	0.998161	1.321864	1.2153	1.422202	1.699151	8.032881	5.533899	0.00119713620857	0.000832694483298	0.0066808820636
1.594119	1.295772	1.029007	1.455442	1.344898	1.69278843013	1.467572	5.47678432142	6.508785	0.00121476889225	0.000205851453476	0.00715325972747
1.594119	1.295772	1.029007	1.455442	1.344898	1.715101	1.47290158917	5.47678432142	6.508785	0.00121476889225	0.000205851453476	0.00715325972747
1.594119	1.295772	1.029007	1.455442	1.344898	1.715101	1.467572	5.47678432142	6.508785	0.00121476889225	0.000205851453476	0.00715325972747
1.594119	1.295772	1.029007	1.455442	1.344898	1.72413776859	1.467572	5.47678432142	6.508785	0.00121476889225	0.000205851453476	0.00715325972747
1.594119	1.295772	1.029007	1.455442	1.344898	1.715101	1.467572	5.889307	6.508785	0.0012281954406	0.000199716817867	0.00715872899537
1.594311	1.295762	1.029071	1.456978	1.34413	1.715357	1.466548	5.889303	6.509553	0.00122870685683	0.000200042475876	0.00715838536567
1.598407	1.295794	1.029007	1.440837456	1.344258	1.65907088184	1.465716	5.889307	6.508657	0.00123760511905	0.000223200143766	0.00713266663752
1.598407	1.295794	1.029007	1.440837456	1.344258	1.716125	1.465716	5.889307	6.508657	0.00123760511905	0.000223200143766	0.00713266663752
1.598407	1.295778	1.028311	1.456906	1.29101	1.650589	1.459556	5.885211	6.508721	0.00123902219455	0.000225801178512	0.00713088264382
1.598407	1.316478	1.029295	1.458194	1.33640344239	1.735837	1.44738	6.264337	6.505585	0.00125248738601	0.000161232076937	0.0072050387558
1.694096	1.41453	1.110833	1.31444	1.360004	1.711656	1.633615	7.224049	5.534829	0.00126487559284	0.000578556471305	0.00683365941598
1.69185613598	1.39961281843	0.998192696692	1.3226320109	1.36000393804	1.71307963085	1.63361477358	8.31960134409	5.53389673379	0.00126529301149	0.000555307872932	0.00685536158622
1.489592	1.235504	0.942783	1.402708	1.512079	1.595342	1.258682	7.734859	8.883407	0.00126946060633	4.47712748465e-05	0.00733545960116
1.627559	1.29579	1.033031	1.456914	1.290626	1.651717	1.459524	1.166619	6.47042902014	0.00126988147175	0.000421859987821	0.00695372404414
1.627559	1.29579	1.033031	1.456914	1.290626	1.651717	1.459524	1.166619	6.473273	0.00127217228091	0.000423262008989	0.00695223223857
1.590215	1.291698	1.029003	1.444229	1.350402	1.716233	1.465716	7.709851	6.509461	0.00127456344467	0.000149874225213	0.00720271565443
1.594167	1.26692264252	0.994383	1.59893	1.328514	1.715101	1.46602	5.651739	6.667409	0.00128014449029	0.000260016416067	0.00711124842476
1.596359	1.295794	1.11366238837	1.441477	1.344294	1.658781	1.545572	4.807963	6.735393	0.00128859498031	0.000307152240856	0.00704561721002
1.551808	1.282201	0.796655	1.4465916536	1.25394	1.67201765064	1.712293	6.344584	8.359362	0.00128862896599	4.39296392131e-05	0.00734426434056
1.647144	1.444722	0.54139	1.378689	1.364734	1.384463	1.419727	7.711407	7.821734	0.00130306260708	0.00916845891765	0.00128071871856
1.597992	1.445554	0.596462	1.334337	1.27859	1.417117	1.419727	5.889327	7.831666	0.00131157689744	0.0030466825712	0.00513930573723
1.518901	1.290928	0.781391	1.42921576175	1.250146	1.724915	1.44711	7.710623	7.094443	0.00131490973975	0.000105402875042	0.0072805076567
1.586233	1.295778	1.119454	1.441477	1.380902	1.658781	1.529188	4.770817	6.909337	0.00131703646878	0.000271888130753	0.00707745954286
1.629607	1.296558	1.031623	1.456906	1.304626	1.651717	1.460132	6.411721	6.470429	0.00132453567746	0.000357189382451	0.00700421703318
1.69185613598	1.41454955368	1.08862697435	1.3226320109	1.36000393804	1.71307963085	1.63361477358	8.31960134409	5.53389673379	0.00133033679369	0.000554977985599	0.00685195203885
1.69185613598	1.41454955368	0.998192696692	1.3226320109	1.36000393804	1.71307963085	1.63361477358	8.31960134409	5.53389673379	0.00133033679369	0.000565403271207	0.00684999108614
1.618179	1.294418	0.926479	1.435682	1.35021	1.636239	1.46392	6.151563	6.550993	0.00133462675192	0.000342608785236	0.00701301765726
1.673536	1.218207	0.796795	1.47831030525	1.237542	1.57598	1.576421	6.365229	8.816254	0.00133681733356	0.000109530696037	0.00726980163681
1.673536	1.218207	0.796795	1.475954	1.237542	1.57598	1.576421	6.365229	8.816254	0.00133681733356	0.000109530696037	0.00726980163681
1.594167	1.296284	0.994383	1.59893	1.328514	1.715101	1.46602	5.651739	6.667409	0.00133826341718	0.000270149878264	0.00710436760014
1.6707373077	1.218335	0.882811	1.474418	1.229286	1.573292	1.576417	6.889517	8.803454	0.00134707393725	5.77003207306e-05	0.00730776757433
1.673528	1.218335	0.882811	1.474418	1.229286	1.573292	1.576417	6.889517	8.803454	0.00134707393725	5.81697757823e-05	0.00730651651531
1.5898	1.440946	0.629226	1.337809	1.284734	1.417225	1.416591	8.134647	7.849078	0.00136940603411	0.000472740879712	0.00694116201235
1.5535	1.226336	1.146927	1.42026	1.483743	1.60156	1.258974	9.411691	8.624979	0.00137787596544	2.72068889919e-05	0.00730465227275
1.673528	1.22884749586	0.882811	1.474418	1.229286	1.573292	1.576417	6.889517	8.803454	0.00138027758454	7.42264073491e-05	0.00729019513346
1.624528	1.41683	0.990897	1.239944	1.215492	1.473632	1.703247	8.032785	5.533787	0.00138609820484	0.000686167411272	0.00680603323436
1.638071	1.2981315419	1.029007	1.459666	1.35309	1.714977	1.466036	5.887401	6.536343	0.00138806741605	0.00045931065884	0.00690571671185
1.638071	1.295748	1.029007	1.459666	1.35309	1.714977	1.466036	5.887401	6.536343	0.00138806741605	0.00045931065884	0.00690571671185
1.588273	1.305278	1.114127	1.592048	1.347742	1.706525	1.465788	5.250331	6.743161	0.00138938118765	0.000302533818185	0.00706627820285
1.445787	1.225399	0.551968	1.54731	1.419192	1.626359	1.712474	7.39473	10.240951	0.00139079663691	0.00836291845679	0.00141216839535
1.598407	1.316478	1.029295	1.458194	1.344258	1.735837	1.44738	6.264337	6.71436070295	0.00139260080507	0.000258147054509	0.00710248689628
1.64612	1.445738	0.622886	1.335521	1.360554	1.404943	1.419727	7.703535	7.844774	0.00139291196706	0.000715831895352	0.00677343573926
1.532856	1.236704	0.928983	1.403364	1.545567	1.621894	1.269182	9.215497	8.746395	0.00139800309414	5.71970310806e-05	0.00728356328605
1.58468	1.426802	0.629194	1.338529	1.362558	1.418799	1.419727	8.338857	7.83245	0.00140832836299	0.000524332298168	0.00688410302111
1.651075	1.294802	0.930415	1.596242	1.348194	1.689501	1.465972	6.151451	6.457585	0.00141192005528	0.000485657237622	0.00689431108659
1.656442	1.236911	0.882787	1.47237	1.238054	1.574316	1.576421	6.881803	8.76456	0.00141274095689	9.2365981375e-05	0.00727218235274
1.525112	1.261408	0.796993	1.380308	1.514037	1.607694	1.261462	9.497641	8.881747	0.00142412738807	8.79103877085e-05	0.00727781417601
1.554104	1.257824	1.113721	1.402314	1.516129	1.60586	1.257294	8.06123771708	8.748267	0.00142993537206	1.47303808602e-05	0.00732250044044
1.554104	1.228728	0.931159	1.37954	1.511943	1.60781	1.257542	11.717813	8.742283	0.00144236657369	1.94418486765e-05	0.00730888076994
1.650279	1.236092	1.122511	1.431944	1.328098	1.717997	1.41682	7.702011	6.866033	0.00144598126761	0.000443607175893	0.00690865916974
1.631686	1.437122	0.611234	1.30037527331	1.361474	1.482955	1.413255	5.897217	7.398946	0.00146083447517	0.00168184139742	0.00590742716934
1.594119	1.295772	1.029309	1.455946	1.324418	1.711005	1.46046	5.60536	6.915313	0.00147207571908	0.000365011518651	0.00698389143941
1.554088	1.258976	0.800089	1.373652	1.516085	1.605546	1.25727	11.684017	8.744171	0.00148486626222	4.28236707803e-05	0.00730346705894
1.663875	1.298642	1.002191	1.465058	1.328946	1.710991	1.461872	6.014219	6.532337	0.00149599279178	0.000656843387838	0.00671534585892
1.663759	1.294962	0.799631	1.42261	1.34533	1.723629	1.472903	6.001073	6.509321	0.00149686364283	0.000712226395968	0.00666549280303
1.55346436904	1.22505573594	0.929046726392	1.40337361926	1.51190334797	1.62189358071	1.25740586035	11.7176410853	8.74434730259	0.00150292493071	4.3290713079e-06	0.00733215705227
1.55346436904	1.22505573594	0.911374952323	1.40337361926	1.51190334797	1.62189358071	1.25740586035	11.7176410853	8.74434730259	0.00150292493071	4.59551876955e-06	0.00733084632102
1.55346436904	1.22505573594	0.800084607454	1.40369534937	1.51190334797	1.62189358071	1.25740586035	11.7176410853	8.74434730259	0.00150292493071	4.12101833729e-05	0.00729521583085
1.55346436904	1.22505573594	0.800084607454	1.40827531372	1.51190334797	1.62189358071	1.25740586035	11.7176410853	8.74434730259	0.00150292493071	4.12101833729e-05	0.00729521583085
1.554104	1.228728	0.931159	1.37954	1.511943	1.60781	1.257542	11.717813	8.85898465633	0.00151495652826	5.9339184087e-05	0.00726715754003
1.55346436904	1.22505573594	0.800084607454	1.41415830705	1.51190334797	1.62189358071	1.25740586035	11.7176410853	8.74434730259	0.00152299855187	3.49740439693e-05	0.00730298145051
1.552568	1.225152	0.911391	1.404756	1.514103	1.621766	1.25703	11.721737	8.783259	0.00152734723233	6.48319751878e-06	0.0073190229902
1.55735271115	1.225152	0.911391	1.404756	1.514103	1.621766	1.25703	11.721737	8.783259	0.00152734723233	8.39485232416e-06	0.00731718755492
1.593731	1.294786	0.950421	1.436133	1.31767	1.691533	1.54554	5.365019	7.260065	0.0015308835269	0.000402261296742	0.00694820333468
1.64628	1.44421	0.598222	1.336177	1.360626	1.411149	1.419731	7.710703	8.035702	0.00154240042982	0.00307686091824	0.00511141205943
1.55277	1.225152	0.944591	1.41465347447	1.514101	1.621892	1.257022	11.722153	8.783259	0.00154753346575	2.16154235271e-06	0.00732891211793
1.5518	1.230624	0.832853	1.379492	1.516069	1.602438	1.26559	11.717673	8.744171	0.00154927249545	0.000119152409935	0.0072108290191
1.642892	1.425874	0.628101	1.335025	1.36018	1.480087	1.465927	7.400511	7.728382	0.00155300359461	0.000611044029683	0.00671396105181
1.553464	1.225056	0.832853	1.4193	1.513319	1.621894	1.257502	11.721737	8.764827	0.00155671723685	1.39564144235e-05	0.00731177384393
1.594119	1.295772	1.034959	1.455474	1.328514	1.709469	1.457986	5.502682	7.049457	0.00156661225841	0.000429969718107	0.00691559555126
1.551992	1.228728	0.977277434881	1.380308	1.511943	1.607842	1.261126	11.652277	8.881547	0.00157171265957	0.000104142536254	0.00721941564624
1.551992	1.228728	0.928087	1.380308	1.511943	1.607842	1.261126	11.652277	8.881547	0.00157171265957	0.000107671907791	0.00721709460253
1.551992	1.228408	0.977277	1.377748	1.503751	1.607298	1.260998	11.664565	8.907915	0.00158813164245	0.000113540095938	0.00720954297981
1.594773	1.211155	0.891811	1.521964	1.58396309172	1.651441	1.622516	6.517859	9.431176	0.00159858378901	0.00033365107533	0.00703382885947
1.594773	1.211155	0.891811	1.521964	1.58606720492	1.651441	1.622516	6.517859	9.431176	0.00159858378901	0.00033365107533	0.00703382885947
1.5534	1.226816	0.928647	1.402918	1.544559	1.536914	1.283774	11.717689	8.699059	0.00161109999981	7.79186078913e-05	0.00725125386375
1.553464	1.2264	1.009307	1.420196	1.511775	1.621896	1.258686	11.9137709927	8.744859	0.00161351388977	1.30407656065e-05	0.00731699619228
1.627047	1.295534	1.033031	1.456914	1.293034	1.653273	1.431876	1.139995	7.074873	0.00161851571177	0.000597628611448	0.00676646231981
1.5642	1.225024	0.803157	1.418458	1.487901	1.622022	1.263038	11.669497	8.733875	0.00162064315076	9.11965730706e-05	0.00724591628627
1.410527	1.30885	0.601774	1.491304	1.22157	1.346641	1.57845	9.410537	8.036179	0.00162294829758	0.00241394386262	0.00552668546348
1.664783	1.342834	0.805499	1.435538	1.31702446494	1.717677	1.457539	6.024475	6.634633	0.00162491798351	0.000703268686062	0.00668487187189
1.664783	1.342834	0.805499	1.435538	1.327588	1.717677	1.457539	6.024475	6.634633	0.0016251822523	0.000703196787541	0.00668460231806
1.57804	1.227104	0.911327	1.367252	1.511923	1.60551	1.257406	11.714473	8.963191	0.00163728154614	0.000173793171565	0.00715313421004
1.598407	1.29605	1.028943	1.440837	1.344294	1.691549	1.54554	5.365019	7.259681	0.00164643125012	0.000518053865516	0.00682661809366
1.598407	1.29605	1.01595717592	1.440837	1.344294	1.691549	1.54554	5.365019	7.259681	0.00164643125012	0.000518713640184	0.00682631973254
1.552056	1.22488	0.911391	1.419092	1.511943	1.595142	1.258694	11.4832970731	8.883611	0.00165429787559	7.31246682413e-05	0.00724896368498
1.552514	1.225154	0.957391	1.396205	1.514101	1.62906	1.278398	11.722081	8.792219	0.00165575674103	0.000136429201704	0.00718801776858
1.533314	1.240008	0.944591	1.40336	1.514101	1.622092	1.298205	10.935721	8.784635	0.0016558844758	0.000200211648868	0.00713570374791
1.552486	1.260668	0.911375	1.4045	1.458807	1.586796	1.261126	11.722009	8.782963	0.00166187574913	5.51468214181e-06	0.00732188108392
1.552834	1.28352	0.805327	1.403388	1.481529	1.585028	1.257022	11.721931	8.820123	0.00166446852445	2.11823624276e-07	0.00733952554298
1.587385	1.339387	0.891791	1.531218	1.202786	1.704131	1.453428	7.668763	6.951025	0.00166801752448	0.000360837175083	0.00699980128868
1.557446	1.226416	1.010127	1.408064	1.540725	1.621908	1.257022	11.722153	8.97994523975	0.00167622517189	6.56747126229e-05	0.00725809765043
1.552056	1.22488	0.911391	1.419092	1.511943	1.595142	1.258694	11.717641	8.883611	0.00167958814859	6.56028141014e-05	0.0072568198418
1.552056	1.22488	0.911391	1.42434518861	1.511943	1.595142	1.258694	11.717641	8.883611	0.00167958814859	6.56028141014e-05	0.0072568198418
1.55277	1.225152	0.944591	1.40336	1.514101	1.621892	1.29372502442	10.7517319148	8.783259	0.00168432298787	0.000241445450912	0.00708352553298
1.442345	1.403659	0.543816	1.206888	1.34268479378	1.515535	1.29770268045	7.449518	9.192355	0.00169137143822	0.0090171759699	0.00123649542827
1.555128	1.225392	0.911423	1.402708	1.512071	1.595326	1.258694	7.7348507269	8.883407	0.001694727816	1.54028435018e-05	0.00730304935338
1.557391	1.251776	1.107999	1.40202	1.479531	1.621382	1.27239	11.721737	8.725915	0.0016963182854	7.99529131154e-05	0.00724822086868
1.5534	1.225056	0.927759	1.418452	1.511791	1.602438	1.283774	11.717689	8.699035	0.00170217293781	0.000123580512991	0.00720166007338
1.681463	1.342834	0.805499	1.435538	1.323492	1.718285	1.457747	5.889307	6.634513	0.00170427003847	0.000855750647393	0.00653902678569
1.552552	1.247448	1.043487	1.407048	1.526279	1.607878	1.269041	11.652329	8.841739	0.001706248533	8.62905563139e-05	0.00724078859042
1.442345	1.403659	0.543816	1.206888	1.364732	1.515535	1.305035	7.449518	9.192355	0.00171252763146	0.00909337148533	0.00115470538705
1.649511	1.323996	1.126349	1.43215	1.328482	1.717853	1.462916	4.289819	6.865945	0.00171766811281	0.000731049005948	0.006621847716
1.650105	1.290688	1.108959	1.432402	1.382754	1.70852966092	1.461876	7.701515	6.866329	0.00173324591659	0.000682168584683	0.0066612499022
1.684216	1.41391	1.000063	1.350492	1.218228	1.416056	1.633783	6.999153	6.582473	0.00173354812125	0.00113652917624	0.00636814817309
1.663759	1.343138	0.804541	1.509266	1.322336	1.717805	1.457527	0.596857	6.765705	0.00173375620268	0.000881756765529	0.00652772610124
1.651655	1.226226	0.856405722837	1.424214	1.348866	1.734405	1.469171	3.327259	7.060913	0.00174590875883	0.00090974432233	0.00641617196669
1.651655	1.226226	0.805519	1.424214	1.348866	1.734405	1.469171	3.327259	7.060913	0.00174590875883	0.00094045979362	0.00640069422662
1.651655	1.226226	0.805519	1.424214	1.348866	1.734405	1.469171	3.37392625712	7.060913	0.00174599010236	0.000940030517154	0.00640101522203
1.55277	1.225152	0.944591	1.40336	1.514101	1.621892	1.29372502442	11.722153	8.75211573101	0.00174777818643	0.000194996891401	0.00712616030754
1.552056	1.22488	0.911391	1.44973913939	1.511943	1.595142	1.258694	11.717641	8.883611	0.00176426329593	4.54902600609e-05	0.00728372172609
1.552056	1.22488	0.911366121029	1.44973913939	1.511943	1.595142	1.258694	11.717641	8.883611	0.00176426329593	4.54902600609e-05	0.00728372172609
1.552056	1.22488	0.901961952349	1.44973913939	1.511943	1.595142	1.258694	11.717641	8.883611	0.00176426329593	4.57228729242e-05	0.00728237189925
1.618375	1.294824	0.824719	1.425234	1.350146	1.644342	1.466257	6.151579	7.075441	0.00176476407426	0.000664048042619	0.00667251972171
1.552056	1.245112	0.927775	1.418708	1.511943	1.59041352947	1.271494	11.652105	8.883595	0.0017651762029	9.59862833957e-05	0.00723111140196
1.552056	1.245112	0.927775	1.418708	1.511943	1.608454	1.271494	11.652105	8.883595	0.0017651762029	9.59862833957e-05	0.00723111140196
1.442345	1.403659	0.543816	1.206888	1.34268479378	1.515535	1.305035	7.449518	9.192355	0.00176713521353	0.00906632706795	0.00118207847614
1.55277	1.225152	0.944591	1.40336	1.514101	1.621892	1.29372502442	11.722153	8.783259	0.00177024237931	0.000207080072327	0.00711354889184
1.552056	1.245112	0.927775	1.418708	1.53147060001	1.608454	1.271494	11.652105	8.883595	0.00177580016692	9.22348723067e-05	0.00723472054263
1.665985	1.307586	0.815835	1.341804	1.35013	1.642733	1.462038	4.689691	7.006953	0.00178497594763	0.000869690501902	0.00648466127514
1.5534	1.229152	0.911375	1.403372	1.512415	1.617798	1.299974	11.717689	8.744379	0.00179199228343	0.000236714951134	0.00708210368794
1.5534	1.229152	0.911375	1.403372	1.512415	1.63278281223	1.299974	11.717689	8.744379	0.00179199228343	0.000236714951134	0.00708210368794
1.646919	1.316472	1.028301	1.457612	1.295106	1.735805	1.453524	5.301777	6.980721	0.00179672925125	0.000756716778101	0.00659713312733
1.410527	1.30885	0.601774	1.491304	1.22157	1.36285251454	1.57845	9.410537	8.036179	0.00181031543816	0.00262494064709	0.00527458266695
1.410527	1.30885	0.603182	1.491292	1.23655231634	1.346609	1.598742	11.605993	8.035475	0.00181503399512	0.00236128665432	0.00557172153061
1.684084	1.24157946391	0.895443	1.43909	1.23783	1.629684	1.624083	8.237221	8.80499	0.0018206728322	0.000331792287085	0.00701746838203
1.524756	1.225024	0.911407	1.403374	1.513951	1.623942	1.334654	11.439113	8.744243	0.00182707708052	0.000343264330579	0.00699095745368
1.442759	1.402635	0.543816	1.287368	1.353437	1.515523	1.305035	7.45003	9.192355	0.0018283967154	0.00911892718037	0.000970295583444
1.650887	1.252097	0.805455	1.497778	1.327978	1.717613	1.466996	7.668875	6.981021	0.00182880046696	0.000786660397617	0.00656182157491
1.650023	1.326204	1.108943	1.432146	1.327458	1.717869	1.465972	7.701787	6.866033	0.00183915571356	0.000681126056122	0.00666783236571
1.66394328231	1.29585839906	0.789246886375	1.42420996717	1.32889848395	1.64969155045	1.46584372442	6.01423481573	7.05905742527	0.00186497111981	0.000855955769645	0.00650263701793
1.663937	1.312197	0.809887	1.503475	1.328937	1.677009	1.564148	6.323555	6.66962691148	0.00186545541236	0.00102119971853	0.00633906516615
1.667127	1.342578	0.807355	1.451922	1.323492	1.718159	1.543635	5.881115	6.603793	0.00188422201836	0.00103723731814	0.00632194541112
1.673528	1.218335	0.882811	1.474418	1.229286	1.573292	1.54381115394	6.889517	8.803454	0.00192954583552	0.000478905120594	0.00686065595277
1.663815	1.294706	1.087183	1.42367	1.35461	1.734893	1.456115	6.001947	7.050865	0.00193712311464	0.000933883193571	0.00641251755744
1.410523	1.310258	0.602006	1.492264	1.22213	1.363025	1.578468	10.483785	8.189107	0.00193929453676	0.00259090304118	0.00530811845632
1.661831	1.340462	0.798843	1.430866	1.329106	1.720685	1.429108	6.911301	7.053337	0.00194170340023	0.000815166046704	0.00656173515307
1.68127515706	1.290688	1.108063	1.432402	1.382534	1.710014	1.461876	7.734795	6.866329	0.00194402186405	0.000996576589601	0.00635285150735
1.661847	1.340546	0.806563	1.436402	1.329106	1.720653	1.429108	6.917613	7.053337	0.00194477033524	0.000813618113831	0.00656104377835
1.560632	1.279664	0.799525	1.371183	1.519583	1.617798	1.303878	11.729929	8.732059	0.00195376980564	0.000351769502732	0.00698060740947
1.597874	1.326206	0.831648	1.497548	1.393078	1.717927	1.38293	1.178907	7.841285	0.00196575891512	0.000602348537914	0.0067540175748
1.649863	1.294962	0.805839	1.488178	1.328482	1.717997	1.465908	7.668955	7.050097	0.00196826326345	0.000824514969154	0.00652667463552
1.663759	1.294962	0.805583	1.422642	1.328946	1.717997	1.457987	6.026971	7.049993	0.00197990666055	0.00101193538258	0.00634229158153
1.66394328231	1.29585839906	0.80558302291	1.42420996717	1.32889848395	1.71090169673	1.46584372442	6.01423481573	7.05905742527	0.0019887500644	0.00101820112725	0.00633560623488
1.66394328231	1.29585839906	0.80558302291	1.42420996717	1.32889848395	1.71799745363	1.4617474697	6.01423481573	7.05905742527	0.0019887500644	0.00101820112725	0.00633560623488
1.66394328231	1.29585839906	0.80558302291	1.42420996717	1.32889848395	1.71799745363	1.46584372442	6.01423481573	7.05905742527	0.0019887500644	0.00101820112725	0.00633560623488
1.66394328231	1.29866400478	0.80558302291	1.42420996717	1.32889848395	1.71090169673	1.46584372442	6.01423481573	7.05905742527	0.0019887500644	0.00101820112725	0.00633560623488
1.649863	1.294962	0.806067	1.49125	1.325362	1.715053	1.464132	8.058053	7.050097	0.00199452236865	0.000816796451411	0.00653304104442
1.495158	1.439843	0.529327	1.271339	1.230449	1.55463182009	1.412853	5.842543	7.914602	0.00201331596447	0.0101966775581	0.000322568005553
1.65928287057	1.291346	0.805455	1.456978	1.328906	1.717997	1.485556	6.022427	7.061105	0.00201656457958	0.001036148267	0.00631005417742
1.664783	1.341618	0.805583	1.432402	1.327922	1.717869	1.458051	6.027035	6.987017	0.00202215560124	0.000985567657172	0.00637999002287
1.66394328231	1.29866400478	0.80558302291	1.42420996717	1.32889848395	1.71090169673	1.46625716308	6.01423481573	7.05905742527	0.00202731129601	0.00105924460968	0.00629113602504
1.51505	1.498236	0.598219	1.556873	1.422323	1.679399	1.680749	6.662115	6.866039	0.00203288326238	0.0030389111869	0.00488573788473
1.650887	1.341586	0.843443	1.497874	1.327408	1.677805	1.594996	7.009563	7.052657	0.00204732166188	0.000894210012375	0.00644721592633
1.665247	1.314654	0.804527	1.428018	1.329202	1.712403	1.466691	0.640055	7.067761	0.00206498131532	0.00113905831247	0.00623038352896
1.51505	1.498236	0.598219	1.556873	1.422323	1.679399	1.680749	7.03108678983	6.866039	0.0020677861562	0.00302497556171	0.00489719700923
1.665359	1.294942	0.805583	1.422642	1.328946	1.719507	1.457987	8.111159	7.050097	0.00207243455421	0.000982748812199	0.00636798767538
1.63982	1.436594	0.516134	1.326833	1.361476	1.471895	1.469215	7.344623	7.730654	0.00207481221619	0.00984888114858	0.00082738266683
1.63982	1.436594	0.532580960039	1.326833	1.361476	1.471895	1.469215	7.344623	7.730654	0.00207481221619	0.0102576221283	0.000195106079391
1.663943	1.341618	0.806095	1.432402	1.327826	1.717869	1.465972	6.014235	7.054321	0.00209676346933	0.0010341181911	0.00632811222672
1.671591	1.316978	0.782991	1.423906	1.327298	1.722965	1.465864	6.268435	7.046257	0.0021000767324	0.00110143635379	0.00626392343366
1.663943	1.341618	0.806095	1.432402	1.33059578123	1.717869	1.465972	6.22178268805	7.054321	0.00210461161484	0.00103053383834	0.00633066990167
1.663943	1.341618	0.806095	1.432402	1.327826	1.717869	1.465972	6.22178268805	7.054321	0.00210461161484	0.00103053383834	0.00633066990167
1.665359	1.294942	0.805583	1.422642	1.328946	1.719507	1.46756827712	8.111159	7.050097	0.00211003163948	0.00102290202176	0.00632361623337
1.663751	1.341628	0.806031	1.430866	1.328594	1.717613	1.466996	6.221787	7.053553	0.00214881959371	0.00107813700352	0.00627937648177
1.604817	1.278419	0.823179	1.524972	1.205629	1.668625	1.605996	7.304547	9.384712	0.00216745888295	0.000549665953662	0.00680897774992
1.588621	1.279027	1.060951	1.522452	1.217289	1.675677	1.59268	7.959715	9.431432	0.00217090512233	0.000459832980452	0.00690216518574
1.605005	1.278739	1.065683	1.527028	1.217881	1.678237	1.60804	6.517923	9.431432	0.00217104701447	0.000546946497822	0.00681848826768
1.600241	1.279891	0.885587	1.54622	1.56167676224	1.676881	1.606516	6.518115	9.431544	0.00218003616621	0.000596738338579	0.00675850122218
1.696711	1.345202	0.847055	1.432402	1.32817	1.717743	1.465926	3.791131	7.028209	0.00220679177947	0.00129087204048	0.00606580548004
1.642764	1.42549	0.533253	1.304625	1.360196	1.471895	1.467975	7.400511	7.730654	0.00221075874906	0.0104447612916	2.46152766399e-05
1.60481692269	1.27976299863	0.891859127857	1.5272764187	1.20767660663	1.67822461456	1.60613214614	6.51811511001	9.43117588825	0.00221655504	0.000575145520862	0.00678269316448
1.552082	1.364416	1.108431	1.40044	1.502837	1.6137	1.303069	11.722233	8.799643	0.00223226212136	0.000129192826988	0.00720150780633
1.695929	1.339217	0.799475	1.51425	1.20936807432	1.703811	1.454006	7.909571	6.991025	0.00225370543468	0.00119905551394	0.0061849729672
1.696711	1.345202	0.847055	1.432402	1.32817	1.717743	1.47266140572	3.791131	7.028209	0.00225795898103	0.00134597168385	0.00600615794892
1.393495	1.387275	0.60904330818	1.227112	1.399284	1.581591	1.334899	7.404974	9.229227	0.00228373734738	0.00203236995071	0.00576002237469
1.613703	1.399218	1.028819	1.461317	1.345766	1.691549	1.529156	5.365019	7.271969	0.00230137887844	0.00090954131474	0.0064290488209
1.553208	1.245536	0.799697	1.408403	1.515999	1.624966	1.257982	11.717993	9.727387	0.00232748901747	0.000453309246962	0.00686045635947
1.59208056826	1.295996	1.028751	1.432082	1.339778	1.715089	1.467572	6.268443	7.914615	0.00235214293611	0.000889762877357	0.0064215404091
1.589511	1.295996	1.028751	1.432082	1.339778	1.715089	1.467572	6.268443	7.914615	0.00235214293611	0.000889762877357	0.0064215404091
1.592679	1.237116	1.122511	1.563016	1.346402	1.717997	1.41682	7.702011	8.176753	0.00235440731843	0.000747792902793	0.00657748450464
1.65099391171	1.31007780792	0.678239929619	1.51100394349	1.57916187736	1.71781493512	1.41774579518	3.72124274807	7.75571691606	0.00237454999625	0.000727752247274	0.00644482492208
1.647026	1.325438	0.677024	1.495644	1.29477429674	1.717863	1.415698	3.721499	7.756277	0.00237708463397	0.000642148598854	0.00652108602318
1.651024	1.314622	0.69872	1.53558	1.579162	1.717687	1.417762	3.180539	7.762057	0.00237970085138	0.000826001576817	0.00642715782872
1.55199	1.260656	0.922639	1.402324	1.426039	1.594988	1.261126	11.705625	9.68521828097	0.0023867885636	0.000357758226635	0.00695523642635
1.553208	1.245536	0.799697	1.408403	1.515999	1.624966	1.27102960783	11.717993	9.727387	0.00239713606901	0.000503443663028	0.00680628838455
1.695175	1.34259	0.806095	1.53621	1.327834	1.717741	1.465972	7.701787	7.054321	0.00243002964182	0.00128129896382	0.00608792329818
1.650887	1.341618	0.805839	1.497938	1.327458	1.717869	1.465972	7.669019	7.39645774306	0.00247412137224	0.00108312337745	0.00625853647228
1.647026	1.325438	0.677024	1.495644	1.29477429674	1.717863	1.415698	3.721499	7.84282062502	0.00248273024795	0.000704038423174	0.00645442391934
1.35639646838	1.33140483561	0.547281143617	1.57014578952	1.46725281415	1.34760745224	1.36193914787	4.031929601	10.5174355258	0.00249605456513	0.00901912568863	0.00106641107352
1.671512	1.210143	0.879963	1.439602	1.232198	1.630476	1.580545	8.386725	8.550141416	0.0025059830153	0.000945427135586	0.00635932491472
1.529186	1.490675	0.688972	1.314893	1.293741	1.44701	1.688916	3.404907	7.915069	0.00252541455154	0.000583762770122	0.00676259185596
1.672579	1.29493	0.950415	1.436389	1.395494	1.744077	1.54553	5.358619	7.271457	0.00252956071252	0.0015192027126	0.00578861977319
1.515367	1.236742	0.71341	1.457003	1.407209	1.691891	1.463626	9.098716	9.564945	0.00255278868383	0.000486289521678	0.00681153130953
1.68748	1.256751	0.766075	1.49531	1.359695	1.573234	1.429309	6.862021	8.500896	0.00257512719077	0.000910628251211	0.00641494148429
1.500071	1.296134	0.680782	1.440608	1.409853	1.691911	1.480056	10.873756	9.552657	0.00258291942492	0.000140960923217	0.0070535145201
1.660272	1.51053	0.64183	1.337745	1.361054	1.491487	1.468303	8.084237	7.832674	0.00261716028023	0.000393464301178	0.00681162596203
1.6638	1.235133	0.773263	1.474258	1.398095	1.57022	1.466849	6.16105953785	8.68991	0.00261812879964	0.00103292340685	0.00628921211027
1.565656	1.314971	0.915215	1.350114	1.483119	1.604594	1.26907	9.060281	9.884891	0.00262350263336	0.000583676068964	0.00672704161464
1.66188	1.233967	0.766075	1.474258	1.39860700136	1.573292	1.428961	6.911301	8.689694	0.00263535214437	0.000971718733146	0.00634086562116
1.663928	1.233967	0.766039	1.456906	1.291011	1.573276	1.461729	6.33902819057	8.689718	0.00264176433245	0.00101351926471	0.00630599646625
1.680312	1.233679	0.770771	1.461482	1.291603	1.575836	1.477089	6.550853	8.689718	0.00264369206148	0.000998547454954	0.00633100941604
1.671476	1.200097	0.896347	1.438066	1.232134	1.6297	1.579009	8.368293	8.803454	0.00265694238591	0.00100867034384	0.00629460524463
1.671512	1.20023272836	0.879963	1.439602	1.232198	1.630476	1.580545	8.386725	8.803454	0.00265794858708	0.00100974247767	0.00629090145148
1.66188	1.24031223246	0.766075	1.474258	1.39860700136	1.573292	1.428961	6.911301	8.689694	0.00266671033625	0.000988657178931	0.00632674593858
1.6372	1.452802	0.593958	1.293041	1.399198	1.449999	1.416819	7.404775	8.180642	0.00267314542497	0.00444390345558	0.00359847840014
1.570456	1.27406	0.970675	1.570649	1.515827	1.572934	1.333266	11.719817	8.678577	0.00267455821453	0.000374531728754	0.00694712100401
1.664779	1.313922	1.114747	1.435378	1.345508	1.638927	1.465731	6.024935	7.799713	0.00267593583949	0.00124571765435	0.00606407292791
1.565656	1.30882650731	0.915215	1.350542	1.480015	1.604038	1.271326	11.715897	9.942619	0.00270935238099	0.00061948153264	0.00668751596867
1.663928	1.233967	0.766039	1.456906	1.291011	1.573276	1.461729	7.992645	8.689718	0.00271973091239	0.000986561548498	0.00633019663921
1.67977280392	1.325438	0.673822	1.44982	1.29895	1.726055	1.416386	3.721499	7.835125	0.00272060115479	0.000966440535808	0.00618058191464
1.553468	1.252704	1.106901	1.352916	1.423071	1.621892	1.257342	11.717065	10.281851	0.00272595599866	0.000629985060757	0.00666875625633
1.448315	1.415863	0.625696	1.547302	1.36396	1.388007	1.71247369911	7.370154	9.192375	0.00278534634192	0.00151331337783	0.00597200897601
1.448315	1.415863	0.60781020531	1.547302	1.36396	1.388007	1.71247369911	7.370154	9.192375	0.00278534634192	0.00270985491557	0.00508231053353
1.637424	1.44461	0.609790802994	1.339377	1.366942	1.482959	1.417679	7.704047	8.778657	0.00280122099566	0.00233800210669	0.00519818370244
1.423636	1.253334	0.577454	1.485206	1.595244	1.315089	1.296557	0.351499	10.281336	0.00282883063852	0.00583972020413	0.00303602242903
1.672608	1.446958	0.585854	1.332561	1.360542	1.485935	1.417659	7.697735	8.778785	0.00285460998192	0.00476821230984	0.00352334078297
1.657508	1.274927	0.843387	1.36201099202	1.397583	1.568944	1.429037	6.911173	8.910878	0.00289999226544	0.00115205079822	0.00614536089939
1.695956	1.545399	0.537387	1.584117	1.32672	1.674862	1.270316	11.19205	8.233965	0.00293109084374	0.00900138367113	0.00126353517597
1.447355	1.416031	0.625544	1.547344	1.399168	1.584007	1.74666	5.928366	8.605819	0.00293225287973	0.00177817907215	0.00556098464578
1.696532	1.473905	0.543339	1.582837	1.329313	1.741554	1.270562	11.18517	8.206573	0.00294342868998	0.00909992482409	0.000839909718351
1.66188	1.26025749714	0.766075	1.474258	1.39860700136	1.59159831912	1.428961	6.911301	8.689694	0.00296986838984	0.00118851180724	0.00611982118791
1.66188	1.26025749714	0.766075	1.474258	1.39860700136	1.59179354015	1.428961	6.911301	8.689694	0.00296986838984	0.00118851180724	0.00611982118791
1.671512	1.210143	0.879963	1.439602	1.232198	1.65119002848	1.580545	8.386725	8.550141416	0.00298417305608	0.00134624870462	0.00593736822168
1.500538	1.487996	0.583051	1.538958	1.454579	1.735391	1.600079	6.671363	7.695863	0.00304891476802	0.00535987370139	0.00298961595844
1.684184	1.418672	0.989439	1.400244	1.253812	1.406328	1.634807	0.707697	7.771657	0.00308561089388	0.00209897547217	0.00538853397874
1.356509	1.310726	0.747548	1.509399	1.28319	1.62717	1.467956	3.392396	11.956375	0.00309920890713	0.00146199686549	0.00544696954644
1.42440040558	1.290651	0.635726	1.539172	1.39826	1.581207	1.295731	7.25739	11.227185	0.00313137491357	0.00112828622222	0.00613647179581
1.695397	1.419088	0.581327	1.318926	1.358312	1.703839	1.34609182603	1.144133	8.308281	0.00313946920701	0.00604249518121	0.00239218383395
1.683845	1.360723	0.549722	1.236264	1.217862	1.74641116941	1.724023	9.29729	8.803571	0.00322613144705	0.00941479805473	0.000207277155237
1.548213	1.514835	1.15603	1.458683	1.270812	1.744673	1.59718	2.498544	6.980726	0.00322711322382	0.00136168362544	0.00591457960546
1.650944	1.384254	0.698712	1.536092	1.554266	1.708311	1.446434	3.182859	8.184681	0.00340145975873	0.00138114697813	0.00583829792773
1.589296	1.334536	0.589859	1.403633	1.229943	1.400333	1.666917	7.16969396508	7.832146	0.00345147916874	0.00629934419039	0.00185797957398
1.534824	1.225472	0.705073	1.33922	1.514103	1.60235	1.290014	11.717769	10.880415	0.00347468538337	0.000891748545346	0.0063099389483
1.68146098814	1.23014906423	0.603377307161	1.25845068677	1.57721036839	1.68347121446	1.37684799644	3.26791675168	8.72039957937	0.00352133083729	0.00408954101937	0.00360267191706
1.68146098814	1.23014906423	0.603377307161	1.26235002112	1.57721036839	1.68347121446	1.37684799644	3.26791675168	8.72039957937	0.00352133083729	0.00408954101937	0.00360267191706
1.681453	1.226053	0.586477	1.258403	1.56697	1.63639378612	1.43156	5.743949	8.716304	0.00354906979658	0.00551676050449	0.00259351997229
1.566072	1.225824	0.911119	1.35054242981	1.480015	1.603334	1.272606	11.717641	10.841499	0.0035684268168	0.00120742323304	0.00606298853958
1.566072	1.225824	0.911119	1.357428	1.480015	1.603334	1.272606	11.717641	10.841499	0.003580119725	0.00120406937848	0.00606710592297
1.662837	1.230149	0.598235	1.266643	1.577338	1.679647	1.37864	2.693101	8.880912	0.00359060996042	0.0047127341419	0.00311880632141
1.655504	1.221425	1.013859	1.454456	1.227718	1.5652	1.525616	6.380589	10.638432	0.00363211630615	0.00127681376488	0.00603164621882
1.662837	1.230149	0.598235	1.266643	1.577338	1.679647	1.38981655257	2.693101	8.880912	0.00367224570033	0.00478052810362	0.00304259460422
1.534862	1.252096	0.912895	1.336484	1.479531	1.601966	1.305374	11.717769	10.823071	0.00370100636619	0.00130465540997	0.00598073758189
1.534862	1.252096	0.901680523975	1.336484	1.479531	1.601966	1.305374	11.717769	10.823071	0.00370100636619	0.00130555414149	0.00597849472936
1.534862	1.252096	0.892931241721	1.336484	1.479531	1.601966	1.305374	11.717769	10.823071	0.00370100636619	0.00130694981867	0.00597570042319
1.534862	1.252096	0.912895	1.336484	1.50367671017	1.601966	1.305374	11.717769	10.823071	0.00370395791041	0.00130353252424	0.00598104623132
1.51536747656	1.39930249741	0.680657984633	1.46108781056	1.41132521565	1.6919105814	1.46367179729	11.0184251876	9.21815520624	0.00370951655973	0.000554853220517	0.00659419478476
1.664781	1.230149	0.603377	1.258451	1.581306	1.682863	1.37664	3.403085	9.05516966598	0.00378011999714	0.00413388760446	0.0035302154346
1.58421062852	1.225824	0.911119	1.35054242981	1.480015	1.603334	1.272606	11.717641	10.841499	0.00381998633112	0.00135623202579	0.00590593124844
1.672624	1.442398	0.593582	1.338097	1.40885590903	1.481967	1.416635	7.718127	9.892897	0.00397405213258	0.00455896435117	0.00349921468588
1.672624	1.442398	0.593582	1.338097	1.394334	1.481967	1.416635	7.718127	9.892897	0.00398036941205	0.00455606514902	0.0035004657449
1.687248	1.414774	0.998061	1.322016	1.268492	1.436242	1.61874210456	1.730065	7.927307	0.00400342017816	0.00287640149649	0.00458324703996
1.515367	1.410822	0.667778	1.45829458195	1.407465	1.677875	1.46362	8.776604	9.564961	0.00400370763821	0.000853940496383	0.00626849556054
1.515367	1.410822	0.667778	1.464064	1.407465	1.6436578236	1.46362	8.776604	9.564961	0.00400370763821	0.000853940496383	0.00626849556054
1.515367	1.410822	0.667778	1.464064	1.407465	1.677875	1.46362	8.776604	9.564961	0.00400370763821	0.000853940496383	0.00626849556054
1.51459	1.489924	0.583819	1.579625	1.456243	1.53063559964	1.664081	7.521251	7.865463	0.0040488083271	0.00607361243835	0.00213800691325
1.51536747656	1.39930249741	0.680657984633	1.46108781056	1.41132521565	1.6919105814	1.45829230568	10.873755611	9.5649454247	0.00405816693554	0.000741986039856	0.00640234447224
1.51536747656	1.39930249741	0.680657984633	1.46108781056	1.41132521565	1.6919105814	1.46367179729	10.873755611	9.5649454247	0.00405816693554	0.000741986039856	0.00640234447224
1.51536747656	1.39930249741	0.680657984633	1.46108781056	1.41132521565	1.6919105814	1.46367179729	11.0184251876	9.5649454247	0.0040746279518	0.00073786667751	0.00640598036252
1.51485797605	1.49004422663	0.586123386205	1.56324146593	1.45457864471	1.70671926809	1.68046455315	6.66211479281	7.91461524736	0.00410757211415	0.00582690957934	0.00227701232808
1.51485797605	1.49004422663	0.586123386205	1.56324146593	1.45457864471	1.70671926809	1.62849513148	6.66211479281	7.91461524736	0.00410757211415	0.00582690957934	0.00227701232808
1.51485797605	1.49004422663	0.586123386205	1.55483791567	1.45457864471	1.70671926809	1.62849513148	6.66211479281	7.91461524736	0.00410757211415	0.00582690957934	0.00227701232808
1.51485797605	1.49004422663	0.586123386205	1.53682820282	1.45457864471	1.70671926809	1.62849513148	6.66211479281	7.91461524736	0.00410757211415	0.00582690957934	0.00227701232808
1.514882	1.490012	0.646795	1.562985	1.454577	1.714911	1.628495	6.661317	7.914743	0.004107920316	0.00161606059429	0.00543776356278
1.534862	1.339354	0.902065	1.336644	1.479011	1.602222	1.30435	11.717913	10.829171	0.0041120773745	0.00132330461763	0.0059618256025
1.51485797605	1.49004422663	0.586123386205	1.56324146593	1.45457864471	1.70671926809	1.62849513148	6.88010082696	7.91461524736	0.00412664320805	0.00581987409755	0.00228327585385
1.534862	1.339354	0.902065	1.34736740623	1.479011	1.602222	1.30435	11.717913	10.829171	0.00415208512785	0.00129984666768	0.00597911614355
1.681453	1.230149	0.590381	1.258435	1.56697	1.7498622979	1.43144	5.433677	8.7204	0.00420628273147	0.00579448969016	0.00216355485538
1.514922	1.490044	0.586123	1.533756	1.454595	1.739487	1.628367	6.662115	7.963767	0.00425225820279	0.00593276957885	0.00215321509949
1.656507	1.450271	1.165586	1.436785	1.401544	1.704515	1.420517	1.721252	8.643485	0.00431962543241	0.00198150386145	0.00533451827088
1.65818323329	1.450271	1.165586	1.436785	1.401544	1.704515	1.420517	1.721252	8.643485	0.00431962543241	0.00198150386145	0.00533451827088
1.448187	1.415947	0.625632	1.546972	1.399288	1.584007	1.741954	7.370158	9.192427	0.00437889298282	0.00277256099957	0.00448651425103
1.448187	1.415947	0.625632	1.546972	1.399288	1.584007	1.74195378809	7.370158	9.192427	0.00437889298282	0.00277256099957	0.00448651425103
1.448187	1.415947	0.625632	1.546972	1.399288	1.584007	1.741954	7.45130716439	9.192427	0.00438462780502	0.00277032791608	0.00448811511273
1.448187	1.415947	0.625632	1.546972	1.399288	1.584007	1.74195378809	7.370158	9.21192282407	0.00443536019502	0.00281735166377	0.00443787933155
1.448251	1.415969	0.625636	1.546652	1.27204	1.584275	1.746802	7.448878	9.225195	0.0044617402143	0.00284766111988	0.00439633511831
1.39646	1.362122	0.991249	1.489628	1.399291	1.434503	1.520769	0.030113	10.506505	0.00463748976301	0.00221811766618	0.00523521957634
1.663897	1.3821	0.55513	1.244404	1.217882	1.311262	1.707369	9.25057	9.71638343947	0.00464617788588	0.00988989079641	0.000154440488194
1.396524	1.362144	0.991253	1.489308	1.272043	1.434771	1.525617	0.108833	10.539273	0.00469688497264	0.00229226407374	0.00516306762799
1.396524	1.362144	0.991253	1.489308	1.272043	1.434771	1.525617	0.865111811411	10.539273	0.00469941647239	0.00228856129989	0.00516586810715
1.538301	1.26312	1.218554	1.376878	1.403355	1.510622	1.446759	7.008301	11.529216	0.00475068863657	0.00189163493898	0.00540989251928
1.579469	1.267216	1.220578	1.37867	1.393395	1.509406	1.420143	7.185951	11.312496	0.0048339678578	0.00193352851569	0.00535391174338
1.573186	1.293315	1.017481	1.296356	1.238517	1.56488	1.516516	2.059803	10.794164	0.00486567913835	0.00212683614923	0.00517447325325
1.569512	1.270086	1.072975	1.514427	1.558843	1.617806	1.32301	4.910988	11.083013	0.00489908435565	0.00196899563338	0.00527685021143
1.670202	1.44133	0.58984	1.305889	1.344995	1.494097	1.578671	8.050791	7.79973	0.00501197040987	0.00687875745735	0.000937897681637
1.663897	1.3821	0.55513	1.244404	1.217882	1.311262	1.68670522469	9.25057	9.918841	0.005032891176	0.0100862816077	6.43590348739e-05
1.663897	1.3821	0.55513	1.244404	1.217882	1.311262	1.707369	9.25057	9.918841	0.005032891176	0.0100862816077	6.43590348739e-05
1.634688	1.444866	0.589838	1.336529	1.235934	1.621967	1.519567	7.507433	8.778737	0.00504655647456	0.00610478467672	0.00179876415205
1.525104	1.270214	0.782287	1.514253	1.579575	1.551886	1.366071	5.501532	11.424851	0.00506660227487	0.00209192307308	0.00519350663475
1.532668	1.442418	0.90222	1.325904	1.459968	1.455853	1.441669	6.026971	9.841162	0.00513058181867	0.00269105345221	0.0047594714607
1.532668	1.442418	0.89458893144	1.325904	1.459968	1.455853	1.441669	6.026971	9.841162	0.00513058181867	0.00269389344381	0.00475534790431
1.546525	1.259088	1.207266	1.377582	1.378059	1.55395	1.485935	8.321119	11.336672	0.00515546640193	0.00207673133843	0.00517954127689
1.580956	1.44421	0.909388	1.325936	1.459986	1.456205	1.453957	6.026959	9.870706	0.00518569688923	0.00275688077791	0.0046959987343
1.534268	1.442398	0.90222	1.325904	1.459968	1.457363	1.441669	8.111159	9.841266	0.00521003851357	0.00264200174329	0.00479711022982
1.579276	1.487026	0.902470500178	1.325884	1.479168	1.452943	1.48523886206	7.763487	9.801194	0.00525758965178	0.00227578028037	0.00510716504328
1.579276	1.487026	0.887836	1.325884	1.479168	1.452943	1.48924028249	7.763487	9.801194	0.00525758965178	0.00227961416329	0.00510092003648
1.579276	1.487026	0.887836	1.325884	1.479168	1.452943	1.48523886206	7.763487	9.801194	0.00525758965178	0.00227961416329	0.00510092003648
1.593657	1.339287	0.908105	1.43459611267	1.230145	1.684465	1.595212	8.316905	11.822949	0.00527379300916	0.0018552733191	0.00543541988478
1.657553	1.377167	0.607932	1.31326	1.204974	1.319058	1.729173	8.984772	9.918577	0.00528003750756	0.00469574917354	0.00328222384847
1.663697	1.380175	0.607932481779	1.247724	1.207678	1.319186	1.729013	8.985464	9.918577	0.00534473102614	0.00468799470654	0.00339106804103
1.486501	1.38069	0.761784	1.587511	1.353678	1.606162	1.35940954517	0.33678	11.522414	0.00537158652776	0.00206442823262	0.00527559709474
1.558864	1.305367	1.086153	1.210354	1.235813	1.554712	1.413344	3.377145	10.762484	0.00542497560094	0.00232021779594	0.00504670679298
1.496506	1.303555	1.024845	1.2961	1.229229	1.564882	1.418212	2.061851	11.84274	0.00548046785735	0.00224351053222	0.00509372027412
1.62104	1.445046	0.58986	1.339913	1.356542	1.482459	1.417767	7.712239	11.254833	0.00550279971793	0.00560413201067	0.00246215260201
1.486533	1.375442	0.761784	1.569737	1.345486	1.606138	1.394622	0.336652	11.391342	0.00551094470883	0.00220744073574	0.00512847419991
1.589947	1.451807	1.165434	1.539825	1.404008	1.704365	1.420517	0.639908	9.788471	0.00555691579588	0.00239380593263	0.00487581789206
1.546589	1.260624	1.280994	1.378286	1.386251	1.56488	1.450991	8.285727	11.320288	0.0056299723483	0.00237017880969	0.00486036895927
1.60364961305	1.451807	1.165434	1.539825	1.404008	1.704365	1.420517	0.639908	9.788471	0.00573766153175	0.00252508840345	0.00474089899568
1.486501	1.38069	0.761784	1.587511	1.353678	1.606162	1.394622	0.33678	11.522414	0.00578434195596	0.00232376408478	0.00500658236712
1.579324	1.52227	0.887776	1.34488	1.517424	1.564883	1.441671	7.761439	9.841642	0.00579600890577	0.00205361173447	0.00521246388272
1.39462161553	1.357269	1.065694	1.536241	1.388906	1.679609	1.435015	1.529289	11.260231	0.00580809828476	0.0046910842283	0.00196152939999
1.671504	1.210047	0.879967	1.439606	1.229502	1.63022	1.580545	8.184997	11.128780346	0.00588101044825	0.00246754421035	0.00475015024792
1.627576	1.566431	0.770892	1.282129	1.442219	1.577987	1.676614	1.144133	7.62452640307	0.00598561958123	0.00377676976314	0.00347037859849
1.595601	1.22616959066	0.908403	1.537516	1.272881	1.638577	1.54962	7.029091	11.820069	0.00598576878416	0.00249553388182	0.00473079175569
1.570224	1.270746	0.805199	1.514299	1.589483	1.619566	1.356034	5.501534	11.411589	0.00607726951364	0.00270824988681	0.00450447147485
1.634688	1.444866	0.589838	1.339377	1.23587	1.490895	1.520079	7.704041	8.778657	0.00609586872315	0.00736505156574	0.000360011296704
1.56772835733	1.26989392958	0.788639379055	1.51429892085	1.55748343522	1.61812611244	1.36410288425	2.86719834566	11.4905647112	0.00611548714675	0.00272526446044	0.00448981474226
1.56772835733	1.26989392958	0.788639379055	1.51429892085	1.55748343522	1.61812611244	1.36410288425	2.35580446614	11.4905647112	0.00611997134382	0.00272384340731	0.00448515413587
1.595571	1.451851	1.078394	1.538033	1.403944	1.704141	1.418573	0.63985	10.116151	0.00625681092202	0.00276306193609	0.00448515002055
1.534268	1.4260913023	0.90222	1.325904	1.459968	1.457363	1.441669	8.111159	9.841266	0.00630800843385	0.00427924738284	0.00276536362878
1.558621	1.31175	0.760156	1.596699	1.332334	1.62025	1.485598	4.021132	11.475982	0.00643428062143	0.00284483593092	0.00438249322022
1.595607	1.518411	1.077162	1.490929	1.40456	1.704141	1.418637	7.402346	10.145847	0.0066289886526	0.00244977470225	0.00480444785559
1.585907	1.541911	1.078234	1.544177	1.338728	1.743789	1.464845	0.653162	10.118967	0.00692408902221	0.00306768328345	0.00430818484118
1.673539	1.48037	0.940761	1.455727	1.438255	1.559593	1.707494	9.263885	7.210605	0.00752315004154	0.00512998875241	0.00169577606801
1.588227	1.40101298606	1.135356	1.536625	1.389288	1.679065	1.432097	0.009136	11.226167	0.00865804729118	0.00412405865365	0.00304708442459
1.588245	1.396917	1.135868	1.536521	1.389288	1.679065	1.432099	0.559392	11.254839	0.00872656598336	0.00415796937982	0.00301146216508
1.588245	1.396917	1.135868	1.536521	1.389288	1.679065	1.432099	6.23698687099	11.254839	0.00878074539175	0.00406794820165	0.00308478080828
1.54246124059	1.51444683369	0.513211980282	1.46164441084	1.26699348114	1.70411916238	1.67067293167	4.45737854971	8.87066639442	0.0088605748929	0.0100013271607	0.00015069554178
1.590659	1.403733	1.098458	1.542605	1.415738	1.697801	1.435497	0.845616	11.229271	0.00886991493164	0.00423952556441	0.00291682407693
1.588117	1.401533	1.135532	1.536265	1.410792	1.62929461402	1.429027	6.236979	11.254935	0.00887357123487	0.00410242142802	0.0030463580696
1.633528	1.55544	0.764483219043	1.288173	1.442315	1.568275	1.678566	1.668421	8.308562	0.00889525967349	0.00569418702343	0.00122407537521
1.633528	1.55544	0.770732	1.288173	1.442315	1.568275	1.678566	1.668421	8.308562	0.00889525967349	0.00570262241173	0.00121456897278
1.69464847781	1.56156702412	0.765899709503	1.27407106276	1.45121064961	1.57429469558	1.64744448476	0.0955567360369	8.16540011399	0.00896393088845	0.00574570654337	0.00117419762737
1.689783	1.457458	0.924377	1.455727	1.438543	1.55671343369	1.684246	9.263885	7.216173	0.0089888382037	0.00607854594572	0.000453371576206
1.689783	1.457458	0.924377	1.455727	1.438543	1.556713	1.684246	9.263885	7.216173	0.0089888382037	0.00607854594572	0.000453371576206
1.627576	1.566431	0.770892	1.282129	1.442219	1.577987	1.676614	1.144133	8.30828	0.00916718948867	0.00581380078716	0.00108159045248
1.627576	1.566431	0.770892	1.28116434634	1.442219	1.577987	1.676614	1.144133	8.30828	0.00916718948867	0.00581380078716	0.00108159045248
1.58956266469	1.48457517432	1.1451775471	1.53995313213	1.40400759662	1.67904909743	1.42899283915	0.00912418216892	11.1647273391	0.00927294826106	0.0042746162722	0.00290995354063
1.58956266469	1.48457517432	1.1451775471	1.55057826697	1.40400759662	1.67904909743	1.42899283915	0.00912418216892	11.1647273391	0.00927304331007	0.00427602675201	0.00290827860306
1.65932	1.567799	0.770764	1.281356	1.480003	1.578003	1.676606	0.350989	8.1854	0.00928421531435	0.00605571182118	0.00078451743403
1.635	1.566431	0.768428	1.31016094337	1.442163	1.576963	1.676614	0.619845	8.307832	0.00939710734119	0.00598725808478	0.000834351970953
1.612714	1.53118657709	0.990892	1.391521	1.460045	1.578504	1.728708	9.751631	7.77102	0.0094019286977	0.00257063188746	0.00423771811871
1.612714	1.53118657709	0.989672515057	1.391521	1.460045	1.578504	1.728708	9.751631	7.77102	0.0094019286977	0.00257063188746	0.00423771811871
1.633528	1.55544	0.770828	1.279853	1.442309	1.576467	1.682662	1.144153	8.308564	0.00986530725594	0.00637521616247	0.000381980963111
1.656147	1.413557	1.123068	1.543185	1.388928	1.676293	1.459699	0.052144	10.667575	0.0103318923953	0.00532611100159	0.00169340152506
1.69516	1.563775	0.748494	1.274067	1.450187	1.577967	1.69535	3.507525	8.165488	0.0105753690608	0.00699090434816	0.000338616687474
1.655483	1.417397	1.123164	1.543189	1.385012	1.677849	1.41632473824	0.024312	11.240695	0.0112570892283	0.00553153565064	0.00145905018606
1.655635	1.38164834297	1.123068	1.543185	1.391336	1.677849	1.432051	0.02552	11.269175	0.0113225675783	0.00566053217141	0.00129993317439
1.65853983358	1.403733	1.06569	1.536245	1.38929	1.679577	1.436009	0.829232	11.229239	0.0116726683972	0.00584737739667	0.00107456764912
1.654579	1.413813	1.123196	1.543261	1.396264	1.67031965593	1.434867	0.025224	11.246647	0.0118688324995	0.00592941360963	0.00098610872256
1.654579	1.413813	1.123196	1.543261	1.396264	1.674777	1.434867	0.025224	11.246647	0.0118688324995	0.00592941360963	0.00098610872256
1.655099	1.484575	1.11241	1.539825	1.404024	1.670857	1.428981	0.008228	11.164727	0.0121087348134	0.00589933465172	0.00104902587998