   1.84325052247883       2.785836814078384E-003 -0.395846082465248     
 -5.160802341031001E-017 -0.408341476125481       1.623902866337154E-003
  1.694330592304618E-019  1.400553019551820E-003  4.192285087672428E-005
  6.401484718366296E-003  8.029872339970767E-019  6.467210525739107E-003
  4.248681273709129E-005  4.604087289470152E-021  3.765527850536308E-005
   1.11034223761611      -1.752342568994852E-015  0.269134935356791     
  1.160548179260820E-002 -1.107428499976851E-017 -1.421150536757514E-003
   1.02217719719696      -8.960114466247972E-016 -1.108015234192291E-017
  1.245407191355914E-002 -5.976375599135858E-018   1.18170727727673     
 -1.464534984112592E-003 -5.971582278142817E-018  1.035358840945189E-002
  4.852568726539900E-005 -9.742294201386721E-020 -2.321338026880912E-005
  5.395641817158692E-005 -5.284591768087730E-020  4.053340316540368E-005
   1.84325052247883       2.785836814078384E-003 -0.395846082465248     
  6.201636426617085E-017  0.408341476125481       1.623902866337154E-003
 -2.202285662861181E-019 -1.400553019551820E-003  4.192285087672428E-005
  6.401484718366296E-003 -9.927226141820400E-019 -6.467210525739106E-003
  4.248681273709128E-005 -5.823351512373315E-021 -3.765527850536308E-005
   1.11034223761611      -1.826920179281368E-015 -0.269134935356791     
  1.160548179260821E-002 -1.067951602630638E-017  1.421150536757517E-003
   1.02217719719696      -8.882272847463447E-016 -1.067337333473102E-017
  1.245407191355914E-002 -6.014307708833659E-018   1.18170727727673     
  1.464534984112594E-003 -6.015627991400041E-018  1.035358840945189E-002
  4.852568726539900E-005 -9.098170810718587E-020  2.321338026880913E-005
  5.395641817158691E-005 -5.347684426825402E-020  4.053340316540368E-005
   1.84325052247883       2.785836814078383E-003  0.395846082465248     
 -6.217899459204368E-017 -0.408341476125481      -1.623902866337154E-003
  2.202285662861181E-019  1.400553019551820E-003  4.192285087672427E-005
 -6.401484718366296E-003  9.910285482875314E-019  6.467210525739106E-003
 -4.248681273709129E-005  5.823351512373315E-021  3.765527850536307E-005
   1.11034223761611      -1.826811756923697E-015 -0.269134935356791     
  1.160548179260820E-002 -1.067930426855402E-017  1.421150536757517E-003
   1.02217719719696      -8.882272832068355E-016 -1.067337334694915E-017
  1.245407191355914E-002 -6.014307710956700E-018   1.18170727727673     
  1.464534984112594E-003 -6.012239859611024E-018  1.035358840945189E-002
  4.852568726539899E-005 -9.098170899900915E-020  2.321338026880913E-005
  5.395641817158691E-005 -5.347022750436565E-020  4.053340316540368E-005
   1.84325052247883       2.785836814078384E-003  0.395846082465248     
  5.160802341031001E-017  0.408341476125481      -1.623902866337154E-003
 -1.690360125364363E-019 -1.400553019551820E-003  4.192285087672428E-005
 -6.401484718366298E-003 -8.012931681025681E-019 -6.467210525739106E-003
 -4.248681273709129E-005 -4.602949916127892E-021 -3.765527850536307E-005
   1.11034223761611      -1.752342575369459E-015  0.269134935356792     
  1.160548179260820E-002 -1.107428488431686E-017 -1.421150536757514E-003
   1.02217719719696      -8.960114501848272E-016 -1.108015234564514E-017
  1.245407191355914E-002 -5.976375532442605E-018   1.18170727727673     
 -1.464534984112592E-003 -5.974970409931835E-018  1.035358840945190E-002
  4.852568726539899E-005 -9.742293855902626E-020 -2.321338026880912E-005
  5.395641817158691E-005 -5.283929804701119E-020  4.053340316540368E-005
