2.271174	1.210651	1.97686037094	1.749372	1.805544	1.66137611555	1.66681090329	2.131002	2.095287	1.679129	1.038305	0.0031052352815	0.000349407825325	0.00289965080336
2.271174	1.210651	1.97686037094	1.749372	1.805544	1.66137611555	1.66681090329	2.131002	2.10762181462	1.679129	1.038305	0.0031052352815	0.000364615724751	0.00288691284499
2.287427	1.206182	1.545225	1.789772	1.835594	1.862034	1.897203	1.86988	1.932847	1.676551	1.892419	0.00312283770357	0.00254966437505	0.00183252606486
2.287427	1.209998	1.508361	1.784652	1.831498	1.862018	1.890035	1.869624	1.918423	1.810183	1.898419	0.00312777557629	0.00343583597785	0.000496372997032
2.287811	1.20999	1.513501	1.77646	1.826378	1.863042	1.891817	1.857336	1.885655	1.249031	1.898723	0.00314245396517	0.00292757208376	0.000475647949757
2.278595	1.20999	1.513609	1.776396	1.826318	1.863042	1.889449	1.861496	1.885611	1.248903	1.919259	0.00320395183579	0.00226052096519	0.000736784373103
2.287526	1.217835	1.974658	1.74958	1.805432	1.600881	1.61279677673	2.127763	2.119789	1.695513	3.17631453667	0.00322018458762	0.00162567708447	0.000217329768662
2.287526	1.21153192297	1.974658	1.74958	1.805432	1.600881	1.61279677673	2.127763	2.119789	1.695513	3.17631453667	0.00322018458762	0.00162567708447	0.000217329768662
2.291904	1.215244	1.684471	1.724922	1.791127	1.60032	1.627449	2.126221	1.912555	2.10511	2.019201	0.00322810597384	0.00110683854506	0.000812392722488
2.287526	1.217835	1.974658	1.74958	1.805432	1.62443666107	1.643704	2.127763	2.119789	1.695513	2.084929	0.00324744223698	0.00098968187126	0.00155566169779
2.292428	1.225772	1.693355	1.724378	1.791079	1.60036	1.620953	2.127245	1.912555	2.10447	1.30603737416	0.00326178261474	6.36842608738e-05	0.00212308642713
2.287014	1.217827	1.959042	1.74958	1.802488	1.617269	1.636024	2.128787	2.043431	1.268105	2.085953	0.003262820252	0.000887881309464	0.00156805203156
2.270894	1.209515	1.935321	1.749764	1.805464	1.600657	1.643696	2.131035	2.087021	1.675033	2.016833	0.00331091255634	0.000337028852953	0.00150646040245
2.271182	1.208491	1.971993	1.74938	1.805464	1.600705	1.643696	2.130747	2.093549	1.675153	2.029507	0.00331091356053	0.000284009561775	0.00167986920705
2.292163	1.233966	1.497315	1.774732	1.831018	1.872322	1.905952	1.90160386325	1.996903	1.824775	1.503979	0.00331481821465	0.00401063657994	0.000110565564962
2.292163	1.233966	1.497315	1.77441312345	1.831018	1.872322	1.905952	1.90160386325	1.996903	1.824775	1.503979	0.00331481821465	0.00401063657994	0.000110565564962
2.287526	1.217835	1.974658	1.74958	1.805432	1.600881	1.643704	2.127763	2.14247731921	1.695513	2.084929	0.00332311211882	0.000164328978111	0.00187739653712
2.287526	1.217835	1.974658	1.74958	1.805432	1.600881	1.643704	2.127763	2.119789	1.695513	2.084929	0.00332311211882	0.000279051958402	0.00153951577687
2.287526	1.217835	1.974658	1.74958	1.805432	1.600881	1.643704	2.127763	2.119789	1.695513	3.17631453667	0.00332311211882	0.00195395076324	0.000129659583648
2.280226	1.209513	1.89005	1.711317	1.785015	1.600865	1.627384	2.197403	1.981199	1.57143	1.996723	0.00333236009563	0.000454466915854	0.0013960130334
2.280226	1.209001	1.855214	1.711445	1.792815	1.600865	1.627312	2.193035	1.981903	1.57143	2.090931	0.00333236009563	0.000656867302753	0.00113598155966
2.28845	1.227169	1.932912	1.775148	1.833065	1.600849	1.627305	2.131292	1.91039	2.316295	1.868483	0.00337524468072	0.00124532709022	0.000687272698662
2.28845	1.227169	1.932912	1.775148	1.833065	1.600849	1.627305	2.131292	1.91039	2.316295	1.88674600177	0.00337524468072	0.00129357565476	0.000644256224241
2.285507	1.225774	1.529507	1.774892	1.825346	1.862826	1.8893	1.883998	1.995018	2.464919	0.821217	0.00338309095436	0.00376780423105	2.73958769348e-05
2.270894	1.217195	1.974682	1.749484	1.80444	1.600833	1.643704	2.131027	2.119789	1.679129	2.084929	0.00338929493987	7.0055037726e-05	0.0018224821971
2.291622	1.238945	1.807762	1.822093	1.867663	1.67752367524	1.692976	2.13213	1.998383	1.676546	1.941569	0.00339511229593	0.00320184053549	3.75933687546e-05
2.291918	1.228931	1.832906	1.758296	1.807181	1.600705	1.627624	2.166526	1.907555	2.345095	1.483393	0.00340328845575	0.000528373440651	0.00134619097986
2.287794	1.21753835222	1.946866	1.816121	1.861563	1.600809	1.643555	2.123736	2.039209	1.623102	1.570785	0.00341108363267	0.000141966062726	0.00179332932259
2.28346	1.202849	1.606939	1.722913	1.786811	1.600565	1.688944	2.119309	2.176423	1.629911	2.486858	0.00341696460061	5.01193718253e-05	0.00199099735785
2.287558	1.216843	1.972866	1.751884	1.79724	1.600665	1.641656	2.127763	2.131369	1.695513	2.019393	0.00341853034152	3.23770385377e-05	0.00190290556096
2.287526	1.217803	1.956226	1.749596	1.805419	1.600689	1.66383621849	2.127754	2.125783	2.7161063383	1.038307	0.00342245246984	0.000833257456016	0.00109955753738
2.287526	1.217803	1.956226	1.749596	1.805419	1.600689	1.67263959374	2.127754	2.125783	2.7161063383	1.038307	0.00342245246984	0.000833257456016	0.00109955753738
2.292391	1.217569	1.76005	1.742448	1.799359	1.600373	1.68676	2.128154	2.125577	1.595292	1.877953	0.00342679934582	1.79701301988e-05	0.00190939248421
2.271652	1.208497	1.67424526991	1.79107	1.834811	1.600833	1.692216	2.131844	2.047855	1.76050181536	2.066369	0.00342872551769	0.0010131853791	0.000775867309698
2.271652	1.208497	1.68428847906	1.79107	1.834811	1.600833	1.692216	2.131844	2.047855	1.76050181536	2.066369	0.00342872551769	0.0010131853791	0.000775867309698
2.283719	1.241669	1.736643	1.77454	1.833891	1.87104	1.905776	1.92165141018	1.990559	1.583135	1.898474	0.00343431159768	0.00420129595296	2.50540530107e-05
2.271652	1.208497	1.67424526991	1.79107	1.834811	1.600833	1.692216	2.131844	2.047855	1.576645	2.066369	0.0034408628718	0.000737076084177	0.00103153071487
2.271652	1.208497	1.67424526991	1.79107	1.834811	1.600833	1.692216	2.131844	2.047855	1.576645	2.48687073747	0.0034408628718	0.00154192838522	0.000315788227578
2.284102	1.204397	1.899803	1.786917	1.831783	1.600657	1.685164	2.129556	1.991195	1.476921	1.874645	0.00344989576976	0.000554104433197	0.00132260216806
2.292802	1.225673	1.593071	1.720919	1.792815	1.600917	1.685168	2.127499	2.129367	2.070537	1.30426	0.00345454104952	5.72679437591e-05	0.00188427453803
2.292718	1.238239	1.80237	1.791314	1.851263	1.600513	1.623736	2.131758	2.126859	1.644186	2.025953	0.00345829400678	0.000238095882362	0.00158502563009
2.29610297315	1.242154	1.496835	1.775852	1.835106	1.870272	1.905928	1.859388	1.995383	2.25779993715	0.980044	0.00347784838071	0.00346976806644	2.27215676501e-05
2.278831	1.202977	1.852698	1.750098	1.802363	1.600549	1.705464	2.128106	1.905707	1.577204	2.487009	0.00347934895587	0.00154633609844	0.000299954754959
2.283623	1.241262	1.932178	1.78318	1.832374	1.870032	1.906152	1.869876	2.050871	2.345823	0.847939	0.00348027220998	0.00345484800014	2.19145819832e-05
2.283719	1.241534	1.927698	1.782668	1.832374	1.871056	1.906152	1.869876	1.985335	2.345839	0.849987	0.00348028225189	0.00308521871578	2.32600617981e-05
2.278893	1.211361	1.815698	1.746346	1.805051	1.600817	1.688623	2.12853	1.929891	1.806082	2.086625	0.0034808417017	0.000986335274182	0.000897215192831
2.29099	1.230401	1.869698	1.774267	1.834747	1.600369	1.6689	2.160605	1.979527	1.820834	1.960897	0.00348120939514	0.00119176650093	0.00056381837602
2.278509	1.211361	1.815698	1.745834	1.805035	1.600801	1.694511	2.131786	1.995531	2.34525	2.086881	0.00349653359033	0.00192766558452	0.000127242765036
2.278252	1.227177	1.65237148937	1.815765	1.863911	1.600801	1.631368	2.137876	1.987343	1.804518	1.685473	0.00349729608453	0.00018629880796	0.0016667815549
2.289606	1.21559272578	1.811434	1.810471	1.856747	1.600775	1.692466	2.127962	1.983523	1.777294	2.3942496424	0.00349940124461	0.00205111592292	9.60372500638e-05
2.292355	1.241258	1.702915	1.774524	1.825534	1.870066	1.90596	1.86376	1.995143	1.574743	2.090946	0.00350310540914	0.00363095676431	1.12276985885e-05
2.28372	1.241249	1.832988	1.758288	1.823563	1.600706	1.627624	2.116678	1.907555	2.345095	1.030083	0.00352141700393	4.29709700251e-07	0.00198979722532
2.266438	1.206561	1.906875	1.788449	1.831915	1.600721	1.700524	2.126996	1.999371	1.494169	1.874645	0.00353972048255	0.000336667987543	0.00153128659227
2.293966	1.233587	1.772138	1.733696	1.798031	1.600209	1.70526	2.164497	1.922319	1.756332	2.029545	0.00354050444746	0.00118674875332	0.000624036060305
2.293606	1.217707	1.971934	1.713484	1.790296	1.600641	1.741592	2.127772	2.054267	1.650177	1.495105	0.00355460167956	0.000114533847531	0.00170060666949
2.285133	1.226881	1.860792	1.756262	1.839067	1.600553	1.622752	2.127786	1.921319	1.907988	1.374145	0.0035557711931	4.64195416012e-06	0.00196145754407
2.268102	1.21625012618	1.962194	1.80016406552	1.851517	1.600881	1.692856	2.193251	2.000743	1.80931	1.47401355001	0.00355847403173	3.52121935741e-05	0.00154691728387
2.28346	1.215137	1.591771	1.73438209637	1.802363	1.600181	1.717616	2.119307	2.10831024264	1.613045	2.47287552852	0.00356109042222	0.00115477779639	0.000767696062525
2.279643	1.221281	1.845344	1.750118	1.823503	1.600853	1.671564	2.131714	1.928549	1.81837	1.865665	0.0035691570174	0.000537807493515	0.00127079368826
2.290662	1.217537	1.779656	1.750477	1.798347	1.600817	1.70308	2.131762	2.010864	1.612834	2.086337	0.00357170109507	0.00115566277585	0.000675426562914
2.290662	1.217537	1.78808706009	1.750477	1.798347	1.600817	1.70308	2.131762	2.010864	1.612834	2.086337	0.00357170109507	0.00115566277585	0.000675426562914
2.290662	1.217537	1.76240485801	1.750477	1.798347	1.600817	1.70308	2.131762	2.010864	1.612834	2.086337	0.00357170109507	0.00115566277585	0.000675426562914
2.284462	1.212067	1.998809	1.774868	1.835909	1.601793	1.681623	2.196234	1.921931	2.426915	1.734611	0.00357697421173	0.00201754040372	2.41741418501e-05
2.289614	1.232745	1.811274	1.813537	1.858571	1.600775	1.692914	2.124874	1.994915	1.772174	2.030577	0.00357851396742	0.00131628439949	0.000525943848731
2.286894	1.233699	1.782146	1.749492	1.806049	1.600885	1.692456	2.153619	1.933419	1.695245	1.357761	0.00357987190991	1.47633697105e-05	0.0019565680386
2.270958	1.209515	1.804234	1.790728	1.839177	1.600661	1.75128	2.192431	1.925227	2.254616	1.496241	0.00358064885551	0.00130573767828	0.000382708031285
2.289606	1.234793	1.811434	1.810471	1.856747	1.600775	1.6503521186	2.127962	1.983523	1.777294	2.3942496424	0.00358506012624	0.00187247250885	7.86436051563e-05
2.284476	1.224867	1.5621948106	1.748853	1.802361	1.600657	1.705329	2.16430938261	1.921319	1.694947	1.607553	0.00358874123028	0.000387098928607	0.00144936099355
2.278829	1.220833	1.838714	1.749586	1.805147	1.600705	1.699375	2.12853	1.929899	1.648002	2.086625	0.00359197723544	0.000897332546396	0.00100723630791
2.27527	1.214627	1.964506	1.750012	1.802363	1.600945	1.683824	2.184139	1.942279	1.613044	2.030145	0.00359306867044	0.00098629875804	0.000891769074178
2.291622	1.238945	1.807762	1.822093	1.867663	1.657233	1.692976	2.13213	1.998383	1.676546	1.941569	0.0035996885654	0.00286407265963	1.15691156015e-05
2.282428	1.224867	1.963977	1.774536	1.831021	1.600705	1.708443	2.19707	1.887035	1.789795	1.577377	0.00360525396463	0.000512269821724	0.00130559753163
2.293998	1.235615	1.878137	1.726416	1.788525	1.600861	1.691784	2.175724	2.000041	1.809509	1.606785	0.00360779427061	0.000530169175668	0.00126488200095
2.266438	1.204397	1.902779	1.786913	1.831915	1.600657	1.733292	2.132116	1.991179	1.476761	1.874645	0.00360999355416	0.000430806603399	0.00139917269266
2.282478	1.222747	1.784594	1.788268	1.838248	1.65079638513	1.685688	2.1979045283	2.045111	1.691397	1.933185	0.00361316068257	0.00264916871587	1.43061555826e-05
2.292668	1.241251	1.962873	1.774536	1.831021	1.600529	1.705371	2.197066	1.888555	1.78969941803	1.577405	0.00361357613866	0.000479471881563	0.00133455797109
2.265774	1.241761	1.899154	1.749512	1.806491	1.600769	1.638282	2.13191	1.933775	1.683367	2.084881	0.0036162446821	0.000467090761183	0.00137150343027
2.280366	1.227043	1.864994	1.774044	1.842189	1.600801	1.627376	2.17588515053	1.95321804823	2.403429	1.488546	0.0036185162656	0.000317095335061	0.00139345757879
2.279278	1.222363	1.833842	1.781076	1.833199	1.600657	1.686888	2.195247	2.052783	1.207564	2.007737	0.00361953817846	0.000269315036354	0.00139582473674
2.285478	1.226881	1.92633	1.774668	1.839995	1.600529	1.745592	2.187179	1.986823	1.78509	2.027585	0.00362698078958	0.00180157319581	8.79225723058e-06
2.284462	1.227421	1.823026	1.785932	1.841149	1.600881	1.692664	2.191595	1.999983	1.807262	2.039457	0.00363733200131	0.00154937982634	0.000180491907576
2.280366	1.229127	1.996025	1.776916	1.835789	1.600545	1.69846419134	2.16609	1.933679	2.436323	1.710025	0.00364068977466	0.0014575503195	0.000321075018292
2.268102	1.21625012618	1.962194	1.80016406552	1.851517	1.600881	1.73558168838	2.193251	2.000743	1.80931	1.47401355001	0.00364560344397	0.000384864999877	0.00135707700958
2.283308	1.224867	1.995737	1.77722	1.824845	1.600753	1.692439	2.1856527416	1.930027	1.678563	1.983907	0.00365069248805	0.00111972229941	0.000605376068659
2.283308	1.224867	1.995737	1.77722	1.824845	1.600753	1.692439	2.197322	1.930027	1.678563	1.983907	0.00365069248805	0.00111972229941	0.000605376068659
2.278308	1.22057531676	1.955026	1.78978217093	1.847421	1.600829	1.69176	2.132323	1.991719	1.693718	1.870305	0.00365114186347	0.000637234506036	0.00124672482345
2.285502	1.224867	1.827434	1.774888	1.826334	1.600529	1.690984	2.164559	2.060591	1.076652	2.016905	0.00365698254078	0.000252156745306	0.00151161269555
2.290606	1.234595	1.779946	1.774832	1.833117	1.600657	1.725288	2.17470662884	1.924527	1.682816	2.031049	0.00365920068653	0.00128149095953	0.000467180807839
2.280358	1.229159	1.80898213247	1.785108	1.847421	1.600545	1.685361	2.166082	1.926183	2.480355	1.742793	0.00366429231766	0.00151119682913	0.000271085360032
2.27563	1.226589	1.79923779684	1.806813	1.871995	1.600827	1.621229	2.132136	1.995047	1.657026	2.000737	0.00366489128741	0.000469468606474	0.00131047669112
2.27563	1.226589	1.783954	1.806813	1.871995	1.600827	1.621229	2.132136	1.995047	1.657026	2.000737	0.00366489128741	0.000469470754483	0.00131047462193
2.293802	1.235459	1.765031	1.71664	1.780833	1.600809	1.701298	2.193287	1.913111	2.436469	1.111989	0.00366739808122	0.000589464947372	0.00123975163962
2.278308	1.238757	1.955026	1.78978217093	1.847421	1.600829	1.69176	2.132323	1.97157219579	1.693718	1.870305	0.00367120992063	0.00059188790084	0.00118328954247
2.2803	1.257641	1.965986	1.76308218103	1.839175	1.600609	1.631472	2.137555	1.989391	1.640678	1.685473	0.0036720655455	2.79046690192e-05	0.00182012331592
2.28038	1.233061	1.96019	1.81561	1.858125	1.600669	1.705176	2.190691	1.924107	1.69385	1.870305	0.00367220254023	0.000679554567406	0.00105664659185
2.277924	1.239701	1.955026	1.791942	1.847405	1.600893	1.690864	2.168451	1.999911	1.645782	1.837537	0.00367429469465	0.000511354770149	0.0012511363451
2.28346	1.215137	1.591771	1.750143	1.802363	1.600181	1.717616	2.119307	2.130607	1.613045	1.942193	0.00367922352968	6.48924137839e-06	0.00184422321864
2.292718	1.230947	1.763722	1.825089	1.866893	1.600645	1.750984	2.197295	1.920427	1.650317	2.013153	0.00368064693301	0.00138004588065	0.000330731946769
2.2787	1.226569	1.81153	1.758812	1.819979	1.600801	1.71308	2.148714	1.990747	1.672199	2.013569	0.00368132225049	0.000875717137931	0.000903751776731
2.294242	1.238211	1.926913	1.718584	1.802029	1.600641	1.74228	2.192332	1.929835	1.778839	1.492033	0.00368381341051	0.000467756643785	0.00135350351151
2.29246	1.203082	1.594571	1.71348	1.790029	1.60064	1.823976	2.131711	1.924907	1.907958	1.880707	0.00368467874873	0.00190751082177	8.74052737999e-06
2.284486	1.234518	1.783506	1.775084	1.839203	1.600817	1.705144	2.126054	1.995367	1.699122	1.868385	0.00369008554628	0.000965089323162	0.000876072168365
2.263078	1.227181	1.805326	1.815888	1.863917	1.600821	1.682824	2.195223	1.987363	1.812773	1.898369	0.00369354083771	0.000694698026581	0.00100993660611
2.285518	1.232551	1.79020133238	1.797152	1.858573	1.600645	1.7134	2.190413	1.994927	1.690407	1.900129	0.00369967389786	0.00115773560395	0.000560981511022
2.263974	1.216673	1.861832	1.79138016424	1.852439	1.600529	1.65804	2.121898	1.996199	1.64941	2.18020808021	0.00369973664002	0.000548826776574	0.00111164369963
2.283438	1.230915	1.763818	1.775856	1.835151	1.600657	1.709416	2.164527	1.920431	1.191212	2.029513	0.00370110782373	0.000486184407793	0.00130557683969
2.279342	1.221795	1.82565	1.774804	1.82018966815	1.600657	1.693032	2.164527	2.052527	1.207724	2.029193	0.00370171904259	0.00022482119049	0.00146830032639
2.28039	1.233059	1.928899	1.773418	1.835541	1.600705	1.740848	2.195148	1.924343	1.713765	1.408481	0.00370177852283	1.37881738998e-05	0.00181293493591
2.283429	1.233861	1.758386	1.815674	1.868729	1.600653	1.627488	2.195195	2.073637	1.576034	2.007529	0.00370527522599	0.000855663331569	0.000807238360192
2.293926	1.229955	1.763778	1.717704	1.782159	1.600785	1.709102	2.164637	1.925391	1.232036	2.029547	0.00370922953506	0.000449023862585	0.00134104903272
2.290636	1.203146	1.594683	1.712136	1.7863187348	1.608752	1.823464	2.131661	2.057195	1.907958	1.880715	0.00371239269558	0.00210274974868	1.71994955248e-07
2.266406	1.22658871171	1.800834	1.820079	1.871995	1.600817	1.705196	2.129044	2.0004085611	1.812674	2.090977	0.00371265004499	0.00122409617526	0.000528184785851
2.278318	1.236187	1.779866	1.804056	1.855823	1.600513	1.687016	2.184463	1.999911	1.806085	2.011504	0.00371684180101	0.0012041712494	0.000542253235973
2.292462	1.234275	1.84537	1.807704	1.855549	1.600641	1.713352	2.178782	1.924907	1.676941	2.013409	0.00371812739088	0.00127744196371	0.000511732624222
2.271508	1.228513	1.75314	1.79875	1.862663	1.600641	1.685752	2.131852	2.048871	2.26021347675	1.835765	0.00372817428306	0.00136694088144	0.00037584451473
2.278318	1.246881	1.787658	1.783992	1.842299	1.600401	1.68952	2.188439	1.914039	1.83021	2.013099	0.00373016272965	0.0010947194817	0.000656365147629
2.277576	1.235625	1.904278	1.801232	1.856637	1.600113	1.696552	2.160355	2.017035	1.957786	1.362377	0.00373396134783	0.000208614467161	0.00152791794441
2.281574	1.234107	1.780226	1.811376	1.856251	1.600851	1.693034	2.193227	2.000424	1.644375	2.076097	0.00374979798053	0.00148408251918	0.00028896319634
2.284526	1.226371	1.995681	1.774888	1.825357	1.600657	1.705367	2.193226	1.998635	1.678543	2.016675	0.00375126775149	0.00130372714242	0.000400025116014
2.292462	1.234083	1.769666	1.801464	1.847309	1.600641	1.724616	2.16174	2.125231	2.041445	1.878009	0.00375465287904	0.00132983833246	0.000374615413484
2.280239	1.234817	1.840754	1.786322	1.851259	1.600661	1.737226	2.127722	1.935403	2.239947	2.014945	0.0037556863752	0.00195364359804	4.58972418169e-06
2.27819	1.234211	1.792138	1.80332	1.850893	1.600641	1.684776	2.156719	1.894571	1.810061	2.32576682364	0.00376655771572	0.00157112626331	0.000171548851034
2.278318	1.234139	1.77985	1.8036	1.850423	1.600513	1.69380133713	2.193167	1.885223	1.804037	1.760304	0.00376660963239	0.000472795871476	0.00125213162742
2.278318	1.234139	1.77985	1.8036	1.850423	1.600513	1.687016	2.193167	1.885223	1.804037	1.760304	0.00376660963239	0.000472795871476	0.00125213162742
2.278318	1.234139	1.77985	1.8036	1.850423	1.600513	1.687016	2.193167	1.885223	1.804037	1.98458193706	0.00376660963239	0.000843718256892	0.000853077215252
2.280388	1.241592	1.970706	1.80106683607	1.851573	1.600721	1.692904	2.16091600384	1.985339	2.345838	1.898561	0.00377781459525	0.00167428436641	8.96501518369e-05
2.280366	1.229127	1.996025	1.776916	1.84658529635	1.600545	1.681111	2.19559319177	1.933679	2.56475431772	1.710025	0.00377854804323	0.00152505148327	0.00018171480124
2.284206	1.210075	1.82558	1.78379703474	1.84576724727	1.600673	1.673332736	2.197255	1.91421340251	1.612053	1.893041	0.00378571090275	0.000813732059718	0.000992073254158
2.278822	1.230497	1.825041	1.773471	1.851627	1.600689	1.685816	2.150377	1.913135	1.44413	2.360753	0.0037931071041	0.00121377069891	0.000525434827002
2.268078	1.243805	1.823034	1.785708	1.841661	1.600881	1.692664	2.193579	1.998983	1.807262	2.039457	0.00380580485178	0.00127283878172	0.000446389546355
2.278414	1.233059	1.882761	1.783288	1.835021	1.600769	1.780791	2.197322	1.935371	2.455523	1.075169	0.00381285960933	0.00111211620168	0.000555251912789
2.291398	1.226915	1.98106	1.795032	1.858181	1.600657	1.77476	2.197455	1.881227	1.804429	1.373761	0.00381438376395	0.000459407335159	0.00130275445905
2.272202	1.234083	1.762571	1.774864	1.847809	1.600641	1.70108	2.182054	1.886391	2.429985	1.897137	0.00381615314761	0.00169729812834	4.09723625845e-05
2.28279	1.234089	1.778666	1.81429472534	1.856523	1.600519	1.725234	2.127962	1.983523	1.52807827384	2.030565	0.0038211549823	0.001060248243	0.000757447344558
2.27835	1.237239	1.868346	1.709074	1.803597	1.600705	1.757912	2.197581	1.929387	1.691421	1.865667	0.00382559411861	0.00065965326964	0.00107773581727
2.266305	1.228513	1.800756	1.798747	1.862971	1.600661	1.704114	2.162353	2.114403	2.295811	2.091381	0.00382651539226	0.00174143970083	4.91251844835e-06
2.284194	1.209472	1.583687	1.714744	1.782125	1.60082	1.90084736965	2.131865	2.048313	1.70085437145	1.341362	0.00383099583517	0.000826207692468	0.000984001328297
2.28011	1.229991	1.778762	1.793648	1.834109	1.600705	1.758068	2.17845276287	1.979499	1.731623	2.093665	0.00383113966945	0.00148874369739	0.000149989918569
2.261969	1.203149	1.666767	1.761289	1.802479	1.600821	1.6922	2.196897	1.995055	1.907957	1.749649	0.00383278164815	0.000505591663629	0.00109856432425
2.287598	1.242403	1.751637	1.766392	1.825341	1.600723	1.762088	2.191308	1.928267	1.678349	1.500993	0.00383465457893	0.000403372240196	0.00131843481131
2.2374051889	1.227181	1.805326	1.815888	1.863917	1.600821	1.682824	2.195223	1.987363	1.812773	1.898369	0.00383944103361	0.000405348407918	0.00123746931862
2.289778	1.20470972941	1.790338	1.740688	1.839272	1.600801	1.694368	2.197383	1.881245	1.810181	2.029489	0.00384429146668	0.00125305562442	0.000494955599131
2.27419	1.24892	1.797822	1.798488	1.856925	1.600657	1.744692	2.191247	1.966891	1.676773	1.893441	0.00384598068504	0.000888452679697	0.000779498745199
2.29355	1.227939	1.76255	1.717496	1.753161	1.600673	1.724632	2.17487020529	1.889707	1.613573	2.012331	0.00384655668616	0.00101435604368	0.000745673630601
2.286502	1.259681	1.706644	1.82680385585	1.888189	1.600721	1.684664	2.148051	1.906565	1.60899	1.895097	0.00384783016812	0.000830572445524	0.000964652295043
2.286502	1.259681	1.706644	1.82316	1.888189	1.600721	1.684664	2.148051	1.906565	1.60899	1.895097	0.00384783016812	0.000830572445524	0.000964652295043
2.280366	1.242333	1.813194	1.803564	1.841661	1.600513	1.684472	2.197675	2.001031	1.77987	2.036641	0.00384931043142	0.00120466099531	0.000451901879217
2.280366	1.250523	1.798682	1.815888	1.868269	1.600515	1.70097	2.197451	1.990323	1.645573	2.028449	0.00385112866867	0.00106286881325	0.00067441472704
2.282118	1.246113	1.800057	1.774681	1.852237	1.600658	1.718216	2.195378	1.990953	1.733487	2.006177	0.00385954815762	0.00158433221892	0.000146497119069
2.271172	1.216842	1.448579	1.744918	1.79417	1.60068	1.823281	2.19398973328	2.056937	1.695514	1.888323	0.00388036856965	0.00119847258313	0.000409470986702
2.271172	1.216842	1.448579	1.744918	1.79417	1.60068	1.823281	2.195348	2.056937	1.695514	1.888323	0.00388036856965	0.00119847258313	0.000409470986702
2.23629	1.230489	1.848308	1.815856	1.852829	1.600913	1.703736	2.131908	2.07010149688	1.95466949918	2.418609	0.00388136590043	0.00105137052431	0.000719365897867
2.284526	1.226919	1.82177	1.797168	1.858557	1.600645	1.758456	2.191439	1.999979	1.39330733969	1.848929	0.00388374454095	0.000693065540202	0.000995292920048
2.23629	1.230489	1.848308	1.815856	1.852829	1.600913	1.703736	2.131908	2.065457	1.804309	2.418609	0.00388379453549	0.000805056253817	0.000924425094156
2.23629	1.230489	1.848308	1.815856	1.852829	1.600913	1.703736	2.131908	2.07010149688	1.804309	2.418609	0.00388379453549	0.000805056253817	0.000924425094156
2.25572034901	1.234793	1.811434	1.810471	1.856747	1.600775	1.692466	2.127962	1.983523	1.777294	2.3942496424	0.0038860840683	0.0014314713496	0.000307681125419
2.277326	1.232544	1.847066	1.799208	1.858573	1.600641	1.778936	2.191085	1.962027	1.690405	1.900129	0.00389182757474	0.00105430470378	0.000578068915216
2.261774	1.235121	1.778605	1.754573	1.8404574605	1.600834	1.705128	2.19333	1.995753	1.627407	1.897585	0.00389385113661	0.00032047844828	0.00125861027389
2.284448	1.235262	1.444663	1.70853	1.788911	1.600788	1.817825	2.1897	1.893574	1.695495	1.890235	0.00389676065549	0.00112896303151	0.00052490304414
2.29256	1.217441	1.92165614028	1.824177	1.871853	1.600662	1.70244	2.190242	1.995113	1.416168	1.898481	0.00389727420588	0.000685470182522	0.00100050728897
2.283138	1.239715	1.820498	1.77468	1.849613	1.600801	1.74496382885	2.161742	1.958573	2.416229	1.490082	0.00390658003575	0.00165375155418	2.835027908e-05
2.25701	1.227238	1.866114	1.74088	1.839302	1.600641	1.694432	2.197383	1.997981	1.650437	2.029105	0.00391217300072	0.000709242191414	0.000960302849219
2.279724	1.224859	1.800889	1.787204	1.825869	1.600753	1.692439	2.185034	1.929961	1.673251	1.984435	0.00391444505467	0.000806654372061	0.000897626962441
2.283724	1.22164	1.569788	1.7420030318	1.787235	1.600824	1.809368	2.127619	1.921667	1.81018	1.934469	0.00391649794221	0.00161859939682	0.000140941333133
2.290854	1.261857	1.78279954084	1.83749	1.888763	1.600817	1.703736	2.128914	2.000047	1.76448079671	2.307173	0.00392549286894	0.0019214406562	1.02813757475e-06
2.284476	1.224867	1.995641	1.78541225506	1.825357	1.600657	1.705367	2.197322	1.92379933305	1.678563	1.98390656845	0.00393546136427	0.0011204118101	0.000519003771997
2.284476	1.224867	1.995641	1.78541225506	1.825357	1.600657	1.705367	2.197322	1.921323	1.678563	1.98390656845	0.00393546136427	0.0011204118101	0.000519003771997
2.28859	1.269925	1.793329	1.840341	1.891261	1.600441	1.689024	2.164457	1.917495	1.497314	2.319809	0.0039502917339	0.00163321444593	0.00010169493021
2.264623	1.245313	1.983982	1.755928	1.855591	1.600661	1.614504	2.13188	1.998439	1.690978	1.870281	0.00395843324807	1.33113160365e-05	0.00182067992911
2.280238	1.238179	1.84545	1.791256	1.855501	1.600657	1.75428	2.191439	1.924523	1.806349	1.488481	0.0039698136453	0.000177083851952	0.0015162663129
2.21483	1.230171	1.60454802644	1.71912	1.780205	1.600659	1.694966	2.197189	2.011985	1.645573	2.025377	0.00397690435107	1.65354766351e-05	0.00167783518934
2.283206	1.208993	1.865351	1.780684	1.852029	1.600881	1.704376	2.193139	1.999147	1.678622	2.028969	0.00398040152582	0.00135734572794	0.000349118804805
2.23431	1.239713	1.808212	1.815408	1.858059	1.600657	1.704763	2.13178	2.049159	1.645597	1.963809	0.00398985821223	3.18130845233e-06	0.0018414339451
2.29067	1.242145	1.78293	1.784152	1.868901	1.600555	1.696828	2.182953	2.000043	1.624837	1.373633	0.00399045031797	1.54452605649e-06	0.00177521559817
2.240462	1.232547	1.769034	1.797144	1.858573	1.600739	1.713656	2.197581	1.994923	1.690423	2.014817	0.00399157078838	0.000653067475905	0.00101558964416
2.27403	1.256355	1.83852820528	1.807704	1.855549	1.600481	1.737192	2.186974	1.926251	1.677197	1.9793109235	0.00399595806056	0.000991140368959	0.000736060155197
2.27403	1.256355	1.851386	1.807704	1.855549	1.600481	1.737192	2.186974	1.926251	1.677197	1.9793109235	0.00399595806056	0.000991140368959	0.000736060155197
2.284224	1.246368	1.74075	1.774781	1.851898	1.600592	1.817577	2.190182	1.929431	1.719288	1.897897	0.00401762186342	0.0014804781611	0.000296615075816
2.283302	1.236651	1.733752	1.803376	1.835917	1.600801	1.694934	2.197599	1.921963	1.657605	2.023489	0.00402127213247	0.00115443196704	0.000446691648682
2.282304	1.226932	1.690734	1.781865	1.84223	1.600744	1.817851	2.19735	1.999975	1.653752	1.836201	0.00402254865693	0.00139652540104	0.000325339627161
2.267078	1.242787	1.848538	1.809976	1.858937	1.600913	1.758712	2.185187	1.907751	1.676941	1.881665	0.00402714469811	0.000788396300716	0.0009236491464
2.27403	1.256355	1.850642	1.783641	1.856125	1.600481	1.76996	2.186915	1.925127	1.649805	1.890273	0.00402842839245	0.000832681789766	0.000875691436665
2.271396	1.210105	1.44287	2.146779	1.912943	1.600885	1.699488	2.159333	2.098693	1.694873	1.896513	0.00403470763729	0.00100201788346	0.000726891556508
2.229198	1.234979	1.769034	1.797208	1.850381	1.600739	1.713656	2.193643	1.994795	1.573943	2.014817	0.00404117222855	0.000263206100483	0.00141929767367
2.282913	1.233581	1.69291	1.848671	1.888527	1.600829	1.71738	2.157985	1.995983	1.771783	1.892689	0.004043617556	0.00129630792143	0.000400650012607
2.280096	1.25355	1.735195	1.815606	1.865034	1.60064	1.814195	2.19759	1.931439	1.645839	1.881385	0.00404436492207	0.00100106846375	0.000681220306162
2.263217	1.224877	1.43259143507	1.816121	1.870843	1.600821	1.698856	2.156505	2.044331	1.759877	1.570641	0.00404521072318	1.01967038659e-05	0.00175274001275
2.285454	1.230555	1.83582	1.781072	1.801453	1.600673	1.686888	2.197287	1.918123	1.808661	2.007729	0.00404745426596	0.00129553034239	0.000352847492424
2.285454	1.230555	1.83582	1.781072	1.801453	1.600673	1.686888	2.19372525417	1.918123	1.808661	2.007729	0.00404745426596	0.00129553034239	0.000352847492424
2.262182	1.265837	1.754338	1.811005	1.871595	1.600819	1.701176	2.157985	1.995023	1.776274	1.894729	0.00404945775867	0.000548208150157	0.0010578032713
2.263982	1.254561	1.864696	1.780759	1.85741	1.600817	1.686768	2.122069	1.996199	1.641218	1.733697	0.00405212061074	3.67201413762e-07	0.00185628661976
2.290414	1.229915	1.80813	1.784144	1.868909	1.600515	1.699852	2.182969	1.988267	1.592325	1.374065	0.00405362314187	1.19418464537e-06	0.00182208491185
2.276142	1.222915	1.83751	1.7495	1.77645159601	1.600401	1.82558	2.190283	1.920303	1.908237	1.497057	0.00406197873265	0.000842309163386	0.000875300358996
2.27435	1.264289	1.829339	1.741556	1.851497	1.600821	1.68492	2.192302	2.131127	2.464365	1.898473	0.00406662558686	0.00157420221133	0.000137196091962
2.266918	1.227435	1.73388	1.80344	1.835917	1.600801	1.705146	2.197571	1.921959	1.690373	2.029505	0.00407186286861	0.000976531763874	0.000770909520834
2.276296	1.253518	1.730827	1.774676	1.850618	1.60082	1.823995	2.19099	1.924535	1.646143	1.865129	0.0040748689578	0.000928848125546	0.000733010163216
2.291906	1.21524581303	1.848308	1.741304	1.754525	1.600513	1.742136	2.153229	1.911979	1.810181	2.024577	0.00407613697745	0.00146312654929	0.000269359652222
2.23629	1.248921	1.765044	1.8156	1.852829	1.600913	1.695544	2.131844	1.934081	2.287077	2.417729	0.00408271394372	0.00172916598087	6.61703061497e-06
2.27883	1.231011	1.865482	1.774552	1.862829	1.600657	1.755944	2.193519	1.891755	1.677027	1.750593	0.00408553123883	0.00050337062295	0.00122178068958
2.290854	1.266337	1.778834	1.82382	1.889019	1.600817	1.705272	2.129042	1.912359	2.3169373002	1.885249	0.0040915814531	0.00185439916623	2.36690610373e-06
2.244486	1.230913	1.807444	1.774494	1.80062378823	1.600705	1.626936	2.131396	2.059531	1.698589	2.946049	0.00409315992142	0.00167583737648	1.55936979647e-05
2.244486	1.230913	1.807444	1.774494	1.799147	1.600705	1.626936	2.131396	2.059531	1.698589	2.946049	0.00409315992142	0.00167583737648	1.55936979647e-05
2.230822	1.260243	1.959174	1.749912	1.823496	1.600337	1.680588	2.130842	1.923625	1.612053	2.095025	0.00410052247766	8.9742710466e-06	0.0017578757523
2.284074	1.246883	1.789223	1.7512	1.781057	1.600785	1.689522	2.194967	1.914039	2.452853	1.619893	0.00410725125328	0.00146417477739	0.000254540084671
2.282478	1.233123	1.844362	1.797432	1.867325	1.600645	1.755336	2.172815	1.891627	1.775245	2.013121	0.0041187845484	0.00145412424611	0.000221257098906
2.284462	1.224587	1.82811	1.816914	1.844233	1.600523	1.709296	2.197381	1.954987	2.449157	1.504205	0.00412118070654	0.00162927499853	8.68050100632e-05
2.283942	1.241259	1.800906	1.815824	1.850669	1.600931	1.692968	2.17359895271	1.996521	1.119077	1.908657	0.00412226120089	0.000267549373455	0.00140315175276
2.263089	1.266337	1.623274	1.807621	1.874299	1.600821	1.757736	2.160033	1.995179	1.776129	1.894737	0.0041419568774	0.000832439064818	0.000802901329532
2.280392	1.25355	1.736267	1.81303002971	1.856822	1.600752	1.818355	2.193494	1.930671	1.645631	1.881385	0.00415335735176	0.00102458915566	0.000673148380301
2.268102	1.233059	1.848586	1.78153740713	1.855989	1.600689	1.758392	2.178723	1.990663	1.649677	1.881665	0.00415848100411	0.000842300571352	0.000783281231862
2.28427	1.210658	1.499147	2.053969	1.85653260381	1.60074	1.852464	2.130693	1.918089	1.613575	1.500363	0.00415857653252	0.000913790586707	0.000709183394109
2.28427	1.210658	1.499147	2.053969	1.855111	1.60074	1.852464	2.130693	1.918089	1.613575	1.500363	0.00415857653252	0.000913790586707	0.000709183394109
2.261958	1.252257	1.751065	1.753689	1.848269	1.600906	1.7605	2.193099	1.989685	1.648911	2.015171	0.00416645147375	0.000913163368256	0.000745772951914
2.263974	1.266849	1.927362	1.774668	1.852283	1.600913	1.772728	2.186381	1.994503	1.779458	2.023489	0.00417429487344	0.00127817013856	0.000408010135726
2.263974	1.20535163368	1.927362	1.774668	1.852283	1.600913	1.772728	2.186381	1.994503	1.779458	2.023489	0.00419458512069	0.00125607787223	0.000224383651066
2.28157511541	1.202081	1.802201	1.901201	1.868109	1.600854	1.7224407046	2.197426	1.991019	1.280207	1.935329	0.0042055901153	0.00072772580364	0.000906342407641
2.28157511541	1.202081	1.802201	1.901201	1.868109	1.600854	1.724328	2.197426	1.991019	1.280207	1.935329	0.0042055901153	0.00072772580364	0.000906342407641
2.280384	1.25355	1.733899	1.782868	1.858318	1.600816	1.823443	2.192982	1.930671	1.640511	1.865001	0.00420903846165	0.000948356337776	0.000695733632998
2.280392	1.254574	1.734411	1.774676	1.858358	1.600816	1.823475	2.192982	1.930663	1.640511	1.865001	0.00420903846165	0.000948356337776	0.000695733632998
2.278702	1.226562	1.811594	1.791224	1.866765	1.600641	1.758136	2.19919480471	1.897909	1.779341	1.488833	0.00420914879512	0.000207978656676	0.00147107718476
2.266862	1.257635	1.894522	1.7617528801	1.855737	1.600753	1.757352	2.192099	1.889319	1.805453	1.892673	0.00421885174199	0.000854703171817	0.000702365399823
2.266926	1.225899	1.865382	1.736346	1.752319	1.600657	1.825576	2.190455	1.921381	1.649517	1.882081	0.00422238641255	0.000992766411313	0.000652481270459
2.26769245796	1.225899	1.865382	1.736346	1.752319	1.600657	1.825576	2.190455	1.921381	1.649517	1.882081	0.00422238641255	0.000992766411313	0.000652481270459
2.290626	1.241251	1.894937	1.775156	1.879366	1.600817	1.6864	2.19015	1.929911	1.547565	1.876715	0.00422361740745	0.000665330455824	0.00100134117416
2.290626	1.241251	1.894937	1.775156	1.879366	1.600817	1.6864	2.19015	1.93134947696	1.547565	1.876715	0.00422361740745	0.000665330455824	0.00100134117416
2.284526	1.237219	1.84545	1.82361702869	1.855549	1.600645	1.75124	2.191503	1.924395	1.806349	2.012769	0.00422690152749	0.00166456462843	7.87560428104e-06
2.280366	1.250523	1.780426	1.836368	1.869293	1.600515	1.70327397814	2.197291	1.988779	1.648645	2.028465	0.00422959902926	0.001115780704	0.000533924730055
2.25902771652	1.223585	1.79006487643	1.753521	1.85381533153	1.600662	1.71364	2.19021041754	2.00922096798	1.42026393943	1.898481	0.00423653977905	0.000167787271624	0.00151759887384
2.26606	1.203177	1.794008	1.70804	1.737215	1.600561	1.889	2.193259	1.930275	1.580037	1.898465	0.004238699715	0.00115210782196	0.000479885659104
2.25028565562	1.253537	1.801523	1.78266775221	1.868035	1.600721	1.680296	2.164625	1.933739	1.6781	1.993841	0.00423956208846	0.000225809274351	0.00141995567737
2.187182	1.217827	1.900162	1.73409	1.774125	1.600809	1.774824	2.172847	2.115315	1.776841	2.084929	0.0042396580738	1.61894312407e-05	0.00167877874181
2.263846	1.288241	1.931364	1.788238	1.851243	1.600721	1.698408	2.132138	2.012337	1.793026	2.376385	0.00424213580582	0.00162903227359	0.000132455568469
2.261766	1.22880182278	1.823961	1.802709	1.870861	1.60079	1.779176	2.19333	1.995817	1.611023	2.029553	0.00424233858611	0.000994594366456	0.000525542425091
2.293678	1.217699	1.844098	1.771594	1.793025	1.600657	1.83975244573	2.172751	2.115315	1.776649	1.036353	0.00425050159388	0.000176334197022	0.00143666648825
2.284462	1.239393	1.796674	1.77452	1.867195	1.600641	1.77188325464	2.188609	1.979335	1.719618	2.017203	0.00425088577349	0.00162097939012	0.000132436945722
2.268101	1.266337	1.863883	1.800162	1.888395	1.600885	1.627296	2.139024	2.000805	1.771794	1.998145	0.00425479371159	0.000643047016749	0.00102392642686
2.24891	1.228451	1.942697	1.774712	1.851235	1.600809	1.781671	2.197578	1.911949	2.858211	1.105985	0.00426546191005	0.00160160435441	1.28328894422e-05
2.291246	1.231011	1.806796	1.775832	1.784813	1.600593	1.700396	2.190188	1.921451	1.821845	1.890277	0.00426565905011	0.00111688692833	0.000484108884093
2.250694	1.242785	1.80002	1.82328	1.859147	1.600913	1.693179	2.11962	2.038855	1.642269	1.898273	0.00427468859753	8.90789882964e-06	0.00176883420382
2.244486	1.230937	1.807956	1.77347	1.792491	1.600657	1.62668	2.131396	2.044171	1.907869	2.364417	0.00427641301301	0.000767940816784	0.00087289181716
2.28448	1.233598	1.722167	1.72041625111	1.723375	1.60082	1.817827	2.189572	1.893582	1.695495	1.880763	0.00428319774146	0.00124460965542	0.000404182126794
2.28448	1.233598	1.70084388409	1.72041625111	1.723375	1.60082	1.817827	2.189572	1.893582	1.695495	1.880763	0.00428319774146	0.00124460965542	0.000404182126794
2.268104	1.254542	1.734411	1.774672	1.858298	1.600816	1.823483	2.190998	1.930383	1.645631	1.865129	0.00428692038018	0.000964432032594	0.000685667004105
2.246874	1.246849	1.858626	1.816423	1.851307	1.600817	1.721384	2.163403	1.998183	1.744642	2.14458740623	0.00429086051342	0.000954188180565	0.000687502379198
2.261775	1.256097	1.41814138443	1.753725	1.868111	1.600885	1.71364	2.191305	2.056619	1.813381	1.897953	0.00429581607293	0.000770146821405	0.000851330815502
2.278694	1.233699	1.78852392697	1.77586	1.871329	1.600777	1.771114	2.185095	1.933123	2.297613	1.570753	0.004310176314	0.00149002820641	0.000127427427007
2.267352	1.255273	1.828498	1.799312	1.851387	1.600881	1.878951	2.196291	1.929703	1.784837	1.346529	0.0043386935978	0.000505058957547	0.00115898892794
2.268104	1.254542	1.734411	1.774672	1.858298	1.600816	1.823483	2.190998	1.930383	1.25403551931	1.865129	0.00434656576903	0.000222469121299	0.00143314885842
2.255182	1.233265	1.8745	1.840827	1.873915	1.600145	1.654004	2.181385	1.912231	1.646306	2.025357	0.00437204346078	0.000469797251759	0.00123192387865
2.292462	1.234595	1.832953	1.778936	1.781757	1.600733	1.679816	2.197576	1.942313	1.791873	1.636321	0.00437247767481	0.000489217395645	0.00117547833506
2.261774	1.223585	1.802201	1.753521	1.868109	1.600662	1.71364	2.19021041754	1.991017	1.64761245353	1.898481	0.00437551448902	0.000463559435384	0.00119506946401
2.26733	1.233627	1.77985	1.803472	1.81909685204	1.600801	1.693736	2.197279	1.885227	1.690501	2.023495	0.0043761613526	0.000807023829505	0.000847715933554
2.261774	1.223585	1.802201	1.753521	1.868109	1.600662	1.71364	2.19021041754	1.991017	1.611023	1.898481	0.00437807662052	0.000465585007299	0.00119370172677
2.261774	1.223585	1.802201	1.753521	1.868109	1.600662	1.71364	2.19333	1.991017	1.611023	1.898481	0.00437807662052	0.000465585007299	0.00119370172677
2.26542	1.235198	1.481313	1.74921	1.776907	1.604408	1.849128	2.13528440903	2.000014	2.426898	1.148133	0.00438269730691	0.00196710087062	6.93431847464e-07
2.26542	1.235198	1.481313	1.74921	1.776907	1.604408	1.849128	2.130823	2.000014	2.426898	1.148133	0.00438269730691	0.00196710087062	6.93431847464e-07
2.24725077653	1.227662	1.84235002605	1.717592	1.730269	1.60064	1.829555	2.160504	1.891285	1.808255	1.898117	0.00438657434786	0.000677445223164	0.000907149393307
2.280392	1.254626	1.545555	1.820278	1.85839	1.60082	1.823475	2.192898	1.930663	1.809471	1.965065	0.00439175966146	0.00159145501475	3.4528892415e-05
2.226862	1.253537	1.801523	1.78266775221	1.868035	1.600721	1.680296	2.164625	1.91798494166	1.6781	1.993841	0.00439826394781	8.64369379718e-06	0.00176681880885
2.280392	1.254574	1.734411	1.82027789382	1.858358	1.600816	1.823475	2.192982	1.930663	1.640511	1.865001	0.00440201546309	0.000975105486301	0.000653849007704
2.29099	1.225435	1.783882	1.7586	1.885037	1.600771	1.713068	2.190699	1.986011	1.812613	2.000673	0.00440312878743	0.00146902068432	0.000197926936364
2.24686468255	1.223585	1.802201	1.753521	1.868109	1.600662	1.71364	2.19333	1.991017	1.611023	1.898481	0.00444731795692	0.000253439106317	0.00138839219183
2.263462	1.23355	1.734283	1.774672	1.804154	1.600848	1.831675	2.18703	1.986519	1.667983	1.865025	0.0044533027679	0.000983072449433	0.000604980852602
2.263256	1.254449	1.833106	1.743976	1.852027	1.600709	1.903783	2.197131	1.932263	1.653765	2.029537	0.00447151679217	0.00146324468975	0.000218374711641
2.281518	1.246427	1.80089	1.819824	1.852155	1.600827	1.68049	2.193227	2.0906558744	1.730599	2.029089	0.00447485894955	0.0012312726713	0.000369456912799
2.260292	1.234081	1.779797	2.163349	1.86753787823	1.60085	1.724328	2.196414	2.000107	1.280216	2.066401	0.00449896178862	0.000766276110279	0.00088540837177
2.260292	1.234081	1.779797	2.163349	1.873645	1.60085	1.724328	2.196414	2.000107	1.280216	2.066401	0.00449896178862	0.000766276110279	0.00088540837177
2.27403	1.234561	1.752226	1.798488	1.888815	1.600705	1.747384	2.191275	1.998635	1.62939	1.896545	0.00450416731025	0.000815422542324	0.000795363255728
2.281414	1.23687312028	1.46522975808	1.742036	1.80234865605	1.666224	1.84868823782	2.06688588627	2.000809	0.629783	0.631483	0.0045147501166	3.43573321463e-07	0.00332078972327
2.281414	1.23687312028	1.46522975808	1.73913661995	1.80234865605	1.666224	1.84868823782	2.06688588627	2.000809	0.629783	0.631483	0.0045147501166	3.43573321463e-07	0.00332078972327
2.281414	1.23687312028	1.46522975808	1.742036	1.7949994853	1.666224	1.84868823782	2.06688588627	2.000809	0.629783	0.631483	0.0045147501166	3.43573321463e-07	0.00332078972327
2.225956	1.221795	1.823888	2.143498	1.870861	1.600797	1.71884	2.178963	2.073771	2.432774	1.837033	0.00451896748797	0.00148866422108	0.000188603148123
2.292684	1.245859	1.962195	1.790738	1.786061	1.600617	1.721592	2.1483	1.926571	1.695333	1.357793	0.00456437119637	1.2905126407e-05	0.00175252688577
2.23583792964	1.210787	1.79667290327	2.143418	1.848317	1.600717	1.7022	2.177939	1.920943	2.301798	2.095025	0.00458958156707	0.00152355217341	8.50420567609e-05
2.18231	1.260193	1.986187	1.793996	1.851517	1.600881	1.754296	2.193275	2.001027	1.67835	2.029561	0.00459682800985	1.95512804198e-05	0.00165569481335
2.282478	1.222363	1.784626	1.780816	1.780904	1.600513	1.685688	2.197295	2.049207	1.806085	2.029441	0.00460008013845	0.00146518004532	0.000107058281103
2.282478	1.222363	1.784626	1.780816	1.780904	1.600513	1.685688	2.19417598193	2.049207	1.806085	2.029441	0.00460008013845	0.00146518004532	0.000107058281103
2.280356	1.217618	1.700051	2.03211095767	1.87740292119	1.600884	1.91600768853	2.124037	1.914633	1.694733	1.886529	0.00461297479309	0.00190239426577	1.27644085695e-06
2.217476	1.211041	1.829185	2.134714	1.851501	1.600717	1.68492	2.18936	1.934519	2.300518	2.095025	0.00462939434439	0.0012329094537	0.000312732028014
2.29111	1.266593	1.75726666102	1.82382	1.831163	1.600817	1.70156	2.129042	1.912359	2.316675	1.889345	0.00464122377567	0.0019022460532	1.97426294413e-06
2.214786	1.242273	1.793331	2.04566	1.848579	1.600849	1.687416	2.157457	1.934375	1.652884	1.993793	0.0046503108505	1.39416546887e-06	0.0017696370511
2.280366	1.255683	1.83763	1.751484	1.733607	1.600401	1.832156	2.190059	1.922351	1.646093	1.497057	0.00468567725902	0.000171574210422	0.00146522343488
2.27898	1.264556	1.535007	2.07814	1.85594751533	1.600688	1.77260631499	2.11701090041	2.125353	1.670791	1.865667	0.0047084928397	0.000312406232737	0.00137208487379
2.27898	1.264556	1.535007	2.07814	1.85666514469	1.600688	1.77260631499	2.118569	2.125353	1.670791	1.865667	0.0047084928397	0.000312406232737	0.00137208487379
2.27898	1.264556	1.535007	2.07814	1.856399	1.600688	1.77260631499	2.118569	2.125353	1.670791	1.865667	0.0047084928397	0.000312406232737	0.00137208487379
2.27898	1.264556	1.53989230311	2.07814	1.856399	1.600688	1.77260631499	2.118569	2.125353	1.670791	1.865667	0.0047084928397	0.000312406232737	0.00137208487379
2.27898	1.264556	1.535007	2.07814	1.85594751533	1.600688	1.77260631499	2.118569	2.125353	1.670791	1.865667	0.0047084928397	0.000312406232737	0.00137208487379
2.27898	1.264556	1.535007	2.07814	1.85594751533	1.600688	1.77260631499	2.12503349852	2.125353	1.670791	1.865667	0.0047084928397	0.000312406232737	0.00137208487379
2.27661526293	1.264556	1.535007	2.07814	1.85594751533	1.600688	1.77260631499	2.11701090041	2.125353	1.670791	1.865667	0.0047084928397	0.000312406232737	0.00137208487379
2.227628	1.221292	1.951004	2.273674	1.864725	1.600739	1.634264	2.197429	1.999531	2.435298	1.841121	0.00471758757818	0.000851500491302	0.000779368385975
2.21483	1.235419	1.606148	1.718864	1.888665	1.600659	1.694968	2.197573	2.060945	1.645571	2.549665	0.00472300866592	0.00120832120161	0.00040391726996
2.187468	1.24185	1.79144875649	2.036682	1.839229	1.600553	1.701432	2.185101	1.999535	2.430202	1.897969	0.00474337257529	0.000625560080417	0.00102726817519
2.266924	1.246569	1.832594	1.742	1.724415	1.600721	1.88894	2.192467	1.929507	1.652775	2.029089	0.00475698279179	0.00148404815105	8.56855761001e-05
2.192644	1.239715	1.94408	2.036426	1.849593	1.600157	1.702328	2.194061	1.991343	2.416226	1.850545	0.00476439368947	0.000564992687744	0.00105713285244
2.220008	1.228506	1.572435	1.975333	1.831933	1.600476	1.842996	2.131717	2.044007	1.690119	1.977589	0.0047764600519	0.000458487987567	0.00118602087857
2.184108	1.226915	1.845776	2.13628	1.866749	1.600721	1.692712	2.185097	2.000007	2.594854	1.836017	0.00479654868628	0.000793005926729	0.00083871493958
2.220008	1.228506	1.572435	1.975333	1.831933	1.600476	1.842996	2.131717	2.044007	2.18478642749	1.977589	0.00479998121153	0.00170221277155	7.3045067322e-06
2.186956	1.242186	1.47566522215	1.749466	1.775623	1.600664	1.852656	2.127557	1.99684930855	2.435074	2.024653	0.00482600261786	0.00168335970188	2.07772264499e-06
2.220236	1.282186	1.565793	1.81974	1.879907	1.60085	1.881424	2.125233	2.130978	2.459746	0.975593	0.00486186380167	0.000426519178645	0.00115445118546
2.194156	1.247395	1.830928	2.13628	1.865725	1.600721	1.678376	2.185307	1.995943	2.576422	1.636337	0.00486868250841	0.000270528661097	0.00131005664474
2.175278	1.289347	1.82305	1.790016	1.867245	1.600913	1.73287383787	2.172841	1.995907	1.907949	2.0831	0.00488913636493	0.000211757003441	0.00139308926225
2.292494	1.237123	1.987841	1.807288	1.819149	1.600657	1.774814	2.180812	1.922859	1.433685	1.491585	0.00492648798324	9.5263092038e-06	0.00169317619378
2.187244	1.261892	1.951432	2.125055	1.839125	1.600877	1.648344	2.172774	2.038127	2.43687	2.086857	0.00495284561808	0.00062004829088	0.000998111162299
2.175278	1.289347	1.82305	1.77324943438	1.867245	1.600913	1.74404	2.18197442265	1.995907	1.907949	2.0831	0.00496169841388	0.000252955804429	0.00136807891417
2.175278	1.289347	1.82305	1.77324943438	1.867245	1.600913	1.74404	2.172841	1.995907	1.907949	2.0831	0.00496169841388	0.000252955804429	0.00136807891417
2.17165846148	1.217618	1.700051	2.07198714045	1.851541	1.600884	1.893049	2.124037	1.914633	1.694733	1.886529	0.00496413554481	0.000150470027955	0.00152333054127
2.220236	1.256631	1.949918	2.262013	1.864237	1.600813	1.743972	2.172841	2.000043	1.806158	2.088061	0.0050531862203	0.000852089045602	0.000761925080411
2.18541	1.242277	1.962268	2.187121	1.853053	1.600781	1.751932	2.171865	1.983659	1.821462	1.892381	0.00511564404454	0.000119813652163	0.00151600145606
2.250758	1.226457	1.799508	1.76663	1.936171	1.600657	1.698408	2.131908	2.045079	1.640477	2.22316155378	0.00515564587143	0.000515811887565	0.00105187296125
2.165668	1.238058	1.505385	1.750586	1.857603	1.600568	1.877464	2.147105	1.98987	2.435094	1.148901	0.00518335777938	0.00055379297198	0.00104997344114
2.181806	1.253543	1.899827	2.170887	1.867901	1.600557	1.754028	2.164649	1.983531	1.809422	1.880157	0.00519796329596	6.58590175611e-06	0.00170334214398
2.20171089436	1.264279	1.95414	2.138826	1.839213	1.600877	1.78348	2.168461	2.000047	2.432246	1.836209	0.00520092001159	0.00147370549063	6.74787379434e-05
2.208327	1.264279	1.954542	2.138954	1.839213	1.600877	1.78348	2.168461	2.000047	2.432246	1.836209	0.00520092001159	0.00147370549063	6.74787379434e-05
2.20171089436	1.264279	1.95414	2.138826	1.8740333678	1.600877	1.78348	2.168461	2.000047	2.432246	1.836209	0.00523673561652	0.00156251274965	4.55825268545e-05
2.254765	1.267107	1.434694	2.232797	1.840059	1.608849	1.760162	1.996086	2.12253	1.119887	6.195136	0.0052389299839	0.000161274510175	0.000993616872894
2.20324202108	1.238026	1.569897	1.77716065364	1.775683	1.600824	1.874904	2.12605638516	2.06155	2.432154	1.148901	0.00524419549373	0.000798433943939	0.000791928393659
2.278336	1.243822	1.517707	1.836282	1.932726	1.60052	1.856937	2.19271	1.917999	1.777407	1.935229	0.00526697294309	0.00156161058613	5.7739041705e-05
2.288544	1.259682	1.729795	1.82122820966	1.823477	1.600728	1.889464	1.927045	2.061675	1.648655	1.43969	0.00527960652584	4.18799520368e-09	0.00354148581875
2.280655	1.387171	1.88526204167	2.120341	1.711917	1.607513	1.6249	1.962819	1.991687	1.601245	1.672937	0.00528121203862	7.09922984739e-08	0.00319319908179
2.190252	1.238028	1.963292	1.99167153116	1.792277	1.600573	1.78076970772	2.193325	1.999183	2.43625	1.152969	0.00528381775106	1.81925508787e-06	0.00164881267405
2.266788	1.273517	1.520775	1.987653	1.851361	1.600704	1.889736	2.159264	2.115337	1.677191	1.634379	0.0053210551609	0.000953386973434	0.000675763841539
2.186949	1.264279	1.95414	2.15322051988	1.839213	1.600493	1.783456	2.168461	2.000047	2.430198	1.836209	0.00532267324621	0.00120923410518	0.000395172856044
2.190244	1.238058	1.500265	1.7821862168	1.775683	1.600824	1.874904	2.132141	2.06155	2.432254	1.148901	0.00533002333609	0.00074607194333	0.000875606599711
2.190252	1.238028	1.963292	1.973154	1.792277	1.600573	1.78076970772	2.193325	1.999183	2.43625	1.152969	0.00533496272888	2.70435336964e-05	0.00156257694419
2.194124	1.264291	1.952464	2.236186	1.900825	1.600709	1.702264	2.197133	1.999915	2.43279	2.027889	0.00537271769264	0.00102090961729	0.000510565598796
2.181742	1.272787	1.95542	2.143914	1.826553	1.600705	1.785144	2.196621	1.924655	1.810178	1.885409	0.00542568043183	9.72638600473e-05	0.00146185685622
2.16280143659	1.264279	1.95414	2.11961712331	1.839213	1.600877	1.77270625607	2.168461	2.000047	2.432246	1.836209	0.00544227469941	0.0007836577942	0.000764377075321
2.184492	1.272791	1.955452	2.138442	1.842937	1.600733	1.784504	2.185869	1.91139342286	2.432194	1.836257	0.005463032547	0.00105806371847	0.000498185610991
2.18472	1.272791	1.954428	2.138314	1.847033	1.600733	1.787288	2.185861	1.932719	2.432194	1.842593	0.005463032547	0.00112372833506	0.000438839057387
2.184492	1.272791	1.955452	2.138442	1.842937	1.600733	1.784504	2.185869	1.93750039019	2.432194	1.836257	0.005463032547	0.00119340972735	0.000416425547794
2.184492	1.272791	1.92156830205	2.138442	1.842937	1.600733	1.784504	2.185869	1.93750039019	2.432194	1.836257	0.005463032547	0.00119340972735	0.000416425547794
2.162797	1.264279	1.954038	2.135626	1.843309	1.600877	1.787576	2.172685	1.934511	2.432246	2.000049	0.00547299510318	0.00105953510422	0.000492774668637
2.16280143659	1.264279	1.95414	2.138826	1.839213	1.600877	1.78348	2.16749542152	2.000047	2.432246	1.836209	0.00548947008482	0.000934576863931	0.000684442041247
2.16280143659	1.264279	1.95414	2.138826	1.839213	1.600877	1.78348	2.168461	2.000047	2.432246	1.836209	0.00548947008482	0.000934576863931	0.000684442041247
2.16280143659	1.264279	1.95454293265	2.138826	1.839213	1.600877	1.78348	2.168461	2.000047	2.432246	1.836209	0.00548947008482	0.000934576863931	0.000684442041247
2.225956	1.25456	1.561841	1.987833	1.870861	1.600796	1.85008668413	2.154136	2.073771	1.646339	2.09596237752	0.00550602601258	0.000753175407087	0.000863501814711
2.226884	1.243306	1.489001	1.78321	1.742915	1.600784	1.885848	2.130861	2.055406	2.427926	1.374181	0.00552603188757	0.00169406107969	7.42588800331e-07
2.282147	1.25111	1.50251	1.93356230195	1.831226	1.86285	1.889408	1.865528	1.995275	2.443683	1.017804	0.0055452813863	0.00366902591706	2.51851801945e-10
2.282147	1.25111	1.50251	1.93356230195	1.831226	1.86285	1.89210989181	1.865528	1.995275	2.443683	1.017804	0.0055452813863	0.00366902591706	2.51851801945e-10
2.23924554687	1.289121	1.799129	2.236187	1.900877	1.600738	1.735592	2.197426	2.000043	1.77170190581	2.011505	0.00556568531796	0.00119875397223	0.00034726687616
2.23924554687	1.289121	1.799129	2.22893337122	1.900877	1.600738	1.735592	2.197426	2.000043	1.77170190581	2.011505	0.00556568531796	0.00119875397223	0.00034726687616
2.149371	1.224871	1.82358	2.138506	1.933634	1.600873	1.787192	2.167917	1.9852475728	2.73949	1.836673	0.00559171355482	0.00165932778397	7.03964989785e-06
2.18231	1.268887	1.99076184998	2.18727075853	1.88865585315	1.600813	1.752572	2.172969	1.983659	1.829902	1.880093	0.00562240573133	8.27003631387e-05	0.0014434306835
2.220324	1.23357	1.538691	1.77878	1.749091	1.600786	1.877216	2.130233	2.000486	2.465654	0.951881	0.00581131690023	0.00109803600666	0.000474460232391
2.223022	1.233186	1.565833	1.77466	1.748851	1.600658	1.92364115147	2.130489	2.065506	2.436982	0.975593	0.00589183167825	0.00134935943274	0.000203824139313
2.268462	1.219247	1.83751	1.776089	1.733743	1.600913	1.923884	2.190051	1.871627	1.957389	1.365985	0.00620430512785	0.00123108794258	0.000312893425148
2.190252	1.2172729954	1.964316	1.973666	1.75100920614	1.600549	1.780914	2.194157	2.000047	2.43625	1.480649	0.00649510247875	0.000679597527574	0.00084111520464
2.17832233819	1.241751	1.955498	2.250707	1.790061	1.600877	1.807368	2.176653	1.97780730812	2.432246	1.672369	0.00664107488621	0.00110849251152	0.000451130069848
2.268104	1.208494	1.736643	1.78978230436	1.962106	1.600808	1.823291	2.15112013772	1.929609	1.641535	1.865129	0.00906671217661	0.000953709174693	0.000667683638902
2.190252	1.216825	1.964188	2.29917	1.751009	1.600549	1.715378	2.197229	2.000047	2.20285	1.607625	0.0106562644256	1.97229050481e-05	0.00157491140973
2.278318	1.239415	1.805322	1.818448	1.749229	1.600769	1.692808	2.194199	1.995555	1.820965	1.898369	0.128394857588	0.000912781022762	0.000702264009316
2.241294	1.289121	1.802201	1.90082500074	1.87184944154	1.600482	1.737192	2.189234	1.991787	1.611663	2.029553	0.131412937374	0.000789811838248	0.000755570585585
2.241294	1.289121	1.802201	1.90082500074	1.868109	1.600482	1.737192	2.189234	1.991787	1.611663	2.029553	0.131412937374	0.000789811838248	0.000755570585585
2.241294	1.289121	1.802201	1.90082500074	1.87109530779	1.600482	1.737192	2.189234	1.991787	1.611663	2.029553	0.131412937374	0.000789811838248	0.000755570585585
2.241294	1.289121	1.802201	1.90082500074	1.87184944154	1.600482	1.737192	2.19405528834	1.991787	1.611663	2.029553	0.131412937374	0.000789811838248	0.000755570585585
2.241294	1.289121	1.802201	1.90082500074	1.87184944154	1.600482	1.75529590651	2.189234	1.991787	2.0403108967	2.029553	0.13143591606	0.00157025631991	7.50885323635e-06
2.24123	1.278385	1.92461648962	1.901517	1.880521	1.60045	1.757728	2.183984	1.990187	1.611663	2.024433	0.172766507295	0.000652904227267	0.000900267254007
2.275238	1.214747	1.964482	1.815548	1.75834049691	1.600913	1.683	2.186187	1.995527	1.611522	2.024513	0.21437697634	0.000622890105984	0.000898584999271
2.284476	1.233583	1.995641	1.838968	1.716813	1.600657	1.705239	2.197322	1.921323	1.80970834453	2.025441	0.277498473727	0.000621934242249	0.000948454644277