   1.84271936310850       2.691472305042298E-003 -0.397434404162156     
 -5.160802341031001E-017 -0.410803609669259       1.630143019302668E-003
  1.691948312140465E-019  1.401560038141046E-003  3.934098702298349E-005
  6.183885709851919E-003  7.851995421047364E-019  6.259596507417938E-003
  4.277020664662495E-005  4.638622080044241E-021  3.790496732570645E-005
   1.10882934794057      -1.749762295551480E-015  0.269527138737846     
  1.207720666597256E-002 -1.152307995815925E-017 -1.485400562376510E-003
   1.02075768775718      -8.942322358116100E-016 -1.152892491439374E-017
  1.295748806986480E-002 -6.217807137824152E-018   1.18108288545424     
 -1.529445368450664E-003 -6.213833701057547E-018  1.076262874467974E-002
  5.259973344822761E-005 -1.056978403231389E-019 -2.535890019246194E-005
  5.851007162040386E-005 -5.730355872449590E-020  4.387822637538873E-005
   1.84271936310850       2.691472305042298E-003 -0.397434404162155     
  6.239583502654078E-017  0.410803609669259       1.630143019302667E-003
 -2.185345003916095E-019 -1.401560038141046E-003  3.934098702298349E-005
  6.183885709851919E-003 -9.520650327138336E-019 -6.259596507417938E-003
  4.277020664662495E-005 -5.876291071576709E-021 -3.790496732570645E-005
   1.10882934794057      -1.824556933696990E-015 -0.269527138737846     
  1.207720666597256E-002 -1.111049177797538E-017  1.485400562376512E-003
   1.02075768775718      -8.867240119659059E-016 -1.110403889826001E-017
  1.295748806986479E-002 -6.264210340363338E-018   1.18108288545424     
  1.529445368450666E-003 -6.271431941470840E-018  1.076262874467974E-002
  5.259973344822761E-005 -9.866109653295444E-020  2.535890019246195E-005
  5.851007162040386E-005 -5.801386036104812E-020  4.387822637538873E-005
   1.84271936310850       2.691472305042298E-003  0.397434404162156     
 -6.255846535241361E-017 -0.410803609669259      -1.630143019302668E-003
  2.185345003916095E-019  1.401560038141046E-003  3.934098702298349E-005
 -6.183885709851919E-003  9.486769009248164E-019  6.259596507417938E-003
 -4.277020664662495E-005  5.876291071576709E-021  3.790496732570646E-005
   1.10882934794057      -1.824448509745622E-015 -0.269527138737846     
  1.207720666597256E-002 -1.111028004290030E-017  1.485400562376512E-003
   1.02075768775718      -8.867240094264838E-016 -1.110403890906328E-017
  1.295748806986479E-002 -6.264210358801349E-018   1.18108288545424     
  1.529445368450667E-003 -6.269737875576331E-018  1.076262874467974E-002
  5.259973344822761E-005 -9.864786268932651E-020  2.535890019246195E-005
  5.851007162040386E-005 -5.802047864867394E-020  4.387822637538873E-005
   1.84271936310850       2.691472305042298E-003  0.397434404162156     
  5.149960319306146E-017  0.410803609669259      -1.630143019302668E-003
 -1.701477432797076E-019 -1.401560038141046E-003  3.934098702298349E-005
 -6.183885709851919E-003 -7.860465750519907E-019 -6.259596507417938E-003
 -4.277020664662496E-005 -4.640483236422485E-021 -3.790496732570646E-005
   1.10882934794057      -1.749762302899926E-015  0.269527138737846     
  1.207720666597256E-002 -1.152307979229291E-017 -1.485400562376510E-003
   1.02075768775718      -8.942322400117970E-016 -1.152871315921138E-017
  1.295748806986479E-002 -6.216960013571253E-018   1.18108288545424     
 -1.529445368450664E-003 -6.212139635163039E-018  1.076262874467974E-002
  5.259973344822761E-005 -1.056978367551114E-019 -2.535890019246194E-005
  5.851007162040386E-005 -5.731017391910114E-020  4.387822637538873E-005
