2.240089	1.820829	2.000293	2.305491	2.099222	2.315666	2.187108	2.496072	2.601115	3.878544	2.720703	3.228535	0.41794243248	0.000833422885829	0.000738715897565
2.242137	1.810589	1.999781	2.297299	2.099222	2.316722	2.187108	2.496064	2.617499	3.868208	2.720703	3.228535	0.414714776464	0.000791621390334	0.00066991248792
2.242225	1.744521	1.916797	2.525219	2.104038	2.237098	2.0693	2.27160067183	2.362891	3.916629	2.629077	3.302135	0.415165193285	0.000809497778596	0.000633784570542
2.242225	1.744521	1.916797	2.525219	2.104038	2.237098	2.0693	2.306544	2.362891	3.916629	2.22111470576	3.302135	0.390180897859	0.000830090821476	0.000676185590833
2.242225	1.744521	1.916797	2.525219	2.104038	2.237098	2.0693	2.306544	2.362891	3.916629	2.629077	3.302135	0.415165193285	0.000809497778596	0.000633784570542
2.242233	1.70124831247	1.902533	2.529571	2.09943	2.29121	2.0693	2.29912	2.362907	3.704376	2.959037	3.157751	0.430699404767	0.000684841478606	0.000469919036873
2.242233	1.744873	1.902533	2.529571	2.09943	2.29121	2.0693	2.29912	2.362907	3.1192689941	2.959037	3.157751	0.435321429092	0.000592671225381	0.000430577448383
2.242233	1.744873	1.902533	2.529571	2.09943	2.29121	2.0693	2.29912	2.362907	3.704376	2.959037	3.157751	0.435341600098	0.000585149316668	0.000417196659988
2.242233	1.744873	1.902533	2.529571	2.09943	2.29121	2.0693	2.29912	2.362907	3.91660861014	2.959037	3.157751	0.435355109168	0.000608779364438	0.000436396284833
2.242233	1.744873	1.902533	2.529571	2.12135466809	2.29121	2.0693	2.29912	2.362907	3.91660861014	2.959037	3.157751	0.435349456178	0.000597008599472	0.000400215545773
2.242513	1.766989	1.916885	2.583747	2.61945627025	2.23495	2.136804	2.297242	2.236515	3.173185	3.670237	3.168991	0.452747994811	0.000483376985523	0.000333263007853
2.242641	1.810365	1.919353	2.273355	2.099222	2.307114	2.167524	2.493888	2.245531	3.350064	1.672127	3.277559	0.364140213951	0.000957718791762	0.000872413912412
2.24268059393	1.81040862441	1.90150868343	2.3020265047	2.09909444144	2.29034614111	2.06929985102	2.51244809433	2.37109881862	3.34392824738	2.68428680843	3.15775050929	0.425496381262	0.000794249527114	0.00066897014912
2.242681	1.810569	1.901893	2.223403	2.099222	2.284074	2.167604	2.495952	2.427803	4.099376	2.720699	3.268343	0.421639993296	0.000847861831358	0.000735392357356
2.246609	1.767021	1.916869	2.578339	2.136806	2.237002	2.136372	2.298266	2.236699	3.333953	3.677405	3.162775	0.477814543259	0.000559940700776	0.000408299375932
2.246841	1.744905	1.91521055251	2.485539	2.099606	2.29121	2.0693	2.299088	2.362383	3.050789	2.959033	3.2954422655	0.435320262081	0.000786609594616	0.000600840744133
2.247033	1.744877	1.902533	2.579235	2.121446	2.281034	2.070836	2.300332	2.359579	3.342145	2.76845706107	3.165047	0.423655366652	0.000615167401791	0.000457281977756
2.247033	1.744877	1.902533	2.579235	2.121446	2.281034	2.070836	2.300332	2.359579	3.342145	2.959069	3.165047	0.435325472146	0.000619350923448	0.000455048677056
2.256455	1.988436	2.019967	2.413768	2.176449	2.103444	2.252436	2.166013	2.090866	8.415776	4.305503	8.471364	0.0533779621085	0.0865883541142	0.0928800873688
2.256477	1.982292	2.019967	2.409128	2.176451	2.102788	2.285204	2.159869	2.09061	8.3912	4.302943	8.471364	0.053645310802	0.0943717255546	0.104994590041
2.26262067592	1.93454761078	2.03102303032	2.15496308564	2.16221071885	2.11012804737	2.28541220072	2.12572504525	2.09014716243	10.2440980534	4.22265515301	8.47136392653	0.047205692203	0.09486934966	0.106332041359
2.26262067592	1.93454761078	2.03102303032	2.15496308564	2.16221071885	2.11012804737	2.28541220072	2.12572504525	2.09057848299	10.2440980534	4.22265515301	8.47136392653	0.047205692203	0.09486934966	0.106332041359
2.263165	1.934516	1.932719	2.155339	2.162211	2.110248	2.265908	2.125725	2.48637770176	9.71981	4.222655	8.511172	0.0468774114028	0.0898235061869	0.100221815158
2.421429	2.089118	2.048075	2.430345	2.075389	2.094755	2.180262	2.56155	2.642467	4.114953	4.098143	10.224093	0.0972850085675	0.0191915588722	0.0239631153344
2.42581	1.63436	1.910473	2.24614	2.276043	2.225424	2.129698	2.530763	2.236977	2.894542	1.574391	1.180434	0.362031118392	0.00123500716979	0.00140458722123
2.42581033768	1.63423193997	1.91935277135	2.27075081639	2.24387010406	2.24180764143	2.13681010573	2.53895518297	2.24555334339	2.88980622724	1.58050277158	1.18030636813	0.366782771176	0.00107742434141	0.00124912667355
2.42581033768	1.63423193997	1.91935277135	2.27335254804	2.27584339808	2.24180764143	2.13681010573	2.53895518297	2.24555334339	2.88980622724	1.58050277158	1.18030636813	0.371443987266	0.00108077748143	0.00123875460814
2.426478	1.63468	1.907401	2.299964	2.271051	2.207304	2.135842	2.530763	2.245169	2.894414	1.580535	1.180302	0.320993049102	0.00226987554355	0.00832995549999
2.426478	1.63468	1.907475	2.299964	2.270999	2.240074	2.135018	2.530251	2.245553	2.890062	1.580503	1.180302	0.370388271802	0.00107969840683	0.00124263383244
2.426478	1.63468	1.907475	2.299964	2.270999	2.240074	2.16132638432	2.530251	2.245553	2.890062	1.580503	1.180302	0.353656224211	0.00122047338372	0.00137655792408
2.426478	1.64013986314	1.907475	2.299964	2.270999	2.240074	2.16132638432	2.530251	2.245553	2.890062	1.580503	1.180302	0.353656224211	0.00122047338372	0.00137655792408
2.426478	1.65486503125	1.907475	2.299964	2.270999	2.240074	2.16132638432	2.530251	2.245553	2.890062	1.580503	1.180302	0.339459793512	0.00107875843169	0.00122886638934
2.426478	1.65486503125	1.907475	2.299964	2.270999	2.240074	2.16132638432	2.530251	2.245553	3.37955399952	1.580503	1.180302	0.326815930099	0.00108232232847	0.00122567173403
2.4276405628	1.56418267352	2.29398315311	2.51568188752	2.33075131193	2.51429481856	2.58537892335	2.25278615442	2.13861291559	5.55167725382	10.927534303	6.78895730655	0.854788413528	0.000349830965456	1.09758914325e-05
2.4276405628	1.56418267352	2.29398315311	2.51568188752	2.33075131193	2.68202184638	2.58537892335	2.25278615442	2.13861291559	5.55167725382	10.927534303	6.78895730655	0.854788413528	0.000349830965456	1.09758914325e-05
2.438133	2.093142	2.042309	2.400193	2.079435	2.094499	2.006818	2.53236	2.630199	0.830105	3.732851	10.915545	0.279296819819	0.00732260240647	0.0149705820168
2.471734	1.601884	1.976649	2.689196	2.202044	2.186178	2.443159	2.236825	2.610338	2.427593	4.106791	10.122495	0.148079810032	0.0384651464195	0.040806745277
2.48049	1.624448	2.341227	2.578793	2.596374	2.387658	2.153245	2.307501	2.265376	1.719659	3.417961	2.081502	0.681082914091	0.000306406642921	5.78125885284e-06
2.481386	1.626048	2.357611	2.466153	2.58813827787	2.388682	2.153245	2.307053	2.266656	1.588587	3.442537	2.082526	0.683937706999	0.00029635986824	2.37554206831e-05
2.48139404989	1.6220801985	2.34583486763	2.55165724468	2.1185280983	2.38305015158	2.15324082577	2.30871699886	2.2663996097	0.206187101177	3.47530481754	2.08369434722	0.799074115015	0.000330266415558	1.54370622576e-05
2.492894	2.016578	2.039608	2.657507	2.250374	2.226518	2.1397	2.519015	2.679702	0.267351	2.64211	0.729964	0.394818918485	0.000773266584231	0.00089178890524
2.502586	1.638174	2.119158	2.624157	2.551593	2.16508	2.250983	2.387212	2.20531	2.031556	6.012504	2.937194	0.506720175534	0.00050883632787	0.000756044726852
2.502586	1.638174	2.119158	2.624157	2.551593	2.16508	2.250983	2.38721218923	2.20531	2.031556	6.012504	2.937194	0.506720175534	0.00050883632787	0.000756044726852
2.502586	1.638174	2.119158	2.624157	2.551593	2.16508	2.250983	2.408524	2.20531	2.031556	6.012504	2.937194	0.506720175534	0.000229899757905	0.000432383041868
2.50311	1.887667	1.919356	2.226879	2.210384	2.366743	2.266093	2.542832	2.212809	5.627437	7.421481	0.886642	0.574272636065	0.000151698536726	0.000183023355182
2.50315	1.885515	2.02576	2.361938	2.251136	2.450839	2.377623	2.42524	2.315623	5.795465	6.857657	0.881882	0.575085846535	7.89831657972e-05	6.57223951576e-05
2.50315030497	1.88550664419	2.01633857049	2.37013032047	2.24972756889	2.35253463716	2.37770943296	2.42788026325	2.30640712111	5.79547707261	6.83308127096	0.882393965909	0.574832745908	0.000129491022988	0.000103181418914
2.50315030497	1.88550664419	2.02998449063	2.37013032047	2.22138188107	2.35253463716	2.37770943296	2.42788026325	2.30640712111	5.79547707261	6.47075730083	0.882393965909	0.574989408197	0.000110210994714	8.56002503946e-05
2.50315030497	1.88550664419	2.02998449063	2.37013032047	2.24972756889	2.35253463716	2.37770943296	2.42788026325	2.30640712111	5.79547707261	6.47075730083	0.882393965909	0.574998565103	0.000105719768189	8.76835375187e-05
2.50315030497	1.88550664419	2.02998449063	2.39535910887	2.24972756889	2.35253463716	2.37770943296	2.42788026325	2.30640712111	5.79547707261	6.83308127096	0.882393965909	0.57484858109	0.000125275887816	0.000106215496307
2.50315030497	1.88550664419	2.02998449063	2.39535910887	2.24972756889	2.35253463716	2.37770943296	2.42788026325	2.30792374812	5.79547707261	6.83308127096	0.882393965909	0.57484858109	0.000125275887816	0.000106215496307
2.503164	1.883459	2.030012	2.400959	2.244098	2.360839	2.279405	2.421992	2.306151	5.246613	7.416249	0.88649	0.574135615832	0.000162550328137	0.000142322285013
2.503286	1.858125	2.030354	2.332447	2.533888	2.373197	2.685613	2.424298	2.243477	5.812581	6.823381	0.786906	0.657680943511	0.000189459751071	0.00021228354592
2.503354	1.629982	2.037238	2.40668110562	2.468649	2.181464	2.250983	2.572364	2.197118	2.026436	6.195295	2.884074	0.543277282428	0.000586881737223	0.000391398550673
2.503354	1.629982	2.037238	2.430621	2.468649	2.181464	2.250983	2.572364	2.197118	2.026436	6.195295	2.884074	0.544651224714	0.000583311517733	0.000366473055538
2.503476	1.533596	1.982273	2.6277	2.341532	2.187954	2.279719	2.308334	2.609674	4.115141	3.703355	10.117199	0.349569255677	0.0257796718305	0.0281355675794
2.503558	1.883459	1.973476	2.346559	2.2144	2.382423	2.216941	2.547654	2.226535	0.186451	7.712861	0.67289	0.574944633178	4.21977552446e-05	6.65747886926e-05
2.503662	1.904765	2.029988	2.330335	2.247168	2.382421	2.42387076121	2.42788	2.306215	5.783189	7.701433	0.90697	0.57503466363	4.92622477036e-05	2.49968786086e-05
2.50367	1.899085	2.029924	2.332319	2.55972642425	2.372885	2.677485	2.424296	2.28755418839	5.814421	6.430165	0.786906	0.599260955647	2.39778334665e-05	4.32529598124e-05
2.50367	1.899085	2.029924	2.332319	2.55972642425	2.37647216165	2.677485	2.424296	2.243477	5.814421	6.430165	0.786906	0.599260955647	6.02553943186e-05	6.62768744081e-05
2.50367	1.903181	2.029732	2.332383	2.640384	2.380373	2.680093	2.42788	2.313109	5.815957	6.434489	0.786906	0.599226653203	7.67369062343e-06	3.09750881307e-05
2.504502	2.123419	1.979644	2.406007	2.209296	2.690327	2.245549	2.535832	2.197767	5.365277	7.428153	1.728634	0.58232592886	0.00259828733667	0.00281476222556
2.505198	1.875267	2.029472	2.361938	2.249728	2.353591	2.377709	2.427872	2.322791	5.785141	6.470757	0.882394	0.574566982331	0.000189995073238	0.000178762906747
2.50647	2.12645678577	2.031489	2.627548	2.202252	2.51948246077	2.289111	2.280681	2.63025	4.117797	3.456612	9.275215	0.583717320778	0.039265564834	0.0385016037722
2.506806	1.890893	1.981668	2.330307	2.51225100657	2.372885	2.661357	2.428392	2.245261	5.552277	6.544341	0.7869	0.57503894775	8.8897237808e-05	9.42808171495e-05
2.506806	1.890893	1.981668	2.330307	2.537984	2.372885	2.661357	2.428392	2.245261	5.552277	6.544341	0.7869	0.57503894775	8.8897237808e-05	9.42808171495e-05
2.507246	1.900131	2.033188	2.398143	2.399056	2.433611	2.365757	2.429416	2.302239	5.955221	7.020089	0.877202	0.575540331379	6.62682846405e-05	9.94045202692e-05
2.508598	1.56689755043	1.982337	2.6277	2.202268	2.163378	2.289047	2.273689	2.630154	4.117781	3.463268	10.117199	0.217585160622	0.0339124484706	0.0383395882023
2.508598	1.590684	1.992577	2.365556	2.201988	2.188722	2.243991	2.310542	2.63025	4.125973	3.680955	10.121295	0.304376594235	0.0316887433732	0.0413631646457
2.508598	1.599132	1.982337	2.6277	2.202268	2.163378	2.289047	2.273689	2.630154	4.117781	3.463268	10.117199	0.180636329858	0.0281596783553	0.0326686186549
2.508598	1.599132	1.982337	2.6277	2.202268	2.16610665055	2.289047	2.23240854546	2.630154	4.117781	3.4632679496	10.117199	0.180636325543	0.0269183779516	0.0313486977967
2.508598	1.599132	1.982337	2.6277	2.202268	2.16610665055	2.289047	2.273689	2.630154	4.117781	3.4632679496	10.117199	0.180636325543	0.0281585866352	0.0326687728942
2.508598	1.599132	1.982337	2.6277	2.202268	2.187954	2.289047	2.273689	2.630154	4.117781	3.4632679496	10.117199	0.229854474361	0.0230435538259	0.0260894162104
2.508598	1.599132	1.982337	2.6277	2.202268	2.187954	2.289047	2.273689	2.630154	4.117781	3.680827	10.117199	0.260554317538	0.0186061967283	0.0216472902648
2.508598	1.599132	1.982337	2.6277	2.202268	2.187954	2.289047	2.31652620863	2.630154	4.117781	3.680827	10.117199	0.260554317538	0.0157839529743	0.0193802682032
2.508598	1.599132	1.982337	2.6277	2.202268	2.187954	2.32860712561	2.273689	2.630154	4.117781	3.4632679496	10.117199	0.166971595399	0.0282920820737	0.0327797195543
2.508598	1.599132	1.982337	2.6277	2.202268	2.190683	2.289047	2.273689	2.630154	4.117781	3.463268	10.117199	0.27683281438	0.0183317534924	0.0210572995481
2.508598	1.601592	1.910657	2.24626	2.267851	2.25349	2.132002	2.530713	2.236977	2.935502	1.574391	1.180434	0.411951703902	0.000544546953042	0.000711435760269
2.508606	1.599132	1.982273	2.657506	2.202268	2.174299	2.289047	2.273761	2.630538	4.117845	3.428452	9.134159	0.175172498725	0.052694102345	0.0588803470924
2.508782	1.877651	1.982368	2.366034	2.249628	2.418071	2.387341	2.395112	2.237009	5.828245	3.680825	0.680014	0.575690596798	2.28903285923e-05	1.89782277951e-05
2.509566	1.599124	1.981633	2.624884	2.19802	2.19205	2.282935	2.265497	2.652554	3.456369	3.46322	10.118223	0.139364248414	0.0181984856713	0.0209712065456
2.510166	1.91442818633	1.970849	2.627888	2.300568	2.110114	2.285413	2.680361	2.581398	2.430313	3.159291	10.122055	100	100	100
2.51039	1.60214	1.982145	2.627632	2.202264	2.187938	2.288727	2.270249	2.561806	2.430313	3.683579	10.122463	0.263541354703	0.0183630909148	0.0215000846895
2.511326	2.016578	2.105144	2.657475	2.249732	2.220694	2.139752	2.627047	2.614166	0.267347	2.64211	0.082796	0.392413142799	0.000875485719704	0.000982430910944
2.511414	2.016578	2.100448	2.657475	2.249732	2.221462	2.13923988926	2.625479	2.423654	0.419923	2.642058	0.292972	0.391983648377	0.000921557147127	0.00103561389289
2.511414	2.035836	2.100452	2.657475	2.24666	2.251284	2.020282	2.625479	2.423462	0.407635	2.642058	0.681068	0.367220187123	0.00107548756088	0.00122468382018
2.515833	1.72006	2.385077	2.330387	2.26843417383	2.188434	2.367483	2.036653	2.199265	5.282369	9.679231	2.414933	0.319643358652	0.00445245778231	0.00458387564355
2.515833	1.72006	2.385077	2.330387	2.268494	2.188434	2.367483	2.036653	2.199265	5.282369	9.679231	2.414933	0.319643358652	0.00445245778231	0.00458387564355
2.525946	1.695254	2.375903	2.608482	2.19814	2.157759	2.283298	2.214135	2.095516	5.551985	3.784098	6.788953	0.136737482533	0.0694802901536	0.0743163468308
2.52771	1.787912	2.373059	2.612534	2.297744	2.137087	2.28209	2.213945	2.101598	2.178865	3.677242	3.284687	0.0312812256275	0.0883017601949	0.0967692717252
2.53317	1.773598	2.375571	2.611298	2.202268	2.153727	2.28905	2.222327	2.073118	6.214933	3.773794	6.709345	0.0697575267776	0.0695514289899	0.0743905190362
2.534138	1.77359	2.374867	2.608482	2.19802	2.157823	2.282938	2.214135	2.095518	5.553521	3.773746	6.710369	0.0584215663505	0.0675285898363	0.0718936318062
2.553528	1.894778	1.980236	2.529633	2.263062	2.5557016294	2.413395	2.036976	2.149942	1.819318	3.876539	1.060564	0.565806417474	0.000188131983492	0.000247578993595
2.553528	1.894778	1.980236	2.529633	2.263062	2.586127	2.413395	2.036976	2.149942	1.819318	3.876539	1.060564	0.565806417474	0.000188131983492	0.000247578993595
2.558328	1.88432869729	1.980236	2.579297	2.285078	2.575951	2.414931	2.038188	2.146614	1.244854	3.876571	1.06786	0.566574832119	0.000193476774889	0.000256552340873
2.558328	1.894782	1.980236	2.579297	2.285078	2.575951	2.414931	2.038188	2.146614	1.244854	3.876571	1.06786	0.566574832119	0.000193476774889	0.000256552340873
2.61619615951	1.78387480452	2.34798326723	2.45536760611	2.55477966157	2.17269333828	2.59599686726	2.31594328183	2.6648438929	4.3439396491	4.46999388396	0.892440280361	0.279987635966	0.00403640918792	0.00406860013909
2.63422	1.885822	2.014436	2.583123	2.315286	2.516565	2.399117	2.037792	2.147166	5.799602	3.726299	1.079012	0.551821199498	0.000251651962957	0.000301469786077
2.64480915924	1.888803	2.159865	2.45486	2.555392	2.172695	2.638829	2.239723	2.460012	4.327052	4.69929	0.870332	0.542661030814	0.000516054746851	0.000491439794816
2.69348912714	1.79648982696	2.04576409228	2.57052932059	2.28624063511	2.49402903644	2.44769601675	2.05457345734	2.1691428454	1.24487276061	7.29794456032	2.77179329413	0.562167795985	0.000239442823933	0.000317428272536