2.479092	2.038998	1.840635	2.199516	1.795252	2.194078	2.244771	2.401957	2.496155	5.564735	8.078012	1.439803	0.0214561240025	0.00862186351325	0.00473835986437
2.481908	2.03911755664	1.941855	2.19963	1.799188	2.193654	2.203811	2.401957	2.549307	5.564735	8.012476	1.177659	0.0216103378196	0.00842942686481	0.00432377659739
2.481908	2.03911755664	1.941855	2.19963	1.799188	2.193654	2.203811	2.401957	2.549307	5.56636607273	8.012476	1.177659	0.0216107481727	0.00841077607969	0.00443316419311
2.481908	2.074962	1.908735	2.199518	1.801852	2.189982	2.201615	2.402081	2.496187	5.538111	7.824124	1.176107	0.0228928786445	0.0084053222709	0.0042805014245
2.49418353549	2.074154	1.941855	2.19963	1.799188	2.193654	2.203811	2.43258106596	2.549307	5.564735	8.012476	1.177659	0.0229626565045	0.00586479306995	0.00213249275441
2.481908	2.074026	1.909087	2.199118	1.799208	2.193622	2.201767	2.45024545338	2.549193	5.531967	8.012316	1.207169	0.0229714744356	0.0050419825641	0.00090781196139
2.483265	2.075398	1.754031	2.073358	1.764772	2.098779	2.351288	2.085738	2.269707	5.406353	10.823752	5.217057	0.0276004673214	0.00191229224211	0.00225353234685
2.535117	2.300909	2.073288	2.02142	1.780737	2.17967	2.138279	2.445064	2.525607	3.664189	6.963913	0.011696	0.0303399813241	0.00371694880021	0.000236379607376
2.534989	2.310125	2.073288	2.021416	1.780193	2.181206	2.142951	2.444552	2.394535	3.636229	6.959817	0.011664	0.0309378060313	0.00412178658899	0.00015657991133
2.616287	2.348568	1.79499	2.1555288311	1.904758	1.903263	1.952441	2.528074	2.20013	3.008228	4.901149	0.186149	0.0317056521532	0.00144294698603	0.00567575183886
2.616287	2.348568	1.79499	2.15811	1.904758	1.903263	1.952441	2.528074	2.20013	3.008228	4.901149	0.186149	0.031750710212	0.00142651923243	0.00570914868232
2.616287	2.348568	1.79499	2.1555288311	1.904758	1.903263	1.952441	2.528074	2.20013	3.008228	3.84306597917	0.186149	0.0317578359546	0.00135425680079	0.00562505301625
2.585055	2.33748	1.723642	2.15254	1.896954	1.988185	2.359327	2.546162	2.23387	3.049395	5.802245	0.306987	0.0320931202511	0.000330085426614	0.00446280369098
2.601415	2.337576	1.723686	2.142316	1.904642	1.996377	2.346275	2.546162	2.206222	3.053251	5.770949	0.298507	0.032193544633	0.00030093140596	0.0045451280704
2.601439	2.337576	1.723702	2.142236	1.90489	1.988185	2.350371	2.546162	2.206222	3.05297888005	5.803525	0.295723	0.0322076847451	0.000300907870497	0.00453148788578
2.602015	2.38468	1.736758	2.191324	1.929464	1.965215	2.360367	2.53725	2.203674	2.693579	4.679147	1.410347	0.0329707554552	0.000463034022095	0.0037149013192
2.535005	2.374509	2.04044	2.017928	1.799201	2.177814	2.133415	2.199176	2.394549	3.479101	6.829065	6.131088	0.0333565515646	0.00422649800619	3.28453194902e-05
2.601103	2.33476	1.720534	2.14232	1.924891	1.988217	1.899811	2.546152	2.206158	2.267236	5.819909	0.406315	0.0334901394108	0.000304587961171	0.00451366644276
2.601951	2.3442	1.728366	2.190876	1.904822	2.000985	1.953321	2.573212	2.445998	2.496964	5.800093	0.136747	0.0336312214977	0.00026295048757	0.00408166623333
2.5487	2.303711	2.032552	1.873767	1.77503	1.996191	1.949161	2.541033	2.246434	1.185473	10.326746	1.527405	0.0339920242232	0.00107041587114	0.0032474519582
2.609631	2.337512	1.71163	2.141724	1.916839	1.985497	2.350371	2.59134274097	2.197006	2.265828	5.843295	0.305435	0.034195623955	0.0020088432722	0.00212285950596
2.601535	2.336212	1.72368	2.141756	1.908634	1.988569	2.350313	2.54613	2.19803	2.265828	5.934597	0.530370404355	0.03424500161	0.000151868477373	0.00435553227186
2.609247	2.335446	1.737662	2.15862	1.930486	1.964633	2.346265	2.577194	2.236942	2.222052	6.132745	0.194557	0.0343555971718	0.000157353281101	0.00410690706817
2.602463	2.337576	1.724214	2.15862	1.904888	1.967705	2.352163	2.56688971821	2.204174	2.267876	5.8001966876	0.312619	0.0345172373208	0.000177955370113	0.00398552709537
2.6174861694	2.348824	1.71307	2.158108	1.904886	1.968217	1.953257	2.577226	2.200078	2.195172	5.800093	0.186155	0.0345354143159	7.8269844186e-05	0.00420230320247
2.6174861694	2.36051731449	1.71307	2.158108	1.904886	1.968217	1.953257	2.577226	2.200078	2.195172	5.800093	0.186155	0.034566997322	0.000130413733614	0.00409970057138
2.488282	2.338373	1.763142	1.994062	1.897906	1.967773	1.82956	2.15368	2.3119810646	2.156145	10.603111	6.855197	0.0348028167547	0.000726205436629	0.00354984167295
2.488282	2.32732266202	1.74825574902	1.994062	1.897906	1.96320967729	1.82956	2.14835530139	2.3119810646	2.156145	10.603111	6.855197	0.0348028167547	0.000775824612688	0.00348551331047
2.488282	2.32732266202	1.74825574902	1.994062	1.897906	1.967773	1.82956	2.14835530139	2.3119810646	2.156145	10.603111	6.855197	0.0348028167547	0.000775824612688	0.00348551331047
2.488282	2.338373	1.74825574902	1.994062	1.897906	1.967773	1.82956	2.15368	2.3119810646	2.156145	10.603111	6.855197	0.0348028167547	0.000775824612688	0.00348551331047
2.488282	2.338373	1.74825574902	1.994062	1.897906	1.967773	1.82956	2.14835530139	2.3119810646	2.156145	10.603111	6.855197	0.0348028167547	0.000775824612688	0.00348551331047
2.488282	2.338373	1.748256	1.994062	1.897906	1.967773	1.82956	2.15368	2.311981	2.156145	10.603111	6.855197	0.0348028167547	0.000775824612688	0.00348551331047
2.608863	2.348824	1.71307	2.158108	1.904886	1.968217	1.953257	2.577226	2.200078	2.195172	6.20955405531	0.186155	0.0348371350651	9.84012239255e-05	0.00411903569806
2.614367	2.34710464737	1.737646	2.18438633967	1.904886	1.967705	2.346473	2.59036734735	2.204174	2.195172	5.800413	0.185643	0.0349534993236	0.00194198971801	0.00222737819233
2.479138	2.336213	1.73218971176	1.994302	1.897906	1.967763	1.866488	2.15368	2.311981	2.156145	10.912871	6.853149	0.0351631219478	0.000691505604912	0.00352495850176
2.614367	2.337576	1.737646	2.18438633967	1.904886	1.967705	2.346473	2.577258	2.204174	2.195172	5.800413	0.185643	0.0353909330735	0.000111202376543	0.0040939885977
2.614367	2.337576	1.737646	2.18438633967	1.904886	1.967705	2.346473	2.59036734735	2.204174	2.195172	5.800413	0.185643	0.0353909330735	0.00186734378578	0.00232699177719
2.605919	2.336336	1.723702	2.193562	1.900794	1.988043	2.351651	2.579794	2.198186	2.555812	7.267333	0.033579	0.0354271534968	0.00175299138685	0.00251067122283
2.605919	2.336208	1.723702	2.149546	1.900794	1.988035	2.349091	2.58389	2.19803	2.293668	7.245317	0.033579	0.0357574886766	0.00179706689144	0.0024799547278
2.601823	2.336208	1.769782	2.149338	1.900794	1.997471	2.351139	2.583874	2.201022	2.293668	7.245445	0.557867	0.035757638545	0.00221570715983	0.00200080252696
2.594719	2.389736	1.738126	2.158684	1.872118	1.967069	2.379241	2.565986	2.217998	2.220772	5.800445	0.185771	0.0359865390876	1.16238299964e-05	0.00410639612009
2.462749	2.192082	1.86521	2.185293	1.708345	2.128543	1.916173	2.135904	2.269464	9.734129	5.519592	5.40454	0.0373986586533	0.00147079903854	0.00260833681816
2.462749	2.192082	1.86521	2.185293	1.708345	2.128543	1.916173	2.135904	2.269464	9.734129	5.519592	4.74046561005	0.0373986586533	0.00351283000347	0.000624080618823
2.511901	2.191954	1.86521	2.185293	1.732977	2.128543	1.916601	2.144032	2.299288	9.537521	5.532008	5.400444	0.0382157986251	0.000869446547353	0.00315455734051
2.580211	2.303512	2.071385	2.053374	1.668052	1.810763	2.382478	2.453017	2.262587	10.283306	4.70101971584	0.071778	0.0395835024335	0.0039239752965	0.000122344513135
2.390244	2.19215	1.86521	2.142285	1.714547	2.013491	1.917119	2.078496	2.233752	11.044843	6.776779	5.62518	0.0405964634005	0.00311271000534	0.00088075751258
2.601431	2.353752	1.720226	2.150428	1.908611	1.990595	2.347747	2.447858	2.196878	8.318524	5.33143638542	0.037667	0.0407043719229	0.00370893176547	0.000214779277562
2.601431	2.345384	1.72063	2.152476	1.913131	1.978931	2.347747	2.57893	2.206222	8.266468	5.817349	0.290091	0.0407900916511	0.00177400427668	0.00240759383581
2.601431	2.353752	1.720226	2.150428	1.908611	1.990595	2.347747	2.447858	2.196878	8.318524	5.816325	0.037667	0.0409296676972	0.00369748069262	0.00029203675525
2.470645	2.191574	1.863986	2.158635	1.703997	1.985663	1.893383	2.1704	2.270616	11.107043	8.229643	5.634105	0.0409864270093	0.00353233876321	0.000623776178929
2.601463	2.356664	1.707938	2.150348	1.908609	1.990619	2.355939	2.446994	2.196878	8.3175	5.914629	0.032131	0.0409868711456	0.0036425061288	0.00031617266488
2.57560658152	2.253675	2.257397	2.051019	1.67663868688	2.194079	1.875998	2.571055	2.098588	11.698147	3.477635	0.602109	0.0410153571267	0.00029975139431	0.0039743437194
2.56322536709	2.253675	2.257397	2.051019	1.67663868688	2.194079	1.875998	2.571055	2.098588	11.698147	3.477635	0.602109	0.0410153571267	0.000323436629055	0.00388430402407
2.470645	2.191574	1.863986	2.17630997628	1.703997	1.985663	1.893383	2.1704	2.270616	11.107043	8.229643	5.634105	0.0410344297585	0.00339202460833	0.000839779477072
2.466845	2.192214	1.850234	2.141133	1.705081	1.997087	1.917031	2.1704	2.278808	11.110699	7.546635	5.576457	0.0412782100915	0.00282793303521	0.00135577103402
2.4681314743	2.192086	1.86393	2.142157	1.705021	1.988895	1.921735	2.1704	2.287	11.110699	8.012555	5.634105	0.0413359820822	0.00282749655934	0.00115291613297
2.462749	2.18799	1.868282	2.142173	1.729713	1.989279	1.916191	2.078496	2.226776	9.969906	7.283211	5.631996	0.0415462885003	0.00280441896748	0.00135621598463
2.462749	2.192086	1.86521	2.142173	1.703549	1.989279	1.88935466938	2.078496	2.233752	11.110379	6.776587	5.581436	0.04159524088	0.00338174602949	0.000758883623308
2.462749	2.17163	1.90089	2.190944	1.732899	1.991327	1.876143	2.078496	2.234009	9.761859	7.766539	5.40819168639	0.0419829014214	0.0031078338852	0.000965894235355
2.455828	2.192086	1.864186	2.142173	1.714467	2.019091	1.916175	2.078496	2.233752	11.698091	6.775499	5.582844	0.0428552583017	0.00338399045689	0.000704559198326
2.684766	2.335063	2.297589	2.060319	1.933552	2.162265	2.350114	2.570849	2.118156	8.575971	5.486467	0.574767	0.0428719422828	0.000122000875166	0.0040377587622
2.462749	2.192086	1.840634	2.11248434889	1.729713	1.989279	1.917007	2.078496	2.234008	9.758699	7.284491	5.634044	0.0428876802595	0.00306938335642	0.00103577490023
2.667662	2.301988	1.974465	2.118318	1.629979	1.914486	1.900361	2.455337	2.196939	10.414126	10.863647	0.406898	0.0429646868729	0.00379334919427	0.000193508935045
2.667662	2.301988	1.974465	2.10953999205	1.629979	1.914486	1.900361	2.455337	2.196939	10.414126	10.863647	0.406898	0.0431010986425	0.00378479298345	0.000187328592304
2.644508	2.326895	1.99387865434	2.053181	1.934514	2.161295	1.884334	2.570477	2.11932	8.748099	4.035719	0.563759	0.0437194878163	0.000173331721307	0.00400229470798
2.593735	2.236643	2.260845	2.051211	1.869296	2.194087	1.875432	2.46594179583	2.114236	10.885551	3.499139	0.571389	0.0438630068956	0.00105842562223	0.00303778015827
2.455517	2.125398	1.885342	2.138973	1.697277	2.098727	1.892543	2.078178	2.233752	11.110379	6.777355	4.373513	0.0438928672813	0.00402561640549	9.95711317011e-05
2.592583	2.23035598416	2.261493	2.051019	1.868592	2.194095	1.876126	2.571055	2.086332	11.697795	3.511939	0.569341	0.0439540679782	0.000197524038313	0.00394817040433
2.560224	2.312612	1.974465	2.119854	1.630491	1.914966	2.142949	2.455385	2.270671	10.9447705704	10.995423	0.011762	0.0440961119795	0.00356885296522	0.000517831095854
2.592583	2.237291	2.261493	2.051019	1.868592	2.194095	1.876126	2.571055	2.086332	11.6882869566	3.511939	0.569341	0.0441237099884	0.000159139836748	0.003997581212
2.547655	2.336463	1.91015300705	2.086955	1.93771	2.197359	1.917102	2.464521	2.433329	9.763907	3.772779	1.316248	0.0441243092054	0.00224107411043	0.00131489944602
2.606549	2.345384	1.819446	2.19958	1.912603	1.998455	2.372327	2.53301	2.599438	6.039972	7.980037	1.20768	0.0444725541246	9.27138251662e-06	0.00418349392651
2.547669	2.303384	2.105681	2.0523	1.63988	1.808031	2.387081	2.454809	2.262409	10.345898	9.14339796134	0.16165	0.0445083422285	0.00352994456469	0.000445640519896
2.547669	2.310552	2.107089	2.052412	1.635256	1.808031	2.388745	2.446617	2.270601	10.345546	9.143398	0.161138	0.0445635462929	0.00345634703038	0.000504774243622
2.667473	2.31976	1.990649	2.060254	1.667388	2.124959	1.963598	2.589989	2.262411	10.233762	10.970606	0.096226	0.0449035676485	0.00145997058569	0.00268100853688
2.536737	2.303492	1.985105	2.05275	1.618184	1.807963	2.274089	2.455321	2.270603	10.347054	10.7845053075	0.09357	0.0449963157496	0.00341953328612	0.000565608998643
2.584391	2.25645422415	2.295285	2.051115	1.868394	2.157679	1.876078	2.570479	2.086332	9.797251	3.511427	0.578607	0.0450715145862	0.000264801230845	0.0039417537481
2.597856	2.27226261751	1.982657	2.058942	1.668003	1.917526	2.142949	2.447033	2.270655	10.974275	10.977935	0.01213	0.0452459409969	0.0035800729626	0.000435383237317
2.667481	2.320792	1.994089	2.043934	1.664252	2.094783	1.96331	2.593693	2.262539	10.22725	10.917958	0.105314	0.0454297538256	0.00158105412722	0.00258453728268
2.536737	2.303492	1.985105	2.05275	1.618184	1.807963	2.274089	2.455321	2.270603	10.347054	11.000975	0.09357	0.0454825444541	0.00345791320851	0.000307676024205
2.56023585303	2.303396	2.072769	2.118318	1.629979	1.922678	2.390761	2.454873	2.25963021081	9.318826	10.782431	0.013682	0.0456042203618	0.0030271607347	0.000862867943151
2.671321	2.304536	2.203849	2.062494	1.66297	2.098807	1.99483	2.597789	2.311691	10.807754	10.862662	0.072546	0.0457784915601	0.00207648205504	0.00201026145318
2.464785	2.18799	1.90105	2.142173	1.732913	1.993887	1.917007	2.078496	2.250776	11.831206	7.038443	5.634044	0.046052810742	0.00339044345309	0.000551949653473
2.667225	2.319896	2.203945	2.062494	1.66425	2.098175	1.963342	2.589597	2.311691	10.80775	11.00807	0.203618	0.0462493319951	0.00169297167546	0.00253203949706
2.625351	2.243491	2.293953	2.051115	1.892106	2.157695	1.87467	2.569455	2.127292	10.367403	3.507843	0.578863	0.0464382584211	0.00023013563253	0.00385003643993
2.667998	2.304804	1.977633	2.10314	1.619607	1.914454	2.350921	2.455347	2.197003	10.412718	10.847263	0.296306	0.046908468743	0.00333651086843	0.000668499038027
2.40534	2.192086	2.13384209007	2.060445	1.69367565316	1.98899	1.966665	2.077596	2.183851	10.93831	7.66704967761	6.977085	0.0476329679341	0.000415877511365	0.00375642223703
2.52781553447	2.303384	2.05681381403	2.09677214498	1.66395643338	1.806667	2.386281	2.452761	2.262411	10.345898	10.820751	0.072546	0.0480985211171	0.00309222131447	0.000845578737708
2.67201431495	2.304548	2.072769	2.118318	1.62997876854	1.92472643597	2.388137	2.455337	2.196875	10.414506	10.5625637436	0.013682	0.0481794734917	0.00317525015093	0.000807048995053
2.67201431495	2.304548	2.072769	2.118318	1.62997876854	1.92472643597	2.388137	2.455337	2.196875	10.414506	10.5631406292	0.013682	0.0481819419268	0.00317499554	0.00080723421373
2.64298	2.303471	1.74245	2.051647	1.930114	2.176495	1.87467	2.558917	2.115008	8.730173	3.900547	0.947059925128	0.0482138584722	0.000112888371573	0.00400877949062
2.667918	2.319908	2.072865	2.118318	1.631259	1.924094	2.356649	2.447145	2.196875	10.414502	11.008735	0.144754	0.0482625948785	0.00326826016354	0.000746071600361
2.65948139293	2.304548	2.07371663857	2.118318	1.62997876854	1.92472643597	2.388137	2.455337	2.196875	10.414506	10.863327	0.013682	0.0489936980345	0.00310966965136	0.000845029468529
2.561056	2.312612	1.974465	2.11987	1.712411	1.914966	2.390757	2.452829	2.22898148314	9.319939	10.912863	0.012066	0.0493526421485	0.00298244335383	0.0010566960949
2.561056	2.312612	1.974465	2.11987	1.712411	1.914966	2.390757	2.452829	2.270679	9.319939	10.912863	0.012066	0.0493526421485	0.0030010684639	0.00104067574384
2.67201431495	2.304548	2.072769	2.118318	1.62997876854	1.92472643597	2.388137	2.47133318927	2.196875	10.414506	10.863327	0.013682	0.0495388092167	9.28693492705e-05	0.00397755417647
2.67201431495	2.304548	2.072769	2.118318	1.62997876854	1.92472643597	2.388137	2.455337	2.16465617486	10.414506	10.863327	0.013682	0.0495388092167	0.00304678289259	0.00083165327375
2.667353	2.319	1.991163	2.011294	1.795324	2.098879	1.933801	2.590493	2.196875	10.33873	10.762606	0.128994	0.0495967792151	0.0013819526634	0.00277392231513
2.503661	2.252	2.071129	2.054142	1.663992	1.806987	2.375657	2.452793	2.266507	9.705962	10.821391	0.07165	0.0497525801092	0.00322658099707	0.00071568083473
2.52781553447	2.303384	2.05681381403	2.05235	1.66395643338	1.806667	2.386281	2.452761	2.262411	10.4315385091	10.820751	0.072546	0.0497923132603	0.0030295078623	0.000835817500551
2.52319562235	2.252	2.071129	2.054142	1.663992	1.806987	2.375657	2.452793	2.266507	9.705962	10.821391	0.07165	0.049869793345	0.00321281061127	0.000793474807896
2.58106663634	2.303384	2.071121	2.05235	1.66395643338	1.806667	2.38247804451	2.452761	2.262411	10.0609676709	10.820751	0.072546	0.0498788379292	0.00321330913518	0.000758215132912
2.45577965856	2.19208620963	1.86520959175	2.14217305684	1.71446745366	2.00270694818	1.91617491446	2.07849573059	2.23375157566	11.1103789169	6.77658676299	5.58284412584	0.049934378894	0.00335651387291	0.000588850749144
2.576204	2.303396	2.074817	2.084414	1.646363	1.919942	2.390761	2.454829	2.197079	9.367978	11.470559	0.05669	0.0501797331749	0.00292794377846	0.00101787468605
2.58106663634	2.303384	2.071121	2.05235	1.66395643338	1.806667	2.38247804451	2.452761	2.262411	10.345898	10.820751	0.072546	0.0503959068355	0.00311958877948	0.000815358288101
2.576204	2.303396	2.074817	2.084414	1.646363	1.919942	2.390761	2.454829	2.197079	9.367978	11.5231482869	0.05669	0.0504682457091	0.00287771695952	0.00112439458571
2.405336	2.17213	1.9987	2.052765	1.607163	2.081047	1.965545	2.065308	2.179755	10.885542	7.955582	6.960509	0.0525791905296	0.000392305674763	0.00384527610704
2.576395	2.303384	2.280529	2.051614	1.662848	1.808459	2.38257	2.42482	2.197003	10.343164	11.437151	0.037146	0.0527924282955	0.0039592292814	0.000105387172249
2.536985	2.303512	2.083409	2.052318	1.643784	1.807947	2.386985	2.452761	2.262411	10.345898	11.738255	0.072546	0.0529713506825	0.00287655944263	0.000667249344197
2.576843	2.303384	2.234961	2.051614	1.663956	1.806923	2.382478	2.45758789318	2.262411	10.343146	11.7724808491	0.305434	0.0545318254967	6.83068836088e-05	0.00374027840686
2.462749	2.192086	1.864186	2.109405	1.796389	1.997471	1.916959	2.078498	2.229656	11.134953	6.885707	5.582824	0.0569908537279	0.00281347156262	0.00111658772493
2.462749	2.159318	1.843932	2.142365	1.732065	1.997983	1.884255	2.076448	2.235192	11.0670466344	7.283427	5.624316	0.0570935909429	0.00156099549346	0.00246383644502
2.64298	2.303471	1.74245	2.051647	1.930114	2.176495	1.87467	2.558917	2.115008	8.37801983152	3.900547	0.826211	0.0596946365402	1.09894713607e-05	0.00414130877618
2.550749	2.290136	2.065543	2.054766	1.974163	1.807867	2.390717	2.428249	2.205115	10.30065	10.880223	0.006498	0.0606130782648	0.00382985697751	0.000162407100011
2.609188	2.303471	1.873522	2.052159	1.930242	2.176207	1.87467	2.565829	2.115008	8.37802	3.818499	0.830819	0.0608521816168	0.000594507401013	0.00364920404168
2.483744	2.386784	2.07328	1.857672	1.880362	2.187351	2.388138	2.438937	2.2706	8.266666	10.994399	0.028032	0.0630067296173	0.00397476696656	7.0242460582e-05
2.462749	2.192086	1.86521	2.142173	1.703549	1.989279	1.916175	2.078496	2.233752	11.110379	6.776587	5.581436	0.0639164288369	0.00331338834522	0.000637961374824
2.46274886088	2.19208620963	1.86520959175	2.14217305684	1.70354871796	1.98927892493	1.91617491446	2.10832028701	2.23375157566	11.1103789169	6.77658676299	5.58135294037	0.0639164429611	0.00172795179315	0.00238255950915
2.45295431757	2.19208620963	1.86520959175	2.14217305684	1.71446745366	1.98927892493	1.91617491446	2.07849573059	2.23375157566	11.1103789169	6.77658676299	5.58284412584	0.0639706750579	0.00330608593274	0.000664611574767
2.46274886088	2.19208620963	1.86520959175	2.14217305684	1.71446745366	1.98927892493	1.91617491446	2.07849573059	2.23375157566	11.1103789169	6.77658676299	5.58284412584	0.06421660526	0.00326744925984	0.000640373475522
2.40534	2.192086	2.13384209007	2.060445	1.729715	2.00678536159	1.966665	2.077596	2.183851	10.93831	7.33299	6.977085	0.0643031590592	0.000436946030474	0.0036989639972
2.40534	2.192086	2.13384209007	2.060445	1.74897405856	2.00678536159	1.966665	2.077596	2.183851	10.93831	7.33299	6.977085	0.0645602588532	0.000403889402036	0.00366953125921
2.466845	2.18799	1.90105	2.142173	1.714483	1.993887	1.917007	2.12578759629	2.250776	9.734123	6.760427	5.634044	0.0652836465636	0.00137853360242	0.00294425324234
2.613855	2.336208	1.75403	2.182714	1.904774	1.967577	2.333161	2.583882	2.20379	2.227884	3.114077	0.038187	0.0692837734906	0.00172765866965	0.00237362430472
2.462663	2.12655	1.863802	2.193951	1.737953	2.120799	1.908911	2.078432	2.234008	9.799665	5.608584	4.54438	0.0772697933588	0.00402891778916	2.08862609637e-06
2.463005	2.161686	1.893954	2.142397	1.734839	1.989279	1.870415	2.078576	2.234168	8.851319	7.35238021298	4.9657181213	0.0837332719709	0.00394468008572	0.000103441563359
2.477605	2.138834	1.843706	2.177101	1.700153	2.128543	1.916175	2.07856	2.268824	9.865201	4.995304	5.437436	0.0869321650023	0.00152950290356	0.002489028314
2.548263	2.228975	2.293845	2.087371	1.905262	2.14709881736	1.930414	2.500249	2.427697	8.584747	3.773579	2.046208	0.0910208743945	0.00216917754827	0.00196142759104
2.547527	2.228959	1.81306445082	2.085507	1.905262	2.160527	1.891816	2.499561	2.439729	8.525507	3.411595	1.527312	0.0930202949079	0.000450607297307	0.00355740583339
2.539335	2.239015	2.293717	2.089515	1.931802	2.160495	1.890984	2.520809	2.196465	8.579499	2.475147	1.848464	0.0957123052073	0.00157951148456	0.00242749313433
2.601439	2.27539459666	1.723984	2.142236	1.904886	1.988169	2.350379	2.594078	2.205198	1.957283	5.803535	0.301923	0.0966897354173	0.0019090143939	0.00229173848906
2.45454	2.186466	1.90078617381	2.011103	1.753403	1.993086	1.966601	2.101028	2.160043	10.061254	8.44999678634	5.586493	0.0969284864698	0.00390870933896	0.000131096627846
2.551769	2.305576	2.287937	1.871182	1.65964996184	1.865975	2.354857	2.452813	2.197047	9.320253	11.127487	1.17789	0.099125656714	0.00402813683969	3.6366603298e-05
2.551769	2.305576	2.287937	1.871182	1.65964996184	1.87056065284	2.354857	2.452813	2.197047	9.320253	11.127487	1.17789	0.099125656714	0.00402813683969	3.6366603298e-05
2.463701	2.174678	1.867898	2.185293	1.708413	1.997471	1.916431	2.131488	2.299288	11.634667	6.775531	5.40454	0.101761153844	0.000830557403114	0.00330250661314
2.463701	2.174678	1.867898	2.185293	1.708413	1.997471	1.916431	2.131488	2.28754613829	11.634667	6.775531	5.40454	0.101761153844	0.00100102904524	0.00310990473677
2.462677	2.091594	1.85155	2.175007	1.733675	2.062983	1.86729598868	2.07922	2.287128	9.807423	7.915272	5.411628	0.102973018891	0.00123017887733	0.00301885591899
2.643232	2.246935	2.237941	2.057096	1.929494	2.157663	1.998094	2.471709	2.073996	8.790571	2.563211	0.906285	0.106311509486	0.00134869919291	0.00255415503284
2.461653	2.098026	1.843614	2.182221	1.732921	2.128559	1.917113	2.144864	2.34844	9.754975	5.510792	5.402492	0.106576786714	0.00180279670703	0.00230687745469
2.54752685616	2.22894333071	2.29362125909	2.08797855782	1.93188622796	2.1604953015	1.89098954205	2.50032854942	2.43915302569	8.58425887515	3.77357948002	1.68324709017	0.112883410264	0.000865706548226	0.0031826020029
2.54752685616	2.22894333071	2.29362125909	2.08797855782	1.93188622796	2.1604953015	1.89098954205	2.50032854942	2.43915302569	8.58425887515	3.77357948002	1.8405361954	0.112883410264	0.00103819154228	0.00261258407402
2.54752685616	2.22894333071	2.29362125909	2.08797855782	1.93188622796	2.1604953015	1.89098954205	2.50032854942	2.43915302569	8.58425887515	3.77357948002	2.04097630921	0.112883410264	0.00206704005495	0.00183153181701
2.644396	2.252143	2.295373	2.053259	1.934562	2.153935	1.876142	2.569117	2.18385	8.748099	4.056187	0.825259	0.113579773193	0.000669382269116	0.00349210666958
2.551623	2.309028	2.278305	1.88707	1.867651	1.857645	2.333417	2.451951	2.196925	9.273005	11.895903	0.038178	0.11837783796	0.002861999549	0.00110796547619
2.480112	2.188758	1.880292	2.142173	1.703549	1.984763	1.946704	2.078496	2.233752	11.108907	6.771979	5.69702	0.119860418322	0.00280459655325	0.00130743960415
2.644108	2.230693	1.745022	2.053295	1.892626	2.16639932232	1.870206	2.55368399888	2.119104	8.716547	3.901139	0.793587	0.121056420011	2.90183022794e-06	0.00418738138977
2.644396	2.228503	2.237941	2.057096	1.929494	2.157727	1.965326	2.463981	2.086332	8.747067	4.052099	0.906287	0.123966793973	0.00135528056437	0.00251830563863
2.27286	2.104546	1.990508	2.052741	1.643395	1.990157	1.871337	2.016156	2.181555	11.86759	7.991934	6.961045	0.128934270693	0.000773894704672	0.00347052124241
2.601443	2.337512	1.71807	2.05506303099	1.905146	1.914457	2.355941	2.59452	2.205134	3.063219	6.276613	0.273763	0.135882424254	0.00198248569254	0.00221042536104
2.64439615556	2.228591	2.295285	2.053163	1.934562	2.157679	1.876142	2.570477	2.1191	8.748099	4.035715	0.828331076566	0.164594637844	0.000591781566409	0.00352929943144
2.64439615556	2.228591	2.295285	2.053163	1.934562	2.15131484267	1.876142	2.570477	2.1191	8.748099	4.035715	0.828331076566	0.164697024842	0.000510500773027	0.00354391680425
2.48011240337	2.19208620963	1.88029248658	2.14217305684	1.70354871796	1.98927892493	1.93985597195	2.07849573059	2.23375157566	11.1103789169	6.02113448749	5.58284412584	0.174427815351	0.00328665847732	0.000623361033619
2.484052	2.26099244089	1.769343	2.186318	1.792596	2.157174	2.153127	2.500321	2.553851	4.383039	8.01294	1.669179	0.180743473322	0.00133652921863	0.00231726886114
2.584405	2.229835	2.287093	2.116651	1.868906	2.157679	1.899118	2.589127575	2.090428	3.00890896423	3.524739	0.087087	0.185999043153	0.001969808636	0.00217734573117
2.466781	2.171158	1.843546	2.19226370584	1.732887	1.991327	1.965327	2.06608	2.2750029158	9.744443	6.80926425647	5.634044	0.186127686109	0.00401994863794	2.78893748663e-05
2.458653	2.093782	1.840378	2.142175	1.705009	1.988895	1.917023	2.078496	2.233752	11.110699	8.013595	5.58278	0.216660235014	0.00190938454256	0.00223705640043
2.584647	2.228587	2.261925	1.922251	1.868394	2.164847	1.876078	2.577135	2.081292	9.797287	1.610883	0.185647	0.221152500757	3.82075401492e-06	0.00416605569454
2.457333	2.074038	1.868378	2.142381	1.731889	1.997463	1.913951	2.0744	2.24604	11.694635	8.249579	5.678588	0.224614931209	0.00176868526191	0.00214832600953
2.462709	2.094554	1.839262	2.174927	1.733937	2.063007	1.946333	2.078507	2.23388	9.600575	7.824136	5.401996	0.226022509642	0.00206325512449	0.00206117104187
2.672033	2.304596	2.0075660114	1.887806	1.974147	1.859523	2.388137	2.453293	2.196875	10.415677	11.518047	0.037666	0.251804233366	0.00272549386004	0.00126808382877
2.48418	2.13969	1.846687	2.144334	1.773482	2.194038	2.178343	2.463007	2.549307	5.565887	8.012044	1.088355	0.267456084766	0.00165945931487	0.00209087841445
2.22613214498	2.12539784206	1.75427106761	2.07342237526	1.76272406399	2.09872324108	2.33009165494	2.0792016961	2.29421705945	6.93198511327	10.9964573517	5.21688946766	0.270544669102	0.00266071570583	0.00130584714932
2.405116	2.123306	2.203948	2.062415	1.60892979608	1.990133	1.968265	2.065308	2.180651	10.80775	8.119422	6.952507	0.277228148153	0.00200957287157	0.00200110696686
2.405116	2.123306	2.203948	2.062415	1.606907	1.990133	1.968265	2.065308	2.180651	10.80775	8.119422	6.952507	0.277228148153	0.00200957287157	0.00200110696686
2.455133	2.112366	1.84387	2.181449	1.733541	2.000431	1.904063	2.044596	2.230678	11.126289	6.01918566443	6.265468	0.281464528455	0.000604621231604	0.00348480649897
2.544577	2.304808	2.018231	1.888286	1.970403	1.857091	2.390819	2.452861	2.205271	8.58513	11.306079	0.03357	0.293453807029	0.00269642970207	0.00128911785781
2.48418	2.074154	1.843359	2.185294	1.80624959056	2.194038	2.179239	2.46451341308	2.548027	5.562687	8.01214	1.144891	0.304640899294	0.00199146126253	0.00199598897032
2.60984539334	2.322655	2.06532	1.896579	1.774854	1.996171	1.936873	2.540457	2.27077	3.767011	10.325722	1.396237	0.307687135658	0.000551180752089	0.00351277239021
2.544673	2.29712873003	2.018209	1.887806	1.974147	1.857475	2.378359389	2.452829	2.197079	9.31999656846	11.437151	0.037666	0.309286457982	0.0027864678275	0.00120453466211
2.544673	2.303444	2.018209	1.887806	1.974147	1.857475	2.378359389	2.452829	2.197079	9.31999656846	11.437151	0.037666	0.309286457982	0.0027864678275	0.00120453466211
2.479392	2.378276	1.96842247349	1.85571	1.904938	2.176599	2.38689	2.455321	2.2706	1.97483	10.951823	0.072544	0.327425590529	0.0034136173264	0.000490657174137
2.478912	2.378244	1.974644	1.858622	1.931562	2.159655	2.349674	2.455405	2.324472	1.96615	10.951823	0.066704	0.33094930696	0.00340279529231	0.000487380719614
2.548802	2.303455	2.06532	1.888899	1.774854	2.00671260181	1.97991234364	2.54052111234	2.197042	4.003521	9.70313	1.586459	0.333779516996	0.000498118979579	0.0035203727428
2.54869	2.303519	2.0642	1.987303	1.643798	1.906187	2.207337	2.524057	2.196034	3.991745	9.751946	1.710437	0.334130819663	0.00101176335623	0.00306196929166
2.556889	2.30562	2.026401	1.88779	1.974147	1.857475	2.390697	2.452829	2.197079	8.585018	11.127391	0.039714	0.334854018741	0.00273500004776	0.00121357418511
2.462749	2.073302	1.843706	2.142173	1.76148494374	1.997471	1.917023	2.078496	2.234008	9.758699	7.84121852008	5.634044	0.338436276056	0.00198174753482	0.00207577989887
2.463637	2.073302	1.868274	2.16630742623	1.734065	1.997471	1.916415	2.045712	2.311832	11.593702	7.177319	5.547516	0.344585729485	5.49526185079e-05	0.00410455457808
2.462709	2.071782	1.965914	2.144429	1.606689	1.990807	1.881097	2.074412	2.314904	9.578923	8.021227	5.692924	0.344666416575	0.000340514817288	0.00372941863134
2.486301	2.063894	1.708395	2.12443487548	1.76704804781	1.985679	1.913119	2.078508	2.285842	9.603051	8.376863	4.610587	0.349106031505	0.00219454663846	0.00180621646891
2.550738	2.303583	2.066072	1.939303	1.643782	1.902987	1.945193	2.524137	2.22830010796	4.007617	9.703114	1.527141	0.354263221907	0.000722349899771	0.0032904397228
2.550738	2.303583	2.066072	1.939303	1.643782	1.902987	1.945193	2.524137	2.23597784836	4.007617	9.703114	1.527141	0.354263221907	0.000958819261042	0.00313891381365
2.462749	2.093782	1.840634	2.142173	1.796385	1.997471	1.916959	2.03370028423	2.23388	11.110379	6.776587	5.582844	0.354306759234	0.000993656026365	0.00308567515333
2.53499	2.303455	2.017896	1.887875	1.773446	1.986641	1.874409	2.538841	2.198098	3.479201	10.388698	1.610643	0.35509502476	0.000699458452026	0.00344004957667
2.550738	2.303583	2.066072	1.939303	1.643782	1.902987	1.945193	2.524137	2.196034	4.007617	10.9785376735	1.527141	0.355440085834	0.000450532411741	0.00366614622822
2.532306	2.304799	2.00097780083	1.939423	1.64383	1.921419	1.917033	2.534769	2.19605	4.007585	9.749962	1.438053	0.357746710994	1.58923072608e-05	0.00396048212395
2.23474302254	2.09263	1.754235	2.073486	1.762784	2.095891	2.351288	2.066914	2.285883	5.563633	9.030248	4.294649	0.377643257144	0.00380339241847	0.000146689059894
2.232276	2.09263	1.754235	2.073486	1.762784	2.095891	2.351288	2.066914	2.285883	5.563633	9.030248	4.294649	0.377643257144	0.00380339241847	0.000146689059894
2.416604	2.073303	1.770311	2.060333	1.731611	1.993854	1.950217	2.078372	2.36406444319	10.914054	8.242302	6.952889	0.396904389945	0.000623627188265	0.00345492881037
2.457369	2.246225	2.163367	1.982541	1.733553	1.931927	1.997455	2.008672	2.025024	5.565682	6.568206	9.566268	0.406569581826	0.00331762900785	0.000600417336161
2.224066	2.12739	1.760631	2.098254	1.796772	2.116747	2.12657335425	2.079522	2.285843	4.096529	10.736156	4.610681	0.415556199815	0.0037215232385	0.000132195166205
2.592334	2.242399	2.041192	1.872515	1.774982	1.918091	1.826809	2.467497	2.218418	3.478161	9.447528	1.587107	0.437515215248	0.00269477794044	0.00105486519763
2.462773	2.073302	1.869306	2.133645	1.733793	1.964583	1.916591	2.079072	2.23068	11.696806	6.767275	5.582844	0.452965047088	0.00195270049355	0.00206917802397
2.46342142301	2.06472280567	1.843706	2.142173	1.732913	1.997471	1.917023	2.078496	2.234008	9.758699	7.283435	5.634044	0.45494942508	0.00191982359047	0.00204841011373
2.25441776666	2.094342	1.754235	2.078862	1.753532	2.095999	2.35948	2.065298	2.318651	4.594161	9.028728	4.855545	0.471888380607	0.00268752687806	0.00130583863352
2.644396	2.228591	2.270565	2.052739	1.938658	2.179987	2.351102	2.467501	2.087356	8.748179	3.679363	1.586091	0.51179792402	0.00186065757453	0.00196086341921
2.477814	2.074018	1.909087	2.152526	1.799208	2.173142	2.224299	2.456053	2.58278	5.694015	5.915676	0.169053	0.531075773669	0.00392992976879	2.96774414336e-05
2.461277	2.079598	1.843834	2.181513	1.733601	1.997599	1.904063	2.03230825087	2.23071	9.757937	4.733292	5.343228	0.575284767062	0.000561773850302	0.00340828350914