 # l=           1 basis function with energy     11.3934611600000     
  0.0000E+00  0.0000E+00  0.0000E+00  0.0000E+00
  2.4843E-06  2.6847E-09 -3.3644E-11 -4.7187E-11
  4.9838E-06  8.9700E-09 -1.3540E-10 -1.8990E-10
  7.4986E-06  1.8259E-08 -3.0652E-10 -4.2990E-10
  1.0029E-05  3.0373E-08 -5.4826E-10 -7.6896E-10
  1.2574E-05  4.5126E-08 -8.6192E-10 -1.2089E-09
  1.5136E-05  6.2299E-08 -1.2488E-09 -1.7515E-09
  1.7712E-05  8.1892E-08 -1.7102E-09 -2.3986E-09
  2.0305E-05  1.0385E-07 -2.2475E-09 -3.1522E-09
  2.2913E-05  1.2813E-07 -2.8621E-09 -4.0141E-09
  2.5538E-05  1.5473E-07 -3.5552E-09 -4.9863E-09
  2.8178E-05  1.8362E-07 -4.3284E-09 -6.0707E-09
  3.0835E-05  2.1480E-07 -5.1830E-09 -7.2694E-09
  3.3508E-05  2.4826E-07 -6.1205E-09 -8.5842E-09
  3.6197E-05  2.8401E-07 -7.1423E-09 -1.0017E-08
  3.8902E-05  3.2204E-07 -8.2499E-09 -1.1571E-08
  4.1625E-05  3.6237E-07 -9.4449E-09 -1.3247E-08
  4.4363E-05  4.0500E-07 -1.0729E-08 -1.5047E-08
  4.7119E-05  4.4994E-07 -1.2103E-08 -1.6975E-08
  4.9891E-05  4.9721E-07 -1.3569E-08 -1.9031E-08
  5.2681E-05  5.4682E-07 -1.5129E-08 -2.1219E-08
  5.5487E-05  5.9879E-07 -1.6783E-08 -2.3539E-08
  5.8310E-05  6.5313E-07 -1.8535E-08 -2.5996E-08
  6.1151E-05  7.0986E-07 -2.0385E-08 -2.8591E-08
  6.4009E-05  7.6900E-07 -2.2335E-08 -3.1326E-08
  6.6885E-05  8.3058E-07 -2.4387E-08 -3.4204E-08
  6.9778E-05  8.9462E-07 -2.6542E-08 -3.7227E-08
  7.2689E-05  9.6114E-07 -2.8803E-08 -4.0397E-08
  7.5618E-05  1.0302E-06 -3.1171E-08 -4.3718E-08
  7.8565E-05  1.1017E-06 -3.3647E-08 -4.7192E-08
  8.1529E-05  1.1758E-06 -3.6235E-08 -5.0821E-08
  8.4512E-05  1.2525E-06 -3.8935E-08 -5.4607E-08
  8.7513E-05  1.3318E-06 -4.1749E-08 -5.8554E-08
  9.0532E-05  1.4137E-06 -4.4679E-08 -6.2664E-08
  9.3570E-05  1.4983E-06 -4.7728E-08 -6.6940E-08
  9.6626E-05  1.5856E-06 -5.0897E-08 -7.1385E-08
  9.9701E-05  1.6757E-06 -5.4188E-08 -7.6001E-08
  1.0280E-04  1.7684E-06 -5.7603E-08 -8.0791E-08
  1.0591E-04  1.8640E-06 -6.1144E-08 -8.5758E-08
  1.0904E-04  1.9624E-06 -6.4814E-08 -9.0904E-08
  1.1219E-04  2.0637E-06 -6.8614E-08 -9.6234E-08
  1.1536E-04  2.1679E-06 -7.2547E-08 -1.0175E-07
  1.1855E-04  2.2750E-06 -7.6614E-08 -1.0745E-07
  1.2176E-04  2.3850E-06 -8.0818E-08 -1.1335E-07
  1.2499E-04  2.4981E-06 -8.5161E-08 -1.1944E-07
  1.2824E-04  2.6142E-06 -8.9645E-08 -1.2573E-07
  1.3151E-04  2.7334E-06 -9.4272E-08 -1.3222E-07
  1.3479E-04  2.8557E-06 -9.9046E-08 -1.3892E-07
  1.3810E-04  2.9811E-06 -1.0397E-07 -1.4582E-07
  1.4143E-04  3.1098E-06 -1.0904E-07 -1.5293E-07
  1.4478E-04  3.2417E-06 -1.1427E-07 -1.6026E-07
  1.4815E-04  3.3769E-06 -1.1965E-07 -1.6781E-07
  1.5154E-04  3.5154E-06 -1.2518E-07 -1.7558E-07
  1.5495E-04  3.6572E-06 -1.3088E-07 -1.8357E-07
  1.5838E-04  3.8025E-06 -1.3674E-07 -1.9179E-07
  1.6183E-04  3.9512E-06 -1.4277E-07 -2.0024E-07
  1.6531E-04  4.1034E-06 -1.4897E-07 -2.0893E-07
  1.6880E-04  4.2592E-06 -1.5533E-07 -2.1786E-07
  1.7232E-04  4.4186E-06 -1.6187E-07 -2.2703E-07
  1.7586E-04  4.5816E-06 -1.6858E-07 -2.3645E-07
  1.7942E-04  4.7482E-06 -1.7548E-07 -2.4612E-07
  1.8300E-04  4.9187E-06 -1.8255E-07 -2.5604E-07
  1.8660E-04  5.0929E-06 -1.8981E-07 -2.6622E-07
  1.9023E-04  5.2709E-06 -1.9726E-07 -2.7666E-07
  1.9387E-04  5.4528E-06 -2.0490E-07 -2.8738E-07
  1.9754E-04  5.6387E-06 -2.1273E-07 -2.9836E-07
  2.0123E-04  5.8285E-06 -2.2075E-07 -3.0961E-07
  2.0495E-04  6.0224E-06 -2.2898E-07 -3.2115E-07
  2.0869E-04  6.2204E-06 -2.3740E-07 -3.3297E-07
  2.1245E-04  6.4226E-06 -2.4604E-07 -3.4508E-07
  2.1623E-04  6.6289E-06 -2.5488E-07 -3.5748E-07
  2.2004E-04  6.8395E-06 -2.6393E-07 -3.7017E-07
  2.2387E-04  7.0545E-06 -2.7320E-07 -3.8317E-07
  2.2772E-04  7.2738E-06 -2.8268E-07 -3.9647E-07
  2.3160E-04  7.4975E-06 -2.9239E-07 -4.1009E-07
  2.3550E-04  7.7258E-06 -3.0232E-07 -4.2401E-07
  2.3942E-04  7.9586E-06 -3.1248E-07 -4.3826E-07
  2.4337E-04  8.1960E-06 -3.2287E-07 -4.5284E-07
  2.4734E-04  8.4381E-06 -3.3349E-07 -4.6774E-07
  2.5134E-04  8.6849E-06 -3.4436E-07 -4.8298E-07
  2.5536E-04  8.9366E-06 -3.5546E-07 -4.9855E-07
  2.5940E-04  9.1931E-06 -3.6682E-07 -5.1447E-07
  2.6347E-04  9.4546E-06 -3.7842E-07 -5.3075E-07
  2.6757E-04  9.7210E-06 -3.9027E-07 -5.4737E-07
  2.7169E-04  9.9926E-06 -4.0238E-07 -5.6436E-07
  2.7583E-04  1.0269E-05 -4.1476E-07 -5.8171E-07
  2.8000E-04  1.0551E-05 -4.2739E-07 -5.9944E-07
  2.8420E-04  1.0838E-05 -4.4030E-07 -6.1754E-07
  2.8842E-04  1.1131E-05 -4.5348E-07 -6.3602E-07
  2.9267E-04  1.1429E-05 -4.6693E-07 -6.5489E-07
  2.9694E-04  1.1732E-05 -4.8067E-07 -6.7416E-07
  3.0124E-04  1.2041E-05 -4.9469E-07 -6.9382E-07
  3.0557E-04  1.2356E-05 -5.0900E-07 -7.1389E-07
  3.0992E-04  1.2676E-05 -5.2360E-07 -7.3438E-07
  3.1430E-04  1.3002E-05 -5.3851E-07 -7.5528E-07
  3.1871E-04  1.3334E-05 -5.5371E-07 -7.7660E-07
  3.2314E-04  1.3672E-05 -5.6922E-07 -7.9835E-07
  3.2760E-04  1.4016E-05 -5.8504E-07 -8.2054E-07
  3.3209E-04  1.4366E-05 -6.0118E-07 -8.4317E-07
  3.3660E-04  1.4723E-05 -6.1763E-07 -8.6626E-07
  3.4114E-04  1.5085E-05 -6.3442E-07 -8.8979E-07
  3.4571E-04  1.5454E-05 -6.5153E-07 -9.1379E-07
  3.5031E-04  1.5830E-05 -6.6897E-07 -9.3826E-07
  3.5494E-04  1.6212E-05 -6.8676E-07 -9.6320E-07
  3.5959E-04  1.6600E-05 -7.0489E-07 -9.8863E-07
  3.6427E-04  1.6996E-05 -7.2336E-07 -1.0145E-06
  3.6899E-04  1.7398E-05 -7.4220E-07 -1.0410E-06
  3.7373E-04  1.7807E-05 -7.6139E-07 -1.0679E-06
  3.7850E-04  1.8223E-05 -7.8094E-07 -1.0953E-06
  3.8329E-04  1.8646E-05 -8.0087E-07 -1.1233E-06
  3.8812E-04  1.9076E-05 -8.2117E-07 -1.1517E-06
  3.9298E-04  1.9513E-05 -8.4185E-07 -1.1807E-06
  3.9787E-04  1.9958E-05 -8.6292E-07 -1.2103E-06
  4.0278E-04  2.0410E-05 -8.8438E-07 -1.2404E-06
  4.0773E-04  2.0870E-05 -9.0624E-07 -1.2710E-06
  4.1271E-04  2.1338E-05 -9.2850E-07 -1.3023E-06
  4.1771E-04  2.1813E-05 -9.5117E-07 -1.3340E-06
  4.2275E-04  2.2296E-05 -9.7425E-07 -1.3664E-06
  4.2782E-04  2.2788E-05 -9.9775E-07 -1.3994E-06
  4.3292E-04  2.3287E-05 -1.0217E-06 -1.4329E-06
  4.3805E-04  2.3794E-05 -1.0460E-06 -1.4671E-06
  4.4321E-04  2.4310E-05 -1.0708E-06 -1.5019E-06
  4.4841E-04  2.4834E-05 -1.0961E-06 -1.5373E-06
  4.5363E-04  2.5367E-05 -1.1218E-06 -1.5734E-06
  4.5889E-04  2.5908E-05 -1.1479E-06 -1.6100E-06
  4.6418E-04  2.6458E-05 -1.1746E-06 -1.6474E-06
  4.6950E-04  2.7017E-05 -1.2016E-06 -1.6854E-06
  4.7486E-04  2.7585E-05 -1.2292E-06 -1.7240E-06
  4.8025E-04  2.8162E-05 -1.2573E-06 -1.7634E-06
  4.8567E-04  2.8748E-05 -1.2858E-06 -1.8034E-06
  4.9112E-04  2.9344E-05 -1.3148E-06 -1.8441E-06
  4.9661E-04  2.9949E-05 -1.3444E-06 -1.8856E-06
  5.0213E-04  3.0564E-05 -1.3744E-06 -1.9277E-06
  5.0768E-04  3.1188E-05 -1.4050E-06 -1.9706E-06
  5.1327E-04  3.1822E-05 -1.4361E-06 -2.0142E-06
  5.1889E-04  3.2467E-05 -1.4678E-06 -2.0586E-06
  5.2455E-04  3.3121E-05 -1.4999E-06 -2.1037E-06
  5.3024E-04  3.3786E-05 -1.5327E-06 -2.1496E-06
  5.3597E-04  3.4460E-05 -1.5659E-06 -2.1963E-06
  5.4173E-04  3.5146E-05 -1.5998E-06 -2.2438E-06
  5.4752E-04  3.5842E-05 -1.6342E-06 -2.2920E-06
  5.5336E-04  3.6549E-05 -1.6692E-06 -2.3411E-06
  5.5922E-04  3.7267E-05 -1.7048E-06 -2.3910E-06
  5.6513E-04  3.7996E-05 -1.7410E-06 -2.4418E-06
  5.7107E-04  3.8736E-05 -1.7777E-06 -2.4934E-06
  5.7704E-04  3.9488E-05 -1.8151E-06 -2.5458E-06
  5.8305E-04  4.0251E-05 -1.8532E-06 -2.5991E-06
  5.8910E-04  4.1026E-05 -1.8918E-06 -2.6534E-06
  5.9519E-04  4.1813E-05 -1.9311E-06 -2.7085E-06
  6.0131E-04  4.2611E-05 -1.9710E-06 -2.7645E-06
  6.0747E-04  4.3422E-05 -2.0116E-06 -2.8214E-06
  6.1367E-04  4.4245E-05 -2.0529E-06 -2.8793E-06
  6.1991E-04  4.5081E-05 -2.0948E-06 -2.9381E-06
  6.2618E-04  4.5929E-05 -2.1375E-06 -2.9979E-06
  6.3249E-04  4.6790E-05 -2.1808E-06 -3.0586E-06
  6.3884E-04  4.7664E-05 -2.2248E-06 -3.1204E-06
  6.4523E-04  4.8551E-05 -2.2695E-06 -3.1831E-06
  6.5166E-04  4.9452E-05 -2.3150E-06 -3.2468E-06
  6.5813E-04  5.0366E-05 -2.3612E-06 -3.3116E-06
  6.6464E-04  5.1293E-05 -2.4081E-06 -3.3774E-06
  6.7119E-04  5.2235E-05 -2.4558E-06 -3.4443E-06
  6.7778E-04  5.3190E-05 -2.5042E-06 -3.5123E-06
  6.8440E-04  5.4160E-05 -2.5534E-06 -3.5813E-06
  6.9107E-04  5.5144E-05 -2.6034E-06 -3.6514E-06
  6.9778E-04  5.6143E-05 -2.6542E-06 -3.7227E-06
  7.0453E-04  5.7156E-05 -2.7058E-06 -3.7950E-06
  7.1132E-04  5.8184E-05 -2.7582E-06 -3.8686E-06
  7.1816E-04  5.9228E-05 -2.8115E-06 -3.9432E-06
  7.2503E-04  6.0287E-05 -2.8656E-06 -4.0191E-06
  7.3195E-04  6.1361E-05 -2.9205E-06 -4.0961E-06
  7.3891E-04  6.2451E-05 -2.9763E-06 -4.1744E-06
  7.4591E-04  6.3558E-05 -3.0330E-06 -4.2539E-06
  7.5295E-04  6.4680E-05 -3.0906E-06 -4.3346E-06
  7.6004E-04  6.5819E-05 -3.1490E-06 -4.4166E-06
  7.6717E-04  6.6974E-05 -3.2084E-06 -4.4999E-06
  7.7435E-04  6.8146E-05 -3.2687E-06 -4.5844E-06
  7.8157E-04  6.9335E-05 -3.3299E-06 -4.6703E-06
  7.8883E-04  7.0542E-05 -3.3921E-06 -4.7575E-06
  7.9614E-04  7.1765E-05 -3.4552E-06 -4.8461E-06
  8.0349E-04  7.3007E-05 -3.5193E-06 -4.9360E-06
  8.1088E-04  7.4266E-05 -3.5844E-06 -5.0273E-06
  8.1833E-04  7.5544E-05 -3.6505E-06 -5.1200E-06
  8.2581E-04  7.6840E-05 -3.7176E-06 -5.2141E-06
  8.3335E-04  7.8155E-05 -3.7857E-06 -5.3096E-06
  8.4093E-04  7.9488E-05 -3.8549E-06 -5.4067E-06
  8.4855E-04  8.0841E-05 -3.9251E-06 -5.5052E-06
  8.5622E-04  8.2213E-05 -3.9964E-06 -5.6052E-06
  8.6394E-04  8.3604E-05 -4.0688E-06 -5.7067E-06
  8.7171E-04  8.5016E-05 -4.1423E-06 -5.8097E-06
  8.7952E-04  8.6447E-05 -4.2169E-06 -5.9144E-06
  8.8738E-04  8.7899E-05 -4.2926E-06 -6.0206E-06
  8.9529E-04  8.9372E-05 -4.3695E-06 -6.1284E-06
  9.0325E-04  9.0866E-05 -4.4475E-06 -6.2378E-06
  9.1126E-04  9.2380E-05 -4.5267E-06 -6.3489E-06
  9.1931E-04  9.3916E-05 -4.6071E-06 -6.4616E-06
  9.2742E-04  9.5474E-05 -4.6887E-06 -6.5761E-06
  9.3557E-04  9.7054E-05 -4.7715E-06 -6.6922E-06
  9.4378E-04  9.8656E-05 -4.8555E-06 -6.8101E-06
  9.5203E-04  1.0028E-04 -4.9408E-06 -6.9297E-06
  9.6034E-04  1.0193E-04 -5.0274E-06 -7.0512E-06
  9.6869E-04  1.0360E-04 -5.1153E-06 -7.1744E-06
  9.7710E-04  1.0529E-04 -5.2045E-06 -7.2995E-06
  9.8556E-04  1.0701E-04 -5.2949E-06 -7.4264E-06
  9.9407E-04  1.0875E-04 -5.3868E-06 -7.5552E-06
  1.0026E-03  1.1052E-04 -5.4800E-06 -7.6859E-06
  1.0112E-03  1.1231E-04 -5.5745E-06 -7.8185E-06
  1.0199E-03  1.1413E-04 -5.6705E-06 -7.9531E-06
  1.0286E-03  1.1597E-04 -5.7679E-06 -8.0897E-06
  1.0374E-03  1.1784E-04 -5.8667E-06 -8.2283E-06
  1.0462E-03  1.1973E-04 -5.9669E-06 -8.3689E-06
  1.0551E-03  1.2165E-04 -6.0687E-06 -8.5116E-06
  1.0640E-03  1.2359E-04 -6.1719E-06 -8.6563E-06
  1.0730E-03  1.2557E-04 -6.2766E-06 -8.8032E-06
  1.0821E-03  1.2757E-04 -6.3829E-06 -8.9522E-06
  1.0912E-03  1.2959E-04 -6.4907E-06 -9.1034E-06
  1.1003E-03  1.3165E-04 -6.6001E-06 -9.2568E-06
  1.1095E-03  1.3374E-04 -6.7110E-06 -9.4125E-06
  1.1188E-03  1.3585E-04 -6.8236E-06 -9.5704E-06
  1.1281E-03  1.3799E-04 -6.9378E-06 -9.7306E-06
  1.1375E-03  1.4016E-04 -7.0537E-06 -9.8931E-06
  1.1470E-03  1.4236E-04 -7.1712E-06 -1.0058E-05
  1.1565E-03  1.4460E-04 -7.2905E-06 -1.0225E-05
  1.1660E-03  1.4686E-04 -7.4114E-06 -1.0395E-05
  1.1756E-03  1.4915E-04 -7.5341E-06 -1.0567E-05
  1.1853E-03  1.5148E-04 -7.6586E-06 -1.0742E-05
  1.1950E-03  1.5383E-04 -7.7849E-06 -1.0919E-05
  1.2048E-03  1.5622E-04 -7.9130E-06 -1.1098E-05
  1.2147E-03  1.5864E-04 -8.0429E-06 -1.1280E-05
  1.2246E-03  1.6110E-04 -8.1747E-06 -1.1465E-05
  1.2345E-03  1.6358E-04 -8.3083E-06 -1.1653E-05
  1.2446E-03  1.6611E-04 -8.4439E-06 -1.1843E-05
  1.2547E-03  1.6866E-04 -8.5814E-06 -1.2036E-05
  1.2648E-03  1.7125E-04 -8.7209E-06 -1.2231E-05
  1.2750E-03  1.7388E-04 -8.8624E-06 -1.2430E-05
  1.2853E-03  1.7654E-04 -9.0058E-06 -1.2631E-05
  1.2957E-03  1.7924E-04 -9.1514E-06 -1.2835E-05
  1.3061E-03  1.8197E-04 -9.2989E-06 -1.3042E-05
  1.3165E-03  1.8474E-04 -9.4486E-06 -1.3252E-05
  1.3271E-03  1.8755E-04 -9.6004E-06 -1.3465E-05
  1.3377E-03  1.9040E-04 -9.7544E-06 -1.3681E-05
  1.3483E-03  1.9328E-04 -9.9105E-06 -1.3900E-05
  1.3591E-03  1.9621E-04 -1.0069E-05 -1.4122E-05
  1.3699E-03  1.9917E-04 -1.0229E-05 -1.4347E-05
  1.3807E-03  2.0217E-04 -1.0392E-05 -1.4575E-05
  1.3916E-03  2.0522E-04 -1.0557E-05 -1.4807E-05
  1.4026E-03  2.0830E-04 -1.0725E-05 -1.5042E-05
  1.4137E-03  2.1143E-04 -1.0895E-05 -1.5280E-05
  1.4248E-03  2.1460E-04 -1.1067E-05 -1.5522E-05
  1.4360E-03  2.1781E-04 -1.1241E-05 -1.5766E-05
  1.4473E-03  2.2106E-04 -1.1418E-05 -1.6015E-05
  1.4586E-03  2.2436E-04 -1.1598E-05 -1.6266E-05
  1.4700E-03  2.2770E-04 -1.1780E-05 -1.6522E-05
  1.4815E-03  2.3108E-04 -1.1964E-05 -1.6781E-05
  1.4930E-03  2.3451E-04 -1.2152E-05 -1.7043E-05
  1.5046E-03  2.3799E-04 -1.2341E-05 -1.7309E-05
  1.5163E-03  2.4151E-04 -1.2534E-05 -1.7579E-05
  1.5281E-03  2.4508E-04 -1.2729E-05 -1.7853E-05
  1.5399E-03  2.4870E-04 -1.2927E-05 -1.8130E-05
  1.5518E-03  2.5236E-04 -1.3127E-05 -1.8411E-05
  1.5638E-03  2.5608E-04 -1.3331E-05 -1.8697E-05
  1.5758E-03  2.5984E-04 -1.3537E-05 -1.8986E-05
  1.5879E-03  2.6365E-04 -1.3746E-05 -1.9279E-05
  1.6001E-03  2.6752E-04 -1.3958E-05 -1.9576E-05
  1.6124E-03  2.7143E-04 -1.4172E-05 -1.9877E-05
  1.6247E-03  2.7540E-04 -1.4390E-05 -2.0183E-05
  1.6372E-03  2.7942E-04 -1.4611E-05 -2.0493E-05
  1.6497E-03  2.8349E-04 -1.4835E-05 -2.0806E-05
  1.6622E-03  2.8762E-04 -1.5062E-05 -2.1125E-05
  1.6749E-03  2.9180E-04 -1.5292E-05 -2.1447E-05
  1.6876E-03  2.9604E-04 -1.5525E-05 -2.1775E-05
  1.7004E-03  3.0033E-04 -1.5762E-05 -2.2106E-05
  1.7133E-03  3.0468E-04 -1.6001E-05 -2.2442E-05
  1.7262E-03  3.0908E-04 -1.6244E-05 -2.2783E-05
  1.7393E-03  3.1354E-04 -1.6490E-05 -2.3129E-05
  1.7524E-03  3.1807E-04 -1.6740E-05 -2.3479E-05
  1.7656E-03  3.2265E-04 -1.6993E-05 -2.3834E-05
  1.7789E-03  3.2729E-04 -1.7250E-05 -2.4194E-05
  1.7922E-03  3.3199E-04 -1.7510E-05 -2.4558E-05
  1.8057E-03  3.3676E-04 -1.7774E-05 -2.4928E-05
  1.8192E-03  3.4159E-04 -1.8041E-05 -2.5303E-05
  1.8328E-03  3.4648E-04 -1.8312E-05 -2.5683E-05
  1.8465E-03  3.5143E-04 -1.8586E-05 -2.6068E-05
  1.8603E-03  3.5645E-04 -1.8865E-05 -2.6458E-05
  1.8741E-03  3.6153E-04 -1.9147E-05 -2.6854E-05
  1.8881E-03  3.6668E-04 -1.9433E-05 -2.7255E-05
  1.9021E-03  3.7190E-04 -1.9722E-05 -2.7661E-05
  1.9162E-03  3.7719E-04 -2.0016E-05 -2.8073E-05
  1.9304E-03  3.8254E-04 -2.0314E-05 -2.8491E-05
  1.9447E-03  3.8797E-04 -2.0616E-05 -2.8914E-05
  1.9591E-03  3.9347E-04 -2.0922E-05 -2.9343E-05
  1.9735E-03  3.9903E-04 -2.1232E-05 -2.9778E-05
  1.9881E-03  4.0467E-04 -2.1546E-05 -3.0219E-05
  2.0027E-03  4.1039E-04 -2.1864E-05 -3.0665E-05
  2.0174E-03  4.1617E-04 -2.2187E-05 -3.1118E-05
  2.0323E-03  4.2204E-04 -2.2514E-05 -3.1577E-05
  2.0472E-03  4.2797E-04 -2.2846E-05 -3.2042E-05
  2.0622E-03  4.3399E-04 -2.3182E-05 -3.2513E-05
  2.0773E-03  4.4008E-04 -2.3522E-05 -3.2991E-05
  2.0924E-03  4.4626E-04 -2.3867E-05 -3.3475E-05
  2.1077E-03  4.5251E-04 -2.4217E-05 -3.3966E-05
  2.1231E-03  4.5884E-04 -2.4572E-05 -3.4463E-05
  2.1386E-03  4.6526E-04 -2.4931E-05 -3.4967E-05
  2.1541E-03  4.7176E-04 -2.5295E-05 -3.5477E-05
  2.1698E-03  4.7834E-04 -2.5664E-05 -3.5995E-05
  2.1855E-03  4.8500E-04 -2.6038E-05 -3.6519E-05
  2.2014E-03  4.9176E-04 -2.6417E-05 -3.7051E-05
  2.2173E-03  4.9860E-04 -2.6801E-05 -3.7589E-05
  2.2334E-03  5.0553E-04 -2.7190E-05 -3.8135E-05
  2.2495E-03  5.1254E-04 -2.7584E-05 -3.8688E-05
  2.2657E-03  5.1965E-04 -2.7984E-05 -3.9249E-05
  2.2821E-03  5.2685E-04 -2.8389E-05 -3.9817E-05
  2.2985E-03  5.3414E-04 -2.8799E-05 -4.0392E-05
  2.3150E-03  5.4153E-04 -2.9215E-05 -4.0976E-05
  2.3317E-03  5.4901E-04 -2.9637E-05 -4.1567E-05
  2.3484E-03  5.5659E-04 -3.0064E-05 -4.2166E-05
  2.3653E-03  5.6426E-04 -3.0497E-05 -4.2773E-05
  2.3822E-03  5.7203E-04 -3.0935E-05 -4.3388E-05
  2.3992E-03  5.7991E-04 -3.1380E-05 -4.4011E-05
  2.4164E-03  5.8788E-04 -3.1830E-05 -4.4643E-05
  2.4337E-03  5.9595E-04 -3.2286E-05 -4.5283E-05
  2.4510E-03  6.0413E-04 -3.2748E-05 -4.5931E-05
  2.4685E-03  6.1242E-04 -3.3217E-05 -4.6588E-05
  2.4861E-03  6.2081E-04 -3.3692E-05 -4.7254E-05
  2.5038E-03  6.2930E-04 -3.4173E-05 -4.7928E-05
  2.5215E-03  6.3791E-04 -3.4660E-05 -4.8612E-05
  2.5394E-03  6.4662E-04 -3.5154E-05 -4.9305E-05
  2.5575E-03  6.5545E-04 -3.5654E-05 -5.0007E-05
  2.5756E-03  6.6439E-04 -3.6161E-05 -5.0718E-05
  2.5938E-03  6.7344E-04 -3.6675E-05 -5.1438E-05
  2.6121E-03  6.8261E-04 -3.7196E-05 -5.2168E-05
  2.6306E-03  6.9189E-04 -3.7723E-05 -5.2908E-05
  2.6492E-03  7.0129E-04 -3.8257E-05 -5.3657E-05
  2.6679E-03  7.1082E-04 -3.8799E-05 -5.4417E-05
  2.6866E-03  7.2046E-04 -3.9347E-05 -5.5186E-05
  2.7056E-03  7.3023E-04 -3.9903E-05 -5.5966E-05
  2.7246E-03  7.4012E-04 -4.0466E-05 -5.6756E-05
  2.7437E-03  7.5013E-04 -4.1037E-05 -5.7556E-05
  2.7630E-03  7.6028E-04 -4.1615E-05 -5.8367E-05
  2.7824E-03  7.7055E-04 -4.2201E-05 -5.9188E-05
  2.8019E-03  7.8095E-04 -4.2794E-05 -6.0021E-05
  2.8215E-03  7.9148E-04 -4.3395E-05 -6.0864E-05
  2.8412E-03  8.0215E-04 -4.4005E-05 -6.1718E-05
  2.8611E-03  8.1295E-04 -4.4622E-05 -6.2584E-05
  2.8810E-03  8.2389E-04 -4.5247E-05 -6.3461E-05
  2.9011E-03  8.3497E-04 -4.5881E-05 -6.4349E-05
  2.9214E-03  8.4619E-04 -4.6522E-05 -6.5249E-05
  2.9417E-03  8.5755E-04 -4.7173E-05 -6.6161E-05
  2.9622E-03  8.6905E-04 -4.7831E-05 -6.7085E-05
  2.9828E-03  8.8070E-04 -4.8499E-05 -6.8021E-05
  3.0035E-03  8.9250E-04 -4.9175E-05 -6.8970E-05
  3.0243E-03  9.0444E-04 -4.9860E-05 -6.9931E-05
  3.0453E-03  9.1654E-04 -5.0554E-05 -7.0904E-05
  3.0664E-03  9.2878E-04 -5.1257E-05 -7.1890E-05
  3.0876E-03  9.4118E-04 -5.1969E-05 -7.2889E-05
  3.1090E-03  9.5374E-04 -5.2691E-05 -7.3901E-05
  3.1305E-03  9.6646E-04 -5.3422E-05 -7.4926E-05
  3.1521E-03  9.7933E-04 -5.4162E-05 -7.5965E-05
  3.1739E-03  9.9237E-04 -5.4912E-05 -7.7017E-05
  3.1958E-03  1.0056E-03 -5.5672E-05 -7.8083E-05
  3.2178E-03  1.0189E-03 -5.6442E-05 -7.9163E-05
  3.2399E-03  1.0325E-03 -5.7222E-05 -8.0257E-05
  3.2622E-03  1.0462E-03 -5.8013E-05 -8.1365E-05
  3.2847E-03  1.0601E-03 -5.8813E-05 -8.2488E-05
  3.3072E-03  1.0741E-03 -5.9624E-05 -8.3625E-05
  3.3299E-03  1.0883E-03 -6.0445E-05 -8.4777E-05
  3.3528E-03  1.1028E-03 -6.1277E-05 -8.5944E-05
  3.3758E-03  1.1173E-03 -6.2120E-05 -8.7126E-05
  3.3989E-03  1.1321E-03 -6.2974E-05 -8.8324E-05
  3.4221E-03  1.1471E-03 -6.3839E-05 -8.9537E-05
  3.4455E-03  1.1622E-03 -6.4716E-05 -9.0766E-05
  3.4691E-03  1.1775E-03 -6.5603E-05 -9.2011E-05
  3.4928E-03  1.1931E-03 -6.6502E-05 -9.3272E-05
  3.5166E-03  1.2088E-03 -6.7413E-05 -9.4550E-05
  3.5406E-03  1.2247E-03 -6.8336E-05 -9.5844E-05
  3.5647E-03  1.2408E-03 -6.9270E-05 -9.7155E-05
  3.5890E-03  1.2571E-03 -7.0217E-05 -9.8483E-05
  3.6134E-03  1.2736E-03 -7.1176E-05 -9.9828E-05
  3.6380E-03  1.2904E-03 -7.2148E-05 -1.0119E-04
  3.6628E-03  1.3073E-03 -7.3132E-05 -1.0257E-04
  3.6876E-03  1.3244E-03 -7.4129E-05 -1.0397E-04
  3.7127E-03  1.3418E-03 -7.5138E-05 -1.0538E-04
  3.7378E-03  1.3594E-03 -7.6161E-05 -1.0682E-04
  3.7632E-03  1.3771E-03 -7.7197E-05 -1.0827E-04
  3.7887E-03  1.3952E-03 -7.8246E-05 -1.0974E-04
  3.8143E-03  1.4134E-03 -7.9309E-05 -1.1123E-04
  3.8401E-03  1.4319E-03 -8.0386E-05 -1.1274E-04
  3.8661E-03  1.4506E-03 -8.1477E-05 -1.1427E-04
  3.8922E-03  1.4695E-03 -8.2581E-05 -1.1582E-04
  3.9185E-03  1.4886E-03 -8.3700E-05 -1.1739E-04
  3.9449E-03  1.5080E-03 -8.4834E-05 -1.1898E-04
  3.9715E-03  1.5277E-03 -8.5982E-05 -1.2059E-04
  3.9983E-03  1.5476E-03 -8.7144E-05 -1.2222E-04
  4.0252E-03  1.5677E-03 -8.8322E-05 -1.2388E-04
  4.0523E-03  1.5881E-03 -8.9515E-05 -1.2555E-04
  4.0796E-03  1.6087E-03 -9.0723E-05 -1.2724E-04
  4.1070E-03  1.6296E-03 -9.1947E-05 -1.2896E-04
  4.1346E-03  1.6507E-03 -9.3187E-05 -1.3070E-04
  4.1624E-03  1.6721E-03 -9.4443E-05 -1.3246E-04
  4.1903E-03  1.6938E-03 -9.5714E-05 -1.3424E-04
  4.2184E-03  1.7157E-03 -9.7002E-05 -1.3605E-04
  4.2467E-03  1.7379E-03 -9.8307E-05 -1.3788E-04
  4.2751E-03  1.7604E-03 -9.9629E-05 -1.3973E-04
  4.3037E-03  1.7832E-03 -1.0097E-04 -1.4161E-04
  4.3325E-03  1.8062E-03 -1.0232E-04 -1.4351E-04
  4.3615E-03  1.8296E-03 -1.0370E-04 -1.4544E-04
  4.3907E-03  1.8532E-03 -1.0509E-04 -1.4739E-04
  4.4200E-03  1.8771E-03 -1.0649E-04 -1.4936E-04
  4.4495E-03  1.9013E-03 -1.0792E-04 -1.5136E-04
  4.4792E-03  1.9258E-03 -1.0937E-04 -1.5339E-04
  4.5090E-03  1.9506E-03 -1.1083E-04 -1.5544E-04
  4.5391E-03  1.9757E-03 -1.1231E-04 -1.5752E-04
  4.5693E-03  2.0011E-03 -1.1381E-04 -1.5963E-04
  4.5998E-03  2.0268E-03 -1.1533E-04 -1.6176E-04
  4.6304E-03  2.0529E-03 -1.1687E-04 -1.6392E-04
  4.6612E-03  2.0792E-03 -1.1843E-04 -1.6611E-04
  4.6921E-03  2.1059E-03 -1.2001E-04 -1.6832E-04
  4.7233E-03  2.1329E-03 -1.2161E-04 -1.7057E-04
  4.7547E-03  2.1603E-03 -1.2323E-04 -1.7284E-04
  4.7862E-03  2.1879E-03 -1.2487E-04 -1.7514E-04
  4.8180E-03  2.2160E-03 -1.2654E-04 -1.7747E-04
  4.8499E-03  2.2443E-03 -1.2822E-04 -1.7983E-04
  4.8820E-03  2.2730E-03 -1.2992E-04 -1.8222E-04
  4.9144E-03  2.3021E-03 -1.3165E-04 -1.8464E-04
  4.9469E-03  2.3315E-03 -1.3340E-04 -1.8710E-04
  4.9796E-03  2.3613E-03 -1.3517E-04 -1.8958E-04
  5.0126E-03  2.3914E-03 -1.3696E-04 -1.9210E-04
  5.0457E-03  2.4220E-03 -1.3878E-04 -1.9464E-04
  5.0790E-03  2.4528E-03 -1.4062E-04 -1.9722E-04
  5.1126E-03  2.4841E-03 -1.4248E-04 -1.9984E-04
  5.1463E-03  2.5158E-03 -1.4437E-04 -2.0248E-04
  5.1802E-03  2.5478E-03 -1.4628E-04 -2.0516E-04
  5.2144E-03  2.5802E-03 -1.4822E-04 -2.0788E-04
  5.2488E-03  2.6130E-03 -1.5018E-04 -2.1063E-04
  5.2833E-03  2.6462E-03 -1.5216E-04 -2.1341E-04
  5.3181E-03  2.6799E-03 -1.5417E-04 -2.1623E-04
  5.3531E-03  2.7139E-03 -1.5621E-04 -2.1909E-04
  5.3883E-03  2.7484E-03 -1.5827E-04 -2.2198E-04
  5.4238E-03  2.7832E-03 -1.6036E-04 -2.2491E-04
  5.4594E-03  2.8185E-03 -1.6247E-04 -2.2787E-04
  5.4953E-03  2.8542E-03 -1.6461E-04 -2.3087E-04
  5.5314E-03  2.8904E-03 -1.6678E-04 -2.3392E-04
  5.5677E-03  2.9270E-03 -1.6898E-04 -2.3700E-04
  5.6042E-03  2.9640E-03 -1.7120E-04 -2.4012E-04
  5.6409E-03  3.0015E-03 -1.7345E-04 -2.4327E-04
  5.6779E-03  3.0395E-03 -1.7573E-04 -2.4647E-04
  5.7151E-03  3.0779E-03 -1.7804E-04 -2.4971E-04
  5.7525E-03  3.1168E-03 -1.8038E-04 -2.5300E-04
  5.7902E-03  3.1561E-03 -1.8275E-04 -2.5632E-04
  5.8281E-03  3.1959E-03 -1.8515E-04 -2.5968E-04
  5.8662E-03  3.2362E-03 -1.8758E-04 -2.6309E-04
  5.9045E-03  3.2770E-03 -1.9004E-04 -2.6654E-04
  5.9431E-03  3.3183E-03 -1.9253E-04 -2.7004E-04
  5.9819E-03  3.3601E-03 -1.9506E-04 -2.7357E-04
  6.0210E-03  3.4024E-03 -1.9761E-04 -2.7716E-04
  6.0603E-03  3.4452E-03 -2.0020E-04 -2.8079E-04
  6.0998E-03  3.4885E-03 -2.0282E-04 -2.8446E-04
  6.1396E-03  3.5324E-03 -2.0547E-04 -2.8819E-04
  6.1796E-03  3.5767E-03 -2.0816E-04 -2.9195E-04
  6.2199E-03  3.6217E-03 -2.1088E-04 -2.9577E-04
  6.2604E-03  3.6671E-03 -2.1364E-04 -2.9964E-04
  6.3011E-03  3.7131E-03 -2.1643E-04 -3.0355E-04
  6.3422E-03  3.7597E-03 -2.1926E-04 -3.0751E-04
  6.3834E-03  3.8068E-03 -2.2212E-04 -3.1153E-04
  6.4249E-03  3.8545E-03 -2.2502E-04 -3.1559E-04
  6.4667E-03  3.9028E-03 -2.2795E-04 -3.1971E-04
  6.5087E-03  3.9516E-03 -2.3092E-04 -3.2388E-04
  6.5510E-03  4.0010E-03 -2.3393E-04 -3.2810E-04
  6.5935E-03  4.0511E-03 -2.3698E-04 -3.3237E-04
  6.6363E-03  4.1017E-03 -2.4006E-04 -3.3670E-04
  6.6794E-03  4.1529E-03 -2.4319E-04 -3.4108E-04
  6.7227E-03  4.2048E-03 -2.4635E-04 -3.4552E-04
  6.7663E-03  4.2573E-03 -2.4956E-04 -3.5002E-04
  6.8101E-03  4.3104E-03 -2.5280E-04 -3.5457E-04
  6.8543E-03  4.3641E-03 -2.5609E-04 -3.5918E-04
  6.8986E-03  4.4185E-03 -2.5942E-04 -3.6384E-04
  6.9433E-03  4.4736E-03 -2.6279E-04 -3.6857E-04
  6.9882E-03  4.5293E-03 -2.6620E-04 -3.7336E-04
  7.0334E-03  4.5857E-03 -2.6965E-04 -3.7820E-04
  7.0789E-03  4.6427E-03 -2.7315E-04 -3.8311E-04
  7.1247E-03  4.7004E-03 -2.7670E-04 -3.8808E-04
  7.1707E-03  4.7589E-03 -2.8028E-04 -3.9311E-04
  7.2171E-03  4.8180E-03 -2.8392E-04 -3.9820E-04
  7.2637E-03  4.8778E-03 -2.8760E-04 -4.0336E-04
  7.3106E-03  4.9384E-03 -2.9132E-04 -4.0859E-04
  7.3577E-03  4.9996E-03 -2.9509E-04 -4.1388E-04
  7.4052E-03  5.0616E-03 -2.9891E-04 -4.1924E-04
  7.4530E-03  5.1244E-03 -3.0278E-04 -4.2466E-04
  7.5010E-03  5.1879E-03 -3.0670E-04 -4.3015E-04
  7.5494E-03  5.2521E-03 -3.1066E-04 -4.3572E-04
  7.5980E-03  5.3171E-03 -3.1468E-04 -4.4135E-04
  7.6469E-03  5.3829E-03 -3.1874E-04 -4.4705E-04
  7.6962E-03  5.4495E-03 -3.2286E-04 -4.5283E-04
  7.7457E-03  5.5169E-03 -3.2703E-04 -4.5867E-04
  7.7956E-03  5.5850E-03 -3.3125E-04 -4.6459E-04
  7.8457E-03  5.6540E-03 -3.3553E-04 -4.7059E-04
  7.8961E-03  5.7238E-03 -3.3986E-04 -4.7666E-04
  7.9469E-03  5.7945E-03 -3.4424E-04 -4.8281E-04
  7.9980E-03  5.8659E-03 -3.4868E-04 -4.8903E-04
  8.0494E-03  5.9383E-03 -3.5317E-04 -4.9534E-04
  8.1011E-03  6.0114E-03 -3.5772E-04 -5.0172E-04
  8.1531E-03  6.0855E-03 -3.6233E-04 -5.0818E-04
  8.2054E-03  6.1604E-03 -3.6700E-04 -5.1473E-04
  8.2580E-03  6.2363E-03 -3.7172E-04 -5.2135E-04
  8.3110E-03  6.3130E-03 -3.7650E-04 -5.2806E-04
  8.3643E-03  6.3906E-03 -3.8135E-04 -5.3486E-04
  8.4179E-03  6.4691E-03 -3.8625E-04 -5.4173E-04
  8.4719E-03  6.5486E-03 -3.9122E-04 -5.4870E-04
  8.5262E-03  6.6290E-03 -3.9625E-04 -5.5575E-04
  8.5808E-03  6.7104E-03 -4.0134E-04 -5.6289E-04
  8.6357E-03  6.7928E-03 -4.0649E-04 -5.7013E-04
  8.6910E-03  6.8761E-03 -4.1172E-04 -5.7745E-04
  8.7466E-03  6.9604E-03 -4.1700E-04 -5.8486E-04
  8.8026E-03  7.0456E-03 -4.2235E-04 -5.9237E-04
  8.8589E-03  7.1319E-03 -4.2777E-04 -5.9997E-04
  8.9155E-03  7.2192E-03 -4.3326E-04 -6.0767E-04
  8.9725E-03  7.3076E-03 -4.3882E-04 -6.1546E-04
  9.0299E-03  7.3970E-03 -4.4444E-04 -6.2335E-04
  9.0876E-03  7.4874E-03 -4.5014E-04 -6.3134E-04
  9.1456E-03  7.5789E-03 -4.5591E-04 -6.3943E-04
  9.2040E-03  7.6715E-03 -4.6175E-04 -6.4762E-04
  9.2628E-03  7.7652E-03 -4.6766E-04 -6.5591E-04
  9.3219E-03  7.8599E-03 -4.7365E-04 -6.6431E-04
  9.3813E-03  7.9558E-03 -4.7971E-04 -6.7282E-04
  9.4412E-03  8.0528E-03 -4.8585E-04 -6.8142E-04
  9.5014E-03  8.1510E-03 -4.9207E-04 -6.9014E-04
  9.5620E-03  8.2503E-03 -4.9836E-04 -6.9897E-04
  9.6229E-03  8.3508E-03 -5.0473E-04 -7.0791E-04
  9.6842E-03  8.4524E-03 -5.1118E-04 -7.1696E-04
  9.7459E-03  8.5553E-03 -5.1772E-04 -7.2612E-04
  9.8080E-03  8.6593E-03 -5.2433E-04 -7.3539E-04
  9.8704E-03  8.7646E-03 -5.3103E-04 -7.4479E-04
  9.9333E-03  8.8711E-03 -5.3781E-04 -7.5430E-04
  9.9965E-03  8.9788E-03 -5.4467E-04 -7.6393E-04
  1.0060E-02  9.0878E-03 -5.5163E-04 -7.7368E-04
  1.0124E-02  9.1981E-03 -5.5867E-04 -7.8355E-04
  1.0188E-02  9.3097E-03 -5.6579E-04 -7.9355E-04
  1.0253E-02  9.4226E-03 -5.7301E-04 -8.0367E-04
  1.0318E-02  9.5368E-03 -5.8031E-04 -8.1392E-04
  1.0384E-02  9.6523E-03 -5.8771E-04 -8.2429E-04
  1.0450E-02  9.7692E-03 -5.9520E-04 -8.3480E-04
  1.0516E-02  9.8874E-03 -6.0279E-04 -8.4543E-04
  1.0583E-02  1.0007E-02 -6.1047E-04 -8.5620E-04
  1.0650E-02  1.0128E-02 -6.1824E-04 -8.6711E-04
  1.0718E-02  1.0250E-02 -6.2611E-04 -8.7815E-04
  1.0786E-02  1.0374E-02 -6.3408E-04 -8.8933E-04
  1.0854E-02  1.0500E-02 -6.4215E-04 -9.0064E-04
  1.0923E-02  1.0626E-02 -6.5032E-04 -9.1210E-04
  1.0992E-02  1.0754E-02 -6.5859E-04 -9.2371E-04
  1.1062E-02  1.0884E-02 -6.6697E-04 -9.3545E-04
  1.1132E-02  1.1015E-02 -6.7545E-04 -9.4735E-04
  1.1203E-02  1.1148E-02 -6.8404E-04 -9.5939E-04
  1.1274E-02  1.1282E-02 -6.9273E-04 -9.7158E-04
  1.1345E-02  1.1418E-02 -7.0153E-04 -9.8393E-04
  1.1417E-02  1.1556E-02 -7.1044E-04 -9.9643E-04
  1.1489E-02  1.1695E-02 -7.1947E-04 -1.0091E-03
  1.1562E-02  1.1835E-02 -7.2860E-04 -1.0219E-03
  1.1635E-02  1.1977E-02 -7.3785E-04 -1.0349E-03
  1.1709E-02  1.2121E-02 -7.4722E-04 -1.0480E-03
  1.1783E-02  1.2267E-02 -7.5670E-04 -1.0613E-03
  1.1857E-02  1.2414E-02 -7.6630E-04 -1.0748E-03
  1.1932E-02  1.2563E-02 -7.7602E-04 -1.0884E-03
  1.2008E-02  1.2713E-02 -7.8586E-04 -1.1022E-03
  1.2084E-02  1.2866E-02 -7.9583E-04 -1.1162E-03
  1.2160E-02  1.3020E-02 -8.0591E-04 -1.1303E-03
  1.2237E-02  1.3176E-02 -8.1613E-04 -1.1447E-03
  1.2314E-02  1.3333E-02 -8.2647E-04 -1.1592E-03
  1.2392E-02  1.3493E-02 -8.3694E-04 -1.1738E-03
  1.2470E-02  1.3654E-02 -8.4754E-04 -1.1887E-03
  1.2549E-02  1.3817E-02 -8.5827E-04 -1.2038E-03
  1.2628E-02  1.3982E-02 -8.6914E-04 -1.2190E-03
  1.2708E-02  1.4149E-02 -8.8014E-04 -1.2344E-03
  1.2788E-02  1.4318E-02 -8.9128E-04 -1.2501E-03
  1.2869E-02  1.4489E-02 -9.0256E-04 -1.2659E-03
  1.2950E-02  1.4662E-02 -9.1397E-04 -1.2819E-03
  1.3031E-02  1.4836E-02 -9.2553E-04 -1.2981E-03
  1.3114E-02  1.5013E-02 -9.3724E-04 -1.3145E-03
  1.3196E-02  1.5192E-02 -9.4909E-04 -1.3311E-03
  1.3279E-02  1.5373E-02 -9.6109E-04 -1.3480E-03
  1.3363E-02  1.5555E-02 -9.7323E-04 -1.3650E-03
  1.3447E-02  1.5740E-02 -9.8553E-04 -1.3822E-03
  1.3532E-02  1.5927E-02 -9.9798E-04 -1.3997E-03
  1.3617E-02  1.6117E-02 -1.0106E-03 -1.4174E-03
  1.3703E-02  1.6308E-02 -1.0233E-03 -1.4353E-03
  1.3789E-02  1.6501E-02 -1.0363E-03 -1.4534E-03
  1.3876E-02  1.6697E-02 -1.0494E-03 -1.4718E-03
  1.3963E-02  1.6895E-02 -1.0626E-03 -1.4903E-03
  1.4051E-02  1.7095E-02 -1.0760E-03 -1.5091E-03
  1.4140E-02  1.7298E-02 -1.0896E-03 -1.5282E-03
  1.4229E-02  1.7502E-02 -1.1033E-03 -1.5475E-03
  1.4318E-02  1.7710E-02 -1.1172E-03 -1.5670E-03
  1.4408E-02  1.7919E-02 -1.1313E-03 -1.5867E-03
  1.4499E-02  1.8131E-02 -1.1456E-03 -1.6068E-03
  1.4590E-02  1.8345E-02 -1.1600E-03 -1.6270E-03
  1.4681E-02  1.8562E-02 -1.1747E-03 -1.6475E-03
  1.4774E-02  1.8781E-02 -1.1895E-03 -1.6683E-03
  1.4866E-02  1.9002E-02 -1.2045E-03 -1.6893E-03
  1.4960E-02  1.9226E-02 -1.2196E-03 -1.7106E-03
  1.5054E-02  1.9453E-02 -1.2350E-03 -1.7321E-03
  1.5148E-02  1.9682E-02 -1.2505E-03 -1.7539E-03
  1.5243E-02  1.9914E-02 -1.2663E-03 -1.7760E-03
  1.5339E-02  2.0148E-02 -1.2822E-03 -1.7984E-03
  1.5435E-02  2.0385E-02 -1.2984E-03 -1.8210E-03
  1.5532E-02  2.0624E-02 -1.3147E-03 -1.8439E-03
  1.5630E-02  2.0867E-02 -1.3313E-03 -1.8671E-03
  1.5728E-02  2.1112E-02 -1.3480E-03 -1.8906E-03
  1.5826E-02  2.1360E-02 -1.3650E-03 -1.9144E-03
  1.5926E-02  2.1610E-02 -1.3821E-03 -1.9385E-03
  1.6025E-02  2.1864E-02 -1.3995E-03 -1.9629E-03
  1.6126E-02  2.2120E-02 -1.4171E-03 -1.9875E-03
  1.6227E-02  2.2379E-02 -1.4349E-03 -2.0125E-03
  1.6329E-02  2.2641E-02 -1.4529E-03 -2.0378E-03
  1.6431E-02  2.2906E-02 -1.4712E-03 -2.0634E-03
  1.6534E-02  2.3174E-02 -1.4897E-03 -2.0894E-03
  1.6637E-02  2.3444E-02 -1.5084E-03 -2.1156E-03
  1.6742E-02  2.3718E-02 -1.5274E-03 -2.1422E-03
  1.6846E-02  2.3995E-02 -1.5465E-03 -2.1691E-03
  1.6952E-02  2.4275E-02 -1.5660E-03 -2.1963E-03
  1.7058E-02  2.4558E-02 -1.5856E-03 -2.2239E-03
  1.7165E-02  2.4845E-02 -1.6055E-03 -2.2518E-03
  1.7272E-02  2.5134E-02 -1.6257E-03 -2.2801E-03
  1.7380E-02  2.5427E-02 -1.6461E-03 -2.3087E-03
  1.7489E-02  2.5723E-02 -1.6667E-03 -2.3377E-03
  1.7599E-02  2.6022E-02 -1.6876E-03 -2.3670E-03
  1.7709E-02  2.6324E-02 -1.7088E-03 -2.3967E-03
  1.7819E-02  2.6630E-02 -1.7302E-03 -2.4267E-03
  1.7931E-02  2.6939E-02 -1.7519E-03 -2.4572E-03
  1.8043E-02  2.7252E-02 -1.7739E-03 -2.4880E-03
  1.8156E-02  2.7568E-02 -1.7961E-03 -2.5192E-03
  1.8269E-02  2.7888E-02 -1.8187E-03 -2.5507E-03
  1.8383E-02  2.8211E-02 -1.8415E-03 -2.5827E-03
  1.8498E-02  2.8538E-02 -1.8645E-03 -2.6151E-03
  1.8614E-02  2.8868E-02 -1.8879E-03 -2.6478E-03
  1.8730E-02  2.9202E-02 -1.9115E-03 -2.6810E-03
  1.8847E-02  2.9539E-02 -1.9355E-03 -2.7146E-03
  1.8965E-02  2.9881E-02 -1.9597E-03 -2.7486E-03
  1.9083E-02  3.0226E-02 -1.9843E-03 -2.7830E-03
  1.9202E-02  3.0575E-02 -2.0091E-03 -2.8179E-03
  1.9322E-02  3.0927E-02 -2.0343E-03 -2.8531E-03
  1.9443E-02  3.1284E-02 -2.0597E-03 -2.8889E-03
  1.9564E-02  3.1644E-02 -2.0855E-03 -2.9250E-03
  1.9686E-02  3.2009E-02 -2.1116E-03 -2.9616E-03
  1.9809E-02  3.2377E-02 -2.1380E-03 -2.9987E-03
  1.9933E-02  3.2749E-02 -2.1648E-03 -3.0362E-03
  2.0057E-02  3.3126E-02 -2.1919E-03 -3.0742E-03
  2.0182E-02  3.3506E-02 -2.2193E-03 -3.1126E-03
  2.0308E-02  3.3891E-02 -2.2470E-03 -3.1516E-03
  2.0435E-02  3.4280E-02 -2.2751E-03 -3.1910E-03
  2.0562E-02  3.4673E-02 -2.3036E-03 -3.2309E-03
  2.0690E-02  3.5070E-02 -2.3324E-03 -3.2712E-03
  2.0819E-02  3.5471E-02 -2.3615E-03 -3.3121E-03
  2.0949E-02  3.5877E-02 -2.3910E-03 -3.3535E-03
  2.1080E-02  3.6288E-02 -2.4209E-03 -3.3954E-03
  2.1211E-02  3.6703E-02 -2.4512E-03 -3.4379E-03
  2.1343E-02  3.7122E-02 -2.4818E-03 -3.4808E-03
  2.1476E-02  3.7546E-02 -2.5128E-03 -3.5243E-03
  2.1610E-02  3.7974E-02 -2.5442E-03 -3.5683E-03
  2.1745E-02  3.8407E-02 -2.5759E-03 -3.6129E-03
  2.1880E-02  3.8845E-02 -2.6081E-03 -3.6580E-03
  2.2016E-02  3.9287E-02 -2.6407E-03 -3.7037E-03
  2.2153E-02  3.9734E-02 -2.6736E-03 -3.7499E-03
  2.2291E-02  4.0186E-02 -2.7070E-03 -3.7967E-03
  2.2430E-02  4.0643E-02 -2.7408E-03 -3.8441E-03
  2.2570E-02  4.1104E-02 -2.7750E-03 -3.8921E-03
  2.2710E-02  4.1571E-02 -2.8096E-03 -3.9406E-03
  2.2851E-02  4.2043E-02 -2.8447E-03 -3.9898E-03
  2.2994E-02  4.2519E-02 -2.8802E-03 -4.0396E-03
  2.3137E-02  4.3001E-02 -2.9161E-03 -4.0900E-03
  2.3281E-02  4.3488E-02 -2.9525E-03 -4.1410E-03
  2.3425E-02  4.3980E-02 -2.9893E-03 -4.1926E-03
  2.3571E-02  4.4477E-02 -3.0266E-03 -4.2449E-03
  2.3718E-02  4.4979E-02 -3.0643E-03 -4.2978E-03
  2.3865E-02  4.5487E-02 -3.1025E-03 -4.3514E-03
  2.4014E-02  4.6000E-02 -3.1412E-03 -4.4057E-03
  2.4163E-02  4.6519E-02 -3.1803E-03 -4.4606E-03
  2.4313E-02  4.7043E-02 -3.2200E-03 -4.5162E-03
  2.4464E-02  4.7573E-02 -3.2601E-03 -4.5724E-03
  2.4616E-02  4.8108E-02 -3.3007E-03 -4.6294E-03
  2.4769E-02  4.8649E-02 -3.3418E-03 -4.6871E-03
  2.4923E-02  4.9196E-02 -3.3835E-03 -4.7455E-03
  2.5078E-02  4.9748E-02 -3.4256E-03 -4.8046E-03
  2.5234E-02  5.0306E-02 -3.4683E-03 -4.8644E-03
  2.5391E-02  5.0870E-02 -3.5115E-03 -4.9250E-03
  2.5548E-02  5.1440E-02 -3.5552E-03 -4.9863E-03
  2.5707E-02  5.2016E-02 -3.5994E-03 -5.0484E-03
  2.5867E-02  5.2598E-02 -3.6443E-03 -5.1112E-03
  2.6027E-02  5.3186E-02 -3.6896E-03 -5.1749E-03
  2.6189E-02  5.3780E-02 -3.7355E-03 -5.2393E-03
  2.6352E-02  5.4381E-02 -3.7820E-03 -5.3045E-03
  2.6515E-02  5.4987E-02 -3.8291E-03 -5.3705E-03
  2.6680E-02  5.5600E-02 -3.8767E-03 -5.4373E-03
  2.6845E-02  5.6220E-02 -3.9250E-03 -5.5049E-03
  2.7012E-02  5.6845E-02 -3.9738E-03 -5.5734E-03
  2.7180E-02  5.7477E-02 -4.0232E-03 -5.6427E-03
  2.7348E-02  5.8116E-02 -4.0732E-03 -5.7129E-03
  2.7518E-02  5.8762E-02 -4.1239E-03 -5.7840E-03
  2.7689E-02  5.9414E-02 -4.1752E-03 -5.8559E-03
  2.7860E-02  6.0072E-02 -4.2271E-03 -5.9287E-03
  2.8033E-02  6.0738E-02 -4.2796E-03 -6.0024E-03
  2.8207E-02  6.1410E-02 -4.3328E-03 -6.0770E-03
  2.8382E-02  6.2090E-02 -4.3867E-03 -6.1525E-03
  2.8558E-02  6.2776E-02 -4.4412E-03 -6.2290E-03
  2.8735E-02  6.3469E-02 -4.4964E-03 -6.3064E-03
  2.8913E-02  6.4170E-02 -4.5523E-03 -6.3848E-03
  2.9093E-02  6.4877E-02 -4.6088E-03 -6.4641E-03
  2.9273E-02  6.5592E-02 -4.6661E-03 -6.5444E-03
  2.9454E-02  6.6314E-02 -4.7240E-03 -6.6257E-03
  2.9637E-02  6.7043E-02 -4.7827E-03 -6.7080E-03
  2.9821E-02  6.7780E-02 -4.8421E-03 -6.7913E-03
  3.0005E-02  6.8525E-02 -4.9022E-03 -6.8756E-03
  3.0191E-02  6.9276E-02 -4.9631E-03 -6.9610E-03
  3.0378E-02  7.0036E-02 -5.0247E-03 -7.0474E-03
  3.0567E-02  7.0803E-02 -5.0871E-03 -7.1349E-03
  3.0756E-02  7.1578E-02 -5.1503E-03 -7.2235E-03
  3.0946E-02  7.2361E-02 -5.2142E-03 -7.3132E-03
  3.1138E-02  7.3151E-02 -5.2789E-03 -7.4039E-03
  3.1331E-02  7.3950E-02 -5.3444E-03 -7.4958E-03
  3.1525E-02  7.4756E-02 -5.4107E-03 -7.5888E-03
  3.1720E-02  7.5571E-02 -5.4779E-03 -7.6830E-03
  3.1917E-02  7.6394E-02 -5.5458E-03 -7.7783E-03
  3.2114E-02  7.7225E-02 -5.6146E-03 -7.8748E-03
  3.2313E-02  7.8064E-02 -5.6843E-03 -7.9725E-03
  3.2513E-02  7.8912E-02 -5.7548E-03 -8.0713E-03
  3.2714E-02  7.9768E-02 -5.8261E-03 -8.1714E-03
  3.2917E-02  8.0633E-02 -5.8984E-03 -8.2728E-03
  3.3121E-02  8.1506E-02 -5.9715E-03 -8.3754E-03
  3.3326E-02  8.2388E-02 -6.0456E-03 -8.4792E-03
  3.3532E-02  8.3278E-02 -6.1205E-03 -8.5843E-03
  3.3739E-02  8.4178E-02 -6.1964E-03 -8.6907E-03
  3.3948E-02  8.5086E-02 -6.2732E-03 -8.7984E-03
  3.4158E-02  8.6003E-02 -6.3509E-03 -8.9075E-03
  3.4369E-02  8.6930E-02 -6.4296E-03 -9.0179E-03
  3.4582E-02  8.7865E-02 -6.5093E-03 -9.1296E-03
  3.4796E-02  8.8809E-02 -6.5900E-03 -9.2427E-03
  3.5011E-02  8.9763E-02 -6.6716E-03 -9.3572E-03
  3.5228E-02  9.0726E-02 -6.7543E-03 -9.4732E-03
  3.5446E-02  9.1698E-02 -6.8379E-03 -9.5905E-03
  3.5665E-02  9.2680E-02 -6.9226E-03 -9.7093E-03
  3.5885E-02  9.3672E-02 -7.0083E-03 -9.8295E-03
  3.6107E-02  9.4673E-02 -7.0951E-03 -9.9513E-03
  3.6330E-02  9.5684E-02 -7.1830E-03 -1.0074E-02
  3.6555E-02  9.6704E-02 -7.2719E-03 -1.0199E-02
  3.6781E-02  9.7734E-02 -7.3619E-03 -1.0325E-02
  3.7008E-02  9.8775E-02 -7.4531E-03 -1.0453E-02
  3.7237E-02  9.9825E-02 -7.5453E-03 -1.0583E-02
  3.7467E-02  1.0089E-01 -7.6387E-03 -1.0714E-02
  3.7699E-02  1.0196E-01 -7.7333E-03 -1.0846E-02
  3.7932E-02  1.0304E-01 -7.8290E-03 -1.0980E-02
  3.8166E-02  1.0413E-01 -7.9258E-03 -1.1116E-02
  3.8402E-02  1.0523E-01 -8.0239E-03 -1.1254E-02
  3.8639E-02  1.0634E-01 -8.1232E-03 -1.1393E-02
  3.8878E-02  1.0746E-01 -8.2236E-03 -1.1534E-02
  3.9118E-02  1.0860E-01 -8.3254E-03 -1.1677E-02
  3.9360E-02  1.0974E-01 -8.4283E-03 -1.1821E-02
  3.9603E-02  1.1089E-01 -8.5326E-03 -1.1967E-02
  3.9847E-02  1.1206E-01 -8.6381E-03 -1.2115E-02
  4.0094E-02  1.1324E-01 -8.7449E-03 -1.2265E-02
  4.0341E-02  1.1442E-01 -8.8530E-03 -1.2417E-02
  4.0590E-02  1.1562E-01 -8.9625E-03 -1.2570E-02
  4.0841E-02  1.1683E-01 -9.0733E-03 -1.2726E-02
  4.1093E-02  1.1805E-01 -9.1854E-03 -1.2883E-02
  4.1347E-02  1.1929E-01 -9.2989E-03 -1.3042E-02
  4.1602E-02  1.2053E-01 -9.4138E-03 -1.3203E-02
  4.1859E-02  1.2179E-01 -9.5302E-03 -1.3367E-02
  4.2117E-02  1.2305E-01 -9.6479E-03 -1.3532E-02
  4.2377E-02  1.2433E-01 -9.7671E-03 -1.3699E-02
  4.2639E-02  1.2562E-01 -9.8878E-03 -1.3868E-02
  4.2902E-02  1.2692E-01 -1.0010E-02 -1.4039E-02
  4.3167E-02  1.2824E-01 -1.0134E-02 -1.4213E-02
  4.3433E-02  1.2956E-01 -1.0259E-02 -1.4388E-02
  4.3701E-02  1.3090E-01 -1.0385E-02 -1.4566E-02
  4.3971E-02  1.3225E-01 -1.0514E-02 -1.4746E-02
  4.4242E-02  1.3362E-01 -1.0644E-02 -1.4928E-02
  4.4515E-02  1.3499E-01 -1.0775E-02 -1.5112E-02
  4.4790E-02  1.3638E-01 -1.0908E-02 -1.5299E-02
  4.5066E-02  1.3778E-01 -1.1043E-02 -1.5488E-02
  4.5344E-02  1.3919E-01 -1.1179E-02 -1.5679E-02
  4.5624E-02  1.4062E-01 -1.1317E-02 -1.5872E-02
  4.5905E-02  1.4206E-01 -1.1457E-02 -1.6068E-02
  4.6188E-02  1.4351E-01 -1.1598E-02 -1.6267E-02
  4.6473E-02  1.4497E-01 -1.1741E-02 -1.6467E-02
  4.6760E-02  1.4645E-01 -1.1886E-02 -1.6671E-02
  4.7048E-02  1.4794E-01 -1.2032E-02 -1.6876E-02
  4.7338E-02  1.4944E-01 -1.2181E-02 -1.7084E-02
  4.7630E-02  1.5096E-01 -1.2331E-02 -1.7295E-02
  4.7924E-02  1.5249E-01 -1.2483E-02 -1.7508E-02
  4.8219E-02  1.5403E-01 -1.2637E-02 -1.7724E-02
  4.8517E-02  1.5559E-01 -1.2793E-02 -1.7943E-02
  4.8816E-02  1.5716E-01 -1.2951E-02 -1.8164E-02
  4.9117E-02  1.5874E-01 -1.3110E-02 -1.8388E-02
  4.9420E-02  1.6034E-01 -1.3272E-02 -1.8615E-02
  4.9724E-02  1.6195E-01 -1.3436E-02 -1.8844E-02
  5.0031E-02  1.6358E-01 -1.3601E-02 -1.9076E-02
  5.0339E-02  1.6522E-01 -1.3769E-02 -1.9312E-02
  5.0649E-02  1.6687E-01 -1.3939E-02 -1.9550E-02
  5.0961E-02  1.6854E-01 -1.4110E-02 -1.9790E-02
  5.1276E-02  1.7022E-01 -1.4284E-02 -2.0034E-02
  5.1591E-02  1.7192E-01 -1.4460E-02 -2.0281E-02
  5.1909E-02  1.7363E-01 -1.4638E-02 -2.0531E-02
  5.2229E-02  1.7535E-01 -1.4819E-02 -2.0784E-02
  5.2551E-02  1.7709E-01 -1.5001E-02 -2.1040E-02
  5.2875E-02  1.7885E-01 -1.5186E-02 -2.1299E-02
  5.3201E-02  1.8062E-01 -1.5373E-02 -2.1561E-02
  5.3528E-02  1.8240E-01 -1.5562E-02 -2.1827E-02
  5.3858E-02  1.8420E-01 -1.5754E-02 -2.2096E-02
  5.4190E-02  1.8601E-01 -1.5948E-02 -2.2368E-02
  5.4524E-02  1.8784E-01 -1.6144E-02 -2.2643E-02
  5.4859E-02  1.8969E-01 -1.6343E-02 -2.2922E-02
  5.5197E-02  1.9155E-01 -1.6544E-02 -2.3204E-02
  5.5537E-02  1.9342E-01 -1.6748E-02 -2.3489E-02
  5.5879E-02  1.9531E-01 -1.6954E-02 -2.3778E-02
  5.6223E-02  1.9721E-01 -1.7162E-02 -2.4071E-02
  5.6570E-02  1.9914E-01 -1.7373E-02 -2.4367E-02
  5.6918E-02  2.0107E-01 -1.7587E-02 -2.4667E-02
  5.7268E-02  2.0302E-01 -1.7803E-02 -2.4970E-02
  5.7621E-02  2.0499E-01 -1.8022E-02 -2.5277E-02
  5.7976E-02  2.0697E-01 -1.8244E-02 -2.5588E-02
  5.8333E-02  2.0897E-01 -1.8468E-02 -2.5903E-02
  5.8692E-02  2.1099E-01 -1.8696E-02 -2.6221E-02
  5.9053E-02  2.1302E-01 -1.8925E-02 -2.6544E-02
  5.9417E-02  2.1507E-01 -1.9158E-02 -2.6870E-02
  5.9782E-02  2.1713E-01 -1.9394E-02 -2.7200E-02
  6.0150E-02  2.1921E-01 -1.9632E-02 -2.7535E-02
  6.0521E-02  2.2131E-01 -1.9873E-02 -2.7873E-02
  6.0893E-02  2.2342E-01 -2.0117E-02 -2.8216E-02
  6.1268E-02  2.2555E-01 -2.0365E-02 -2.8562E-02
  6.1645E-02  2.2769E-01 -2.0615E-02 -2.8913E-02
  6.2024E-02  2.2985E-01 -2.0868E-02 -2.9268E-02
  6.2406E-02  2.3203E-01 -2.1124E-02 -2.9628E-02
  6.2790E-02  2.3422E-01 -2.1384E-02 -2.9992E-02
  6.3176E-02  2.3643E-01 -2.1647E-02 -3.0360E-02
  6.3565E-02  2.3866E-01 -2.1912E-02 -3.0733E-02
  6.3956E-02  2.4091E-01 -2.2181E-02 -3.1110E-02
  6.4350E-02  2.4317E-01 -2.2454E-02 -3.1492E-02
  6.4746E-02  2.4545E-01 -2.2729E-02 -3.1879E-02
  6.5144E-02  2.4774E-01 -2.3008E-02 -3.2270E-02
  6.5545E-02  2.5005E-01 -2.3291E-02 -3.2666E-02
  6.5948E-02  2.5238E-01 -2.3577E-02 -3.3067E-02
  6.6354E-02  2.5473E-01 -2.3866E-02 -3.3473E-02
  6.6762E-02  2.5709E-01 -2.4159E-02 -3.3884E-02
  6.7172E-02  2.5947E-01 -2.4455E-02 -3.4299E-02
  6.7586E-02  2.6187E-01 -2.4755E-02 -3.4720E-02
  6.8001E-02  2.6428E-01 -2.5059E-02 -3.5146E-02
  6.8420E-02  2.6672E-01 -2.5366E-02 -3.5577E-02
  6.8840E-02  2.6917E-01 -2.5677E-02 -3.6013E-02
  6.9264E-02  2.7163E-01 -2.5992E-02 -3.6455E-02
  6.9690E-02  2.7412E-01 -2.6311E-02 -3.6902E-02
  7.0118E-02  2.7662E-01 -2.6633E-02 -3.7354E-02
  7.0549E-02  2.7914E-01 -2.6960E-02 -3.7812E-02
  7.0983E-02  2.8168E-01 -2.7290E-02 -3.8275E-02
  7.1420E-02  2.8423E-01 -2.7625E-02 -3.8744E-02
  7.1859E-02  2.8680E-01 -2.7963E-02 -3.9219E-02
  7.2301E-02  2.8939E-01 -2.8306E-02 -3.9700E-02
  7.2745E-02  2.9200E-01 -2.8652E-02 -4.0186E-02
  7.3192E-02  2.9462E-01 -2.9003E-02 -4.0678E-02
  7.3642E-02  2.9726E-01 -2.9359E-02 -4.1176E-02
  7.4095E-02  2.9992E-01 -2.9718E-02 -4.1680E-02
  7.4550E-02  3.0260E-01 -3.0082E-02 -4.2191E-02
  7.5009E-02  3.0530E-01 -3.0450E-02 -4.2707E-02
  7.5470E-02  3.0801E-01 -3.0823E-02 -4.3230E-02
  7.5934E-02  3.1074E-01 -3.1200E-02 -4.3759E-02
  7.6400E-02  3.1349E-01 -3.1582E-02 -4.4295E-02
  7.6870E-02  3.1625E-01 -3.1969E-02 -4.4837E-02
  7.7342E-02  3.1904E-01 -3.2360E-02 -4.5385E-02
  7.7818E-02  3.2184E-01 -3.2756E-02 -4.5940E-02
  7.8296E-02  3.2466E-01 -3.3156E-02 -4.6502E-02
  7.8777E-02  3.2749E-01 -3.3562E-02 -4.7071E-02
  7.9261E-02  3.3035E-01 -3.3972E-02 -4.7647E-02
  7.9748E-02  3.3322E-01 -3.4388E-02 -4.8229E-02
  8.0238E-02  3.3611E-01 -3.4808E-02 -4.8819E-02
  8.0731E-02  3.3901E-01 -3.5234E-02 -4.9415E-02
  8.1228E-02  3.4194E-01 -3.5664E-02 -5.0019E-02
  8.1727E-02  3.4488E-01 -3.6100E-02 -5.0631E-02
  8.2229E-02  3.4784E-01 -3.6541E-02 -5.1249E-02
  8.2734E-02  3.5082E-01 -3.6988E-02 -5.1875E-02
  8.3242E-02  3.5381E-01 -3.7440E-02 -5.2509E-02
  8.3754E-02  3.5682E-01 -3.7897E-02 -5.3150E-02
  8.4268E-02  3.5985E-01 -3.8360E-02 -5.3799E-02
  8.4786E-02  3.6290E-01 -3.8828E-02 -5.4456E-02
  8.5307E-02  3.6596E-01 -3.9302E-02 -5.5121E-02
  8.5831E-02  3.6904E-01 -3.9782E-02 -5.5794E-02
  8.6358E-02  3.7214E-01 -4.0267E-02 -5.6474E-02
  8.6889E-02  3.7526E-01 -4.0759E-02 -5.7164E-02
  8.7422E-02  3.7839E-01 -4.1256E-02 -5.7861E-02
  8.7959E-02  3.8154E-01 -4.1759E-02 -5.8567E-02
  8.8499E-02  3.8471E-01 -4.2269E-02 -5.9281E-02
  8.9043E-02  3.8789E-01 -4.2784E-02 -6.0004E-02
  8.9590E-02  3.9109E-01 -4.3306E-02 -6.0736E-02
  9.0140E-02  3.9431E-01 -4.3834E-02 -6.1476E-02
  9.0694E-02  3.9754E-01 -4.4368E-02 -6.2225E-02
  9.1251E-02  4.0079E-01 -4.4909E-02 -6.2984E-02
  9.1811E-02  4.0406E-01 -4.5456E-02 -6.3751E-02
  9.2375E-02  4.0734E-01 -4.6010E-02 -6.4528E-02
  9.2942E-02  4.1064E-01 -4.6571E-02 -6.5314E-02
  9.3513E-02  4.1395E-01 -4.7138E-02 -6.6109E-02
  9.4087E-02  4.1728E-01 -4.7712E-02 -6.6914E-02
  9.4665E-02  4.2063E-01 -4.8293E-02 -6.7729E-02
  9.5246E-02  4.2399E-01 -4.8881E-02 -6.8553E-02
  9.5831E-02  4.2737E-01 -4.9476E-02 -6.9387E-02
  9.6419E-02  4.3077E-01 -5.0078E-02 -7.0232E-02
  9.7011E-02  4.3418E-01 -5.0687E-02 -7.1086E-02
  9.7607E-02  4.3760E-01 -5.1304E-02 -7.1951E-02
  9.8206E-02  4.4104E-01 -5.1928E-02 -7.2826E-02
  9.8809E-02  4.4449E-01 -5.2560E-02 -7.3711E-02
  9.9415E-02  4.4796E-01 -5.3199E-02 -7.4607E-02
  1.0003E-01  4.5145E-01 -5.3845E-02 -7.5514E-02
  1.0064E-01  4.5495E-01 -5.4500E-02 -7.6431E-02
  1.0126E-01  4.5846E-01 -5.5162E-02 -7.7360E-02
  1.0188E-01  4.6199E-01 -5.5832E-02 -7.8300E-02
  1.0250E-01  4.6553E-01 -5.6511E-02 -7.9251E-02
  1.0313E-01  4.6908E-01 -5.7197E-02 -8.0213E-02
  1.0377E-01  4.7265E-01 -5.7892E-02 -8.1187E-02
  1.0440E-01  4.7624E-01 -5.8594E-02 -8.2172E-02
  1.0504E-01  4.7983E-01 -5.9306E-02 -8.3169E-02
  1.0569E-01  4.8344E-01 -6.0025E-02 -8.4178E-02
  1.0634E-01  4.8706E-01 -6.0754E-02 -8.5199E-02
  1.0699E-01  4.9070E-01 -6.1491E-02 -8.6232E-02
  1.0765E-01  4.9434E-01 -6.2237E-02 -8.7278E-02
  1.0831E-01  4.9800E-01 -6.2991E-02 -8.8336E-02
  1.0897E-01  5.0167E-01 -6.3755E-02 -8.9406E-02
  1.0964E-01  5.0535E-01 -6.4528E-02 -9.0490E-02
  1.1031E-01  5.0905E-01 -6.5310E-02 -9.1586E-02
  1.1099E-01  5.1275E-01 -6.6101E-02 -9.2695E-02
  1.1167E-01  5.1647E-01 -6.6901E-02 -9.3817E-02
  1.1236E-01  5.2020E-01 -6.7712E-02 -9.4953E-02
  1.1305E-01  5.2394E-01 -6.8531E-02 -9.6102E-02
  1.1374E-01  5.2768E-01 -6.9361E-02 -9.7265E-02
  1.1444E-01  5.3144E-01 -7.0200E-02 -9.8441E-02
  1.1514E-01  5.3521E-01 -7.1050E-02 -9.9632E-02
  1.1585E-01  5.3898E-01 -7.1909E-02 -1.0084E-01
  1.1656E-01  5.4277E-01 -7.2779E-02 -1.0206E-01
  1.1727E-01  5.4656E-01 -7.3659E-02 -1.0329E-01
  1.1799E-01  5.5037E-01 -7.4549E-02 -1.0454E-01
  1.1872E-01  5.5418E-01 -7.5450E-02 -1.0580E-01
  1.1944E-01  5.5800E-01 -7.6361E-02 -1.0708E-01
  1.2018E-01  5.6182E-01 -7.7284E-02 -1.0837E-01
  1.2091E-01  5.6565E-01 -7.8217E-02 -1.0968E-01
  1.2166E-01  5.6949E-01 -7.9161E-02 -1.1100E-01
  1.2240E-01  5.7334E-01 -8.0116E-02 -1.1234E-01
  1.2315E-01  5.7719E-01 -8.1083E-02 -1.1369E-01
  1.2391E-01  5.8105E-01 -8.2061E-02 -1.1506E-01
  1.2467E-01  5.8491E-01 -8.3051E-02 -1.1645E-01
  1.2543E-01  5.8878E-01 -8.4052E-02 -1.1785E-01
  1.2620E-01  5.9265E-01 -8.5065E-02 -1.1927E-01
  1.2698E-01  5.9653E-01 -8.6090E-02 -1.2071E-01
  1.2775E-01  6.0041E-01 -8.7127E-02 -1.2216E-01
  1.2854E-01  6.0429E-01 -8.8176E-02 -1.2363E-01
  1.2933E-01  6.0818E-01 -8.9238E-02 -1.2512E-01
  1.3012E-01  6.1207E-01 -9.0312E-02 -1.2662E-01
  1.3092E-01  6.1596E-01 -9.1398E-02 -1.2815E-01
  1.3172E-01  6.1985E-01 -9.2498E-02 -1.2969E-01
  1.3253E-01  6.2375E-01 -9.3610E-02 -1.3125E-01
  1.3334E-01  6.2764E-01 -9.4735E-02 -1.3282E-01
  1.3416E-01  6.3153E-01 -9.5874E-02 -1.3442E-01
  1.3498E-01  6.3543E-01 -9.7025E-02 -1.3603E-01
  1.3581E-01  6.3932E-01 -9.8191E-02 -1.3766E-01
  1.3664E-01  6.4321E-01 -9.9369E-02 -1.3931E-01
  1.3748E-01  6.4710E-01 -1.0056E-01 -1.4098E-01
  1.3832E-01  6.5099E-01 -1.0177E-01 -1.4267E-01
  1.3917E-01  6.5488E-01 -1.0299E-01 -1.4438E-01
  1.4002E-01  6.5876E-01 -1.0422E-01 -1.4611E-01
  1.4088E-01  6.6264E-01 -1.0547E-01 -1.4786E-01
  1.4175E-01  6.6651E-01 -1.0674E-01 -1.4963E-01
  1.4262E-01  6.7038E-01 -1.0802E-01 -1.5142E-01
  1.4349E-01  6.7424E-01 -1.0931E-01 -1.5323E-01
  1.4437E-01  6.7810E-01 -1.1062E-01 -1.5506E-01
  1.4526E-01  6.8195E-01 -1.1194E-01 -1.5692E-01
  1.4615E-01  6.8579E-01 -1.1328E-01 -1.5879E-01
  1.4704E-01  6.8962E-01 -1.1463E-01 -1.6069E-01
  1.4794E-01  6.9345E-01 -1.1600E-01 -1.6261E-01
  1.4885E-01  6.9727E-01 -1.1739E-01 -1.6455E-01
  1.4976E-01  7.0107E-01 -1.1879E-01 -1.6651E-01
  1.5068E-01  7.0487E-01 -1.2021E-01 -1.6849E-01
  1.5160E-01  7.0866E-01 -1.2164E-01 -1.7050E-01
  1.5253E-01  7.1243E-01 -1.2310E-01 -1.7253E-01
  1.5347E-01  7.1619E-01 -1.2456E-01 -1.7459E-01
  1.5441E-01  7.1994E-01 -1.2605E-01 -1.7666E-01
  1.5536E-01  7.2368E-01 -1.2755E-01 -1.7877E-01
  1.5631E-01  7.2740E-01 -1.2907E-01 -1.8089E-01
  1.5727E-01  7.3110E-01 -1.3061E-01 -1.8304E-01
  1.5823E-01  7.3479E-01 -1.3216E-01 -1.8521E-01
  1.5920E-01  7.3847E-01 -1.3373E-01 -1.8741E-01
  1.6018E-01  7.4213E-01 -1.3532E-01 -1.8964E-01
  1.6116E-01  7.4576E-01 -1.3693E-01 -1.9189E-01
  1.6215E-01  7.4939E-01 -1.3856E-01 -1.9416E-01
  1.6314E-01  7.5299E-01 -1.4020E-01 -1.9646E-01
  1.6414E-01  7.5657E-01 -1.4186E-01 -1.9879E-01
  1.6515E-01  7.6013E-01 -1.4355E-01 -2.0114E-01
  1.6616E-01  7.6367E-01 -1.4525E-01 -2.0352E-01
  1.6718E-01  7.6718E-01 -1.4697E-01 -2.0593E-01
  1.6820E-01  7.7067E-01 -1.4871E-01 -2.0836E-01
  1.6923E-01  7.7414E-01 -1.5047E-01 -2.1082E-01
  1.7027E-01  7.7759E-01 -1.5225E-01 -2.1331E-01
  1.7131E-01  7.8100E-01 -1.5405E-01 -2.1583E-01
  1.7236E-01  7.8440E-01 -1.5587E-01 -2.1838E-01
  1.7342E-01  7.8776E-01 -1.5772E-01 -2.2095E-01
  1.7448E-01  7.9110E-01 -1.5958E-01 -2.2355E-01
  1.7555E-01  7.9440E-01 -1.6146E-01 -2.2618E-01
  1.7663E-01  7.9768E-01 -1.6337E-01 -2.2884E-01
  1.7771E-01  8.0093E-01 -1.6529E-01 -2.3153E-01
  1.7880E-01  8.0414E-01 -1.6724E-01 -2.3426E-01
  1.7989E-01  8.0732E-01 -1.6921E-01 -2.3701E-01
  1.8099E-01  8.1047E-01 -1.7120E-01 -2.3979E-01
  1.8210E-01  8.1359E-01 -1.7322E-01 -2.4260E-01
  1.8322E-01  8.1666E-01 -1.7525E-01 -2.4544E-01
  1.8434E-01  8.1971E-01 -1.7731E-01 -2.4832E-01
  1.8547E-01  8.2271E-01 -1.7940E-01 -2.5122E-01
  1.8661E-01  8.2568E-01 -1.8150E-01 -2.5416E-01
  1.8775E-01  8.2861E-01 -1.8363E-01 -2.5713E-01
  1.8890E-01  8.3149E-01 -1.8578E-01 -2.6014E-01
  1.9006E-01  8.3434E-01 -1.8796E-01 -2.6317E-01
  1.9122E-01  8.3715E-01 -1.9016E-01 -2.6624E-01
  1.9240E-01  8.3991E-01 -1.9239E-01 -2.6935E-01
  1.9357E-01  8.4262E-01 -1.9464E-01 -2.7248E-01
  1.9476E-01  8.4530E-01 -1.9691E-01 -2.7565E-01
  1.9595E-01  8.4792E-01 -1.9921E-01 -2.7886E-01
  1.9715E-01  8.5050E-01 -2.0153E-01 -2.8210E-01
  1.9836E-01  8.5303E-01 -2.0388E-01 -2.8538E-01
  1.9958E-01  8.5551E-01 -2.0626E-01 -2.8869E-01
  2.0080E-01  8.5794E-01 -2.0866E-01 -2.9203E-01
  2.0203E-01  8.6032E-01 -2.1109E-01 -2.9542E-01
  2.0327E-01  8.6265E-01 -2.1355E-01 -2.9883E-01
  2.0451E-01  8.6492E-01 -2.1603E-01 -3.0229E-01
  2.0577E-01  8.6714E-01 -2.1854E-01 -3.0578E-01
  2.0703E-01  8.6930E-01 -2.2107E-01 -3.0931E-01
  2.0829E-01  8.7141E-01 -2.2364E-01 -3.1288E-01
  2.0957E-01  8.7346E-01 -2.2623E-01 -3.1648E-01
  2.1085E-01  8.7544E-01 -2.2885E-01 -3.2013E-01
  2.1215E-01  8.7737E-01 -2.3149E-01 -3.2381E-01
  2.1345E-01  8.7924E-01 -2.3417E-01 -3.2753E-01
  2.1475E-01  8.8104E-01 -2.3688E-01 -3.3129E-01
  2.1607E-01  8.8278E-01 -2.3961E-01 -3.3509E-01
  2.1739E-01  8.8445E-01 -2.4237E-01 -3.3893E-01
  2.1872E-01  8.8606E-01 -2.4517E-01 -3.4281E-01
  2.2006E-01  8.8760E-01 -2.4799E-01 -3.4673E-01
  2.2141E-01  8.8907E-01 -2.5084E-01 -3.5069E-01
  2.2277E-01  8.9047E-01 -2.5372E-01 -3.5469E-01
  2.2413E-01  8.9180E-01 -2.5664E-01 -3.5873E-01
  2.2550E-01  8.9306E-01 -2.5958E-01 -3.6282E-01
  2.2689E-01  8.9425E-01 -2.6256E-01 -3.6695E-01
  2.2827E-01  8.9536E-01 -2.6556E-01 -3.7111E-01
  2.2967E-01  8.9639E-01 -2.6860E-01 -3.7533E-01
  2.3108E-01  8.9734E-01 -2.7167E-01 -3.7958E-01
  2.3249E-01  8.9822E-01 -2.7478E-01 -3.8388E-01
  2.3392E-01  8.9902E-01 -2.7791E-01 -3.8822E-01
  2.3535E-01  8.9974E-01 -2.8108E-01 -3.9261E-01
  2.3679E-01  9.0037E-01 -2.8428E-01 -3.9703E-01
  2.3824E-01  9.0092E-01 -2.8751E-01 -4.0151E-01
  2.3970E-01  9.0139E-01 -2.9078E-01 -4.0603E-01
  2.4117E-01  9.0177E-01 -2.9408E-01 -4.1059E-01
  2.4265E-01  9.0206E-01 -2.9741E-01 -4.1520E-01
  2.4413E-01  9.0226E-01 -3.0078E-01 -4.1985E-01
  2.4563E-01  9.0238E-01 -3.0419E-01 -4.2455E-01
  2.4713E-01  9.0240E-01 -3.0763E-01 -4.2930E-01
  2.4865E-01  9.0233E-01 -3.1110E-01 -4.3409E-01
  2.5017E-01  9.0217E-01 -3.1461E-01 -4.3893E-01
  2.5170E-01  9.0191E-01 -3.1815E-01 -4.4382E-01
  2.5324E-01  9.0155E-01 -3.2173E-01 -4.4875E-01
  2.5479E-01  9.0110E-01 -3.2535E-01 -4.5373E-01
  2.5635E-01  9.0055E-01 -3.2900E-01 -4.5876E-01
  2.5792E-01  8.9990E-01 -3.3269E-01 -4.6384E-01
  2.5950E-01  8.9914E-01 -3.3642E-01 -4.6897E-01
  2.6109E-01  8.9829E-01 -3.4018E-01 -4.7414E-01
  2.6269E-01  8.9732E-01 -3.4398E-01 -4.7936E-01
  2.6430E-01  8.9626E-01 -3.4782E-01 -4.8463E-01
  2.6592E-01  8.9509E-01 -3.5169E-01 -4.8996E-01
  2.6754E-01  8.9381E-01 -3.5561E-01 -4.9533E-01
  2.6918E-01  8.9242E-01 -3.5956E-01 -5.0075E-01
  2.7083E-01  8.9092E-01 -3.6355E-01 -5.0621E-01
  2.7249E-01  8.8931E-01 -3.6758E-01 -5.1173E-01
  2.7416E-01  8.8758E-01 -3.7165E-01 -5.1730E-01
  2.7584E-01  8.8574E-01 -3.7576E-01 -5.2292E-01
  2.7752E-01  8.8379E-01 -3.7990E-01 -5.2859E-01
  2.7922E-01  8.8172E-01 -3.8409E-01 -5.3432E-01
  2.8093E-01  8.7953E-01 -3.8832E-01 -5.4009E-01
  2.8265E-01  8.7722E-01 -3.9259E-01 -5.4591E-01
  2.8438E-01  8.7479E-01 -3.9689E-01 -5.5178E-01
  2.8613E-01  8.7224E-01 -4.0124E-01 -5.5771E-01
  2.8788E-01  8.6957E-01 -4.0563E-01 -5.6369E-01
  2.8964E-01  8.6677E-01 -4.1006E-01 -5.6971E-01
  2.9141E-01  8.6385E-01 -4.1454E-01 -5.7579E-01
  2.9320E-01  8.6080E-01 -4.1905E-01 -5.8192E-01
  2.9499E-01  8.5763E-01 -4.2360E-01 -5.8811E-01
  2.9680E-01  8.5432E-01 -4.2820E-01 -5.9434E-01
  2.9862E-01  8.5089E-01 -4.3284E-01 -6.0063E-01
  3.0044E-01  8.4733E-01 -4.3752E-01 -6.0697E-01
  3.0228E-01  8.4363E-01 -4.4224E-01 -6.1336E-01
  3.0413E-01  8.3980E-01 -4.4701E-01 -6.1980E-01
  3.0600E-01  8.3584E-01 -4.5182E-01 -6.2629E-01
  3.0787E-01  8.3174E-01 -4.5667E-01 -6.3283E-01
  3.0975E-01  8.2750E-01 -4.6157E-01 -6.3943E-01
  3.1165E-01  8.2313E-01 -4.6651E-01 -6.4608E-01
  3.1356E-01  8.1862E-01 -4.7149E-01 -6.5278E-01
  3.1548E-01  8.1397E-01 -4.7651E-01 -6.5953E-01
  3.1741E-01  8.0918E-01 -4.8158E-01 -6.6633E-01
  3.1935E-01  8.0424E-01 -4.8669E-01 -6.7318E-01
  3.2131E-01  7.9917E-01 -4.9185E-01 -6.8009E-01
  3.2327E-01  7.9395E-01 -4.9705E-01 -6.8704E-01
  3.2525E-01  7.8859E-01 -5.0230E-01 -6.9405E-01
  3.2724E-01  7.8308E-01 -5.0759E-01 -7.0110E-01
  3.2925E-01  7.7743E-01 -5.1292E-01 -7.0821E-01
  3.3126E-01  7.7163E-01 -5.1830E-01 -7.1536E-01
  3.3329E-01  7.6568E-01 -5.2372E-01 -7.2257E-01
  3.3533E-01  7.5959E-01 -5.2919E-01 -7.2982E-01
  3.3738E-01  7.5334E-01 -5.3470E-01 -7.3712E-01
  3.3945E-01  7.4695E-01 -5.4025E-01 -7.4447E-01
  3.4152E-01  7.4040E-01 -5.4585E-01 -7.5187E-01
  3.4362E-01  7.3371E-01 -5.5150E-01 -7.5932E-01
  3.4572E-01  7.2686E-01 -5.5719E-01 -7.6681E-01
  3.4783E-01  7.1986E-01 -5.6292E-01 -7.7435E-01
  3.4996E-01  7.1270E-01 -5.6870E-01 -7.8193E-01
  3.5211E-01  7.0539E-01 -5.7452E-01 -7.8957E-01
  3.5426E-01  6.9793E-01 -5.8039E-01 -7.9724E-01
  3.5643E-01  6.9031E-01 -5.8630E-01 -8.0496E-01
  3.5861E-01  6.8254E-01 -5.9226E-01 -8.1273E-01
  3.6081E-01  6.7461E-01 -5.9826E-01 -8.2053E-01
  3.6301E-01  6.6653E-01 -6.0430E-01 -8.2838E-01
  3.6524E-01  6.5828E-01 -6.1039E-01 -8.3627E-01
  3.6747E-01  6.4989E-01 -6.1653E-01 -8.4421E-01
  3.6972E-01  6.4133E-01 -6.2270E-01 -8.5218E-01
  3.7198E-01  6.3262E-01 -6.2892E-01 -8.6019E-01
  3.7426E-01  6.2375E-01 -6.3519E-01 -8.6824E-01
  3.7655E-01  6.1472E-01 -6.4149E-01 -8.7632E-01
  3.7886E-01  6.0553E-01 -6.4784E-01 -8.8444E-01
  3.8117E-01  5.9618E-01 -6.5424E-01 -8.9260E-01
  3.8351E-01  5.8668E-01 -6.6067E-01 -9.0079E-01
  3.8585E-01  5.7702E-01 -6.6715E-01 -9.0902E-01
  3.8822E-01  5.6720E-01 -6.7367E-01 -9.1727E-01
  3.9059E-01  5.5722E-01 -6.8023E-01 -9.2556E-01
  3.9298E-01  5.4708E-01 -6.8683E-01 -9.3388E-01
  3.9539E-01  5.3678E-01 -6.9348E-01 -9.4222E-01
  3.9781E-01  5.2633E-01 -7.0016E-01 -9.5059E-01
  4.0024E-01  5.1572E-01 -7.0689E-01 -9.5899E-01
  4.0269E-01  5.0495E-01 -7.1365E-01 -9.6741E-01
  4.0516E-01  4.9403E-01 -7.2046E-01 -9.7585E-01
  4.0764E-01  4.8295E-01 -7.2730E-01 -9.8431E-01
  4.1013E-01  4.7171E-01 -7.3418E-01 -9.9280E-01
  4.1264E-01  4.6032E-01 -7.4110E-01 -1.0013E+00
  4.1517E-01  4.4877E-01 -7.4806E-01 -1.0098E+00
  4.1771E-01  4.3707E-01 -7.5505E-01 -1.0183E+00
  4.2026E-01  4.2521E-01 -7.6208E-01 -1.0269E+00
  4.2283E-01  4.1321E-01 -7.6914E-01 -1.0354E+00
  4.2542E-01  4.0105E-01 -7.7624E-01 -1.0440E+00
  4.2803E-01  3.8873E-01 -7.8338E-01 -1.0526E+00
  4.3064E-01  3.7627E-01 -7.9055E-01 -1.0611E+00
  4.3328E-01  3.6366E-01 -7.9775E-01 -1.0697E+00
  4.3593E-01  3.5090E-01 -8.0498E-01 -1.0783E+00
  4.3860E-01  3.3800E-01 -8.1225E-01 -1.0868E+00
  4.4128E-01  3.2494E-01 -8.1954E-01 -1.0954E+00
  4.4398E-01  3.1175E-01 -8.2687E-01 -1.1040E+00
  4.4670E-01  2.9841E-01 -8.3422E-01 -1.1125E+00
  4.4943E-01  2.8493E-01 -8.4160E-01 -1.1211E+00
  4.5218E-01  2.7130E-01 -8.4901E-01 -1.1296E+00
  4.5495E-01  2.5754E-01 -8.5644E-01 -1.1381E+00
  4.5774E-01  2.4364E-01 -8.6390E-01 -1.1466E+00
  4.6054E-01  2.2961E-01 -8.7139E-01 -1.1550E+00
  4.6335E-01  2.1544E-01 -8.7889E-01 -1.1635E+00
  4.6619E-01  2.0114E-01 -8.8642E-01 -1.1719E+00
  4.6904E-01  1.8671E-01 -8.9396E-01 -1.1802E+00
  4.7191E-01  1.7215E-01 -9.0153E-01 -1.1886E+00
  4.7480E-01  1.5747E-01 -9.0911E-01 -1.1969E+00
  4.7771E-01  1.4266E-01 -9.1672E-01 -1.2051E+00
  4.8063E-01  1.2773E-01 -9.2433E-01 -1.2133E+00
  4.8357E-01  1.1268E-01 -9.3196E-01 -1.2215E+00
  4.8653E-01  9.7516E-02 -9.3960E-01 -1.2296E+00
  4.8951E-01  8.2235E-02 -9.4725E-01 -1.2377E+00
  4.9250E-01  6.6843E-02 -9.5492E-01 -1.2457E+00
  4.9551E-01  5.1342E-02 -9.6258E-01 -1.2536E+00
  4.9855E-01  3.5734E-02 -9.7026E-01 -1.2615E+00
  5.0160E-01  2.0022E-02 -9.7794E-01 -1.2693E+00
  5.0467E-01  4.2102E-03 -9.8562E-01 -1.2770E+00
  5.0775E-01 -1.1700E-02 -9.9330E-01 -1.2846E+00
  5.1086E-01 -2.7704E-02 -1.0010E+00 -1.2922E+00
  5.1399E-01 -4.3799E-02 -1.0087E+00 -1.2997E+00
  5.1713E-01 -5.9982E-02 -1.0163E+00 -1.3070E+00
  5.2029E-01 -7.6250E-02 -1.0240E+00 -1.3143E+00
  5.2348E-01 -9.2599E-02 -1.0317E+00 -1.3215E+00
  5.2668E-01 -1.0903E-01 -1.0393E+00 -1.3286E+00
  5.2990E-01 -1.2553E-01 -1.0469E+00 -1.3356E+00
  5.3315E-01 -1.4210E-01 -1.0546E+00 -1.3424E+00
  5.3641E-01 -1.5873E-01 -1.0622E+00 -1.3491E+00
  5.3969E-01 -1.7543E-01 -1.0698E+00 -1.3558E+00
  5.4299E-01 -1.9219E-01 -1.0773E+00 -1.3622E+00
  5.4631E-01 -2.0900E-01 -1.0848E+00 -1.3686E+00
  5.4966E-01 -2.2585E-01 -1.0924E+00 -1.3748E+00
  5.5302E-01 -2.4276E-01 -1.0998E+00 -1.3809E+00
  5.5640E-01 -2.5970E-01 -1.1073E+00 -1.3868E+00
  5.5981E-01 -2.7668E-01 -1.1147E+00 -1.3925E+00
  5.6323E-01 -2.9369E-01 -1.1221E+00 -1.3981E+00
  5.6668E-01 -3.1073E-01 -1.1294E+00 -1.4036E+00
  5.7015E-01 -3.2779E-01 -1.1367E+00 -1.4089E+00
  5.7363E-01 -3.4487E-01 -1.1439E+00 -1.4139E+00
  5.7714E-01 -3.6195E-01 -1.1511E+00 -1.4189E+00
  5.8067E-01 -3.7904E-01 -1.1583E+00 -1.4236E+00
  5.8423E-01 -3.9613E-01 -1.1653E+00 -1.4281E+00
  5.8780E-01 -4.1322E-01 -1.1724E+00 -1.4324E+00
  5.9140E-01 -4.3030E-01 -1.1793E+00 -1.4366E+00
  5.9502E-01 -4.4736E-01 -1.1862E+00 -1.4405E+00
  5.9866E-01 -4.6439E-01 -1.1930E+00 -1.4442E+00
  6.0232E-01 -4.8140E-01 -1.1998E+00 -1.4477E+00
  6.0600E-01 -4.9838E-01 -1.2065E+00 -1.4509E+00
  6.0971E-01 -5.1531E-01 -1.2131E+00 -1.4540E+00
  6.1344E-01 -5.3220E-01 -1.2196E+00 -1.4568E+00
  6.1719E-01 -5.4903E-01 -1.2260E+00 -1.4593E+00
  6.2097E-01 -5.6581E-01 -1.2323E+00 -1.4616E+00
  6.2477E-01 -5.8252E-01 -1.2386E+00 -1.4636E+00
  6.2859E-01 -5.9915E-01 -1.2447E+00 -1.4654E+00
  6.3244E-01 -6.1571E-01 -1.2507E+00 -1.4669E+00
  6.3631E-01 -6.3218E-01 -1.2567E+00 -1.4681E+00
  6.4020E-01 -6.4855E-01 -1.2625E+00 -1.4691E+00
  6.4411E-01 -6.6483E-01 -1.2682E+00 -1.4698E+00
  6.4806E-01 -6.8100E-01 -1.2738E+00 -1.4702E+00
  6.5202E-01 -6.9705E-01 -1.2792E+00 -1.4703E+00
  6.5601E-01 -7.1297E-01 -1.2845E+00 -1.4700E+00
  6.6002E-01 -7.2877E-01 -1.2897E+00 -1.4695E+00
  6.6406E-01 -7.4443E-01 -1.2948E+00 -1.4687E+00
  6.6812E-01 -7.5995E-01 -1.2997E+00 -1.4676E+00
  6.7221E-01 -7.7531E-01 -1.3044E+00 -1.4661E+00
  6.7632E-01 -7.9051E-01 -1.3090E+00 -1.4643E+00
  6.8046E-01 -8.0554E-01 -1.3135E+00 -1.4622E+00
  6.8462E-01 -8.2039E-01 -1.3178E+00 -1.4597E+00
  6.8881E-01 -8.3505E-01 -1.3219E+00 -1.4569E+00
  6.9302E-01 -8.4952E-01 -1.3258E+00 -1.4538E+00
  6.9726E-01 -8.6379E-01 -1.3296E+00 -1.4503E+00
  7.0153E-01 -8.7785E-01 -1.3331E+00 -1.4464E+00
  7.0582E-01 -8.9169E-01 -1.3365E+00 -1.4422E+00
  7.1014E-01 -9.0530E-01 -1.3397E+00 -1.4377E+00
  7.1448E-01 -9.1867E-01 -1.3427E+00 -1.4327E+00
  7.1885E-01 -9.3179E-01 -1.3454E+00 -1.4274E+00
  7.2325E-01 -9.4466E-01 -1.3480E+00 -1.4218E+00
  7.2767E-01 -9.5727E-01 -1.3503E+00 -1.4157E+00
  7.3212E-01 -9.6961E-01 -1.3525E+00 -1.4093E+00
  7.3660E-01 -9.8166E-01 -1.3543E+00 -1.4025E+00
  7.4111E-01 -9.9342E-01 -1.3560E+00 -1.3953E+00
  7.4564E-01 -1.0049E+00 -1.3574E+00 -1.3878E+00
  7.5020E-01 -1.0160E+00 -1.3586E+00 -1.3798E+00
  7.5479E-01 -1.0269E+00 -1.3595E+00 -1.3715E+00
  7.5941E-01 -1.0374E+00 -1.3601E+00 -1.3628E+00
  7.6406E-01 -1.0476E+00 -1.3605E+00 -1.3537E+00
  7.6873E-01 -1.0574E+00 -1.3606E+00 -1.3442E+00
  7.7343E-01 -1.0668E+00 -1.3604E+00 -1.3343E+00
  7.7816E-01 -1.0759E+00 -1.3600E+00 -1.3240E+00
  7.8292E-01 -1.0847E+00 -1.3592E+00 -1.3134E+00
  7.8771E-01 -1.0930E+00 -1.3582E+00 -1.3023E+00
  7.9253E-01 -1.1010E+00 -1.3568E+00 -1.2909E+00
  7.9738E-01 -1.1085E+00 -1.3551E+00 -1.2791E+00
  8.0226E-01 -1.1157E+00 -1.3532E+00 -1.2670E+00
  8.0716E-01 -1.1224E+00 -1.3508E+00 -1.2544E+00
  8.1210E-01 -1.1287E+00 -1.3482E+00 -1.2415E+00
  8.1707E-01 -1.1345E+00 -1.3452E+00 -1.2282E+00
  8.2207E-01 -1.1399E+00 -1.3419E+00 -1.2146E+00
  8.2709E-01 -1.1448E+00 -1.3382E+00 -1.2005E+00
  8.3215E-01 -1.1493E+00 -1.3342E+00 -1.1862E+00
  8.3724E-01 -1.1533E+00 -1.3298E+00 -1.1715E+00
  8.4236E-01 -1.1568E+00 -1.3251E+00 -1.1564E+00
  8.4752E-01 -1.1598E+00 -1.3199E+00 -1.1410E+00
  8.5270E-01 -1.1623E+00 -1.3144E+00 -1.1253E+00
  8.5792E-01 -1.1643E+00 -1.3085E+00 -1.1093E+00
  8.6316E-01 -1.1658E+00 -1.3022E+00 -1.0930E+00
  8.6844E-01 -1.1668E+00 -1.2955E+00 -1.0763E+00
  8.7376E-01 -1.1672E+00 -1.2884E+00 -1.0594E+00
  8.7910E-01 -1.1670E+00 -1.2809E+00 -1.0422E+00
  8.8448E-01 -1.1663E+00 -1.2730E+00 -1.0247E+00
  8.8989E-01 -1.1651E+00 -1.2646E+00 -1.0069E+00
  8.9533E-01 -1.1633E+00 -1.2558E+00 -9.8889E-01
  9.0081E-01 -1.1609E+00 -1.2466E+00 -9.7064E-01
  9.0632E-01 -1.1579E+00 -1.2370E+00 -9.5216E-01
  9.1186E-01 -1.1543E+00 -1.2268E+00 -9.3346E-01
  9.1744E-01 -1.1501E+00 -1.2163E+00 -9.1456E-01
  9.2305E-01 -1.1453E+00 -1.2053E+00 -8.9547E-01
  9.2869E-01 -1.1400E+00 -1.1938E+00 -8.7621E-01
  9.3438E-01 -1.1339E+00 -1.1818E+00 -8.5679E-01
  9.4009E-01 -1.1273E+00 -1.1694E+00 -8.3722E-01
  9.4584E-01 -1.1201E+00 -1.1565E+00 -8.1752E-01
  9.5163E-01 -1.1122E+00 -1.1432E+00 -7.9770E-01
  9.5745E-01 -1.1036E+00 -1.1293E+00 -7.7779E-01
  9.6330E-01 -1.0945E+00 -1.1150E+00 -7.5779E-01
  9.6919E-01 -1.0846E+00 -1.1001E+00 -7.3773E-01
  9.7512E-01 -1.0742E+00 -1.0848E+00 -7.1762E-01
  9.8109E-01 -1.0630E+00 -1.0690E+00 -6.9747E-01
  9.8709E-01 -1.0512E+00 -1.0526E+00 -6.7731E-01
  9.9312E-01 -1.0388E+00 -1.0358E+00 -6.5715E-01
  9.9920E-01 -1.0257E+00 -1.0185E+00 -6.3701E-01
  1.0053E+00 -1.0119E+00 -1.0006E+00 -6.1691E-01
  1.0115E+00 -9.9749E-01 -9.8228E-01 -5.9686E-01
  1.0176E+00 -9.8238E-01 -9.6342E-01 -5.7689E-01
  1.0239E+00 -9.6661E-01 -9.4406E-01 -5.5701E-01
  1.0301E+00 -9.5018E-01 -9.2418E-01 -5.3724E-01
  1.0364E+00 -9.3307E-01 -9.0379E-01 -5.1759E-01
  1.0428E+00 -9.1531E-01 -8.8289E-01 -4.9809E-01
  1.0491E+00 -8.9687E-01 -8.6148E-01 -4.7876E-01
  1.0556E+00 -8.7778E-01 -8.3956E-01 -4.5961E-01
  1.0620E+00 -8.5803E-01 -8.1713E-01 -4.4065E-01
  1.0685E+00 -8.3763E-01 -7.9421E-01 -4.2191E-01
  1.0751E+00 -8.1657E-01 -7.7077E-01 -4.0340E-01
  1.0816E+00 -7.9487E-01 -7.4684E-01 -3.8514E-01
  1.0882E+00 -7.7252E-01 -7.2242E-01 -3.6714E-01
  1.0949E+00 -7.4954E-01 -6.9750E-01 -3.4943E-01
  1.1016E+00 -7.2593E-01 -6.7210E-01 -3.3201E-01
  1.1083E+00 -7.0170E-01 -6.4622E-01 -3.1490E-01
  1.1151E+00 -6.7685E-01 -6.1986E-01 -2.9811E-01
  1.1219E+00 -6.5139E-01 -5.9303E-01 -2.8166E-01
  1.1288E+00 -6.2534E-01 -5.6575E-01 -2.6555E-01
  1.1357E+00 -5.9870E-01 -5.3800E-01 -2.4981E-01
  1.1426E+00 -5.7148E-01 -5.0982E-01 -2.3444E-01
  1.1496E+00 -5.4369E-01 -4.8120E-01 -2.1946E-01
  1.1567E+00 -5.1535E-01 -4.5215E-01 -2.0486E-01
  1.1637E+00 -4.8646E-01 -4.2268E-01 -1.9067E-01
  1.1709E+00 -4.5705E-01 -3.9281E-01 -1.7688E-01
  1.1780E+00 -4.2713E-01 -3.6255E-01 -1.6351E-01
  1.1852E+00 -3.9670E-01 -3.3191E-01 -1.5056E-01
  1.1925E+00 -3.6580E-01 -3.0090E-01 -1.3803E-01
  1.1998E+00 -3.3443E-01 -2.6953E-01 -1.2593E-01
  1.2071E+00 -3.0262E-01 -2.3783E-01 -1.1427E-01
  1.2145E+00 -2.7037E-01 -2.0581E-01 -1.0303E-01
  1.2219E+00 -2.3773E-01 -1.7349E-01 -9.2230E-02
  1.2294E+00 -2.0469E-01 -1.4087E-01 -8.1862E-02
  1.2369E+00 -1.7129E-01 -1.0799E-01 -7.1924E-02
  1.2445E+00 -1.3755E-01 -7.4858E-02 -6.2414E-02
  1.2521E+00 -1.0349E-01 -4.1495E-02 -5.3329E-02
  1.2597E+00 -6.9139E-02 -7.9231E-03 -4.4662E-02
  1.2674E+00 -3.4521E-02  2.5836E-02 -3.6409E-02
  1.2752E+00  3.3818E-04  5.9761E-02 -2.8562E-02
  1.2830E+00  3.5410E-02  9.3826E-02 -2.1114E-02
  1.2908E+00  7.0666E-02  1.2801E-01 -1.4056E-02
  1.2987E+00  1.0608E-01  1.6228E-01 -7.3785E-03
  1.3067E+00  1.4161E-01  1.9662E-01 -1.0709E-03
  1.3147E+00  1.7724E-01  2.3100E-01  4.8777E-03
  1.3227E+00  2.1292E-01  2.6538E-01  1.0479E-02
  1.3308E+00  2.4864E-01  2.9975E-01  1.5745E-02
  1.3389E+00  2.8435E-01  3.3407E-01  2.0689E-02
  1.3471E+00  3.2001E-01  3.6830E-01  2.5323E-02
  1.3554E+00  3.5559E-01  4.0243E-01  2.9661E-02
  1.3636E+00  3.9106E-01  4.3641E-01  3.3717E-02
  1.3720E+00  4.2638E-01  4.7022E-01  3.7504E-02
  1.3804E+00  4.6150E-01  5.0381E-01  4.1035E-02
  1.3888E+00  4.9640E-01  5.3715E-01  4.4324E-02
  1.3973E+00  5.3102E-01  5.7022E-01  4.7384E-02
  1.4059E+00  5.6533E-01  6.0296E-01  5.0226E-02
  1.4145E+00  5.9928E-01  6.3535E-01  5.2864E-02
  1.4231E+00  6.3284E-01  6.6734E-01  5.5307E-02
  1.4318E+00  6.6596E-01  6.9889E-01  5.7567E-02
  1.4406E+00  6.9860E-01  7.2998E-01  5.9653E-02
  1.4494E+00  7.3071E-01  7.6054E-01  6.1574E-02
  1.4582E+00  7.6225E-01  7.9056E-01  6.3335E-02
  1.4672E+00  7.9318E-01  8.1997E-01  6.4944E-02
  1.4761E+00  8.2344E-01  8.4875E-01  6.6405E-02
  1.4852E+00  8.5300E-01  8.7684E-01  6.7721E-02
  1.4942E+00  8.8180E-01  9.0421E-01  6.8894E-02
  1.5034E+00  9.0980E-01  9.3082E-01  6.9923E-02
  1.5126E+00  9.3695E-01  9.5661E-01  7.0808E-02
  1.5218E+00  9.6322E-01  9.8154E-01  7.1547E-02
  1.5311E+00  9.8854E-01  1.0056E+00  7.2134E-02
  1.5405E+00  1.0129E+00  1.0287E+00  7.2565E-02
  1.5499E+00  1.0362E+00  1.0508E+00  7.2833E-02
  1.5594E+00  1.0584E+00  1.0718E+00  7.2931E-02
  1.5689E+00  1.0795E+00  1.0918E+00  7.2849E-02
  1.5785E+00  1.0994E+00  1.1107E+00  7.2580E-02
  1.5882E+00  1.1181E+00  1.1284E+00  7.2115E-02
  1.5979E+00  1.1356E+00  1.1449E+00  7.1443E-02
  1.6077E+00  1.1517E+00  1.1601E+00  7.0557E-02
  1.6175E+00  1.1665E+00  1.1741E+00  6.9448E-02
  1.6274E+00  1.1800E+00  1.1867E+00  6.8112E-02
  1.6373E+00  1.1919E+00  1.1979E+00  6.6542E-02
  1.6473E+00  1.2024E+00  1.2077E+00  6.4738E-02
  1.6574E+00  1.2114E+00  1.2160E+00  6.2701E-02
  1.6675E+00  1.2189E+00  1.2229E+00  6.0435E-02
  1.6777E+00  1.2247E+00  1.2282E+00  5.7951E-02
  1.6880E+00  1.2289E+00  1.2319E+00  5.5262E-02
  1.6983E+00  1.2315E+00  1.2340E+00  5.2388E-02
  1.7087E+00  1.2324E+00  1.2345E+00  4.9357E-02
  1.7192E+00  1.2316E+00  1.2333E+00  4.6200E-02
  1.7297E+00  1.2290E+00  1.2304E+00  4.2960E-02
  1.7403E+00  1.2247E+00  1.2258E+00  3.9679E-02
  1.7509E+00  1.2185E+00  1.2194E+00  3.6375E-02
  1.7616E+00  1.2106E+00  1.2113E+00  3.3062E-02
  1.7724E+00  1.2008E+00  1.2013E+00  2.9753E-02
  1.7832E+00  1.1892E+00  1.1895E+00  2.6461E-02
  1.7941E+00  1.1757E+00  1.1759E+00  2.3199E-02
  1.8051E+00  1.1603E+00  1.1605E+00  1.9981E-02
  1.8161E+00  1.1430E+00  1.1431E+00  1.6820E-02
  1.8272E+00  1.1239E+00  1.1239E+00  1.3728E-02
  1.8384E+00  1.1029E+00  1.1029E+00  1.0719E-02
  1.8497E+00  1.0799E+00  1.0800E+00  7.8052E-03
  1.8610E+00  1.0552E+00  1.0552E+00  4.9994E-03
  1.8723E+00  1.0285E+00  1.0285E+00  2.3137E-03
  1.8838E+00  1.0000E+00  1.0000E+00  0.0000E+00
  1.8953E+00  9.6966E-01  9.6966E-01  0.0000E+00
  1.9069E+00  9.3750E-01  9.3750E-01  0.0000E+00
  1.9186E+00  9.0355E-01  9.0355E-01  0.0000E+00
  1.9303E+00  8.6785E-01  8.6785E-01  0.0000E+00
  1.9421E+00  8.3042E-01  8.3042E-01  0.0000E+00
  1.9540E+00  7.9130E-01  7.9130E-01  0.0000E+00
  1.9659E+00  7.5054E-01  7.5054E-01  0.0000E+00
  1.9779E+00  7.0818E-01  7.0818E-01  0.0000E+00
  1.9900E+00  6.6428E-01  6.6428E-01  0.0000E+00
  2.0022E+00  6.1890E-01  6.1890E-01  0.0000E+00
  2.0145E+00  5.7209E-01  5.7209E-01  0.0000E+00
  2.0268E+00  5.2392E-01  5.2392E-01  0.0000E+00
  2.0392E+00  4.7446E-01  4.7446E-01  0.0000E+00
  2.0516E+00  4.2379E-01  4.2379E-01  0.0000E+00
  2.0642E+00  3.7199E-01  3.7199E-01  0.0000E+00
  2.0768E+00  3.1915E-01  3.1915E-01  0.0000E+00
  2.0895E+00  2.6535E-01  2.6535E-01  0.0000E+00
  2.1023E+00  2.1069E-01  2.1069E-01  0.0000E+00
  2.1151E+00  1.5527E-01  1.5527E-01  0.0000E+00
  2.1281E+00  9.9187E-02  9.9187E-02  0.0000E+00
  2.1411E+00  4.2561E-02  4.2561E-02  0.0000E+00
  2.1542E+00 -1.4501E-02 -1.4501E-02  0.0000E+00
  2.1673E+00 -7.1880E-02 -7.1880E-02  0.0000E+00
  2.1806E+00 -1.2946E-01 -1.2946E-01  0.0000E+00
  2.1939E+00 -1.8710E-01 -1.8710E-01  0.0000E+00
  2.2073E+00 -2.4469E-01 -2.4469E-01  0.0000E+00
  2.2208E+00 -3.0209E-01 -3.0209E-01  0.0000E+00
  2.2344E+00 -3.5917E-01 -3.5917E-01  0.0000E+00
  2.2481E+00 -4.1577E-01 -4.1577E-01  0.0000E+00
  2.2618E+00 -4.7178E-01 -4.7178E-01  0.0000E+00
  2.2757E+00 -5.2703E-01 -5.2703E-01  0.0000E+00
  2.2896E+00 -5.8138E-01 -5.8138E-01  0.0000E+00
  2.3036E+00 -6.3469E-01 -6.3469E-01  0.0000E+00
  2.3177E+00 -6.8680E-01 -6.8680E-01  0.0000E+00
  2.3318E+00 -7.3756E-01 -7.3756E-01  0.0000E+00
  2.3461E+00 -7.8683E-01 -7.8683E-01  0.0000E+00
  2.3604E+00 -8.3445E-01 -8.3445E-01  0.0000E+00
  2.3749E+00 -8.8026E-01 -8.8026E-01  0.0000E+00
  2.3894E+00 -9.2413E-01 -9.2413E-01  0.0000E+00
  2.4040E+00 -9.6589E-01 -9.6589E-01  0.0000E+00
  2.4187E+00 -1.0054E+00 -1.0054E+00  0.0000E+00
  2.4335E+00 -1.0425E+00 -1.0425E+00  0.0000E+00
  2.4484E+00 -1.0771E+00 -1.0771E+00  0.0000E+00
  2.4634E+00 -1.1090E+00 -1.1090E+00  0.0000E+00
  2.4784E+00 -1.1381E+00 -1.1381E+00  0.0000E+00
  2.4936E+00 -1.1642E+00 -1.1642E+00  0.0000E+00
  2.5088E+00 -1.1872E+00 -1.1872E+00  0.0000E+00
  2.5242E+00 -1.2071E+00 -1.2071E+00  0.0000E+00
  2.5396E+00 -1.2236E+00 -1.2236E+00  0.0000E+00
  2.5551E+00 -1.2368E+00 -1.2368E+00  0.0000E+00
