 # l=           1 basis function with energy   -0.404743580004009     
  0.0000E+00  0.0000E+00  0.0000E+00  0.0000E+00
  2.4843E-06 -7.8276E-10  4.6331E-12  7.6453E-11
  4.9838E-06 -2.6088E-09  1.8646E-11  3.0768E-10
  7.4986E-06 -5.2878E-09  4.2211E-11  6.9653E-10
  1.0029E-05 -8.7438E-09  7.5502E-11  1.2459E-09
  1.2574E-05 -1.2924E-08  1.1870E-10  1.9586E-09
  1.5136E-05 -1.7820E-08  1.7197E-10  2.8378E-09
  1.7712E-05 -2.3408E-08  2.3552E-10  3.8863E-09
  2.0305E-05 -2.9670E-08  3.0951E-10  5.1072E-09
  2.2913E-05 -3.6601E-08  3.9414E-10  6.5037E-09
  2.5538E-05 -4.4193E-08  4.8959E-10  8.0788E-09
  2.8178E-05 -5.2440E-08  5.9606E-10  9.8358E-09
  3.0835E-05 -6.1340E-08  7.1375E-10  1.1778E-08
  3.3508E-05 -7.0893E-08  8.4286E-10  1.3908E-08
  3.6197E-05 -8.1099E-08  9.8357E-10  1.6230E-08
  3.8902E-05 -9.1958E-08  1.1361E-09  1.8747E-08
  4.1625E-05 -1.0347E-07  1.3007E-09  2.1463E-08
  4.4363E-05 -1.1564E-07  1.4775E-09  2.4380E-08
  4.7119E-05 -1.2847E-07  1.6667E-09  2.7502E-08
  4.9891E-05 -1.4197E-07  1.8686E-09  3.0834E-08
  5.2681E-05 -1.5613E-07  2.0834E-09  3.4378E-08
  5.5487E-05 -1.7097E-07  2.3113E-09  3.8139E-08
  5.8310E-05 -1.8649E-07  2.5525E-09  4.2119E-08
  6.1151E-05 -2.0268E-07  2.8072E-09  4.6323E-08
  6.4009E-05 -2.1957E-07  3.0758E-09  5.0754E-08
  6.6885E-05 -2.3715E-07  3.3583E-09  5.5417E-08
  6.9778E-05 -2.5544E-07  3.6552E-09  6.0315E-08
  7.2689E-05 -2.7443E-07  3.9665E-09  6.5452E-08
  7.5618E-05 -2.9414E-07  4.2926E-09  7.0832E-08
  7.8565E-05 -3.1456E-07  4.6336E-09  7.6460E-08
  8.1529E-05 -3.3572E-07  4.9899E-09  8.2340E-08
  8.4512E-05 -3.5762E-07  5.3617E-09  8.8475E-08
  8.7513E-05 -3.8026E-07  5.7492E-09  9.4870E-08
  9.0532E-05 -4.0365E-07  6.1528E-09  1.0153E-07
  9.3570E-05 -4.2781E-07  6.5726E-09  1.0846E-07
  9.6626E-05 -4.5273E-07  7.0090E-09  1.1566E-07
  9.9701E-05 -4.7844E-07  7.4623E-09  1.2314E-07
  1.0280E-04 -5.0493E-07  7.9326E-09  1.3090E-07
  1.0591E-04 -5.3222E-07  8.4203E-09  1.3894E-07
  1.0904E-04 -5.6032E-07  8.9256E-09  1.4728E-07
  1.1219E-04 -5.8924E-07  9.4489E-09  1.5592E-07
  1.1536E-04 -6.1898E-07  9.9905E-09  1.6485E-07
  1.1855E-04 -6.4955E-07  1.0551E-08  1.7410E-07
  1.2176E-04 -6.8098E-07  1.1129E-08  1.8365E-07
  1.2499E-04 -7.1326E-07  1.1728E-08  1.9352E-07
  1.2824E-04 -7.4641E-07  1.2345E-08  2.0371E-07
  1.3151E-04 -7.8044E-07  1.2982E-08  2.1422E-07
  1.3479E-04 -8.1536E-07  1.3640E-08  2.2507E-07
  1.3810E-04 -8.5118E-07  1.4317E-08  2.3626E-07
  1.4143E-04 -8.8792E-07  1.5016E-08  2.4778E-07
  1.4478E-04 -9.2558E-07  1.5736E-08  2.5966E-07
  1.4815E-04 -9.6417E-07  1.6476E-08  2.7188E-07
  1.5154E-04 -1.0037E-06  1.7239E-08  2.8447E-07
  1.5495E-04 -1.0442E-06  1.8024E-08  2.9742E-07
  1.5838E-04 -1.0857E-06  1.8831E-08  3.1074E-07
  1.6183E-04 -1.1282E-06  1.9661E-08  3.2443E-07
  1.6531E-04 -1.1716E-06  2.0514E-08  3.3851E-07
  1.6880E-04 -1.2161E-06  2.1391E-08  3.5297E-07
  1.7232E-04 -1.2616E-06  2.2291E-08  3.6783E-07
  1.7586E-04 -1.3081E-06  2.3216E-08  3.8309E-07
  1.7942E-04 -1.3557E-06  2.4165E-08  3.9876E-07
  1.8300E-04 -1.4044E-06  2.5140E-08  4.1483E-07
  1.8660E-04 -1.4541E-06  2.6139E-08  4.3133E-07
  1.9023E-04 -1.5050E-06  2.7165E-08  4.4825E-07
  1.9387E-04 -1.5569E-06  2.8216E-08  4.6561E-07
  1.9754E-04 -1.6100E-06  2.9295E-08  4.8340E-07
  2.0123E-04 -1.6642E-06  3.0400E-08  5.0164E-07
  2.0495E-04 -1.7195E-06  3.1533E-08  5.2033E-07
  2.0869E-04 -1.7761E-06  3.2693E-08  5.3948E-07
  2.1245E-04 -1.8338E-06  3.3882E-08  5.5909E-07
  2.1623E-04 -1.8927E-06  3.5099E-08  5.7918E-07
  2.2004E-04 -1.9528E-06  3.6346E-08  5.9975E-07
  2.2387E-04 -2.0142E-06  3.7622E-08  6.2081E-07
  2.2772E-04 -2.0768E-06  3.8928E-08  6.4236E-07
  2.3160E-04 -2.1407E-06  4.0265E-08  6.6442E-07
  2.3550E-04 -2.2059E-06  4.1632E-08  6.8699E-07
  2.3942E-04 -2.2723E-06  4.3031E-08  7.1007E-07
  2.4337E-04 -2.3401E-06  4.4462E-08  7.3368E-07
  2.4734E-04 -2.4093E-06  4.5926E-08  7.5783E-07
  2.5134E-04 -2.4797E-06  4.7422E-08  7.8252E-07
  2.5536E-04 -2.5516E-06  4.8951E-08  8.0776E-07
  2.5940E-04 -2.6248E-06  5.0515E-08  8.3355E-07
  2.6347E-04 -2.6995E-06  5.2112E-08  8.5992E-07
  2.6757E-04 -2.7756E-06  5.3745E-08  8.8685E-07
  2.7169E-04 -2.8531E-06  5.5413E-08  9.1438E-07
  2.7583E-04 -2.9321E-06  5.7116E-08  9.4249E-07
  2.8000E-04 -3.0126E-06  5.8857E-08  9.7121E-07
  2.8420E-04 -3.0946E-06  6.0634E-08  1.0005E-06
  2.8842E-04 -3.1781E-06  6.2449E-08  1.0305E-06
  2.9267E-04 -3.2631E-06  6.4302E-08  1.0611E-06
  2.9694E-04 -3.3498E-06  6.6193E-08  1.0923E-06
  3.0124E-04 -3.4380E-06  6.8124E-08  1.1241E-06
  3.0557E-04 -3.5278E-06  7.0095E-08  1.1567E-06
  3.0992E-04 -3.6193E-06  7.2106E-08  1.1898E-06
  3.1430E-04 -3.7124E-06  7.4158E-08  1.2237E-06
  3.1871E-04 -3.8072E-06  7.6252E-08  1.2582E-06
  3.2314E-04 -3.9037E-06  7.8388E-08  1.2935E-06
  3.2760E-04 -4.0019E-06  8.0566E-08  1.3294E-06
  3.3209E-04 -4.1019E-06  8.2789E-08  1.3661E-06
  3.3660E-04 -4.2037E-06  8.5055E-08  1.4035E-06
  3.4114E-04 -4.3072E-06  8.7366E-08  1.4416E-06
  3.4571E-04 -4.4125E-06  8.9722E-08  1.4805E-06
  3.5031E-04 -4.5197E-06  9.2125E-08  1.5202E-06
  3.5494E-04 -4.6288E-06  9.4574E-08  1.5606E-06
  3.5959E-04 -4.7397E-06  9.7070E-08  1.6018E-06
  3.6427E-04 -4.8526E-06  9.9615E-08  1.6438E-06
  3.6899E-04 -4.9674E-06  1.0221E-07  1.6866E-06
  3.7373E-04 -5.0841E-06  1.0485E-07  1.7302E-06
  3.7850E-04 -5.2029E-06  1.0754E-07  1.7746E-06
  3.8329E-04 -5.3237E-06  1.1029E-07  1.8199E-06
  3.8812E-04 -5.4465E-06  1.1308E-07  1.8660E-06
  3.9298E-04 -5.5714E-06  1.1593E-07  1.9130E-06
  3.9787E-04 -5.6985E-06  1.1883E-07  1.9609E-06
  4.0278E-04 -5.8276E-06  1.2179E-07  2.0097E-06
  4.0773E-04 -5.9589E-06  1.2480E-07  2.0593E-06
  4.1271E-04 -6.0924E-06  1.2786E-07  2.1099E-06
  4.1771E-04 -6.2281E-06  1.3099E-07  2.1614E-06
  4.2275E-04 -6.3661E-06  1.3416E-07  2.2139E-06
  4.2782E-04 -6.5063E-06  1.3740E-07  2.2673E-06
  4.3292E-04 -6.6489E-06  1.4070E-07  2.3217E-06
  4.3805E-04 -6.7937E-06  1.4405E-07  2.3770E-06
  4.4321E-04 -6.9410E-06  1.4747E-07  2.4334E-06
  4.4841E-04 -7.0907E-06  1.5094E-07  2.4908E-06
  4.5363E-04 -7.2427E-06  1.5448E-07  2.5491E-06
  4.5889E-04 -7.3973E-06  1.5808E-07  2.6086E-06
  4.6418E-04 -7.5544E-06  1.6175E-07  2.6691E-06
  4.6950E-04 -7.7139E-06  1.6548E-07  2.7306E-06
  4.7486E-04 -7.8761E-06  1.6928E-07  2.7933E-06
  4.8025E-04 -8.0408E-06  1.7314E-07  2.8570E-06
  4.8567E-04 -8.2082E-06  1.7707E-07  2.9219E-06
  4.9112E-04 -8.3783E-06  1.8107E-07  2.9878E-06
  4.9661E-04 -8.5510E-06  1.8514E-07  3.0550E-06
  5.0213E-04 -8.7265E-06  1.8928E-07  3.1233E-06
  5.0768E-04 -8.9048E-06  1.9349E-07  3.1928E-06
  5.1327E-04 -9.0859E-06  1.9777E-07  3.2634E-06
  5.1889E-04 -9.2698E-06  2.0213E-07  3.3353E-06
  5.2455E-04 -9.4567E-06  2.0656E-07  3.4084E-06
  5.3024E-04 -9.6464E-06  2.1106E-07  3.4828E-06
  5.3597E-04 -9.8392E-06  2.1565E-07  3.5584E-06
  5.4173E-04 -1.0035E-05  2.2031E-07  3.6353E-06
  5.4752E-04 -1.0234E-05  2.2505E-07  3.7135E-06
  5.5336E-04 -1.0435E-05  2.2987E-07  3.7931E-06
  5.5922E-04 -1.0640E-05  2.3477E-07  3.8739E-06
  5.6513E-04 -1.0849E-05  2.3975E-07  3.9562E-06
  5.7107E-04 -1.1060E-05  2.4482E-07  4.0398E-06
  5.7704E-04 -1.1275E-05  2.4997E-07  4.1247E-06
  5.8305E-04 -1.1492E-05  2.5520E-07  4.2111E-06
  5.8910E-04 -1.1714E-05  2.6052E-07  4.2990E-06
  5.9519E-04 -1.1938E-05  2.6593E-07  4.3883E-06
  6.0131E-04 -1.2166E-05  2.7143E-07  4.4790E-06
  6.0747E-04 -1.2398E-05  2.7702E-07  4.5713E-06
  6.1367E-04 -1.2633E-05  2.8271E-07  4.6650E-06
  6.1991E-04 -1.2871E-05  2.8848E-07  4.7603E-06
  6.2618E-04 -1.3114E-05  2.9435E-07  4.8572E-06
  6.3249E-04 -1.3359E-05  3.0032E-07  4.9556E-06
  6.3884E-04 -1.3609E-05  3.0638E-07  5.0556E-06
  6.4523E-04 -1.3862E-05  3.1254E-07  5.1572E-06
  6.5166E-04 -1.4119E-05  3.1880E-07  5.2605E-06
  6.5813E-04 -1.4380E-05  3.2516E-07  5.3655E-06
  6.6464E-04 -1.4645E-05  3.3162E-07  5.4721E-06
  6.7119E-04 -1.4914E-05  3.3819E-07  5.5805E-06
  6.7778E-04 -1.5187E-05  3.4486E-07  5.6906E-06
  6.8440E-04 -1.5464E-05  3.5163E-07  5.8024E-06
  6.9107E-04 -1.5745E-05  3.5852E-07  5.9160E-06
  6.9778E-04 -1.6030E-05  3.6552E-07  6.0315E-06
  7.0453E-04 -1.6319E-05  3.7262E-07  6.1487E-06
  7.1132E-04 -1.6613E-05  3.7984E-07  6.2678E-06
  7.1816E-04 -1.6911E-05  3.8717E-07  6.3888E-06
  7.2503E-04 -1.7213E-05  3.9462E-07  6.5117E-06
  7.3195E-04 -1.7520E-05  4.0219E-07  6.6366E-06
  7.3891E-04 -1.7831E-05  4.0987E-07  6.7634E-06
  7.4591E-04 -1.8147E-05  4.1768E-07  6.8922E-06
  7.5295E-04 -1.8467E-05  4.2560E-07  7.0230E-06
  7.6004E-04 -1.8792E-05  4.3365E-07  7.1558E-06
  7.6717E-04 -1.9122E-05  4.4183E-07  7.2907E-06
  7.7435E-04 -1.9457E-05  4.5013E-07  7.4277E-06
  7.8157E-04 -1.9797E-05  4.5856E-07  7.5668E-06
  7.8883E-04 -2.0141E-05  4.6712E-07  7.7081E-06
  7.9614E-04 -2.0490E-05  4.7582E-07  7.8516E-06
  8.0349E-04 -2.0845E-05  4.8465E-07  7.9973E-06
  8.1088E-04 -2.1204E-05  4.9361E-07  8.1452E-06
  8.1833E-04 -2.1569E-05  5.0271E-07  8.2954E-06
  8.2581E-04 -2.1939E-05  5.1195E-07  8.4479E-06
  8.3335E-04 -2.2315E-05  5.2134E-07  8.6027E-06
  8.4093E-04 -2.2695E-05  5.3086E-07  8.7599E-06
  8.4855E-04 -2.3082E-05  5.4053E-07  8.9195E-06
  8.5622E-04 -2.3473E-05  5.5035E-07  9.0815E-06
  8.6394E-04 -2.3871E-05  5.6032E-07  9.2460E-06
  8.7171E-04 -2.4274E-05  5.7044E-07  9.4130E-06
  8.7952E-04 -2.4682E-05  5.8071E-07  9.5825E-06
  8.8738E-04 -2.5097E-05  5.9114E-07  9.7545E-06
  8.9529E-04 -2.5517E-05  6.0172E-07  9.9292E-06
  9.0325E-04 -2.5944E-05  6.1247E-07  1.0106E-05
  9.1126E-04 -2.6376E-05  6.2338E-07  1.0286E-05
  9.1931E-04 -2.6815E-05  6.3445E-07  1.0469E-05
  9.2742E-04 -2.7260E-05  6.4568E-07  1.0655E-05
  9.3557E-04 -2.7711E-05  6.5709E-07  1.0843E-05
  9.4378E-04 -2.8168E-05  6.6866E-07  1.1034E-05
  9.5203E-04 -2.8632E-05  6.8041E-07  1.1228E-05
  9.6034E-04 -2.9102E-05  6.9233E-07  1.1424E-05
  9.6869E-04 -2.9580E-05  7.0443E-07  1.1624E-05
  9.7710E-04 -3.0063E-05  7.1671E-07  1.1827E-05
  9.8556E-04 -3.0554E-05  7.2917E-07  1.2032E-05
  9.9407E-04 -3.1051E-05  7.4182E-07  1.2241E-05
  1.0026E-03 -3.1555E-05  7.5465E-07  1.2453E-05
  1.0112E-03 -3.2067E-05  7.6767E-07  1.2668E-05
  1.0199E-03 -3.2585E-05  7.8089E-07  1.2886E-05
  1.0286E-03 -3.3111E-05  7.9430E-07  1.3107E-05
  1.0374E-03 -3.3644E-05  8.0791E-07  1.3331E-05
  1.0462E-03 -3.4185E-05  8.2171E-07  1.3559E-05
  1.0551E-03 -3.4733E-05  8.3572E-07  1.3790E-05
  1.0640E-03 -3.5288E-05  8.4994E-07  1.4025E-05
  1.0730E-03 -3.5852E-05  8.6436E-07  1.4263E-05
  1.0821E-03 -3.6423E-05  8.7899E-07  1.4504E-05
  1.0912E-03 -3.7002E-05  8.9384E-07  1.4749E-05
  1.1003E-03 -3.7589E-05  9.0890E-07  1.4998E-05
  1.1095E-03 -3.8184E-05  9.2418E-07  1.5250E-05
  1.1188E-03 -3.8787E-05  9.3968E-07  1.5506E-05
  1.1281E-03 -3.9399E-05  9.5541E-07  1.5765E-05
  1.1375E-03 -4.0019E-05  9.7137E-07  1.6029E-05
  1.1470E-03 -4.0647E-05  9.8756E-07  1.6296E-05
  1.1565E-03 -4.1285E-05  1.0040E-06  1.6567E-05
  1.1660E-03 -4.1931E-05  1.0206E-06  1.6842E-05
  1.1756E-03 -4.2585E-05  1.0375E-06  1.7121E-05
  1.1853E-03 -4.3249E-05  1.0547E-06  1.7403E-05
  1.1950E-03 -4.3922E-05  1.0721E-06  1.7690E-05
  1.2048E-03 -4.4604E-05  1.0897E-06  1.7981E-05
  1.2147E-03 -4.5295E-05  1.1076E-06  1.8277E-05
  1.2246E-03 -4.5996E-05  1.1257E-06  1.8576E-05
  1.2345E-03 -4.6706E-05  1.1441E-06  1.8880E-05
  1.2446E-03 -4.7426E-05  1.1628E-06  1.9188E-05
  1.2547E-03 -4.8156E-05  1.1818E-06  1.9500E-05
  1.2648E-03 -4.8896E-05  1.2010E-06  1.9817E-05
  1.2750E-03 -4.9646E-05  1.2204E-06  2.0139E-05
  1.2853E-03 -5.0406E-05  1.2402E-06  2.0465E-05
  1.2957E-03 -5.1176E-05  1.2602E-06  2.0796E-05
  1.3061E-03 -5.1956E-05  1.2806E-06  2.1131E-05
  1.3165E-03 -5.2748E-05  1.3012E-06  2.1471E-05
  1.3271E-03 -5.3550E-05  1.3221E-06  2.1816E-05
  1.3377E-03 -5.4362E-05  1.3433E-06  2.2166E-05
  1.3483E-03 -5.5186E-05  1.3648E-06  2.2521E-05
  1.3591E-03 -5.6021E-05  1.3866E-06  2.2880E-05
  1.3699E-03 -5.6867E-05  1.4087E-06  2.3245E-05
  1.3807E-03 -5.7724E-05  1.4311E-06  2.3615E-05
  1.3916E-03 -5.8593E-05  1.4539E-06  2.3990E-05
  1.4026E-03 -5.9474E-05  1.4769E-06  2.4371E-05
  1.4137E-03 -6.0366E-05  1.5003E-06  2.4757E-05
  1.4248E-03 -6.1271E-05  1.5240E-06  2.5148E-05
  1.4360E-03 -6.2187E-05  1.5481E-06  2.5545E-05
  1.4473E-03 -6.3116E-05  1.5724E-06  2.5947E-05
  1.4586E-03 -6.4058E-05  1.5972E-06  2.6355E-05
  1.4700E-03 -6.5011E-05  1.6222E-06  2.6769E-05
  1.4815E-03 -6.5978E-05  1.6476E-06  2.7188E-05
  1.4930E-03 -6.6958E-05  1.6734E-06  2.7613E-05
  1.5046E-03 -6.7950E-05  1.6995E-06  2.8045E-05
  1.5163E-03 -6.8956E-05  1.7260E-06  2.8482E-05
  1.5281E-03 -6.9975E-05  1.7529E-06  2.8925E-05
  1.5399E-03 -7.1008E-05  1.7801E-06  2.9375E-05
  1.5518E-03 -7.2054E-05  1.8078E-06  2.9830E-05
  1.5638E-03 -7.3115E-05  1.8358E-06  3.0292E-05
  1.5758E-03 -7.4189E-05  1.8641E-06  3.0761E-05
  1.5879E-03 -7.5278E-05  1.8929E-06  3.1236E-05
  1.6001E-03 -7.6381E-05  1.9221E-06  3.1717E-05
  1.6124E-03 -7.7499E-05  1.9517E-06  3.2205E-05
  1.6247E-03 -7.8632E-05  1.9817E-06  3.2700E-05
  1.6372E-03 -7.9779E-05  2.0121E-06  3.3202E-05
  1.6497E-03 -8.0942E-05  2.0429E-06  3.3711E-05
  1.6622E-03 -8.2120E-05  2.0742E-06  3.4226E-05
  1.6749E-03 -8.3314E-05  2.1059E-06  3.4749E-05
  1.6876E-03 -8.4523E-05  2.1380E-06  3.5279E-05
  1.7004E-03 -8.5749E-05  2.1705E-06  3.5816E-05
  1.7133E-03 -8.6990E-05  2.2035E-06  3.6361E-05
  1.7262E-03 -8.8248E-05  2.2370E-06  3.6913E-05
  1.7393E-03 -8.9523E-05  2.2709E-06  3.7473E-05
  1.7524E-03 -9.0814E-05  2.3053E-06  3.8040E-05
  1.7656E-03 -9.2122E-05  2.3402E-06  3.8616E-05
  1.7789E-03 -9.3448E-05  2.3755E-06  3.9199E-05
  1.7922E-03 -9.4790E-05  2.4113E-06  3.9790E-05
  1.8057E-03 -9.6151E-05  2.4476E-06  4.0389E-05
  1.8192E-03 -9.7529E-05  2.4844E-06  4.0996E-05
  1.8328E-03 -9.8925E-05  2.5217E-06  4.1611E-05
  1.8465E-03 -1.0034E-04  2.5595E-06  4.2235E-05
  1.8603E-03 -1.0177E-04  2.5979E-06  4.2868E-05
  1.8741E-03 -1.0322E-04  2.6367E-06  4.3509E-05
  1.8881E-03 -1.0470E-04  2.6761E-06  4.4159E-05
  1.9021E-03 -1.0619E-04  2.7160E-06  4.4817E-05
  1.9162E-03 -1.0769E-04  2.7564E-06  4.5485E-05
  1.9304E-03 -1.0922E-04  2.7974E-06  4.6161E-05
  1.9447E-03 -1.1077E-04  2.8390E-06  4.6847E-05
  1.9591E-03 -1.1234E-04  2.8811E-06  4.7542E-05
  1.9735E-03 -1.1393E-04  2.9238E-06  4.8247E-05
  1.9881E-03 -1.1554E-04  2.9671E-06  4.8961E-05
  2.0027E-03 -1.1717E-04  3.0110E-06  4.9684E-05
  2.0174E-03 -1.1883E-04  3.0554E-06  5.0418E-05
  2.0323E-03 -1.2050E-04  3.1005E-06  5.1161E-05
  2.0472E-03 -1.2219E-04  3.1461E-06  5.1915E-05
  2.0622E-03 -1.2391E-04  3.1924E-06  5.2678E-05
  2.0773E-03 -1.2565E-04  3.2393E-06  5.3452E-05
  2.0924E-03 -1.2741E-04  3.2868E-06  5.4236E-05
  2.1077E-03 -1.2920E-04  3.3350E-06  5.5031E-05
  2.1231E-03 -1.3101E-04  3.3838E-06  5.5837E-05
  2.1386E-03 -1.3284E-04  3.4333E-06  5.6653E-05
  2.1541E-03 -1.3469E-04  3.4834E-06  5.7481E-05
  2.1698E-03 -1.3657E-04  3.5342E-06  5.8319E-05
  2.1855E-03 -1.3848E-04  3.5857E-06  5.9169E-05
  2.2014E-03 -1.4041E-04  3.6379E-06  6.0030E-05
  2.2173E-03 -1.4236E-04  3.6908E-06  6.0903E-05
  2.2334E-03 -1.4434E-04  3.7444E-06  6.1787E-05
  2.2495E-03 -1.4634E-04  3.7987E-06  6.2683E-05
  2.2657E-03 -1.4837E-04  3.8537E-06  6.3591E-05
  2.2821E-03 -1.5043E-04  3.9095E-06  6.4512E-05
  2.2985E-03 -1.5251E-04  3.9660E-06  6.5444E-05
  2.3150E-03 -1.5462E-04  4.0233E-06  6.6389E-05
  2.3317E-03 -1.5675E-04  4.0813E-06  6.7347E-05
  2.3484E-03 -1.5892E-04  4.1401E-06  6.8317E-05
  2.3653E-03 -1.6111E-04  4.1997E-06  6.9301E-05
  2.3822E-03 -1.6333E-04  4.2601E-06  7.0297E-05
  2.3992E-03 -1.6557E-04  4.3213E-06  7.1307E-05
  2.4164E-03 -1.6785E-04  4.3833E-06  7.2330E-05
  2.4337E-03 -1.7016E-04  4.4462E-06  7.3367E-05
  2.4510E-03 -1.7249E-04  4.5098E-06  7.4418E-05
  2.4685E-03 -1.7486E-04  4.5743E-06  7.5482E-05
  2.4861E-03 -1.7725E-04  4.6397E-06  7.6561E-05
  2.5038E-03 -1.7968E-04  4.7060E-06  7.7654E-05
  2.5215E-03 -1.8213E-04  4.7731E-06  7.8762E-05
  2.5394E-03 -1.8462E-04  4.8411E-06  7.9884E-05
  2.5575E-03 -1.8714E-04  4.9100E-06  8.1021E-05
  2.5756E-03 -1.8969E-04  4.9798E-06  8.2173E-05
  2.5938E-03 -1.9228E-04  5.0506E-06  8.3341E-05
  2.6121E-03 -1.9490E-04  5.1222E-06  8.4523E-05
  2.6306E-03 -1.9755E-04  5.1949E-06  8.5722E-05
  2.6492E-03 -2.0023E-04  5.2685E-06  8.6936E-05
  2.6679E-03 -2.0295E-04  5.3430E-06  8.8167E-05
  2.6866E-03 -2.0571E-04  5.4186E-06  8.9413E-05
  2.7056E-03 -2.0849E-04  5.4951E-06  9.0676E-05
  2.7246E-03 -2.1132E-04  5.5727E-06  9.1956E-05
  2.7437E-03 -2.1418E-04  5.6513E-06  9.3253E-05
  2.7630E-03 -2.1707E-04  5.7309E-06  9.4567E-05
  2.7824E-03 -2.2001E-04  5.8115E-06  9.5898E-05
  2.8019E-03 -2.2298E-04  5.8933E-06  9.7246E-05
  2.8215E-03 -2.2598E-04  5.9761E-06  9.8612E-05
  2.8412E-03 -2.2903E-04  6.0599E-06  9.9997E-05
  2.8611E-03 -2.3211E-04  6.1449E-06  1.0140E-04
  2.8810E-03 -2.3524E-04  6.2310E-06  1.0282E-04
  2.9011E-03 -2.3840E-04  6.3183E-06  1.0426E-04
  2.9214E-03 -2.4160E-04  6.4067E-06  1.0572E-04
  2.9417E-03 -2.4485E-04  6.4962E-06  1.0720E-04
  2.9622E-03 -2.4813E-04  6.5869E-06  1.0869E-04
  2.9828E-03 -2.5146E-04  6.6788E-06  1.1021E-04
  3.0035E-03 -2.5483E-04  6.7720E-06  1.1175E-04
  3.0243E-03 -2.5824E-04  6.8663E-06  1.1330E-04
  3.0453E-03 -2.6169E-04  6.9619E-06  1.1488E-04
  3.0664E-03 -2.6519E-04  7.0587E-06  1.1648E-04
  3.0876E-03 -2.6873E-04  7.1568E-06  1.1810E-04
  3.1090E-03 -2.7231E-04  7.2561E-06  1.1974E-04
  3.1305E-03 -2.7594E-04  7.3568E-06  1.2140E-04
  3.1521E-03 -2.7962E-04  7.4588E-06  1.2308E-04
  3.1739E-03 -2.8334E-04  7.5621E-06  1.2478E-04
  3.1958E-03 -2.8711E-04  7.6668E-06  1.2651E-04
  3.2178E-03 -2.9093E-04  7.7728E-06  1.2826E-04
  3.2399E-03 -2.9479E-04  7.8802E-06  1.3003E-04
  3.2622E-03 -2.9871E-04  7.9890E-06  1.3183E-04
  3.2847E-03 -3.0267E-04  8.0992E-06  1.3365E-04
  3.3072E-03 -3.0668E-04  8.2109E-06  1.3549E-04
  3.3299E-03 -3.1074E-04  8.3240E-06  1.3736E-04
  3.3528E-03 -3.1486E-04  8.4386E-06  1.3925E-04
  3.3758E-03 -3.1902E-04  8.5547E-06  1.4116E-04
  3.3989E-03 -3.2324E-04  8.6723E-06  1.4310E-04
  3.4221E-03 -3.2751E-04  8.7914E-06  1.4507E-04
  3.4455E-03 -3.3183E-04  8.9121E-06  1.4706E-04
  3.4691E-03 -3.3621E-04  9.0343E-06  1.4908E-04
  3.4928E-03 -3.4064E-04  9.1582E-06  1.5112E-04
  3.5166E-03 -3.4513E-04  9.2836E-06  1.5319E-04
  3.5406E-03 -3.4967E-04  9.4107E-06  1.5529E-04
  3.5647E-03 -3.5428E-04  9.5394E-06  1.5741E-04
  3.5890E-03 -3.5893E-04  9.6698E-06  1.5956E-04
  3.6134E-03 -3.6365E-04  9.8018E-06  1.6174E-04
  3.6380E-03 -3.6842E-04  9.9356E-06  1.6395E-04
  3.6628E-03 -3.7326E-04  1.0071E-05  1.6619E-04
  3.6876E-03 -3.7815E-04  1.0208E-05  1.6845E-04
  3.7127E-03 -3.8311E-04  1.0347E-05  1.7075E-04
  3.7378E-03 -3.8813E-04  1.0488E-05  1.7307E-04
  3.7632E-03 -3.9321E-04  1.0631E-05  1.7542E-04
  3.7887E-03 -3.9835E-04  1.0775E-05  1.7781E-04
  3.8143E-03 -4.0356E-04  1.0922E-05  1.8022E-04
  3.8401E-03 -4.0883E-04  1.1070E-05  1.8267E-04
  3.8661E-03 -4.1416E-04  1.1220E-05  1.8515E-04
  3.8922E-03 -4.1957E-04  1.1372E-05  1.8766E-04
  3.9185E-03 -4.2504E-04  1.1527E-05  1.9020E-04
  3.9449E-03 -4.3058E-04  1.1683E-05  1.9278E-04
  3.9715E-03 -4.3618E-04  1.1841E-05  1.9539E-04
  3.9983E-03 -4.4186E-04  1.2001E-05  1.9803E-04
  4.0252E-03 -4.4761E-04  1.2163E-05  2.0071E-04
  4.0523E-03 -4.5343E-04  1.2327E-05  2.0342E-04
  4.0796E-03 -4.5932E-04  1.2494E-05  2.0616E-04
  4.1070E-03 -4.6528E-04  1.2662E-05  2.0894E-04
  4.1346E-03 -4.7132E-04  1.2833E-05  2.1176E-04
  4.1624E-03 -4.7743E-04  1.3006E-05  2.1461E-04
  4.1903E-03 -4.8362E-04  1.3181E-05  2.1750E-04
  4.2184E-03 -4.8988E-04  1.3358E-05  2.2043E-04
  4.2467E-03 -4.9622E-04  1.3538E-05  2.2340E-04
  4.2751E-03 -5.0264E-04  1.3720E-05  2.2640E-04
  4.3037E-03 -5.0914E-04  1.3904E-05  2.2944E-04
  4.3325E-03 -5.1572E-04  1.4091E-05  2.3252E-04
  4.3615E-03 -5.2238E-04  1.4280E-05  2.3564E-04
  4.3907E-03 -5.2912E-04  1.4472E-05  2.3880E-04
  4.4200E-03 -5.3595E-04  1.4666E-05  2.4200E-04
  4.4495E-03 -5.4286E-04  1.4862E-05  2.4525E-04
  4.4792E-03 -5.4985E-04  1.5061E-05  2.4853E-04
  4.5090E-03 -5.5693E-04  1.5263E-05  2.5185E-04
  4.5391E-03 -5.6410E-04  1.5467E-05  2.5522E-04
  4.5693E-03 -5.7136E-04  1.5674E-05  2.5863E-04
  4.5998E-03 -5.7870E-04  1.5883E-05  2.6209E-04
  4.6304E-03 -5.8614E-04  1.6095E-05  2.6559E-04
  4.6612E-03 -5.9367E-04  1.6310E-05  2.6913E-04
  4.6921E-03 -6.0129E-04  1.6527E-05  2.7272E-04
  4.7233E-03 -6.0900E-04  1.6748E-05  2.7636E-04
  4.7547E-03 -6.1681E-04  1.6971E-05  2.8004E-04
  4.7862E-03 -6.2471E-04  1.7197E-05  2.8377E-04
  4.8180E-03 -6.3271E-04  1.7426E-05  2.8755E-04
  4.8499E-03 -6.4081E-04  1.7657E-05  2.9137E-04
  4.8820E-03 -6.4901E-04  1.7892E-05  2.9525E-04
  4.9144E-03 -6.5731E-04  1.8130E-05  2.9917E-04
  4.9469E-03 -6.6571E-04  1.8371E-05  3.0314E-04
  4.9796E-03 -6.7421E-04  1.8615E-05  3.0717E-04
  5.0126E-03 -6.8282E-04  1.8862E-05  3.1124E-04
  5.0457E-03 -6.9153E-04  1.9112E-05  3.1537E-04
  5.0790E-03 -7.0035E-04  1.9365E-05  3.1955E-04
  5.1126E-03 -7.0928E-04  1.9622E-05  3.2378E-04
  5.1463E-03 -7.1831E-04  1.9882E-05  3.2807E-04
  5.1802E-03 -7.2746E-04  2.0145E-05  3.3241E-04
  5.2144E-03 -7.3672E-04  2.0411E-05  3.3681E-04
  5.2488E-03 -7.4609E-04  2.0681E-05  3.4127E-04
  5.2833E-03 -7.5558E-04  2.0955E-05  3.4578E-04
  5.3181E-03 -7.6518E-04  2.1231E-05  3.5035E-04
  5.3531E-03 -7.7489E-04  2.1512E-05  3.5497E-04
  5.3883E-03 -7.8473E-04  2.1796E-05  3.5966E-04
  5.4238E-03 -7.9469E-04  2.2083E-05  3.6440E-04
  5.4594E-03 -8.0476E-04  2.2374E-05  3.6921E-04
  5.4953E-03 -8.1496E-04  2.2669E-05  3.7407E-04
  5.5314E-03 -8.2529E-04  2.2968E-05  3.7900E-04
  5.5677E-03 -8.3574E-04  2.3270E-05  3.8399E-04
  5.6042E-03 -8.4632E-04  2.3577E-05  3.8905E-04
  5.6409E-03 -8.5702E-04  2.3887E-05  3.9417E-04
  5.6779E-03 -8.6786E-04  2.4201E-05  3.9935E-04
  5.7151E-03 -8.7882E-04  2.4519E-05  4.0460E-04
  5.7525E-03 -8.8992E-04  2.4841E-05  4.0992E-04
  5.7902E-03 -9.0116E-04  2.5168E-05  4.1530E-04
  5.8281E-03 -9.1253E-04  2.5498E-05  4.2075E-04
  5.8662E-03 -9.2404E-04  2.5833E-05  4.2627E-04
  5.9045E-03 -9.3569E-04  2.6172E-05  4.3186E-04
  5.9431E-03 -9.4748E-04  2.6515E-05  4.3753E-04
  5.9819E-03 -9.5941E-04  2.6862E-05  4.4326E-04
  6.0210E-03 -9.7149E-04  2.7214E-05  4.4907E-04
  6.0603E-03 -9.8371E-04  2.7570E-05  4.5495E-04
  6.0998E-03 -9.9608E-04  2.7931E-05  4.6090E-04
  6.1396E-03 -1.0086E-03  2.8297E-05  4.6694E-04
  6.1796E-03 -1.0213E-03  2.8667E-05  4.7304E-04
  6.2199E-03 -1.0341E-03  2.9042E-05  4.7923E-04
  6.2604E-03 -1.0471E-03  2.9421E-05  4.8549E-04
  6.3011E-03 -1.0602E-03  2.9806E-05  4.9183E-04
  6.3422E-03 -1.0735E-03  3.0195E-05  4.9825E-04
  6.3834E-03 -1.0870E-03  3.0589E-05  5.0476E-04
  6.4249E-03 -1.1006E-03  3.0988E-05  5.1134E-04
  6.4667E-03 -1.1144E-03  3.1392E-05  5.1801E-04
  6.5087E-03 -1.1283E-03  3.1801E-05  5.2477E-04
  6.5510E-03 -1.1424E-03  3.2216E-05  5.3161E-04
  6.5935E-03 -1.1567E-03  3.2636E-05  5.3853E-04
  6.6363E-03 -1.1712E-03  3.3061E-05  5.4555E-04
  6.6794E-03 -1.1858E-03  3.3491E-05  5.5265E-04
  6.7227E-03 -1.2006E-03  3.3927E-05  5.5984E-04
  6.7663E-03 -1.2156E-03  3.4368E-05  5.6712E-04
  6.8101E-03 -1.2308E-03  3.4815E-05  5.7450E-04
  6.8543E-03 -1.2461E-03  3.5268E-05  5.8196E-04
  6.8986E-03 -1.2616E-03  3.5726E-05  5.8953E-04
  6.9433E-03 -1.2774E-03  3.6190E-05  5.9718E-04
  6.9882E-03 -1.2933E-03  3.6660E-05  6.0494E-04
  7.0334E-03 -1.3094E-03  3.7136E-05  6.1279E-04
  7.0789E-03 -1.3257E-03  3.7618E-05  6.2074E-04
  7.1247E-03 -1.3421E-03  3.8106E-05  6.2879E-04
  7.1707E-03 -1.3588E-03  3.8600E-05  6.3695E-04
  7.2171E-03 -1.3757E-03  3.9100E-05  6.4520E-04
  7.2637E-03 -1.3928E-03  3.9607E-05  6.5356E-04
  7.3106E-03 -1.4101E-03  4.0120E-05  6.6203E-04
  7.3577E-03 -1.4276E-03  4.0639E-05  6.7060E-04
  7.4052E-03 -1.4453E-03  4.1165E-05  6.7928E-04
  7.4530E-03 -1.4632E-03  4.1698E-05  6.8807E-04
  7.5010E-03 -1.4813E-03  4.2237E-05  6.9697E-04
  7.5494E-03 -1.4997E-03  4.2783E-05  7.0599E-04
  7.5980E-03 -1.5182E-03  4.3336E-05  7.1511E-04
  7.6469E-03 -1.5370E-03  4.3896E-05  7.2435E-04
  7.6962E-03 -1.5560E-03  4.4464E-05  7.3371E-04
  7.7457E-03 -1.5753E-03  4.5038E-05  7.4319E-04
  7.7956E-03 -1.5948E-03  4.5619E-05  7.5278E-04
  7.8457E-03 -1.6144E-03  4.6208E-05  7.6250E-04
  7.8961E-03 -1.6344E-03  4.6804E-05  7.7233E-04
  7.9469E-03 -1.6546E-03  4.7408E-05  7.8230E-04
  7.9980E-03 -1.6750E-03  4.8019E-05  7.9238E-04
  8.0494E-03 -1.6956E-03  4.8638E-05  8.0260E-04
  8.1011E-03 -1.7165E-03  4.9265E-05  8.1294E-04
  8.1531E-03 -1.7377E-03  4.9899E-05  8.2341E-04
  8.2054E-03 -1.7591E-03  5.0542E-05  8.3401E-04
  8.2580E-03 -1.7807E-03  5.1193E-05  8.4475E-04
  8.3110E-03 -1.8026E-03  5.1851E-05  8.5562E-04
  8.3643E-03 -1.8248E-03  5.2519E-05  8.6663E-04
  8.4179E-03 -1.8472E-03  5.3194E-05  8.7778E-04
  8.4719E-03 -1.8699E-03  5.3878E-05  8.8907E-04
  8.5262E-03 -1.8929E-03  5.4571E-05  9.0049E-04
  8.5808E-03 -1.9161E-03  5.5272E-05  9.1207E-04
  8.6357E-03 -1.9396E-03  5.5982E-05  9.2378E-04
  8.6910E-03 -1.9634E-03  5.6701E-05  9.3565E-04
  8.7466E-03 -1.9875E-03  5.7429E-05  9.4766E-04
  8.8026E-03 -2.0119E-03  5.8166E-05  9.5983E-04
  8.8589E-03 -2.0365E-03  5.8913E-05  9.7214E-04
  8.9155E-03 -2.0614E-03  5.9668E-05  9.8462E-04
  8.9725E-03 -2.0867E-03  6.0434E-05  9.9724E-04
  9.0299E-03 -2.1122E-03  6.1209E-05  1.0100E-03
  9.0876E-03 -2.1380E-03  6.1993E-05  1.0230E-03
  9.1456E-03 -2.1641E-03  6.2788E-05  1.0361E-03
  9.2040E-03 -2.1906E-03  6.3592E-05  1.0494E-03
  9.2628E-03 -2.2173E-03  6.4406E-05  1.0628E-03
  9.3219E-03 -2.2444E-03  6.5231E-05  1.0764E-03
  9.3813E-03 -2.2718E-03  6.6066E-05  1.0902E-03
  9.4412E-03 -2.2995E-03  6.6911E-05  1.1041E-03
  9.5014E-03 -2.3275E-03  6.7768E-05  1.1183E-03
  9.5620E-03 -2.3559E-03  6.8634E-05  1.1326E-03
  9.6229E-03 -2.3846E-03  6.9512E-05  1.1471E-03
  9.6842E-03 -2.4136E-03  7.0401E-05  1.1617E-03
  9.7459E-03 -2.4430E-03  7.1300E-05  1.1766E-03
  9.8080E-03 -2.4727E-03  7.2211E-05  1.1916E-03
  9.8704E-03 -2.5028E-03  7.3134E-05  1.2068E-03
  9.9333E-03 -2.5332E-03  7.4068E-05  1.2222E-03
  9.9965E-03 -2.5639E-03  7.5014E-05  1.2378E-03
  1.0060E-02 -2.5951E-03  7.5971E-05  1.2536E-03
  1.0124E-02 -2.6266E-03  7.6940E-05  1.2696E-03
  1.0188E-02 -2.6584E-03  7.7922E-05  1.2858E-03
  1.0253E-02 -2.6907E-03  7.8916E-05  1.3022E-03
  1.0318E-02 -2.7233E-03  7.9922E-05  1.3188E-03
  1.0384E-02 -2.7563E-03  8.0941E-05  1.3357E-03
  1.0450E-02 -2.7897E-03  8.1973E-05  1.3527E-03
  1.0516E-02 -2.8234E-03  8.3017E-05  1.3699E-03
  1.0583E-02 -2.8576E-03  8.4075E-05  1.3874E-03
  1.0650E-02 -2.8921E-03  8.5146E-05  1.4050E-03
  1.0718E-02 -2.9271E-03  8.6230E-05  1.4229E-03
  1.0786E-02 -2.9625E-03  8.7328E-05  1.4410E-03
  1.0854E-02 -2.9983E-03  8.8439E-05  1.4594E-03
  1.0923E-02 -3.0345E-03  8.9565E-05  1.4780E-03
  1.0992E-02 -3.0711E-03  9.0704E-05  1.4968E-03
  1.1062E-02 -3.1081E-03  9.1858E-05  1.5158E-03
  1.1132E-02 -3.1456E-03  9.3026E-05  1.5351E-03
  1.1203E-02 -3.1835E-03  9.4209E-05  1.5546E-03
  1.1274E-02 -3.2218E-03  9.5406E-05  1.5744E-03
  1.1345E-02 -3.2606E-03  9.6618E-05  1.5944E-03
  1.1417E-02 -3.2999E-03  9.7846E-05  1.6146E-03
  1.1489E-02 -3.3396E-03  9.9089E-05  1.6351E-03
  1.1562E-02 -3.3797E-03  1.0035E-04  1.6559E-03
  1.1635E-02 -3.4203E-03  1.0162E-04  1.6769E-03
  1.1709E-02 -3.4614E-03  1.0291E-04  1.6982E-03
  1.1783E-02 -3.5030E-03  1.0422E-04  1.7198E-03
  1.1857E-02 -3.5450E-03  1.0554E-04  1.7416E-03
  1.1932E-02 -3.5876E-03  1.0688E-04  1.7637E-03
  1.2008E-02 -3.6306E-03  1.0823E-04  1.7860E-03
  1.2084E-02 -3.6741E-03  1.0961E-04  1.8087E-03
  1.2160E-02 -3.7181E-03  1.1100E-04  1.8316E-03
  1.2237E-02 -3.7626E-03  1.1240E-04  1.8548E-03
  1.2314E-02 -3.8077E-03  1.1383E-04  1.8783E-03
  1.2392E-02 -3.8532E-03  1.1527E-04  1.9021E-03
  1.2470E-02 -3.8993E-03  1.1673E-04  1.9262E-03
  1.2549E-02 -3.9459E-03  1.1821E-04  1.9506E-03
  1.2628E-02 -3.9930E-03  1.1970E-04  1.9753E-03
  1.2708E-02 -4.0407E-03  1.2122E-04  2.0003E-03
  1.2788E-02 -4.0890E-03  1.2275E-04  2.0257E-03
  1.2869E-02 -4.1377E-03  1.2431E-04  2.0513E-03
  1.2950E-02 -4.1871E-03  1.2588E-04  2.0772E-03
  1.3031E-02 -4.2370E-03  1.2747E-04  2.1035E-03
  1.3114E-02 -4.2875E-03  1.2909E-04  2.1301E-03
  1.3196E-02 -4.3385E-03  1.3072E-04  2.1571E-03
  1.3279E-02 -4.3902E-03  1.3237E-04  2.1843E-03
  1.3363E-02 -4.4424E-03  1.3404E-04  2.2120E-03
  1.3447E-02 -4.4952E-03  1.3574E-04  2.2399E-03
  1.3532E-02 -4.5486E-03  1.3745E-04  2.2682E-03
  1.3617E-02 -4.6027E-03  1.3919E-04  2.2969E-03
  1.3703E-02 -4.6573E-03  1.4095E-04  2.3259E-03
  1.3789E-02 -4.7126E-03  1.4273E-04  2.3553E-03
  1.3876E-02 -4.7685E-03  1.4453E-04  2.3850E-03
  1.3963E-02 -4.8251E-03  1.4635E-04  2.4151E-03
  1.4051E-02 -4.8822E-03  1.4820E-04  2.4456E-03
  1.4140E-02 -4.9401E-03  1.5007E-04  2.4764E-03
  1.4229E-02 -4.9986E-03  1.5196E-04  2.5077E-03
  1.4318E-02 -5.0577E-03  1.5388E-04  2.5393E-03
  1.4408E-02 -5.1176E-03  1.5582E-04  2.5714E-03
  1.4499E-02 -5.1781E-03  1.5779E-04  2.6038E-03
  1.4590E-02 -5.2392E-03  1.5978E-04  2.6366E-03
  1.4681E-02 -5.3011E-03  1.6179E-04  2.6699E-03
  1.4774E-02 -5.3637E-03  1.6383E-04  2.7035E-03
  1.4866E-02 -5.4270E-03  1.6590E-04  2.7376E-03
  1.4960E-02 -5.4910E-03  1.6799E-04  2.7721E-03
  1.5054E-02 -5.5557E-03  1.7010E-04  2.8070E-03
  1.5148E-02 -5.6212E-03  1.7224E-04  2.8424E-03
  1.5243E-02 -5.6874E-03  1.7441E-04  2.8782E-03
  1.5339E-02 -5.7543E-03  1.7661E-04  2.9144E-03
  1.5435E-02 -5.8220E-03  1.7883E-04  2.9511E-03
  1.5532E-02 -5.8905E-03  1.8108E-04  2.9882E-03
  1.5630E-02 -5.9597E-03  1.8336E-04  3.0258E-03
  1.5728E-02 -6.0297E-03  1.8567E-04  3.0639E-03
  1.5826E-02 -6.1005E-03  1.8801E-04  3.1025E-03
  1.5926E-02 -6.1721E-03  1.9037E-04  3.1415E-03
  1.6025E-02 -6.2445E-03  1.9277E-04  3.1810E-03
  1.6126E-02 -6.3177E-03  1.9519E-04  3.2210E-03
  1.6227E-02 -6.3917E-03  1.9764E-04  3.2615E-03
  1.6329E-02 -6.4666E-03  2.0013E-04  3.3025E-03
  1.6431E-02 -6.5423E-03  2.0264E-04  3.3440E-03
  1.6534E-02 -6.6188E-03  2.0519E-04  3.3861E-03
  1.6637E-02 -6.6962E-03  2.0777E-04  3.4286E-03
  1.6742E-02 -6.7745E-03  2.1038E-04  3.4717E-03
  1.6846E-02 -6.8536E-03  2.1302E-04  3.5153E-03
  1.6952E-02 -6.9336E-03  2.1570E-04  3.5595E-03
  1.7058E-02 -7.0145E-03  2.1841E-04  3.6042E-03
  1.7165E-02 -7.0963E-03  2.2115E-04  3.6494E-03
  1.7272E-02 -7.1790E-03  2.2393E-04  3.6952E-03
  1.7380E-02 -7.2626E-03  2.2674E-04  3.7416E-03
  1.7489E-02 -7.3472E-03  2.2958E-04  3.7886E-03
  1.7599E-02 -7.4327E-03  2.3246E-04  3.8361E-03
  1.7709E-02 -7.5191E-03  2.3538E-04  3.8843E-03
  1.7819E-02 -7.6065E-03  2.3833E-04  3.9330E-03
  1.7931E-02 -7.6949E-03  2.4132E-04  3.9823E-03
  1.8043E-02 -7.7843E-03  2.4435E-04  4.0323E-03
  1.8156E-02 -7.8746E-03  2.4741E-04  4.0828E-03
  1.8269E-02 -7.9659E-03  2.5052E-04  4.1340E-03
  1.8383E-02 -8.0583E-03  2.5366E-04  4.1859E-03
  1.8498E-02 -8.1516E-03  2.5684E-04  4.2383E-03
  1.8614E-02 -8.2460E-03  2.6005E-04  4.2915E-03
  1.8730E-02 -8.3415E-03  2.6331E-04  4.3452E-03
  1.8847E-02 -8.4379E-03  2.6661E-04  4.3997E-03
  1.8965E-02 -8.5355E-03  2.6995E-04  4.4548E-03
  1.9083E-02 -8.6341E-03  2.7333E-04  4.5106E-03
  1.9202E-02 -8.7338E-03  2.7676E-04  4.5671E-03
  1.9322E-02 -8.8346E-03  2.8022E-04  4.6243E-03
  1.9443E-02 -8.9365E-03  2.8373E-04  4.6822E-03
  1.9564E-02 -9.0395E-03  2.8728E-04  4.7408E-03
  1.9686E-02 -9.1436E-03  2.9088E-04  4.8002E-03
  1.9809E-02 -9.2489E-03  2.9452E-04  4.8603E-03
  1.9933E-02 -9.3553E-03  2.9821E-04  4.9211E-03
  2.0057E-02 -9.4629E-03  3.0194E-04  4.9827E-03
  2.0182E-02 -9.5716E-03  3.0572E-04  5.0450E-03
  2.0308E-02 -9.6816E-03  3.0954E-04  5.1082E-03
  2.0435E-02 -9.7927E-03  3.1341E-04  5.1721E-03
  2.0562E-02 -9.9051E-03  3.1733E-04  5.2368E-03
  2.0690E-02 -1.0019E-02  3.2130E-04  5.3022E-03
  2.0819E-02 -1.0133E-02  3.2532E-04  5.3686E-03
  2.0949E-02 -1.0249E-02  3.2939E-04  5.4357E-03
  2.1080E-02 -1.0367E-02  3.3350E-04  5.5036E-03
  2.1211E-02 -1.0485E-02  3.3767E-04  5.5724E-03
  2.1343E-02 -1.0605E-02  3.4189E-04  5.6421E-03
  2.1476E-02 -1.0726E-02  3.4616E-04  5.7126E-03
  2.1610E-02 -1.0849E-02  3.5049E-04  5.7840E-03
  2.1745E-02 -1.0973E-02  3.5487E-04  5.8562E-03
  2.1880E-02 -1.1098E-02  3.5930E-04  5.9294E-03
  2.2016E-02 -1.1224E-02  3.6379E-04  6.0035E-03
  2.2153E-02 -1.1352E-02  3.6833E-04  6.0785E-03
  2.2291E-02 -1.1481E-02  3.7293E-04  6.1544E-03
  2.2430E-02 -1.1612E-02  3.7759E-04  6.2312E-03
  2.2570E-02 -1.1744E-02  3.8230E-04  6.3090E-03
  2.2710E-02 -1.1877E-02  3.8708E-04  6.3878E-03
  2.2851E-02 -1.2012E-02  3.9191E-04  6.4675E-03
  2.2994E-02 -1.2148E-02  3.9680E-04  6.5482E-03
  2.3137E-02 -1.2286E-02  4.0175E-04  6.6300E-03
  2.3281E-02 -1.2425E-02  4.0676E-04  6.7127E-03
  2.3425E-02 -1.2566E-02  4.1184E-04  6.7965E-03
  2.3571E-02 -1.2708E-02  4.1698E-04  6.8813E-03
  2.3718E-02 -1.2852E-02  4.2218E-04  6.9671E-03
  2.3865E-02 -1.2997E-02  4.2744E-04  7.0540E-03
  2.4014E-02 -1.3144E-02  4.3277E-04  7.1420E-03
  2.4163E-02 -1.3292E-02  4.3817E-04  7.2310E-03
  2.4313E-02 -1.3442E-02  4.4363E-04  7.3212E-03
  2.4464E-02 -1.3593E-02  4.4916E-04  7.4125E-03
  2.4616E-02 -1.3747E-02  4.5476E-04  7.5049E-03
  2.4769E-02 -1.3901E-02  4.6043E-04  7.5985E-03
  2.4923E-02 -1.4058E-02  4.6617E-04  7.6932E-03
  2.5078E-02 -1.4216E-02  4.7198E-04  7.7890E-03
  2.5234E-02 -1.4375E-02  4.7786E-04  7.8861E-03
  2.5391E-02 -1.4537E-02  4.8381E-04  7.9844E-03
  2.5548E-02 -1.4700E-02  4.8984E-04  8.0839E-03
  2.5707E-02 -1.4864E-02  4.9594E-04  8.1846E-03
  2.5867E-02 -1.5031E-02  5.0212E-04  8.2865E-03
  2.6027E-02 -1.5199E-02  5.0837E-04  8.3897E-03
  2.6189E-02 -1.5369E-02  5.1470E-04  8.4942E-03
  2.6352E-02 -1.5541E-02  5.2111E-04  8.6000E-03
  2.6515E-02 -1.5714E-02  5.2760E-04  8.7071E-03
  2.6680E-02 -1.5890E-02  5.3417E-04  8.8155E-03
  2.6845E-02 -1.6067E-02  5.4082E-04  8.9252E-03
  2.7012E-02 -1.6246E-02  5.4755E-04  9.0363E-03
  2.7180E-02 -1.6427E-02  5.5436E-04  9.1488E-03
  2.7348E-02 -1.6609E-02  5.6126E-04  9.2627E-03
  2.7518E-02 -1.6794E-02  5.6825E-04  9.3780E-03
  2.7689E-02 -1.6981E-02  5.7532E-04  9.4947E-03
  2.7860E-02 -1.7169E-02  5.8247E-04  9.6128E-03
  2.8033E-02 -1.7360E-02  5.8972E-04  9.7324E-03
  2.8207E-02 -1.7552E-02  5.9706E-04  9.8535E-03
  2.8382E-02 -1.7746E-02  6.0448E-04  9.9760E-03
  2.8558E-02 -1.7943E-02  6.1200E-04  1.0100E-02
  2.8735E-02 -1.8141E-02  6.1961E-04  1.0226E-02
  2.8913E-02 -1.8342E-02  6.2731E-04  1.0353E-02
  2.9093E-02 -1.8544E-02  6.3511E-04  1.0482E-02
  2.9273E-02 -1.8749E-02  6.4301E-04  1.0612E-02
  2.9454E-02 -1.8955E-02  6.5100E-04  1.0744E-02
  2.9637E-02 -1.9164E-02  6.5909E-04  1.0877E-02
  2.9821E-02 -1.9375E-02  6.6728E-04  1.1013E-02
  3.0005E-02 -1.9588E-02  6.7558E-04  1.1150E-02
  3.0191E-02 -1.9803E-02  6.8397E-04  1.1288E-02
  3.0378E-02 -2.0021E-02  6.9247E-04  1.1428E-02
  3.0567E-02 -2.0240E-02  7.0107E-04  1.1570E-02
  3.0756E-02 -2.0462E-02  7.0978E-04  1.1714E-02
  3.0946E-02 -2.0686E-02  7.1860E-04  1.1860E-02
  3.1138E-02 -2.0912E-02  7.2752E-04  1.2007E-02
  3.1331E-02 -2.1141E-02  7.3656E-04  1.2156E-02
  3.1525E-02 -2.1372E-02  7.4571E-04  1.2307E-02
  3.1720E-02 -2.1605E-02  7.5497E-04  1.2460E-02
  3.1917E-02 -2.1841E-02  7.6434E-04  1.2615E-02
  3.2114E-02 -2.2079E-02  7.7383E-04  1.2771E-02
  3.2313E-02 -2.2319E-02  7.8344E-04  1.2930E-02
  3.2513E-02 -2.2562E-02  7.9316E-04  1.3090E-02
  3.2714E-02 -2.2807E-02  8.0301E-04  1.3253E-02
  3.2917E-02 -2.3055E-02  8.1297E-04  1.3417E-02
  3.3121E-02 -2.3305E-02  8.2306E-04  1.3584E-02
  3.3326E-02 -2.3557E-02  8.3327E-04  1.3753E-02
  3.3532E-02 -2.3812E-02  8.4361E-04  1.3923E-02
  3.3739E-02 -2.4070E-02  8.5408E-04  1.4096E-02
  3.3948E-02 -2.4330E-02  8.6468E-04  1.4271E-02
  3.4158E-02 -2.4593E-02  8.7540E-04  1.4448E-02
  3.4369E-02 -2.4858E-02  8.8626E-04  1.4627E-02
  3.4582E-02 -2.5126E-02  8.9725E-04  1.4809E-02
  3.4796E-02 -2.5397E-02  9.0838E-04  1.4992E-02
  3.5011E-02 -2.5670E-02  9.1965E-04  1.5178E-02
  3.5228E-02 -2.5946E-02  9.3105E-04  1.5367E-02
  3.5446E-02 -2.6225E-02  9.4259E-04  1.5557E-02
  3.5665E-02 -2.6506E-02  9.5428E-04  1.5750E-02
  3.5885E-02 -2.6790E-02  9.6611E-04  1.5945E-02
  3.6107E-02 -2.7077E-02  9.7809E-04  1.6143E-02
  3.6330E-02 -2.7367E-02  9.9021E-04  1.6343E-02
  3.6555E-02 -2.7659E-02  1.0025E-03  1.6546E-02
  3.6781E-02 -2.7954E-02  1.0149E-03  1.6751E-02
  3.7008E-02 -2.8253E-02  1.0275E-03  1.6959E-02
  3.7237E-02 -2.8554E-02  1.0402E-03  1.7169E-02
  3.7467E-02 -2.8858E-02  1.0531E-03  1.7382E-02
  3.7699E-02 -2.9164E-02  1.0662E-03  1.7597E-02
  3.7932E-02 -2.9474E-02  1.0794E-03  1.7815E-02
  3.8166E-02 -2.9787E-02  1.0927E-03  1.8036E-02
  3.8402E-02 -3.0103E-02  1.1063E-03  1.8259E-02
  3.8639E-02 -3.0422E-02  1.1200E-03  1.8486E-02
  3.8878E-02 -3.0744E-02  1.1338E-03  1.8715E-02
  3.9118E-02 -3.1069E-02  1.1479E-03  1.8946E-02
  3.9360E-02 -3.1397E-02  1.1621E-03  1.9181E-02
  3.9603E-02 -3.1728E-02  1.1765E-03  1.9419E-02
  3.9847E-02 -3.2062E-02  1.1911E-03  1.9659E-02
  4.0094E-02 -3.2399E-02  1.2058E-03  1.9903E-02
  4.0341E-02 -3.2740E-02  1.2207E-03  2.0149E-02
  4.0590E-02 -3.3084E-02  1.2358E-03  2.0399E-02
  4.0841E-02 -3.3431E-02  1.2511E-03  2.0651E-02
  4.1093E-02 -3.3781E-02  1.2666E-03  2.0907E-02
  4.1347E-02 -3.4135E-02  1.2823E-03  2.1166E-02
  4.1602E-02 -3.4492E-02  1.2982E-03  2.1428E-02
  4.1859E-02 -3.4852E-02  1.3142E-03  2.1693E-02
  4.2117E-02 -3.5216E-02  1.3305E-03  2.1961E-02
  4.2377E-02 -3.5583E-02  1.3470E-03  2.2233E-02
  4.2639E-02 -3.5953E-02  1.3636E-03  2.2508E-02
  4.2902E-02 -3.6327E-02  1.3805E-03  2.2787E-02
  4.3167E-02 -3.6704E-02  1.3976E-03  2.3069E-02
  4.3433E-02 -3.7085E-02  1.4149E-03  2.3354E-02
  4.3701E-02 -3.7469E-02  1.4324E-03  2.3643E-02
  4.3971E-02 -3.7857E-02  1.4501E-03  2.3936E-02
  4.4242E-02 -3.8248E-02  1.4680E-03  2.4232E-02
  4.4515E-02 -3.8643E-02  1.4862E-03  2.4531E-02
  4.4790E-02 -3.9042E-02  1.5045E-03  2.4835E-02
  4.5066E-02 -3.9444E-02  1.5231E-03  2.5142E-02
  4.5344E-02 -3.9850E-02  1.5420E-03  2.5453E-02
  4.5624E-02 -4.0259E-02  1.5610E-03  2.5768E-02
  4.5905E-02 -4.0672E-02  1.5803E-03  2.6086E-02
  4.6188E-02 -4.1089E-02  1.5999E-03  2.6409E-02
  4.6473E-02 -4.1510E-02  1.6196E-03  2.6736E-02
  4.6760E-02 -4.1934E-02  1.6397E-03  2.7066E-02
  4.7048E-02 -4.2363E-02  1.6599E-03  2.7401E-02
  4.7338E-02 -4.2795E-02  1.6804E-03  2.7739E-02
  4.7630E-02 -4.3231E-02  1.7012E-03  2.8082E-02
  4.7924E-02 -4.3670E-02  1.7222E-03  2.8429E-02
  4.8219E-02 -4.4114E-02  1.7435E-03  2.8781E-02
  4.8517E-02 -4.4562E-02  1.7650E-03  2.9137E-02
  4.8816E-02 -4.5013E-02  1.7868E-03  2.9497E-02
  4.9117E-02 -4.5469E-02  1.8089E-03  2.9861E-02
  4.9420E-02 -4.5928E-02  1.8313E-03  3.0230E-02
  4.9724E-02 -4.6392E-02  1.8539E-03  3.0604E-02
  5.0031E-02 -4.6860E-02  1.8768E-03  3.0982E-02
  5.0339E-02 -4.7331E-02  1.9000E-03  3.1365E-02
  5.0649E-02 -4.7807E-02  1.9234E-03  3.1752E-02
  5.0961E-02 -4.8287E-02  1.9472E-03  3.2144E-02
  5.1276E-02 -4.8771E-02  1.9712E-03  3.2541E-02
  5.1591E-02 -4.9259E-02  1.9955E-03  3.2943E-02
  5.1909E-02 -4.9752E-02  2.0202E-03  3.3350E-02
  5.2229E-02 -5.0248E-02  2.0451E-03  3.3762E-02
  5.2551E-02 -5.0749E-02  2.0704E-03  3.4179E-02
  5.2875E-02 -5.1255E-02  2.0959E-03  3.4601E-02
  5.3201E-02 -5.1764E-02  2.1218E-03  3.5028E-02
  5.3528E-02 -5.2278E-02  2.1480E-03  3.5461E-02
  5.3858E-02 -5.2796E-02  2.1745E-03  3.5899E-02
  5.4190E-02 -5.3319E-02  2.2013E-03  3.6342E-02
  5.4524E-02 -5.3846E-02  2.2285E-03  3.6790E-02
  5.4859E-02 -5.4377E-02  2.2560E-03  3.7245E-02
  5.5197E-02 -5.4913E-02  2.2838E-03  3.7704E-02
  5.5537E-02 -5.5453E-02  2.3120E-03  3.8170E-02
  5.5879E-02 -5.5998E-02  2.3405E-03  3.8641E-02
  5.6223E-02 -5.6547E-02  2.3694E-03  3.9118E-02
  5.6570E-02 -5.7101E-02  2.3986E-03  3.9600E-02
  5.6918E-02 -5.7659E-02  2.4282E-03  4.0089E-02
  5.7268E-02 -5.8222E-02  2.4581E-03  4.0584E-02
  5.7621E-02 -5.8790E-02  2.4884E-03  4.1084E-02
  5.7976E-02 -5.9362E-02  2.5191E-03  4.1591E-02
  5.8333E-02 -5.9939E-02  2.5502E-03  4.2105E-02
  5.8692E-02 -6.0520E-02  2.5816E-03  4.2624E-02
  5.9053E-02 -6.1106E-02  2.6135E-03  4.3150E-02
  5.9417E-02 -6.1697E-02  2.6457E-03  4.3682E-02
  5.9782E-02 -6.2293E-02  2.6783E-03  4.4221E-02
  6.0150E-02 -6.2894E-02  2.7113E-03  4.4766E-02
  6.0521E-02 -6.3499E-02  2.7447E-03  4.5318E-02
  6.0893E-02 -6.4109E-02  2.7786E-03  4.5877E-02
  6.1268E-02 -6.4724E-02  2.8128E-03  4.6443E-02
  6.1645E-02 -6.5343E-02  2.8475E-03  4.7016E-02
  6.2024E-02 -6.5968E-02  2.8826E-03  4.7595E-02
  6.2406E-02 -6.6597E-02  2.9181E-03  4.8182E-02
  6.2790E-02 -6.7232E-02  2.9540E-03  4.8776E-02
  6.3176E-02 -6.7871E-02  2.9904E-03  4.9377E-02
  6.3565E-02 -6.8515E-02  3.0273E-03  4.9986E-02
  6.3956E-02 -6.9165E-02  3.0646E-03  5.0602E-02
  6.4350E-02 -6.9819E-02  3.1023E-03  5.1226E-02
  6.4746E-02 -7.0478E-02  3.1405E-03  5.1857E-02
  6.5144E-02 -7.1142E-02  3.1792E-03  5.2497E-02
  6.5545E-02 -7.1811E-02  3.2184E-03  5.3144E-02
  6.5948E-02 -7.2486E-02  3.2580E-03  5.3798E-02
  6.6354E-02 -7.3165E-02  3.2981E-03  5.4461E-02
  6.6762E-02 -7.3850E-02  3.3387E-03  5.5132E-02
  6.7172E-02 -7.4539E-02  3.3798E-03  5.5812E-02
  6.7586E-02 -7.5234E-02  3.4215E-03  5.6499E-02
  6.8001E-02 -7.5934E-02  3.4636E-03  5.7195E-02
  6.8420E-02 -7.6639E-02  3.5062E-03  5.7900E-02
  6.8840E-02 -7.7349E-02  3.5494E-03  5.8613E-02
  6.9264E-02 -7.8065E-02  3.5931E-03  5.9335E-02
  6.9690E-02 -7.8785E-02  3.6373E-03  6.0066E-02
  7.0118E-02 -7.9511E-02  3.6821E-03  6.0806E-02
  7.0549E-02 -8.0242E-02  3.7274E-03  6.1555E-02
  7.0983E-02 -8.0979E-02  3.7732E-03  6.2313E-02
  7.1420E-02 -8.1720E-02  3.8197E-03  6.3080E-02
  7.1859E-02 -8.2467E-02  3.8667E-03  6.3857E-02
  7.2301E-02 -8.3219E-02  3.9142E-03  6.4643E-02
  7.2745E-02 -8.3977E-02  3.9624E-03  6.5439E-02
  7.3192E-02 -8.4739E-02  4.0111E-03  6.6245E-02
  7.3642E-02 -8.5508E-02  4.0605E-03  6.7060E-02
  7.4095E-02 -8.6281E-02  4.1104E-03  6.7886E-02
  7.4550E-02 -8.7060E-02  4.1610E-03  6.8721E-02
  7.5009E-02 -8.7844E-02  4.2121E-03  6.9567E-02
  7.5470E-02 -8.8633E-02  4.2639E-03  7.0423E-02
  7.5934E-02 -8.9428E-02  4.3164E-03  7.1290E-02
  7.6400E-02 -9.0228E-02  4.3694E-03  7.2167E-02
  7.6870E-02 -9.1034E-02  4.4232E-03  7.3055E-02
  7.7342E-02 -9.1845E-02  4.4775E-03  7.3954E-02
  7.7818E-02 -9.2661E-02  4.5326E-03  7.4864E-02
  7.8296E-02 -9.3483E-02  4.5883E-03  7.5785E-02
  7.8777E-02 -9.4310E-02  4.6447E-03  7.6717E-02
  7.9261E-02 -9.5143E-02  4.7018E-03  7.7661E-02
  7.9748E-02 -9.5981E-02  4.7596E-03  7.8617E-02
  8.0238E-02 -9.6824E-02  4.8181E-03  7.9584E-02
  8.0731E-02 -9.7673E-02  4.8773E-03  8.0562E-02
  8.1228E-02 -9.8527E-02  4.9372E-03  8.1553E-02
  8.1727E-02 -9.9387E-02  4.9979E-03  8.2556E-02
  8.2229E-02 -1.0025E-01  5.0593E-03  8.3571E-02
  8.2734E-02 -1.0112E-01  5.1214E-03  8.4599E-02
  8.3242E-02 -1.0200E-01  5.1843E-03  8.5639E-02
  8.3754E-02 -1.0288E-01  5.2480E-03  8.6692E-02
  8.4268E-02 -1.0377E-01  5.3125E-03  8.7758E-02
  8.4786E-02 -1.0466E-01  5.3777E-03  8.8837E-02
  8.5307E-02 -1.0556E-01  5.4438E-03  8.9929E-02
  8.5831E-02 -1.0646E-01  5.5106E-03  9.1034E-02
  8.6358E-02 -1.0737E-01  5.5783E-03  9.2153E-02
  8.6889E-02 -1.0828E-01  5.6467E-03  9.3286E-02
  8.7422E-02 -1.0920E-01  5.7161E-03  9.4432E-02
  8.7959E-02 -1.1012E-01  5.7862E-03  9.5593E-02
  8.8499E-02 -1.1105E-01  5.8573E-03  9.6767E-02
  8.9043E-02 -1.1199E-01  5.9292E-03  9.7956E-02
  8.9590E-02 -1.1293E-01  6.0019E-03  9.9160E-02
  9.0140E-02 -1.1388E-01  6.0756E-03  1.0038E-01
  9.0694E-02 -1.1483E-01  6.1501E-03  1.0161E-01
  9.1251E-02 -1.1578E-01  6.2256E-03  1.0286E-01
  9.1811E-02 -1.1675E-01  6.3020E-03  1.0412E-01
  9.2375E-02 -1.1771E-01  6.3793E-03  1.0540E-01
  9.2942E-02 -1.1868E-01  6.4576E-03  1.0670E-01
  9.3513E-02 -1.1966E-01  6.5368E-03  1.0801E-01
  9.4087E-02 -1.2064E-01  6.6169E-03  1.0933E-01
  9.4665E-02 -1.2163E-01  6.6981E-03  1.1068E-01
  9.5246E-02 -1.2263E-01  6.7802E-03  1.1203E-01
  9.5831E-02 -1.2362E-01  6.8634E-03  1.1341E-01
  9.6419E-02 -1.2463E-01  6.9475E-03  1.1480E-01
  9.7011E-02 -1.2564E-01  7.0327E-03  1.1621E-01
  9.7607E-02 -1.2665E-01  7.1189E-03  1.1764E-01
  9.8206E-02 -1.2767E-01  7.2062E-03  1.1908E-01
  9.8809E-02 -1.2869E-01  7.2945E-03  1.2054E-01
  9.9415E-02 -1.2972E-01  7.3839E-03  1.2202E-01
  1.0003E-01 -1.3075E-01  7.4744E-03  1.2352E-01
  1.0064E-01 -1.3179E-01  7.5660E-03  1.2504E-01
  1.0126E-01 -1.3284E-01  7.6587E-03  1.2657E-01
  1.0188E-01 -1.3388E-01  7.7526E-03  1.2812E-01
  1.0250E-01 -1.3494E-01  7.8475E-03  1.2969E-01
  1.0313E-01 -1.3600E-01  7.9437E-03  1.3128E-01
  1.0377E-01 -1.3706E-01  8.0410E-03  1.3289E-01
  1.0440E-01 -1.3813E-01  8.1395E-03  1.3452E-01
  1.0504E-01 -1.3920E-01  8.2392E-03  1.3617E-01
  1.0569E-01 -1.4027E-01  8.3400E-03  1.3784E-01
  1.0634E-01 -1.4136E-01  8.4422E-03  1.3953E-01
  1.0699E-01 -1.4244E-01  8.5455E-03  1.4125E-01
  1.0765E-01 -1.4353E-01  8.6501E-03  1.4298E-01
  1.0831E-01 -1.4463E-01  8.7560E-03  1.4473E-01
  1.0897E-01 -1.4573E-01  8.8632E-03  1.4650E-01
  1.0964E-01 -1.4683E-01  8.9717E-03  1.4830E-01
  1.1031E-01 -1.4794E-01  9.0815E-03  1.5012E-01
  1.1099E-01 -1.4905E-01  9.1926E-03  1.5196E-01
  1.1167E-01 -1.5017E-01  9.3051E-03  1.5382E-01
  1.1236E-01 -1.5129E-01  9.4189E-03  1.5570E-01
  1.1305E-01 -1.5241E-01  9.5341E-03  1.5761E-01
  1.1374E-01 -1.5354E-01  9.6508E-03  1.5954E-01
  1.1444E-01 -1.5468E-01  9.7688E-03  1.6150E-01
  1.1514E-01 -1.5581E-01  9.8883E-03  1.6347E-01
  1.1585E-01 -1.5695E-01  1.0009E-02  1.6547E-01
  1.1656E-01 -1.5810E-01  1.0132E-02  1.6750E-01
  1.1727E-01 -1.5925E-01  1.0255E-02  1.6955E-01
  1.1799E-01 -1.6040E-01  1.0381E-02  1.7163E-01
  1.1872E-01 -1.6155E-01  1.0508E-02  1.7373E-01
  1.1944E-01 -1.6271E-01  1.0636E-02  1.7586E-01
  1.2018E-01 -1.6388E-01  1.0766E-02  1.7801E-01
  1.2091E-01 -1.6504E-01  1.0898E-02  1.8019E-01
  1.2166E-01 -1.6621E-01  1.1031E-02  1.8239E-01
  1.2240E-01 -1.6738E-01  1.1166E-02  1.8462E-01
  1.2315E-01 -1.6856E-01  1.1302E-02  1.8688E-01
  1.2391E-01 -1.6974E-01  1.1440E-02  1.8917E-01
  1.2467E-01 -1.7092E-01  1.1580E-02  1.9148E-01
  1.2543E-01 -1.7211E-01  1.1721E-02  1.9382E-01
  1.2620E-01 -1.7329E-01  1.1864E-02  1.9619E-01
  1.2698E-01 -1.7448E-01  1.2009E-02  1.9859E-01
  1.2775E-01 -1.7568E-01  1.2156E-02  2.0102E-01
  1.2854E-01 -1.7687E-01  1.2304E-02  2.0348E-01
  1.2933E-01 -1.7807E-01  1.2454E-02  2.0597E-01
  1.3012E-01 -1.7927E-01  1.2606E-02  2.0848E-01
  1.3092E-01 -1.8048E-01  1.2760E-02  2.1103E-01
  1.3172E-01 -1.8168E-01  1.2916E-02  2.1361E-01
  1.3253E-01 -1.8289E-01  1.3073E-02  2.1622E-01
  1.3334E-01 -1.8410E-01  1.3233E-02  2.1886E-01
  1.3416E-01 -1.8531E-01  1.3394E-02  2.2154E-01
  1.3498E-01 -1.8652E-01  1.3557E-02  2.2424E-01
  1.3581E-01 -1.8774E-01  1.3723E-02  2.2698E-01
  1.3664E-01 -1.8895E-01  1.3890E-02  2.2975E-01
  1.3748E-01 -1.9017E-01  1.4059E-02  2.3256E-01
  1.3832E-01 -1.9139E-01  1.4230E-02  2.3540E-01
  1.3917E-01 -1.9261E-01  1.4404E-02  2.3827E-01
  1.4002E-01 -1.9383E-01  1.4579E-02  2.4118E-01
  1.4088E-01 -1.9505E-01  1.4757E-02  2.4412E-01
  1.4175E-01 -1.9628E-01  1.4937E-02  2.4710E-01
  1.4262E-01 -1.9750E-01  1.5119E-02  2.5011E-01
  1.4349E-01 -1.9873E-01  1.5303E-02  2.5317E-01
  1.4437E-01 -1.9995E-01  1.5489E-02  2.5625E-01
  1.4526E-01 -2.0118E-01  1.5678E-02  2.5938E-01
  1.4615E-01 -2.0241E-01  1.5868E-02  2.6254E-01
  1.4704E-01 -2.0363E-01  1.6062E-02  2.6574E-01
  1.4794E-01 -2.0486E-01  1.6257E-02  2.6898E-01
  1.4885E-01 -2.0608E-01  1.6455E-02  2.7226E-01
  1.4976E-01 -2.0731E-01  1.6655E-02  2.7558E-01
  1.5068E-01 -2.0854E-01  1.6858E-02  2.7893E-01
  1.5160E-01 -2.0976E-01  1.7063E-02  2.8233E-01
  1.5253E-01 -2.1099E-01  1.7270E-02  2.8577E-01
  1.5347E-01 -2.1221E-01  1.7480E-02  2.8925E-01
  1.5441E-01 -2.1343E-01  1.7692E-02  2.9277E-01
  1.5536E-01 -2.1465E-01  1.7907E-02  2.9634E-01
  1.5631E-01 -2.1587E-01  1.8125E-02  2.9994E-01
  1.5727E-01 -2.1709E-01  1.8345E-02  3.0359E-01
  1.5823E-01 -2.1831E-01  1.8568E-02  3.0729E-01
  1.5920E-01 -2.1953E-01  1.8794E-02  3.1102E-01
  1.6018E-01 -2.2074E-01  1.9022E-02  3.1481E-01
  1.6116E-01 -2.2195E-01  1.9253E-02  3.1864E-01
  1.6215E-01 -2.2316E-01  1.9487E-02  3.2251E-01
  1.6314E-01 -2.2437E-01  1.9723E-02  3.2643E-01
  1.6414E-01 -2.2557E-01  1.9962E-02  3.3040E-01
  1.6515E-01 -2.2678E-01  2.0205E-02  3.3441E-01
  1.6616E-01 -2.2797E-01  2.0450E-02  3.3848E-01
  1.6718E-01 -2.2917E-01  2.0698E-02  3.4259E-01
  1.6820E-01 -2.3036E-01  2.0949E-02  3.4675E-01
  1.6923E-01 -2.3155E-01  2.1203E-02  3.5096E-01
  1.7027E-01 -2.3274E-01  2.1460E-02  3.5522E-01
  1.7131E-01 -2.3392E-01  2.1720E-02  3.5953E-01
  1.7236E-01 -2.3510E-01  2.1983E-02  3.6389E-01
  1.7342E-01 -2.3627E-01  2.2249E-02  3.6831E-01
  1.7448E-01 -2.3744E-01  2.2519E-02  3.7277E-01
  1.7555E-01 -2.3861E-01  2.2791E-02  3.7729E-01
  1.7663E-01 -2.3977E-01  2.3067E-02  3.8187E-01
  1.7771E-01 -2.4092E-01  2.3347E-02  3.8649E-01
  1.7880E-01 -2.4207E-01  2.3629E-02  3.9118E-01
  1.7989E-01 -2.4322E-01  2.3915E-02  3.9592E-01
  1.8099E-01 -2.4436E-01  2.4204E-02  4.0071E-01
  1.8210E-01 -2.4549E-01  2.4497E-02  4.0556E-01
  1.8322E-01 -2.4662E-01  2.4793E-02  4.1047E-01
  1.8434E-01 -2.4775E-01  2.5093E-02  4.1544E-01
  1.8547E-01 -2.4886E-01  2.5396E-02  4.2047E-01
  1.8661E-01 -2.4997E-01  2.5703E-02  4.2555E-01
  1.8775E-01 -2.5107E-01  2.6014E-02  4.3070E-01
  1.8890E-01 -2.5217E-01  2.6328E-02  4.3590E-01
  1.9006E-01 -2.5326E-01  2.6646E-02  4.4117E-01
  1.9122E-01 -2.5434E-01  2.6968E-02  4.4650E-01
  1.9240E-01 -2.5541E-01  2.7293E-02  4.5190E-01
  1.9357E-01 -2.5648E-01  2.7623E-02  4.5735E-01
  1.9476E-01 -2.5754E-01  2.7956E-02  4.6287E-01
  1.9595E-01 -2.5859E-01  2.8293E-02  4.6846E-01
  1.9715E-01 -2.5963E-01  2.8634E-02  4.7411E-01
  1.9836E-01 -2.6066E-01  2.8980E-02  4.7983E-01
  1.9958E-01 -2.6168E-01  2.9329E-02  4.8561E-01
  2.0080E-01 -2.6270E-01  2.9682E-02  4.9147E-01
  2.0203E-01 -2.6370E-01  3.0040E-02  4.9739E-01
  2.0327E-01 -2.6470E-01  3.0402E-02  5.0338E-01
  2.0451E-01 -2.6568E-01  3.0768E-02  5.0944E-01
  2.0577E-01 -2.6666E-01  3.1138E-02  5.1557E-01
  2.0703E-01 -2.6762E-01  3.1513E-02  5.2177E-01
  2.0829E-01 -2.6858E-01  3.1892E-02  5.2805E-01
  2.0957E-01 -2.6952E-01  3.2276E-02  5.3440E-01
  2.1085E-01 -2.7045E-01  3.2664E-02  5.4082E-01
  2.1215E-01 -2.7137E-01  3.3056E-02  5.4731E-01
  2.1345E-01 -2.7228E-01  3.3454E-02  5.5389E-01
  2.1475E-01 -2.7318E-01  3.3855E-02  5.6054E-01
  2.1607E-01 -2.7407E-01  3.4262E-02  5.6726E-01
  2.1739E-01 -2.7494E-01  3.4673E-02  5.7407E-01
  2.1872E-01 -2.7580E-01  3.5090E-02  5.8095E-01
  2.2006E-01 -2.7664E-01  3.5511E-02  5.8791E-01
  2.2141E-01 -2.7748E-01  3.5937E-02  5.9495E-01
  2.2277E-01 -2.7830E-01  3.6368E-02  6.0208E-01
  2.2413E-01 -2.7910E-01  3.6804E-02  6.0928E-01
  2.2550E-01 -2.7990E-01  3.7245E-02  6.1657E-01
  2.2689E-01 -2.8067E-01  3.7691E-02  6.2394E-01
  2.2827E-01 -2.8144E-01  3.8142E-02  6.3140E-01
  2.2967E-01 -2.8219E-01  3.8599E-02  6.3894E-01
  2.3108E-01 -2.8292E-01  3.9061E-02  6.4657E-01
  2.3249E-01 -2.8364E-01  3.9529E-02  6.5429E-01
  2.3392E-01 -2.8434E-01  4.0001E-02  6.6209E-01
  2.3535E-01 -2.8502E-01  4.0480E-02  6.6998E-01
  2.3679E-01 -2.8569E-01  4.0964E-02  6.7797E-01
  2.3824E-01 -2.8635E-01  4.1453E-02  6.8604E-01
  2.3970E-01 -2.8698E-01  4.1948E-02  6.9420E-01
  2.4117E-01 -2.8760E-01  4.2449E-02  7.0246E-01
  2.4265E-01 -2.8820E-01  4.2956E-02  7.1081E-01
  2.4413E-01 -2.8879E-01  4.3468E-02  7.1926E-01
  2.4563E-01 -2.8935E-01  4.3987E-02  7.2780E-01
  2.4713E-01 -2.8990E-01  4.4511E-02  7.3644E-01
  2.4865E-01 -2.9043E-01  4.5042E-02  7.4517E-01
  2.5017E-01 -2.9094E-01  4.5578E-02  7.5400E-01
  2.5170E-01 -2.9143E-01  4.6121E-02  7.6294E-01
  2.5324E-01 -2.9190E-01  4.6670E-02  7.7197E-01
  2.5479E-01 -2.9235E-01  4.7225E-02  7.8110E-01
  2.5635E-01 -2.9278E-01  4.7787E-02  7.9033E-01
  2.5792E-01 -2.9319E-01  4.8355E-02  7.9967E-01
  2.5950E-01 -2.9358E-01  4.8930E-02  8.0911E-01
  2.6109E-01 -2.9395E-01  4.9511E-02  8.1865E-01
  2.6269E-01 -2.9430E-01  5.0099E-02  8.2830E-01
  2.6430E-01 -2.9463E-01  5.0694E-02  8.3806E-01
  2.6592E-01 -2.9493E-01  5.1295E-02  8.4793E-01
  2.6754E-01 -2.9522E-01  5.1904E-02  8.5790E-01
  2.6918E-01 -2.9548E-01  5.2519E-02  8.6798E-01
  2.7083E-01 -2.9571E-01  5.3141E-02  8.7817E-01
  2.7249E-01 -2.9593E-01  5.3770E-02  8.8848E-01
  2.7416E-01 -2.9612E-01  5.4407E-02  8.9889E-01
  2.7584E-01 -2.9629E-01  5.5051E-02  9.0942E-01
  2.7752E-01 -2.9643E-01  5.5702E-02  9.2007E-01
  2.7922E-01 -2.9655E-01  5.6360E-02  9.3082E-01
  2.8093E-01 -2.9665E-01  5.7026E-02  9.4170E-01
  2.8265E-01 -2.9672E-01  5.7700E-02  9.5269E-01
  2.8438E-01 -2.9676E-01  5.8381E-02  9.6380E-01
  2.8613E-01 -2.9678E-01  5.9069E-02  9.7503E-01
  2.8788E-01 -2.9678E-01  5.9766E-02  9.8637E-01
  2.8964E-01 -2.9675E-01  6.0470E-02  9.9784E-01
  2.9141E-01 -2.9669E-01  6.1183E-02  1.0094E+00
  2.9320E-01 -2.9661E-01  6.1903E-02  1.0211E+00
  2.9499E-01 -2.9650E-01  6.2631E-02  1.0330E+00
  2.9680E-01 -2.9636E-01  6.3368E-02  1.0449E+00
  2.9862E-01 -2.9619E-01  6.4113E-02  1.0570E+00
  3.0044E-01 -2.9600E-01  6.4866E-02  1.0692E+00
  3.0228E-01 -2.9578E-01  6.5627E-02  1.0816E+00
  3.0413E-01 -2.9553E-01  6.6397E-02  1.0940E+00
  3.0600E-01 -2.9525E-01  6.7176E-02  1.1066E+00
  3.0787E-01 -2.9495E-01  6.7963E-02  1.1194E+00
  3.0975E-01 -2.9461E-01  6.8759E-02  1.1322E+00
  3.1165E-01 -2.9425E-01  6.9564E-02  1.1452E+00
  3.1356E-01 -2.9385E-01  7.0378E-02  1.1583E+00
  3.1548E-01 -2.9343E-01  7.1201E-02  1.1716E+00
  3.1741E-01 -2.9298E-01  7.2033E-02  1.1850E+00
  3.1935E-01 -2.9249E-01  7.2874E-02  1.1985E+00
  3.2131E-01 -2.9198E-01  7.3725E-02  1.2121E+00
  3.2327E-01 -2.9143E-01  7.4585E-02  1.2259E+00
  3.2525E-01 -2.9086E-01  7.5454E-02  1.2399E+00
  3.2724E-01 -2.9025E-01  7.6333E-02  1.2539E+00
  3.2925E-01 -2.8961E-01  7.7221E-02  1.2681E+00
  3.3126E-01 -2.8894E-01  7.8119E-02  1.2825E+00
  3.3329E-01 -2.8823E-01  7.9028E-02  1.2969E+00
  3.3533E-01 -2.8750E-01  7.9946E-02  1.3116E+00
  3.3738E-01 -2.8673E-01  8.0873E-02  1.3263E+00
  3.3945E-01 -2.8593E-01  8.1812E-02  1.3412E+00
  3.4152E-01 -2.8510E-01  8.2760E-02  1.3563E+00
  3.4362E-01 -2.8423E-01  8.3718E-02  1.3715E+00
  3.4572E-01 -2.8333E-01  8.4687E-02  1.3868E+00
  3.4783E-01 -2.8239E-01  8.5667E-02  1.4023E+00
  3.4996E-01 -2.8142E-01  8.6657E-02  1.4179E+00
  3.5211E-01 -2.8042E-01  8.7658E-02  1.4336E+00
  3.5426E-01 -2.7938E-01  8.8669E-02  1.4495E+00
  3.5643E-01 -2.7831E-01  8.9691E-02  1.4656E+00
  3.5861E-01 -2.7720E-01  9.0725E-02  1.4818E+00
  3.6081E-01 -2.7606E-01  9.1769E-02  1.4981E+00
  3.6301E-01 -2.7489E-01  9.2825E-02  1.5146E+00
  3.6524E-01 -2.7367E-01  9.3891E-02  1.5312E+00
  3.6747E-01 -2.7243E-01  9.4969E-02  1.5480E+00
  3.6972E-01 -2.7114E-01  9.6059E-02  1.5649E+00
  3.7198E-01 -2.6982E-01  9.7160E-02  1.5820E+00
  3.7426E-01 -2.6846E-01  9.8273E-02  1.5992E+00
  3.7655E-01 -2.6707E-01  9.9398E-02  1.6166E+00
  3.7886E-01 -2.6564E-01  1.0053E-01  1.6341E+00
  3.8117E-01 -2.6418E-01  1.0168E-01  1.6517E+00
  3.8351E-01 -2.6267E-01  1.0284E-01  1.6695E+00
  3.8585E-01 -2.6113E-01  1.0402E-01  1.6875E+00
  3.8822E-01 -2.5956E-01  1.0520E-01  1.7056E+00
  3.9059E-01 -2.5794E-01  1.0640E-01  1.7238E+00
  3.9298E-01 -2.5629E-01  1.0761E-01  1.7422E+00
  3.9539E-01 -2.5460E-01  1.0883E-01  1.7607E+00
  3.9781E-01 -2.5288E-01  1.1006E-01  1.7793E+00
  4.0024E-01 -2.5111E-01  1.1131E-01  1.7981E+00
  4.0269E-01 -2.4931E-01  1.1257E-01  1.8171E+00
  4.0516E-01 -2.4747E-01  1.1385E-01  1.8362E+00
  4.0764E-01 -2.4559E-01  1.1513E-01  1.8554E+00
  4.1013E-01 -2.4367E-01  1.1643E-01  1.8748E+00
  4.1264E-01 -2.4171E-01  1.1775E-01  1.8943E+00
  4.1517E-01 -2.3972E-01  1.1907E-01  1.9139E+00
  4.1771E-01 -2.3768E-01  1.2041E-01  1.9337E+00
  4.2026E-01 -2.3561E-01  1.2177E-01  1.9536E+00
  4.2283E-01 -2.3350E-01  1.2313E-01  1.9736E+00
  4.2542E-01 -2.3135E-01  1.2451E-01  1.9938E+00
  4.2803E-01 -2.2916E-01  1.2591E-01  2.0141E+00
  4.3064E-01 -2.2693E-01  1.2732E-01  2.0345E+00
  4.3328E-01 -2.2466E-01  1.2874E-01  2.0550E+00
  4.3593E-01 -2.2236E-01  1.3018E-01  2.0757E+00
  4.3860E-01 -2.2001E-01  1.3163E-01  2.0965E+00
  4.4128E-01 -2.1762E-01  1.3309E-01  2.1174E+00
  4.4398E-01 -2.1520E-01  1.3457E-01  2.1384E+00
  4.4670E-01 -2.1273E-01  1.3607E-01  2.1596E+00
  4.4943E-01 -2.1023E-01  1.3758E-01  2.1808E+00
  4.5218E-01 -2.0769E-01  1.3910E-01  2.2022E+00
  4.5495E-01 -2.0510E-01  1.4064E-01  2.2237E+00
  4.5774E-01 -2.0248E-01  1.4220E-01  2.2452E+00
  4.6054E-01 -1.9982E-01  1.4377E-01  2.2669E+00
  4.6335E-01 -1.9712E-01  1.4535E-01  2.2887E+00
  4.6619E-01 -1.9438E-01  1.4695E-01  2.3106E+00
  4.6904E-01 -1.9160E-01  1.4857E-01  2.3325E+00
  4.7191E-01 -1.8878E-01  1.5020E-01  2.3546E+00
  4.7480E-01 -1.8592E-01  1.5184E-01  2.3767E+00
  4.7771E-01 -1.8302E-01  1.5350E-01  2.3989E+00
  4.8063E-01 -1.8009E-01  1.5518E-01  2.4212E+00
  4.8357E-01 -1.7711E-01  1.5687E-01  2.4436E+00
  4.8653E-01 -1.7410E-01  1.5858E-01  2.4660E+00
  4.8951E-01 -1.7104E-01  1.6031E-01  2.4885E+00
  4.9250E-01 -1.6795E-01  1.6205E-01  2.5110E+00
  4.9551E-01 -1.6482E-01  1.6381E-01  2.5336E+00
  4.9855E-01 -1.6164E-01  1.6558E-01  2.5562E+00
  5.0160E-01 -1.5843E-01  1.6737E-01  2.5789E+00
  5.0467E-01 -1.5519E-01  1.6918E-01  2.6016E+00
  5.0775E-01 -1.5190E-01  1.7100E-01  2.6244E+00
  5.1086E-01 -1.4857E-01  1.7284E-01  2.6472E+00
  5.1399E-01 -1.4521E-01  1.7469E-01  2.6699E+00
  5.1713E-01 -1.4181E-01  1.7657E-01  2.6927E+00
  5.2029E-01 -1.3837E-01  1.7846E-01  2.7156E+00
  5.2348E-01 -1.3489E-01  1.8036E-01  2.7384E+00
  5.2668E-01 -1.3137E-01  1.8229E-01  2.7612E+00
  5.2990E-01 -1.2782E-01  1.8423E-01  2.7839E+00
  5.3315E-01 -1.2423E-01  1.8618E-01  2.8067E+00
  5.3641E-01 -1.2060E-01  1.8816E-01  2.8294E+00
  5.3969E-01 -1.1694E-01  1.9015E-01  2.8521E+00
  5.4299E-01 -1.1323E-01  1.9216E-01  2.8748E+00
  5.4631E-01 -1.0950E-01  1.9419E-01  2.8974E+00
  5.4966E-01 -1.0572E-01  1.9623E-01  2.9199E+00
  5.5302E-01 -1.0191E-01  1.9829E-01  2.9424E+00
  5.5640E-01 -9.8063E-02  2.0037E-01  2.9647E+00
  5.5981E-01 -9.4181E-02  2.0247E-01  2.9870E+00
  5.6323E-01 -9.0263E-02  2.0458E-01  3.0092E+00
  5.6668E-01 -8.6310E-02  2.0671E-01  3.0313E+00
  5.7015E-01 -8.2322E-02  2.0886E-01  3.0533E+00
  5.7363E-01 -7.8299E-02  2.1103E-01  3.0751E+00
  5.7714E-01 -7.4241E-02  2.1321E-01  3.0968E+00
  5.8067E-01 -7.0150E-02  2.1541E-01  3.1183E+00
  5.8423E-01 -6.6025E-02  2.1763E-01  3.1397E+00
  5.8780E-01 -6.1866E-02  2.1987E-01  3.1609E+00
  5.9140E-01 -5.7674E-02  2.2212E-01  3.1819E+00
  5.9502E-01 -5.3449E-02  2.2440E-01  3.2028E+00
  5.9866E-01 -4.9191E-02  2.2669E-01  3.2234E+00
  6.0232E-01 -4.4901E-02  2.2900E-01  3.2438E+00
  6.0600E-01 -4.0579E-02  2.3133E-01  3.2640E+00
  6.0971E-01 -3.6226E-02  2.3367E-01  3.2839E+00
  6.1344E-01 -3.1841E-02  2.3603E-01  3.3036E+00
  6.1719E-01 -2.7426E-02  2.3841E-01  3.3230E+00
  6.2097E-01 -2.2980E-02  2.4081E-01  3.3421E+00
  6.2477E-01 -1.8504E-02  2.4323E-01  3.3609E+00
  6.2859E-01 -1.3998E-02  2.4566E-01  3.3794E+00
  6.3244E-01 -9.4626E-03  2.4811E-01  3.3976E+00
  6.3631E-01 -4.8984E-03  2.5058E-01  3.4154E+00
  6.4020E-01 -3.0570E-04  2.5307E-01  3.4329E+00
  6.4411E-01  4.3151E-03  2.5558E-01  3.4500E+00
  6.4806E-01  8.9636E-03  2.5810E-01  3.4667E+00
  6.5202E-01  1.3639E-02  2.6064E-01  3.4831E+00
  6.5601E-01  1.8342E-02  2.6320E-01  3.4990E+00
  6.6002E-01  2.3071E-02  2.6577E-01  3.5145E+00
  6.6406E-01  2.7826E-02  2.6837E-01  3.5295E+00
  6.6812E-01  3.2606E-02  2.7098E-01  3.5441E+00
  6.7221E-01  3.7411E-02  2.7361E-01  3.5582E+00
  6.7632E-01  4.2241E-02  2.7625E-01  3.5718E+00
  6.8046E-01  4.7094E-02  2.7891E-01  3.5849E+00
  6.8462E-01  5.1972E-02  2.8159E-01  3.5975E+00
  6.8881E-01  5.6872E-02  2.8429E-01  3.6095E+00
  6.9302E-01  6.1794E-02  2.8700E-01  3.6209E+00
  6.9726E-01  6.6739E-02  2.8974E-01  3.6318E+00
  7.0153E-01  7.1705E-02  2.9248E-01  3.6421E+00
  7.0582E-01  7.6692E-02  2.9525E-01  3.6518E+00
  7.1014E-01  8.1700E-02  2.9803E-01  3.6609E+00
  7.1448E-01  8.6727E-02  3.0082E-01  3.6693E+00
  7.1885E-01  9.1774E-02  3.0364E-01  3.6770E+00
  7.2325E-01  9.6839E-02  3.0647E-01  3.6841E+00
  7.2767E-01  1.0192E-01  3.0931E-01  3.6905E+00
  7.3212E-01  1.0702E-01  3.1217E-01  3.6961E+00
  7.3660E-01  1.1214E-01  3.1505E-01  3.7011E+00
  7.4111E-01  1.1728E-01  3.1794E-01  3.7053E+00
  7.4564E-01  1.2243E-01  3.2085E-01  3.7087E+00
  7.5020E-01  1.2759E-01  3.2377E-01  3.7113E+00
  7.5479E-01  1.3277E-01  3.2671E-01  3.7132E+00
  7.5941E-01  1.3797E-01  3.2966E-01  3.7142E+00
  7.6406E-01  1.4317E-01  3.3262E-01  3.7144E+00
  7.6873E-01  1.4840E-01  3.3560E-01  3.7138E+00
  7.7343E-01  1.5363E-01  3.3860E-01  3.7123E+00
  7.7816E-01  1.5887E-01  3.4161E-01  3.7099E+00
  7.8292E-01  1.6413E-01  3.4463E-01  3.7067E+00
  7.8771E-01  1.6939E-01  3.4766E-01  3.7025E+00
  7.9253E-01  1.7467E-01  3.5071E-01  3.6974E+00
  7.9738E-01  1.7995E-01  3.5377E-01  3.6914E+00
  8.0226E-01  1.8524E-01  3.5685E-01  3.6845E+00
  8.0716E-01  1.9054E-01  3.5993E-01  3.6766E+00
  8.1210E-01  1.9585E-01  3.6303E-01  3.6677E+00
  8.1707E-01  2.0116E-01  3.6614E-01  3.6578E+00
  8.2207E-01  2.0648E-01  3.6926E-01  3.6470E+00
  8.2709E-01  2.1181E-01  3.7240E-01  3.6351E+00
  8.3215E-01  2.1713E-01  3.7554E-01  3.6222E+00
  8.3724E-01  2.2247E-01  3.7869E-01  3.6083E+00
  8.4236E-01  2.2780E-01  3.8186E-01  3.5934E+00
  8.4752E-01  2.3314E-01  3.8503E-01  3.5775E+00
  8.5270E-01  2.3847E-01  3.8821E-01  3.5604E+00
  8.5792E-01  2.4381E-01  3.9140E-01  3.5424E+00
  8.6316E-01  2.4915E-01  3.9460E-01  3.5233E+00
  8.6844E-01  2.5449E-01  3.9781E-01  3.5031E+00
  8.7376E-01  2.5983E-01  4.0103E-01  3.4819E+00
  8.7910E-01  2.6516E-01  4.0425E-01  3.4596E+00
  8.8448E-01  2.7049E-01  4.0749E-01  3.4362E+00
  8.8989E-01  2.7582E-01  4.1072E-01  3.4118E+00
  8.9533E-01  2.8114E-01  4.1397E-01  3.3863E+00
  9.0081E-01  2.8646E-01  4.1722E-01  3.3597E+00
  9.0632E-01  2.9177E-01  4.2047E-01  3.3321E+00
  9.1186E-01  2.9708E-01  4.2373E-01  3.3034E+00
  9.1744E-01  3.0238E-01  4.2700E-01  3.2737E+00
  9.2305E-01  3.0767E-01  4.3027E-01  3.2430E+00
  9.2869E-01  3.1295E-01  4.3354E-01  3.2112E+00
  9.3438E-01  3.1823E-01  4.3682E-01  3.1784E+00
  9.4009E-01  3.2349E-01  4.4009E-01  3.1445E+00
  9.4584E-01  3.2874E-01  4.4337E-01  3.1097E+00
  9.5163E-01  3.3398E-01  4.4666E-01  3.0739E+00
  9.5745E-01  3.3921E-01  4.4994E-01  3.0371E+00
  9.6330E-01  3.4443E-01  4.5322E-01  2.9994E+00
  9.6919E-01  3.4963E-01  4.5650E-01  2.9607E+00
  9.7512E-01  3.5482E-01  4.5979E-01  2.9212E+00
  9.8109E-01  3.5999E-01  4.6307E-01  2.8807E+00
  9.8709E-01  3.6515E-01  4.6635E-01  2.8394E+00
  9.9312E-01  3.7029E-01  4.6962E-01  2.7972E+00
  9.9920E-01  3.7542E-01  4.7290E-01  2.7542E+00
  1.0053E+00  3.8052E-01  4.7617E-01  2.7105E+00
  1.0115E+00  3.8561E-01  4.7944E-01  2.6660E+00
  1.0176E+00  3.9068E-01  4.8270E-01  2.6207E+00
  1.0239E+00  3.9573E-01  4.8596E-01  2.5748E+00
  1.0301E+00  4.0077E-01  4.8921E-01  2.5282E+00
  1.0364E+00  4.0578E-01  4.9245E-01  2.4810E+00
  1.0428E+00  4.1077E-01  4.9569E-01  2.4333E+00
  1.0491E+00  4.1573E-01  4.9892E-01  2.3850E+00
  1.0556E+00  4.2068E-01  5.0214E-01  2.3362E+00
  1.0620E+00  4.2560E-01  5.0535E-01  2.2870E+00
  1.0685E+00  4.3050E-01  5.0856E-01  2.2373E+00
  1.0751E+00  4.3537E-01  5.1175E-01  2.1873E+00
  1.0816E+00  4.4022E-01  5.1493E-01  2.1370E+00
  1.0882E+00  4.4505E-01  5.1810E-01  2.0865E+00
  1.0949E+00  4.4984E-01  5.2126E-01  2.0357E+00
  1.1016E+00  4.5461E-01  5.2440E-01  1.9848E+00
  1.1083E+00  4.5936E-01  5.2753E-01  1.9337E+00
  1.1151E+00  4.6407E-01  5.3065E-01  1.8827E+00
  1.1219E+00  4.6875E-01  5.3375E-01  1.8316E+00
  1.1288E+00  4.7341E-01  5.3684E-01  1.7806E+00
  1.1357E+00  4.7803E-01  5.3991E-01  1.7298E+00
  1.1426E+00  4.8262E-01  5.4296E-01  1.6791E+00
  1.1496E+00  4.8718E-01  5.4600E-01  1.6287E+00
  1.1567E+00  4.9171E-01  5.4902E-01  1.5786E+00
  1.1637E+00  4.9620E-01  5.5202E-01  1.5288E+00
  1.1709E+00  5.0065E-01  5.5499E-01  1.4795E+00
  1.1780E+00  5.0507E-01  5.5795E-01  1.4307E+00
  1.1852E+00  5.0945E-01  5.6089E-01  1.3825E+00
  1.1925E+00  5.1380E-01  5.6381E-01  1.3348E+00
  1.1998E+00  5.1810E-01  5.6670E-01  1.2879E+00
  1.2071E+00  5.2237E-01  5.6957E-01  1.2417E+00
  1.2145E+00  5.2660E-01  5.7242E-01  1.1963E+00
  1.2219E+00  5.3078E-01  5.7524E-01  1.1518E+00
  1.2294E+00  5.3492E-01  5.7804E-01  1.1082E+00
  1.2369E+00  5.3902E-01  5.8081E-01  1.0656E+00
  1.2445E+00  5.4307E-01  5.8355E-01  1.0240E+00
  1.2521E+00  5.4708E-01  5.8627E-01  9.8355E-01
  1.2597E+00  5.5104E-01  5.8896E-01  9.4426E-01
  1.2674E+00  5.5496E-01  5.9163E-01  9.0618E-01
  1.2752E+00  5.5883E-01  5.9426E-01  8.6936E-01
  1.2830E+00  5.6265E-01  5.9687E-01  8.3384E-01
  1.2908E+00  5.6642E-01  5.9944E-01  7.9969E-01
  1.2987E+00  5.7014E-01  6.0198E-01  7.6693E-01
  1.3067E+00  5.7381E-01  6.0450E-01  7.3561E-01
  1.3147E+00  5.7743E-01  6.0698E-01  7.0575E-01
  1.3227E+00  5.8100E-01  6.0943E-01  6.7740E-01
  1.3308E+00  5.8451E-01  6.1184E-01  6.5058E-01
  1.3389E+00  5.8797E-01  6.1422E-01  6.2530E-01
  1.3471E+00  5.9137E-01  6.1657E-01  6.0160E-01
  1.3554E+00  5.9472E-01  6.1889E-01  5.7947E-01
  1.3636E+00  5.9802E-01  6.2116E-01  5.5893E-01
  1.3720E+00  6.0126E-01  6.2341E-01  5.3997E-01
  1.3804E+00  6.0444E-01  6.2561E-01  5.2260E-01
  1.3888E+00  6.0756E-01  6.2778E-01  5.0679E-01
  1.3973E+00  6.1062E-01  6.2991E-01  4.9252E-01
  1.4059E+00  6.1363E-01  6.3201E-01  4.7978E-01
  1.4145E+00  6.1657E-01  6.3406E-01  4.6853E-01
  1.4231E+00  6.1946E-01  6.3608E-01  4.5872E-01
  1.4318E+00  6.2228E-01  6.3806E-01  4.5030E-01
  1.4406E+00  6.2504E-01  6.4000E-01  4.4323E-01
  1.4494E+00  6.2774E-01  6.4190E-01  4.3742E-01
  1.4582E+00  6.3038E-01  6.4376E-01  4.3281E-01
  1.4672E+00  6.3296E-01  6.4558E-01  4.2932E-01
  1.4761E+00  6.3547E-01  6.4735E-01  4.2686E-01
  1.4852E+00  6.3792E-01  6.4909E-01  4.2532E-01
  1.4942E+00  6.4030E-01  6.5078E-01  4.2459E-01
  1.5034E+00  6.4262E-01  6.5244E-01  4.2457E-01
  1.5126E+00  6.4487E-01  6.5404E-01  4.2513E-01
  1.5218E+00  6.4705E-01  6.5561E-01  4.2615E-01
  1.5311E+00  6.4917E-01  6.5713E-01  4.2748E-01
  1.5405E+00  6.5123E-01  6.5861E-01  4.2898E-01
  1.5499E+00  6.5321E-01  6.6004E-01  4.3051E-01
  1.5594E+00  6.5513E-01  6.6143E-01  4.3191E-01
  1.5689E+00  6.5698E-01  6.6278E-01  4.3304E-01
  1.5785E+00  6.5876E-01  6.6408E-01  4.3375E-01
  1.5882E+00  6.6047E-01  6.6533E-01  4.3387E-01
  1.5979E+00  6.6212E-01  6.6654E-01  4.3326E-01
  1.6077E+00  6.6369E-01  6.6770E-01  4.3178E-01
  1.6175E+00  6.6520E-01  6.6882E-01  4.2928E-01
  1.6274E+00  6.6663E-01  6.6989E-01  4.2564E-01
  1.6373E+00  6.6800E-01  6.7091E-01  4.2075E-01
  1.6473E+00  6.6930E-01  6.7188E-01  4.1450E-01
  1.6574E+00  6.7052E-01  6.7280E-01  4.0683E-01
  1.6675E+00  6.7167E-01  6.7368E-01  3.9769E-01
  1.6777E+00  6.7276E-01  6.7450E-01  3.8705E-01
  1.6880E+00  6.7377E-01  6.7528E-01  3.7494E-01
  1.6983E+00  6.7471E-01  6.7600E-01  3.6141E-01
  1.7087E+00  6.7558E-01  6.7667E-01  3.4658E-01
  1.7192E+00  6.7638E-01  6.7729E-01  3.3061E-01
  1.7297E+00  6.7711E-01  6.7786E-01  3.1372E-01
  1.7403E+00  6.7777E-01  6.7838E-01  2.9617E-01
  1.7509E+00  6.7835E-01  6.7884E-01  2.7798E-01
  1.7616E+00  6.7886E-01  6.7925E-01  2.5912E-01
  1.7724E+00  6.7931E-01  6.7960E-01  2.3956E-01
  1.7832E+00  6.7968E-01  6.7989E-01  2.1928E-01
  1.7941E+00  6.7998E-01  6.8013E-01  1.9825E-01
  1.8051E+00  6.8020E-01  6.8031E-01  1.7644E-01
  1.8161E+00  6.8036E-01  6.8043E-01  1.5383E-01
  1.8272E+00  6.8045E-01  6.8049E-01  1.3039E-01
  1.8384E+00  6.8046E-01  6.8048E-01  1.0610E-01
  1.8497E+00  6.8040E-01  6.8041E-01  8.0934E-02
  1.8610E+00  6.8028E-01  6.8028E-01  5.4874E-02
  1.8723E+00  6.8008E-01  6.8008E-01  2.7898E-02
  1.8838E+00  6.7981E-01  6.7981E-01  0.0000E+00
  1.8953E+00  6.7947E-01  6.7947E-01  0.0000E+00
  1.9069E+00  6.7906E-01  6.7906E-01  0.0000E+00
  1.9186E+00  6.7859E-01  6.7859E-01  0.0000E+00
  1.9303E+00  6.7804E-01  6.7804E-01  0.0000E+00
  1.9421E+00  6.7742E-01  6.7742E-01  0.0000E+00
  1.9540E+00  6.7673E-01  6.7673E-01  0.0000E+00
  1.9659E+00  6.7598E-01  6.7598E-01  0.0000E+00
  1.9779E+00  6.7516E-01  6.7516E-01  0.0000E+00
  1.9900E+00  6.7427E-01  6.7427E-01  0.0000E+00
  2.0022E+00  6.7331E-01  6.7331E-01  0.0000E+00
  2.0145E+00  6.7228E-01  6.7228E-01  0.0000E+00
  2.0268E+00  6.7119E-01  6.7119E-01  0.0000E+00
  2.0392E+00  6.7003E-01  6.7003E-01  0.0000E+00
  2.0516E+00  6.6880E-01  6.6880E-01  0.0000E+00
  2.0642E+00  6.6751E-01  6.6751E-01  0.0000E+00
  2.0768E+00  6.6616E-01  6.6616E-01  0.0000E+00
  2.0895E+00  6.6474E-01  6.6474E-01  0.0000E+00
  2.1023E+00  6.6325E-01  6.6325E-01  0.0000E+00
  2.1151E+00  6.6171E-01  6.6171E-01  0.0000E+00
  2.1281E+00  6.6009E-01  6.6009E-01  0.0000E+00
  2.1411E+00  6.5842E-01  6.5842E-01  0.0000E+00
  2.1542E+00  6.5669E-01  6.5669E-01  0.0000E+00
  2.1673E+00  6.5489E-01  6.5489E-01  0.0000E+00
  2.1806E+00  6.5303E-01  6.5303E-01  0.0000E+00
  2.1939E+00  6.5111E-01  6.5111E-01  0.0000E+00
  2.2073E+00  6.4913E-01  6.4913E-01  0.0000E+00
  2.2208E+00  6.4710E-01  6.4710E-01  0.0000E+00
  2.2344E+00  6.4500E-01  6.4500E-01  0.0000E+00
  2.2481E+00  6.4285E-01  6.4285E-01  0.0000E+00
  2.2618E+00  6.4064E-01  6.4064E-01  0.0000E+00
  2.2757E+00  6.3837E-01  6.3837E-01  0.0000E+00
  2.2896E+00  6.3605E-01  6.3605E-01  0.0000E+00
  2.3036E+00  6.3367E-01  6.3367E-01  0.0000E+00
  2.3177E+00  6.3123E-01  6.3123E-01  0.0000E+00
  2.3318E+00  6.2875E-01  6.2875E-01  0.0000E+00
  2.3461E+00  6.2621E-01  6.2621E-01  0.0000E+00
  2.3604E+00  6.2362E-01  6.2362E-01  0.0000E+00
  2.3749E+00  6.2097E-01  6.2097E-01  0.0000E+00
  2.3894E+00  6.1828E-01  6.1828E-01  0.0000E+00
  2.4040E+00  6.1554E-01  6.1554E-01  0.0000E+00
  2.4187E+00  6.1274E-01  6.1274E-01  0.0000E+00
  2.4335E+00  6.0990E-01  6.0990E-01  0.0000E+00
  2.4484E+00  6.0701E-01  6.0701E-01  0.0000E+00
  2.4634E+00  6.0407E-01  6.0407E-01  0.0000E+00
  2.4784E+00  6.0109E-01  6.0109E-01  0.0000E+00
  2.4936E+00  5.9806E-01  5.9806E-01  0.0000E+00
  2.5088E+00  5.9499E-01  5.9499E-01  0.0000E+00
  2.5242E+00  5.9188E-01  5.9188E-01  0.0000E+00
  2.5396E+00  5.8872E-01  5.8872E-01  0.0000E+00
  2.5551E+00  5.8552E-01  5.8552E-01  0.0000E+00
