 # l=           0 basis function with energy     4.40027819600000     
  0.0000E+00  0.0000E+00  0.0000E+00  0.0000E+00
  2.4843E-06 -5.9581E-05 -4.7185E-06 -6.6115E-06
  4.9838E-06 -1.1902E-04 -9.4658E-06 -1.3263E-05
  7.4986E-06 -1.7861E-04 -1.4242E-05 -1.9956E-05
  1.0029E-05 -2.3841E-04 -1.9048E-05 -2.6689E-05
  1.2574E-05 -2.9700E-04 -2.3883E-05 -3.3464E-05
  1.5136E-05 -3.5696E-04 -2.8747E-05 -4.0280E-05
  1.7712E-05 -4.1736E-04 -3.3641E-05 -4.7138E-05
  2.0305E-05 -4.7800E-04 -3.8565E-05 -5.4037E-05
  2.2913E-05 -5.3899E-04 -4.3520E-05 -6.0979E-05
  2.5538E-05 -6.0030E-04 -4.8504E-05 -6.7964E-05
  2.8178E-05 -6.6194E-04 -5.3519E-05 -7.4991E-05
  3.0835E-05 -7.2392E-04 -5.8565E-05 -8.2060E-05
  3.3508E-05 -7.8624E-04 -6.3642E-05 -8.9174E-05
  3.6197E-05 -8.4890E-04 -6.8749E-05 -9.6330E-05
  3.8902E-05 -9.1192E-04 -7.3888E-05 -1.0353E-04
  4.1625E-05 -9.7529E-04 -7.9058E-05 -1.1078E-04
  4.4363E-05 -1.0390E-03 -8.4260E-05 -1.1806E-04
  4.7119E-05 -1.1031E-03 -8.9494E-05 -1.2540E-04
  4.9891E-05 -1.1675E-03 -9.4759E-05 -1.3278E-04
  5.2681E-05 -1.2324E-03 -1.0006E-04 -1.4020E-04
  5.5487E-05 -1.2976E-03 -1.0539E-04 -1.4767E-04
  5.8310E-05 -1.3631E-03 -1.1075E-04 -1.5518E-04
  6.1151E-05 -1.4290E-03 -1.1615E-04 -1.6274E-04
  6.4009E-05 -1.4954E-03 -1.2157E-04 -1.7035E-04
  6.6885E-05 -1.5621E-03 -1.2704E-04 -1.7800E-04
  6.9778E-05 -1.6291E-03 -1.3253E-04 -1.8570E-04
  7.2689E-05 -1.6966E-03 -1.3806E-04 -1.9345E-04
  7.5618E-05 -1.7645E-03 -1.4362E-04 -2.0124E-04
  7.8565E-05 -1.8327E-03 -1.4922E-04 -2.0908E-04
  8.1529E-05 -1.9014E-03 -1.5485E-04 -2.1697E-04
  8.4512E-05 -1.9704E-03 -1.6051E-04 -2.2491E-04
  8.7513E-05 -2.0398E-03 -1.6621E-04 -2.3290E-04
  9.0532E-05 -2.1097E-03 -1.7195E-04 -2.4093E-04
  9.3570E-05 -2.1799E-03 -1.7772E-04 -2.4902E-04
  9.6626E-05 -2.2506E-03 -1.8352E-04 -2.5715E-04
  9.9701E-05 -2.3217E-03 -1.8936E-04 -2.6533E-04
  1.0280E-04 -2.3932E-03 -1.9524E-04 -2.7357E-04
  1.0591E-04 -2.4651E-03 -2.0115E-04 -2.8185E-04
  1.0904E-04 -2.5374E-03 -2.0710E-04 -2.9019E-04
  1.1219E-04 -2.6101E-03 -2.1309E-04 -2.9857E-04
  1.1536E-04 -2.6833E-03 -2.1911E-04 -3.0701E-04
  1.1855E-04 -2.7569E-03 -2.2517E-04 -3.1550E-04
  1.2176E-04 -2.8310E-03 -2.3126E-04 -3.2404E-04
  1.2499E-04 -2.9054E-03 -2.3739E-04 -3.3263E-04
  1.2824E-04 -2.9803E-03 -2.4356E-04 -3.4128E-04
  1.3151E-04 -3.0557E-03 -2.4977E-04 -3.4997E-04
  1.3479E-04 -3.1314E-03 -2.5602E-04 -3.5873E-04
  1.3810E-04 -3.2077E-03 -2.6230E-04 -3.6753E-04
  1.4143E-04 -3.2843E-03 -2.6862E-04 -3.7639E-04
  1.4478E-04 -3.3615E-03 -2.7498E-04 -3.8530E-04
  1.4815E-04 -3.4390E-03 -2.8138E-04 -3.9427E-04
  1.5154E-04 -3.5171E-03 -2.8782E-04 -4.0329E-04
  1.5495E-04 -3.5956E-03 -2.9430E-04 -4.1237E-04
  1.5838E-04 -3.6745E-03 -3.0082E-04 -4.2150E-04
  1.6183E-04 -3.7539E-03 -3.0737E-04 -4.3069E-04
  1.6531E-04 -3.8338E-03 -3.1397E-04 -4.3993E-04
  1.6880E-04 -3.9142E-03 -3.2061E-04 -4.4923E-04
  1.7232E-04 -3.9950E-03 -3.2729E-04 -4.5859E-04
  1.7586E-04 -4.0763E-03 -3.3401E-04 -4.6801E-04
  1.7942E-04 -4.1581E-03 -3.4077E-04 -4.7748E-04
  1.8300E-04 -4.2403E-03 -3.4757E-04 -4.8701E-04
  1.8660E-04 -4.3231E-03 -3.5441E-04 -4.9660E-04
  1.9023E-04 -4.4063E-03 -3.6130E-04 -5.0625E-04
  1.9387E-04 -4.4900E-03 -3.6823E-04 -5.1595E-04
  1.9754E-04 -4.5742E-03 -3.7520E-04 -5.2572E-04
  2.0123E-04 -4.6589E-03 -3.8221E-04 -5.3554E-04
  2.0495E-04 -4.7441E-03 -3.8926E-04 -5.4543E-04
  2.0869E-04 -4.8298E-03 -3.9636E-04 -5.5538E-04
  2.1245E-04 -4.9161E-03 -4.0350E-04 -5.6538E-04
  2.1623E-04 -5.0028E-03 -4.1069E-04 -5.7545E-04
  2.2004E-04 -5.0900E-03 -4.1792E-04 -5.8558E-04
  2.2387E-04 -5.1778E-03 -4.2519E-04 -5.9577E-04
  2.2772E-04 -5.2660E-03 -4.3251E-04 -6.0603E-04
  2.3160E-04 -5.3548E-03 -4.3987E-04 -6.1634E-04
  2.3550E-04 -5.4441E-03 -4.4728E-04 -6.2672E-04
  2.3942E-04 -5.5339E-03 -4.5473E-04 -6.3717E-04
  2.4337E-04 -5.6243E-03 -4.6223E-04 -6.4767E-04
  2.4734E-04 -5.7152E-03 -4.6978E-04 -6.5824E-04
  2.5134E-04 -5.8066E-03 -4.7737E-04 -6.6888E-04
  2.5536E-04 -5.8986E-03 -4.8500E-04 -6.7958E-04
  2.5940E-04 -5.9911E-03 -4.9269E-04 -6.9035E-04
  2.6347E-04 -6.0842E-03 -5.0042E-04 -7.0118E-04
  2.6757E-04 -6.1778E-03 -5.0820E-04 -7.1208E-04
  2.7169E-04 -6.2719E-03 -5.1602E-04 -7.2304E-04
  2.7583E-04 -6.3666E-03 -5.2390E-04 -7.3407E-04
  2.8000E-04 -6.4619E-03 -5.3182E-04 -7.4517E-04
  2.8420E-04 -6.5578E-03 -5.3979E-04 -7.5634E-04
  2.8842E-04 -6.6541E-03 -5.4781E-04 -7.6758E-04
  2.9267E-04 -6.7511E-03 -5.5587E-04 -7.7888E-04
  2.9694E-04 -6.8487E-03 -5.6399E-04 -7.9025E-04
  3.0124E-04 -6.9468E-03 -5.7216E-04 -8.0170E-04
  3.0557E-04 -7.0455E-03 -5.8037E-04 -8.1321E-04
  3.0992E-04 -7.1447E-03 -5.8864E-04 -8.2479E-04
  3.1430E-04 -7.2446E-03 -5.9696E-04 -8.3645E-04
  3.1871E-04 -7.3450E-03 -6.0532E-04 -8.4817E-04
  3.2314E-04 -7.4461E-03 -6.1374E-04 -8.5997E-04
  3.2760E-04 -7.5477E-03 -6.2221E-04 -8.7184E-04
  3.3209E-04 -7.6499E-03 -6.3074E-04 -8.8378E-04
  3.3660E-04 -7.7528E-03 -6.3931E-04 -8.9580E-04
  3.4114E-04 -7.8562E-03 -6.4794E-04 -9.0788E-04
  3.4571E-04 -7.9603E-03 -6.5662E-04 -9.2005E-04
  3.5031E-04 -8.0649E-03 -6.6535E-04 -9.3228E-04
  3.5494E-04 -8.1702E-03 -6.7414E-04 -9.4459E-04
  3.5959E-04 -8.2761E-03 -6.8298E-04 -9.5698E-04
  3.6427E-04 -8.3826E-03 -6.9187E-04 -9.6944E-04
  3.6899E-04 -8.4898E-03 -7.0082E-04 -9.8198E-04
  3.7373E-04 -8.5976E-03 -7.0982E-04 -9.9460E-04
  3.7850E-04 -8.7060E-03 -7.1888E-04 -1.0073E-03
  3.8329E-04 -8.8150E-03 -7.2800E-04 -1.0201E-03
  3.8812E-04 -8.9247E-03 -7.3716E-04 -1.0329E-03
  3.9298E-04 -9.0351E-03 -7.4639E-04 -1.0458E-03
  3.9787E-04 -9.1461E-03 -7.5567E-04 -1.0588E-03
  4.0278E-04 -9.2577E-03 -7.6501E-04 -1.0719E-03
  4.0773E-04 -9.3700E-03 -7.7441E-04 -1.0851E-03
  4.1271E-04 -9.4830E-03 -7.8386E-04 -1.0983E-03
  4.1771E-04 -9.5966E-03 -7.9337E-04 -1.1117E-03
  4.2275E-04 -9.7109E-03 -8.0294E-04 -1.1251E-03
  4.2782E-04 -9.8259E-03 -8.1257E-04 -1.1386E-03
  4.3292E-04 -9.9416E-03 -8.2225E-04 -1.1521E-03
  4.3805E-04 -1.0058E-02 -8.3200E-04 -1.1658E-03
  4.4321E-04 -1.0175E-02 -8.4180E-04 -1.1795E-03
  4.4841E-04 -1.0293E-02 -8.5167E-04 -1.1933E-03
  4.5363E-04 -1.0411E-02 -8.6159E-04 -1.2073E-03
  4.5889E-04 -1.0530E-02 -8.7158E-04 -1.2212E-03
  4.6418E-04 -1.0650E-02 -8.8163E-04 -1.2353E-03
  4.6950E-04 -1.0770E-02 -8.9174E-04 -1.2495E-03
  4.7486E-04 -1.0892E-02 -9.0191E-04 -1.2637E-03
  4.8025E-04 -1.1014E-02 -9.1214E-04 -1.2781E-03
  4.8567E-04 -1.1136E-02 -9.2243E-04 -1.2925E-03
  4.9112E-04 -1.1260E-02 -9.3279E-04 -1.3070E-03
  4.9661E-04 -1.1384E-02 -9.4321E-04 -1.3216E-03
  5.0213E-04 -1.1508E-02 -9.5370E-04 -1.3363E-03
  5.0768E-04 -1.1634E-02 -9.6425E-04 -1.3511E-03
  5.1327E-04 -1.1760E-02 -9.7486E-04 -1.3660E-03
  5.1889E-04 -1.1887E-02 -9.8554E-04 -1.3809E-03
  5.2455E-04 -1.2015E-02 -9.9628E-04 -1.3960E-03
  5.3024E-04 -1.2144E-02 -1.0071E-03 -1.4111E-03
  5.3597E-04 -1.2273E-02 -1.0180E-03 -1.4264E-03
  5.4173E-04 -1.2403E-02 -1.0289E-03 -1.4417E-03
  5.4752E-04 -1.2534E-02 -1.0399E-03 -1.4571E-03
  5.5336E-04 -1.2665E-02 -1.0510E-03 -1.4726E-03
  5.5922E-04 -1.2798E-02 -1.0621E-03 -1.4883E-03
  5.6513E-04 -1.2931E-02 -1.0734E-03 -1.5040E-03
  5.7107E-04 -1.3065E-02 -1.0846E-03 -1.5198E-03
  5.7704E-04 -1.3199E-02 -1.0960E-03 -1.5357E-03
  5.8305E-04 -1.3335E-02 -1.1074E-03 -1.5517E-03
  5.8910E-04 -1.3471E-02 -1.1189E-03 -1.5678E-03
  5.9519E-04 -1.3608E-02 -1.1304E-03 -1.5840E-03
  6.0131E-04 -1.3746E-02 -1.1421E-03 -1.6003E-03
  6.0747E-04 -1.3885E-02 -1.1538E-03 -1.6167E-03
  6.1367E-04 -1.4024E-02 -1.1656E-03 -1.6332E-03
  6.1991E-04 -1.4164E-02 -1.1774E-03 -1.6498E-03
  6.2618E-04 -1.4306E-02 -1.1893E-03 -1.6665E-03
  6.3249E-04 -1.4448E-02 -1.2013E-03 -1.6832E-03
  6.3884E-04 -1.4590E-02 -1.2134E-03 -1.7002E-03
  6.4523E-04 -1.4734E-02 -1.2255E-03 -1.7172E-03
  6.5166E-04 -1.4878E-02 -1.2377E-03 -1.7343E-03
  6.5813E-04 -1.5024E-02 -1.2500E-03 -1.7515E-03
  6.6464E-04 -1.5170E-02 -1.2624E-03 -1.7688E-03
  6.7119E-04 -1.5317E-02 -1.2748E-03 -1.7862E-03
  6.7778E-04 -1.5465E-02 -1.2873E-03 -1.8038E-03
  6.8440E-04 -1.5614E-02 -1.2999E-03 -1.8214E-03
  6.9107E-04 -1.5763E-02 -1.3126E-03 -1.8391E-03
  6.9778E-04 -1.5914E-02 -1.3253E-03 -1.8570E-03
  7.0453E-04 -1.6065E-02 -1.3381E-03 -1.8750E-03
  7.1132E-04 -1.6217E-02 -1.3510E-03 -1.8930E-03
  7.1816E-04 -1.6370E-02 -1.3640E-03 -1.9112E-03
  7.2503E-04 -1.6525E-02 -1.3771E-03 -1.9295E-03
  7.3195E-04 -1.6679E-02 -1.3902E-03 -1.9479E-03
  7.3891E-04 -1.6835E-02 -1.4034E-03 -1.9665E-03
  7.4591E-04 -1.6992E-02 -1.4167E-03 -1.9851E-03
  7.5295E-04 -1.7150E-02 -1.4301E-03 -2.0038E-03
  7.6004E-04 -1.7308E-02 -1.4436E-03 -2.0227E-03
  7.6717E-04 -1.7468E-02 -1.4571E-03 -2.0417E-03
  7.7435E-04 -1.7628E-02 -1.4707E-03 -2.0608E-03
  7.8157E-04 -1.7790E-02 -1.4844E-03 -2.0800E-03
  7.8883E-04 -1.7952E-02 -1.4982E-03 -2.0993E-03
  7.9614E-04 -1.8115E-02 -1.5121E-03 -2.1188E-03
  8.0349E-04 -1.8280E-02 -1.5261E-03 -2.1383E-03
  8.1088E-04 -1.8445E-02 -1.5401E-03 -2.1580E-03
  8.1833E-04 -1.8611E-02 -1.5543E-03 -2.1778E-03
  8.2581E-04 -1.8778E-02 -1.5685E-03 -2.1977E-03
  8.3335E-04 -1.8946E-02 -1.5828E-03 -2.2178E-03
  8.4093E-04 -1.9115E-02 -1.5972E-03 -2.2380E-03
  8.4855E-04 -1.9285E-02 -1.6117E-03 -2.2582E-03
  8.5622E-04 -1.9456E-02 -1.6262E-03 -2.2787E-03
  8.6394E-04 -1.9628E-02 -1.6409E-03 -2.2992E-03
  8.7171E-04 -1.9801E-02 -1.6557E-03 -2.3199E-03
  8.7952E-04 -1.9975E-02 -1.6705E-03 -2.3407E-03
  8.8738E-04 -2.0151E-02 -1.6854E-03 -2.3616E-03
  8.9529E-04 -2.0327E-02 -1.7004E-03 -2.3826E-03
  9.0325E-04 -2.0504E-02 -1.7156E-03 -2.4038E-03
  9.1126E-04 -2.0682E-02 -1.7308E-03 -2.4251E-03
  9.1931E-04 -2.0861E-02 -1.7461E-03 -2.4466E-03
  9.2742E-04 -2.1041E-02 -1.7615E-03 -2.4681E-03
  9.3557E-04 -2.1223E-02 -1.7769E-03 -2.4898E-03
  9.4378E-04 -2.1405E-02 -1.7925E-03 -2.5117E-03
  9.5203E-04 -2.1588E-02 -1.8082E-03 -2.5336E-03
  9.6034E-04 -2.1773E-02 -1.8240E-03 -2.5557E-03
  9.6869E-04 -2.1958E-02 -1.8399E-03 -2.5780E-03
  9.7710E-04 -2.2145E-02 -1.8558E-03 -2.6003E-03
  9.8556E-04 -2.2332E-02 -1.8719E-03 -2.6229E-03
  9.9407E-04 -2.2521E-02 -1.8880E-03 -2.6455E-03
  1.0026E-03 -2.2711E-02 -1.9043E-03 -2.6683E-03
  1.0112E-03 -2.2902E-02 -1.9207E-03 -2.6912E-03
  1.0199E-03 -2.3094E-02 -1.9371E-03 -2.7143E-03
  1.0286E-03 -2.3287E-02 -1.9537E-03 -2.7375E-03
  1.0374E-03 -2.3481E-02 -1.9704E-03 -2.7608E-03
  1.0462E-03 -2.3677E-02 -1.9871E-03 -2.7843E-03
  1.0551E-03 -2.3873E-02 -2.0040E-03 -2.8080E-03
  1.0640E-03 -2.4071E-02 -2.0210E-03 -2.8317E-03
  1.0730E-03 -2.4270E-02 -2.0380E-03 -2.8557E-03
  1.0821E-03 -2.4470E-02 -2.0552E-03 -2.8797E-03
  1.0912E-03 -2.4671E-02 -2.0725E-03 -2.9039E-03
  1.1003E-03 -2.4873E-02 -2.0899E-03 -2.9283E-03
  1.1095E-03 -2.5077E-02 -2.1074E-03 -2.9528E-03
  1.1188E-03 -2.5281E-02 -2.1250E-03 -2.9775E-03
  1.1281E-03 -2.5487E-02 -2.1427E-03 -3.0023E-03
  1.1375E-03 -2.5694E-02 -2.1605E-03 -3.0273E-03
  1.1470E-03 -2.5903E-02 -2.1784E-03 -3.0524E-03
  1.1565E-03 -2.6112E-02 -2.1965E-03 -3.0777E-03
  1.1660E-03 -2.6323E-02 -2.2146E-03 -3.1031E-03
  1.1756E-03 -2.6534E-02 -2.2329E-03 -3.1287E-03
  1.1853E-03 -2.6747E-02 -2.2512E-03 -3.1544E-03
  1.1950E-03 -2.6962E-02 -2.2697E-03 -3.1803E-03
  1.2048E-03 -2.7177E-02 -2.2883E-03 -3.2064E-03
  1.2147E-03 -2.7394E-02 -2.3070E-03 -3.2326E-03
  1.2246E-03 -2.7612E-02 -2.3259E-03 -3.2590E-03
  1.2345E-03 -2.7831E-02 -2.3448E-03 -3.2855E-03
  1.2446E-03 -2.8052E-02 -2.3639E-03 -3.3122E-03
  1.2547E-03 -2.8274E-02 -2.3830E-03 -3.3391E-03
  1.2648E-03 -2.8497E-02 -2.4023E-03 -3.3661E-03
  1.2750E-03 -2.8721E-02 -2.4217E-03 -3.3933E-03
  1.2853E-03 -2.8947E-02 -2.4412E-03 -3.4206E-03
  1.2957E-03 -2.9174E-02 -2.4609E-03 -3.4482E-03
  1.3061E-03 -2.9402E-02 -2.4806E-03 -3.4758E-03
  1.3165E-03 -2.9631E-02 -2.5005E-03 -3.5037E-03
  1.3271E-03 -2.9862E-02 -2.5205E-03 -3.5317E-03
  1.3377E-03 -3.0094E-02 -2.5407E-03 -3.5599E-03
  1.3483E-03 -3.0328E-02 -2.5609E-03 -3.5883E-03
  1.3591E-03 -3.0563E-02 -2.5813E-03 -3.6169E-03
  1.3699E-03 -3.0799E-02 -2.6018E-03 -3.6456E-03
  1.3807E-03 -3.1037E-02 -2.6224E-03 -3.6745E-03
  1.3916E-03 -3.1275E-02 -2.6432E-03 -3.7036E-03
  1.4026E-03 -3.1516E-02 -2.6640E-03 -3.7328E-03
  1.4137E-03 -3.1757E-02 -2.6851E-03 -3.7623E-03
  1.4248E-03 -3.2000E-02 -2.7062E-03 -3.7919E-03
  1.4360E-03 -3.2245E-02 -2.7275E-03 -3.8217E-03
  1.4473E-03 -3.2491E-02 -2.7488E-03 -3.8516E-03
  1.4586E-03 -3.2738E-02 -2.7704E-03 -3.8818E-03
  1.4700E-03 -3.2987E-02 -2.7920E-03 -3.9121E-03
  1.4815E-03 -3.3237E-02 -2.8138E-03 -3.9427E-03
  1.4930E-03 -3.3488E-02 -2.8357E-03 -3.9734E-03
  1.5046E-03 -3.3741E-02 -2.8578E-03 -4.0043E-03
  1.5163E-03 -3.3996E-02 -2.8800E-03 -4.0354E-03
  1.5281E-03 -3.4251E-02 -2.9023E-03 -4.0667E-03
  1.5399E-03 -3.4509E-02 -2.9248E-03 -4.0981E-03
  1.5518E-03 -3.4767E-02 -2.9474E-03 -4.1298E-03
  1.5638E-03 -3.5028E-02 -2.9701E-03 -4.1617E-03
  1.5758E-03 -3.5289E-02 -2.9930E-03 -4.1937E-03
  1.5879E-03 -3.5553E-02 -3.0160E-03 -4.2260E-03
  1.6001E-03 -3.5817E-02 -3.0392E-03 -4.2584E-03
  1.6124E-03 -3.6084E-02 -3.0625E-03 -4.2911E-03
  1.6247E-03 -3.6351E-02 -3.0859E-03 -4.3239E-03
  1.6372E-03 -3.6620E-02 -3.1095E-03 -4.3570E-03
  1.6497E-03 -3.6891E-02 -3.1332E-03 -4.3902E-03
  1.6622E-03 -3.7164E-02 -3.1571E-03 -4.4237E-03
  1.6749E-03 -3.7437E-02 -3.1811E-03 -4.4573E-03
  1.6876E-03 -3.7713E-02 -3.2053E-03 -4.4912E-03
  1.7004E-03 -3.7990E-02 -3.2296E-03 -4.5252E-03
  1.7133E-03 -3.8268E-02 -3.2541E-03 -4.5595E-03
  1.7262E-03 -3.8548E-02 -3.2787E-03 -4.5940E-03
  1.7393E-03 -3.8830E-02 -3.3034E-03 -4.6287E-03
  1.7524E-03 -3.9113E-02 -3.3283E-03 -4.6636E-03
  1.7656E-03 -3.9398E-02 -3.3534E-03 -4.6987E-03
  1.7789E-03 -3.9685E-02 -3.3786E-03 -4.7341E-03
  1.7922E-03 -3.9973E-02 -3.4040E-03 -4.7696E-03
  1.8057E-03 -4.0263E-02 -3.4295E-03 -4.8054E-03
  1.8192E-03 -4.0554E-02 -3.4552E-03 -4.8414E-03
  1.8328E-03 -4.0847E-02 -3.4811E-03 -4.8776E-03
  1.8465E-03 -4.1142E-02 -3.5071E-03 -4.9140E-03
  1.8603E-03 -4.1438E-02 -3.5332E-03 -4.9507E-03
  1.8741E-03 -4.1736E-02 -3.5595E-03 -4.9876E-03
  1.8881E-03 -4.2036E-02 -3.5860E-03 -5.0247E-03
  1.9021E-03 -4.2337E-02 -3.6127E-03 -5.0620E-03
  1.9162E-03 -4.2640E-02 -3.6395E-03 -5.0996E-03
  1.9304E-03 -4.2945E-02 -3.6664E-03 -5.1374E-03
  1.9447E-03 -4.3252E-02 -3.6936E-03 -5.1754E-03
  1.9591E-03 -4.3560E-02 -3.7209E-03 -5.2136E-03
  1.9735E-03 -4.3870E-02 -3.7483E-03 -5.2521E-03
  1.9881E-03 -4.4182E-02 -3.7760E-03 -5.2908E-03
  2.0027E-03 -4.4495E-02 -3.8038E-03 -5.3298E-03
  2.0174E-03 -4.4810E-02 -3.8318E-03 -5.3690E-03
  2.0323E-03 -4.5127E-02 -3.8599E-03 -5.4084E-03
  2.0472E-03 -4.5446E-02 -3.8882E-03 -5.4481E-03
  2.0622E-03 -4.5767E-02 -3.9167E-03 -5.4880E-03
  2.0773E-03 -4.6089E-02 -3.9454E-03 -5.5282E-03
  2.0924E-03 -4.6413E-02 -3.9742E-03 -5.5686E-03
  2.1077E-03 -4.6739E-02 -4.0032E-03 -5.6093E-03
  2.1231E-03 -4.7067E-02 -4.0324E-03 -5.6502E-03
  2.1386E-03 -4.7397E-02 -4.0618E-03 -5.6913E-03
  2.1541E-03 -4.7728E-02 -4.0914E-03 -5.7327E-03
  2.1698E-03 -4.8061E-02 -4.1211E-03 -5.7744E-03
  2.1855E-03 -4.8396E-02 -4.1510E-03 -5.8163E-03
  2.2014E-03 -4.8733E-02 -4.1811E-03 -5.8585E-03
  2.2173E-03 -4.9072E-02 -4.2114E-03 -5.9009E-03
  2.2334E-03 -4.9413E-02 -4.2418E-03 -5.9436E-03
  2.2495E-03 -4.9756E-02 -4.2725E-03 -5.9865E-03
  2.2657E-03 -5.0100E-02 -4.3033E-03 -6.0297E-03
  2.2821E-03 -5.0447E-02 -4.3344E-03 -6.0732E-03
  2.2985E-03 -5.0795E-02 -4.3656E-03 -6.1170E-03
  2.3150E-03 -5.1146E-02 -4.3970E-03 -6.1610E-03
  2.3317E-03 -5.1498E-02 -4.4286E-03 -6.2053E-03
  2.3484E-03 -5.1852E-02 -4.4604E-03 -6.2498E-03
  2.3653E-03 -5.2209E-02 -4.4924E-03 -6.2946E-03
  2.3822E-03 -5.2567E-02 -4.5246E-03 -6.3397E-03
  2.3992E-03 -5.2927E-02 -4.5569E-03 -6.3851E-03
  2.4164E-03 -5.3289E-02 -4.5895E-03 -6.4307E-03
  2.4337E-03 -5.3653E-02 -4.6223E-03 -6.4767E-03
  2.4510E-03 -5.4020E-02 -4.6553E-03 -6.5229E-03
  2.4685E-03 -5.4388E-02 -4.6885E-03 -6.5694E-03
  2.4861E-03 -5.4758E-02 -4.7218E-03 -6.6161E-03
  2.5038E-03 -5.5130E-02 -4.7554E-03 -6.6632E-03
  2.5215E-03 -5.5505E-02 -4.7892E-03 -6.7105E-03
  2.5394E-03 -5.5881E-02 -4.8232E-03 -6.7582E-03
  2.5575E-03 -5.6260E-02 -4.8574E-03 -6.8061E-03
  2.5756E-03 -5.6640E-02 -4.8918E-03 -6.8543E-03
  2.5938E-03 -5.7023E-02 -4.9265E-03 -6.9029E-03
  2.6121E-03 -5.7408E-02 -4.9613E-03 -6.9517E-03
  2.6306E-03 -5.7795E-02 -4.9964E-03 -7.0008E-03
  2.6492E-03 -5.8184E-02 -5.0316E-03 -7.0502E-03
  2.6679E-03 -5.8575E-02 -5.0671E-03 -7.0999E-03
  2.6866E-03 -5.8968E-02 -5.1028E-03 -7.1499E-03
  2.7056E-03 -5.9364E-02 -5.1387E-03 -7.2002E-03
  2.7246E-03 -5.9761E-02 -5.1748E-03 -7.2509E-03
  2.7437E-03 -6.0161E-02 -5.2112E-03 -7.3018E-03
  2.7630E-03 -6.0563E-02 -5.2478E-03 -7.3531E-03
  2.7824E-03 -6.0967E-02 -5.2846E-03 -7.4046E-03
  2.8019E-03 -6.1373E-02 -5.3216E-03 -7.4565E-03
  2.8215E-03 -6.1782E-02 -5.3589E-03 -7.5087E-03
  2.8412E-03 -6.2193E-02 -5.3963E-03 -7.5612E-03
  2.8611E-03 -6.2606E-02 -5.4341E-03 -7.6141E-03
  2.8810E-03 -6.3021E-02 -5.4720E-03 -7.6672E-03
  2.9011E-03 -6.3439E-02 -5.5102E-03 -7.7207E-03
  2.9214E-03 -6.3858E-02 -5.5486E-03 -7.7745E-03
  2.9417E-03 -6.4281E-02 -5.5872E-03 -7.8287E-03
  2.9622E-03 -6.4705E-02 -5.6261E-03 -7.8832E-03
  2.9828E-03 -6.5132E-02 -5.6652E-03 -7.9380E-03
  3.0035E-03 -6.5561E-02 -5.7046E-03 -7.9931E-03
  3.0243E-03 -6.5992E-02 -5.7442E-03 -8.0486E-03
  3.0453E-03 -6.6426E-02 -5.7840E-03 -8.1044E-03
  3.0664E-03 -6.6862E-02 -5.8241E-03 -8.1606E-03
  3.0876E-03 -6.7300E-02 -5.8644E-03 -8.2171E-03
  3.1090E-03 -6.7741E-02 -5.9050E-03 -8.2739E-03
  3.1305E-03 -6.8184E-02 -5.9458E-03 -8.3311E-03
  3.1521E-03 -6.8629E-02 -5.9869E-03 -8.3887E-03
  3.1739E-03 -6.9077E-02 -6.0282E-03 -8.4466E-03
  3.1958E-03 -6.9527E-02 -6.0698E-03 -8.5048E-03
  3.2178E-03 -6.9980E-02 -6.1116E-03 -8.5634E-03
  3.2399E-03 -7.0435E-02 -6.1537E-03 -8.6224E-03
  3.2622E-03 -7.0893E-02 -6.1960E-03 -8.6817E-03
  3.2847E-03 -7.1353E-02 -6.2386E-03 -8.7414E-03
  3.3072E-03 -7.1815E-02 -6.2815E-03 -8.8014E-03
  3.3299E-03 -7.2280E-02 -6.3246E-03 -8.8619E-03
  3.3528E-03 -7.2748E-02 -6.3680E-03 -8.9227E-03
  3.3758E-03 -7.3218E-02 -6.4116E-03 -8.9838E-03
  3.3989E-03 -7.3690E-02 -6.4556E-03 -9.0454E-03
  3.4221E-03 -7.4165E-02 -6.4997E-03 -9.1073E-03
  3.4455E-03 -7.4643E-02 -6.5442E-03 -9.1696E-03
  3.4691E-03 -7.5123E-02 -6.5889E-03 -9.2322E-03
  3.4928E-03 -7.5606E-02 -6.6339E-03 -9.2953E-03
  3.5166E-03 -7.6091E-02 -6.6792E-03 -9.3587E-03
  3.5406E-03 -7.6579E-02 -6.7248E-03 -9.4226E-03
  3.5647E-03 -7.7069E-02 -6.7706E-03 -9.4868E-03
  3.5890E-03 -7.7562E-02 -6.8167E-03 -9.5514E-03
  3.6134E-03 -7.8057E-02 -6.8631E-03 -9.6164E-03
  3.6380E-03 -7.8556E-02 -6.9098E-03 -9.6818E-03
  3.6628E-03 -7.9056E-02 -6.9567E-03 -9.7476E-03
  3.6876E-03 -7.9560E-02 -7.0040E-03 -9.8138E-03
  3.7127E-03 -8.0066E-02 -7.0515E-03 -9.8804E-03
  3.7378E-03 -8.0575E-02 -7.0994E-03 -9.9474E-03
  3.7632E-03 -8.1086E-02 -7.1475E-03 -1.0015E-02
  3.7887E-03 -8.1600E-02 -7.1959E-03 -1.0083E-02
  3.8143E-03 -8.2117E-02 -7.2446E-03 -1.0151E-02
  3.8401E-03 -8.2637E-02 -7.2936E-03 -1.0220E-02
  3.8661E-03 -8.3159E-02 -7.3429E-03 -1.0289E-02
  3.8922E-03 -8.3684E-02 -7.3925E-03 -1.0358E-02
  3.9185E-03 -8.4212E-02 -7.4425E-03 -1.0428E-02
  3.9449E-03 -8.4743E-02 -7.4927E-03 -1.0499E-02
  3.9715E-03 -8.5276E-02 -7.5432E-03 -1.0569E-02
  3.9983E-03 -8.5812E-02 -7.5940E-03 -1.0641E-02
  4.0252E-03 -8.6351E-02 -7.6452E-03 -1.0712E-02
  4.0523E-03 -8.6893E-02 -7.6967E-03 -1.0784E-02
  4.0796E-03 -8.7437E-02 -7.7484E-03 -1.0857E-02
  4.1070E-03 -8.7984E-02 -7.8005E-03 -1.0930E-02
  4.1346E-03 -8.8535E-02 -7.8529E-03 -1.1003E-02
  4.1624E-03 -8.9088E-02 -7.9057E-03 -1.1077E-02
  4.1903E-03 -8.9644E-02 -7.9587E-03 -1.1151E-02
  4.2184E-03 -9.0202E-02 -8.0121E-03 -1.1226E-02
  4.2467E-03 -9.0764E-02 -8.0658E-03 -1.1302E-02
  4.2751E-03 -9.1328E-02 -8.1198E-03 -1.1377E-02
  4.3037E-03 -9.1896E-02 -8.1742E-03 -1.1453E-02
  4.3325E-03 -9.2466E-02 -8.2289E-03 -1.1530E-02
  4.3615E-03 -9.3040E-02 -8.2839E-03 -1.1607E-02
  4.3907E-03 -9.3616E-02 -8.3393E-03 -1.1685E-02
  4.4200E-03 -9.4195E-02 -8.3950E-03 -1.1763E-02
  4.4495E-03 -9.4777E-02 -8.4510E-03 -1.1841E-02
  4.4792E-03 -9.5362E-02 -8.5074E-03 -1.1920E-02
  4.5090E-03 -9.5951E-02 -8.5641E-03 -1.2000E-02
  4.5391E-03 -9.6542E-02 -8.6212E-03 -1.2080E-02
  4.5693E-03 -9.7136E-02 -8.6786E-03 -1.2160E-02
  4.5998E-03 -9.7733E-02 -8.7364E-03 -1.2241E-02
  4.6304E-03 -9.8333E-02 -8.7946E-03 -1.2323E-02
  4.6612E-03 -9.8937E-02 -8.8530E-03 -1.2405E-02
  4.6921E-03 -9.9543E-02 -8.9119E-03 -1.2487E-02
  4.7233E-03 -1.0015E-01 -8.9711E-03 -1.2570E-02
  4.7547E-03 -1.0077E-01 -9.0307E-03 -1.2653E-02
  4.7862E-03 -1.0138E-01 -9.0906E-03 -1.2737E-02
  4.8180E-03 -1.0200E-01 -9.1509E-03 -1.2822E-02
  4.8499E-03 -1.0262E-01 -9.2116E-03 -1.2907E-02
  4.8820E-03 -1.0325E-01 -9.2726E-03 -1.2992E-02
  4.9144E-03 -1.0387E-01 -9.3340E-03 -1.3078E-02
  4.9469E-03 -1.0451E-01 -9.3958E-03 -1.3165E-02
  4.9796E-03 -1.0514E-01 -9.4580E-03 -1.3252E-02
  5.0126E-03 -1.0578E-01 -9.5205E-03 -1.3340E-02
  5.0457E-03 -1.0642E-01 -9.5834E-03 -1.3428E-02
  5.0790E-03 -1.0706E-01 -9.6467E-03 -1.3517E-02
  5.1126E-03 -1.0771E-01 -9.7104E-03 -1.3606E-02
  5.1463E-03 -1.0836E-01 -9.7745E-03 -1.3696E-02
  5.1802E-03 -1.0901E-01 -9.8390E-03 -1.3786E-02
  5.2144E-03 -1.0967E-01 -9.9039E-03 -1.3877E-02
  5.2488E-03 -1.1033E-01 -9.9691E-03 -1.3968E-02
  5.2833E-03 -1.1099E-01 -1.0035E-02 -1.4060E-02
  5.3181E-03 -1.1166E-01 -1.0101E-02 -1.4153E-02
  5.3531E-03 -1.1233E-01 -1.0167E-02 -1.4246E-02
  5.3883E-03 -1.1300E-01 -1.0234E-02 -1.4340E-02
  5.4238E-03 -1.1368E-01 -1.0302E-02 -1.4434E-02
  5.4594E-03 -1.1436E-01 -1.0369E-02 -1.4529E-02
  5.4953E-03 -1.1504E-01 -1.0437E-02 -1.4624E-02
  5.5314E-03 -1.1573E-01 -1.0506E-02 -1.4720E-02
  5.5677E-03 -1.1642E-01 -1.0575E-02 -1.4817E-02
  5.6042E-03 -1.1711E-01 -1.0644E-02 -1.4914E-02
  5.6409E-03 -1.1781E-01 -1.0714E-02 -1.5012E-02
  5.6779E-03 -1.1851E-01 -1.0784E-02 -1.5110E-02
  5.7151E-03 -1.1921E-01 -1.0855E-02 -1.5209E-02
  5.7525E-03 -1.1992E-01 -1.0926E-02 -1.5309E-02
  5.7902E-03 -1.2063E-01 -1.0997E-02 -1.5409E-02
  5.8281E-03 -1.2134E-01 -1.1069E-02 -1.5510E-02
  5.8662E-03 -1.2206E-01 -1.1142E-02 -1.5611E-02
  5.9045E-03 -1.2278E-01 -1.1215E-02 -1.5713E-02
  5.9431E-03 -1.2351E-01 -1.1288E-02 -1.5816E-02
  5.9819E-03 -1.2423E-01 -1.1362E-02 -1.5919E-02
  6.0210E-03 -1.2497E-01 -1.1436E-02 -1.6023E-02
  6.0603E-03 -1.2570E-01 -1.1510E-02 -1.6128E-02
  6.0998E-03 -1.2644E-01 -1.1586E-02 -1.6233E-02
  6.1396E-03 -1.2718E-01 -1.1661E-02 -1.6339E-02
  6.1796E-03 -1.2792E-01 -1.1737E-02 -1.6445E-02
  6.2199E-03 -1.2867E-01 -1.1814E-02 -1.6553E-02
  6.2604E-03 -1.2943E-01 -1.1891E-02 -1.6660E-02
  6.3011E-03 -1.3018E-01 -1.1968E-02 -1.6769E-02
  6.3422E-03 -1.3094E-01 -1.2046E-02 -1.6878E-02
  6.3834E-03 -1.3170E-01 -1.2124E-02 -1.6988E-02
  6.4249E-03 -1.3247E-01 -1.2203E-02 -1.7098E-02
  6.4667E-03 -1.3324E-01 -1.2282E-02 -1.7209E-02
  6.5087E-03 -1.3401E-01 -1.2362E-02 -1.7321E-02
  6.5510E-03 -1.3479E-01 -1.2443E-02 -1.7434E-02
  6.5935E-03 -1.3557E-01 -1.2523E-02 -1.7547E-02
  6.6363E-03 -1.3636E-01 -1.2605E-02 -1.7661E-02
  6.6794E-03 -1.3714E-01 -1.2686E-02 -1.7775E-02
  6.7227E-03 -1.3794E-01 -1.2769E-02 -1.7891E-02
  6.7663E-03 -1.3873E-01 -1.2851E-02 -1.8007E-02
  6.8101E-03 -1.3953E-01 -1.2935E-02 -1.8123E-02
  6.8543E-03 -1.4033E-01 -1.3019E-02 -1.8241E-02
  6.8986E-03 -1.4114E-01 -1.3103E-02 -1.8359E-02
  6.9433E-03 -1.4195E-01 -1.3188E-02 -1.8478E-02
  6.9882E-03 -1.4276E-01 -1.3273E-02 -1.8597E-02
  7.0334E-03 -1.4358E-01 -1.3359E-02 -1.8718E-02
  7.0789E-03 -1.4440E-01 -1.3445E-02 -1.8839E-02
  7.1247E-03 -1.4523E-01 -1.3532E-02 -1.8960E-02
  7.1707E-03 -1.4606E-01 -1.3620E-02 -1.9083E-02
  7.2171E-03 -1.4689E-01 -1.3708E-02 -1.9206E-02
  7.2637E-03 -1.4773E-01 -1.3796E-02 -1.9330E-02
  7.3106E-03 -1.4857E-01 -1.3885E-02 -1.9455E-02
  7.3577E-03 -1.4941E-01 -1.3975E-02 -1.9581E-02
  7.4052E-03 -1.5026E-01 -1.4065E-02 -1.9707E-02
  7.4530E-03 -1.5111E-01 -1.4156E-02 -1.9834E-02
  7.5010E-03 -1.5196E-01 -1.4247E-02 -1.9962E-02
  7.5494E-03 -1.5282E-01 -1.4339E-02 -2.0091E-02
  7.5980E-03 -1.5369E-01 -1.4431E-02 -2.0220E-02
  7.6469E-03 -1.5455E-01 -1.4524E-02 -2.0350E-02
  7.6962E-03 -1.5542E-01 -1.4618E-02 -2.0481E-02
  7.7457E-03 -1.5630E-01 -1.4712E-02 -2.0613E-02
  7.7956E-03 -1.5718E-01 -1.4806E-02 -2.0746E-02
  7.8457E-03 -1.5806E-01 -1.4902E-02 -2.0879E-02
  7.8961E-03 -1.5894E-01 -1.4998E-02 -2.1013E-02
  7.9469E-03 -1.5983E-01 -1.5094E-02 -2.1148E-02
  7.9980E-03 -1.6073E-01 -1.5191E-02 -2.1284E-02
  8.0494E-03 -1.6163E-01 -1.5289E-02 -2.1421E-02
  8.1011E-03 -1.6253E-01 -1.5387E-02 -2.1559E-02
  8.1531E-03 -1.6343E-01 -1.5486E-02 -2.1697E-02
  8.2054E-03 -1.6434E-01 -1.5585E-02 -2.1836E-02
  8.2580E-03 -1.6525E-01 -1.5685E-02 -2.1976E-02
  8.3110E-03 -1.6617E-01 -1.5786E-02 -2.2117E-02
  8.3643E-03 -1.6709E-01 -1.5887E-02 -2.2259E-02
  8.4179E-03 -1.6802E-01 -1.5989E-02 -2.2402E-02
  8.4719E-03 -1.6895E-01 -1.6091E-02 -2.2545E-02
  8.5262E-03 -1.6988E-01 -1.6194E-02 -2.2690E-02
  8.5808E-03 -1.7081E-01 -1.6298E-02 -2.2835E-02
  8.6357E-03 -1.7175E-01 -1.6402E-02 -2.2981E-02
  8.6910E-03 -1.7270E-01 -1.6507E-02 -2.3128E-02
  8.7466E-03 -1.7365E-01 -1.6613E-02 -2.3276E-02
  8.8026E-03 -1.7460E-01 -1.6719E-02 -2.3425E-02
  8.8589E-03 -1.7556E-01 -1.6826E-02 -2.3575E-02
  8.9155E-03 -1.7652E-01 -1.6934E-02 -2.3726E-02
  8.9725E-03 -1.7748E-01 -1.7042E-02 -2.3878E-02
  9.0299E-03 -1.7845E-01 -1.7151E-02 -2.4030E-02
  9.0876E-03 -1.7942E-01 -1.7261E-02 -2.4184E-02
  9.1456E-03 -1.8040E-01 -1.7371E-02 -2.4338E-02
  9.2040E-03 -1.8138E-01 -1.7482E-02 -2.4494E-02
  9.2628E-03 -1.8236E-01 -1.7593E-02 -2.4650E-02
  9.3219E-03 -1.8335E-01 -1.7706E-02 -2.4807E-02
  9.3813E-03 -1.8434E-01 -1.7819E-02 -2.4965E-02
  9.4412E-03 -1.8534E-01 -1.7932E-02 -2.5125E-02
  9.5014E-03 -1.8634E-01 -1.8047E-02 -2.5285E-02
  9.5620E-03 -1.8734E-01 -1.8162E-02 -2.5446E-02
  9.6229E-03 -1.8835E-01 -1.8277E-02 -2.5608E-02
  9.6842E-03 -1.8936E-01 -1.8394E-02 -2.5771E-02
  9.7459E-03 -1.9037E-01 -1.8511E-02 -2.5936E-02
  9.8080E-03 -1.9139E-01 -1.8629E-02 -2.6101E-02
  9.8704E-03 -1.9242E-01 -1.8748E-02 -2.6267E-02
  9.9333E-03 -1.9344E-01 -1.8867E-02 -2.6434E-02
  9.9965E-03 -1.9448E-01 -1.8987E-02 -2.6602E-02
  1.0060E-02 -1.9551E-01 -1.9108E-02 -2.6771E-02
  1.0124E-02 -1.9655E-01 -1.9229E-02 -2.6942E-02
  1.0188E-02 -1.9759E-01 -1.9352E-02 -2.7113E-02
  1.0253E-02 -1.9864E-01 -1.9475E-02 -2.7285E-02
  1.0318E-02 -1.9969E-01 -1.9598E-02 -2.7459E-02
  1.0384E-02 -2.0075E-01 -1.9723E-02 -2.7633E-02
  1.0450E-02 -2.0181E-01 -1.9848E-02 -2.7809E-02
  1.0516E-02 -2.0287E-01 -1.9974E-02 -2.7985E-02
  1.0583E-02 -2.0394E-01 -2.0101E-02 -2.8163E-02
  1.0650E-02 -2.0501E-01 -2.0229E-02 -2.8342E-02
  1.0718E-02 -2.0608E-01 -2.0357E-02 -2.8522E-02
  1.0786E-02 -2.0716E-01 -2.0486E-02 -2.8703E-02
  1.0854E-02 -2.0825E-01 -2.0616E-02 -2.8885E-02
  1.0923E-02 -2.0933E-01 -2.0747E-02 -2.9068E-02
  1.0992E-02 -2.1042E-01 -2.0879E-02 -2.9252E-02
  1.1062E-02 -2.1152E-01 -2.1011E-02 -2.9438E-02
  1.1132E-02 -2.1262E-01 -2.1144E-02 -2.9624E-02
  1.1203E-02 -2.1372E-01 -2.1278E-02 -2.9812E-02
  1.1274E-02 -2.1483E-01 -2.1413E-02 -3.0001E-02
  1.1345E-02 -2.1594E-01 -2.1549E-02 -3.0191E-02
  1.1417E-02 -2.1705E-01 -2.1685E-02 -3.0382E-02
  1.1489E-02 -2.1817E-01 -2.1823E-02 -3.0574E-02
  1.1562E-02 -2.1929E-01 -2.1961E-02 -3.0768E-02
  1.1635E-02 -2.2042E-01 -2.2100E-02 -3.0963E-02
  1.1709E-02 -2.2155E-01 -2.2240E-02 -3.1158E-02
  1.1783E-02 -2.2268E-01 -2.2380E-02 -3.1356E-02
  1.1857E-02 -2.2382E-01 -2.2522E-02 -3.1554E-02
  1.1932E-02 -2.2496E-01 -2.2664E-02 -3.1753E-02
  1.2008E-02 -2.2610E-01 -2.2807E-02 -3.1954E-02
  1.2084E-02 -2.2725E-01 -2.2952E-02 -3.2156E-02
  1.2160E-02 -2.2841E-01 -2.3097E-02 -3.2359E-02
  1.2237E-02 -2.2956E-01 -2.3243E-02 -3.2564E-02
  1.2314E-02 -2.3072E-01 -2.3389E-02 -3.2769E-02
  1.2392E-02 -2.3189E-01 -2.3537E-02 -3.2976E-02
  1.2470E-02 -2.3305E-01 -2.3686E-02 -3.3184E-02
  1.2549E-02 -2.3423E-01 -2.3835E-02 -3.3394E-02
  1.2628E-02 -2.3540E-01 -2.3986E-02 -3.3605E-02
  1.2708E-02 -2.3658E-01 -2.4137E-02 -3.3817E-02
  1.2788E-02 -2.3776E-01 -2.4290E-02 -3.4030E-02
  1.2869E-02 -2.3895E-01 -2.4443E-02 -3.4245E-02
  1.2950E-02 -2.4014E-01 -2.4597E-02 -3.4460E-02
  1.3031E-02 -2.4133E-01 -2.4752E-02 -3.4678E-02
  1.3114E-02 -2.4253E-01 -2.4908E-02 -3.4896E-02
  1.3196E-02 -2.4373E-01 -2.5065E-02 -3.5116E-02
  1.3279E-02 -2.4493E-01 -2.5223E-02 -3.5337E-02
  1.3363E-02 -2.4614E-01 -2.5382E-02 -3.5560E-02
  1.3447E-02 -2.4735E-01 -2.5542E-02 -3.5784E-02
  1.3532E-02 -2.4857E-01 -2.5703E-02 -3.6009E-02
  1.3617E-02 -2.4979E-01 -2.5865E-02 -3.6236E-02
  1.3703E-02 -2.5101E-01 -2.6028E-02 -3.6464E-02
  1.3789E-02 -2.5224E-01 -2.6191E-02 -3.6694E-02
  1.3876E-02 -2.5346E-01 -2.6356E-02 -3.6925E-02
  1.3963E-02 -2.5470E-01 -2.6522E-02 -3.7157E-02
  1.4051E-02 -2.5593E-01 -2.6689E-02 -3.7391E-02
  1.4140E-02 -2.5717E-01 -2.6857E-02 -3.7626E-02
  1.4229E-02 -2.5842E-01 -2.7026E-02 -3.7862E-02
  1.4318E-02 -2.5966E-01 -2.7196E-02 -3.8101E-02
  1.4408E-02 -2.6091E-01 -2.7367E-02 -3.8340E-02
  1.4499E-02 -2.6216E-01 -2.7539E-02 -3.8581E-02
  1.4590E-02 -2.6342E-01 -2.7712E-02 -3.8823E-02
  1.4681E-02 -2.6468E-01 -2.7886E-02 -3.9067E-02
  1.4774E-02 -2.6594E-01 -2.8061E-02 -3.9313E-02
  1.4866E-02 -2.6721E-01 -2.8238E-02 -3.9560E-02
  1.4960E-02 -2.6848E-01 -2.8415E-02 -3.9808E-02
  1.5054E-02 -2.6975E-01 -2.8594E-02 -4.0058E-02
  1.5148E-02 -2.7102E-01 -2.8773E-02 -4.0309E-02
  1.5243E-02 -2.7230E-01 -2.8954E-02 -4.0562E-02
  1.5339E-02 -2.7358E-01 -2.9136E-02 -4.0817E-02
  1.5435E-02 -2.7487E-01 -2.9318E-02 -4.1073E-02
  1.5532E-02 -2.7615E-01 -2.9502E-02 -4.1331E-02
  1.5630E-02 -2.7745E-01 -2.9688E-02 -4.1590E-02
  1.5728E-02 -2.7874E-01 -2.9874E-02 -4.1851E-02
  1.5826E-02 -2.8003E-01 -3.0061E-02 -4.2113E-02
  1.5926E-02 -2.8133E-01 -3.0250E-02 -4.2377E-02
  1.6025E-02 -2.8264E-01 -3.0439E-02 -4.2643E-02
  1.6126E-02 -2.8394E-01 -3.0630E-02 -4.2910E-02
  1.6227E-02 -2.8525E-01 -3.0822E-02 -4.3179E-02
  1.6329E-02 -2.8656E-01 -3.1015E-02 -4.3450E-02
  1.6431E-02 -2.8787E-01 -3.1210E-02 -4.3722E-02
  1.6534E-02 -2.8919E-01 -3.1405E-02 -4.3996E-02
  1.6637E-02 -2.9050E-01 -3.1602E-02 -4.4271E-02
  1.6742E-02 -2.9183E-01 -3.1800E-02 -4.4548E-02
  1.6846E-02 -2.9315E-01 -3.1999E-02 -4.4827E-02
  1.6952E-02 -2.9447E-01 -3.2200E-02 -4.5108E-02
  1.7058E-02 -2.9580E-01 -3.2401E-02 -4.5390E-02
  1.7165E-02 -2.9713E-01 -3.2604E-02 -4.5674E-02
  1.7272E-02 -2.9847E-01 -3.2808E-02 -4.5960E-02
  1.7380E-02 -2.9980E-01 -3.3013E-02 -4.6247E-02
  1.7489E-02 -3.0114E-01 -3.3220E-02 -4.6537E-02
  1.7599E-02 -3.0248E-01 -3.3428E-02 -4.6828E-02
  1.7709E-02 -3.0382E-01 -3.3637E-02 -4.7120E-02
  1.7819E-02 -3.0516E-01 -3.3847E-02 -4.7415E-02
  1.7931E-02 -3.0651E-01 -3.4059E-02 -4.7711E-02
  1.8043E-02 -3.0786E-01 -3.4272E-02 -4.8010E-02
  1.8156E-02 -3.0921E-01 -3.4486E-02 -4.8310E-02
  1.8269E-02 -3.1056E-01 -3.4702E-02 -4.8612E-02
  1.8383E-02 -3.1192E-01 -3.4919E-02 -4.8915E-02
  1.8498E-02 -3.1327E-01 -3.5137E-02 -4.9221E-02
  1.8614E-02 -3.1463E-01 -3.5357E-02 -4.9528E-02
  1.8730E-02 -3.1599E-01 -3.5578E-02 -4.9838E-02
  1.8847E-02 -3.1735E-01 -3.5800E-02 -5.0149E-02
  1.8965E-02 -3.1871E-01 -3.6024E-02 -5.0462E-02
  1.9083E-02 -3.2008E-01 -3.6249E-02 -5.0777E-02
  1.9202E-02 -3.2144E-01 -3.6475E-02 -5.1094E-02
  1.9322E-02 -3.2281E-01 -3.6703E-02 -5.1413E-02
  1.9443E-02 -3.2418E-01 -3.6932E-02 -5.1734E-02
  1.9564E-02 -3.2555E-01 -3.7162E-02 -5.2056E-02
  1.9686E-02 -3.2692E-01 -3.7394E-02 -5.2381E-02
  1.9809E-02 -3.2829E-01 -3.7628E-02 -5.2708E-02
  1.9933E-02 -3.2967E-01 -3.7863E-02 -5.3036E-02
  2.0057E-02 -3.3104E-01 -3.8099E-02 -5.3367E-02
  2.0182E-02 -3.3242E-01 -3.8337E-02 -5.3700E-02
  2.0308E-02 -3.3379E-01 -3.8576E-02 -5.4035E-02
  2.0435E-02 -3.3517E-01 -3.8816E-02 -5.4372E-02
  2.0562E-02 -3.3655E-01 -3.9058E-02 -5.4710E-02
  2.0690E-02 -3.3793E-01 -3.9302E-02 -5.5051E-02
  2.0819E-02 -3.3931E-01 -3.9547E-02 -5.5394E-02
  2.0949E-02 -3.4069E-01 -3.9794E-02 -5.5740E-02
  2.1080E-02 -3.4207E-01 -4.0042E-02 -5.6087E-02
  2.1211E-02 -3.4345E-01 -4.0291E-02 -5.6436E-02
  2.1343E-02 -3.4483E-01 -4.0542E-02 -5.6788E-02
  2.1476E-02 -3.4622E-01 -4.0795E-02 -5.7141E-02
  2.1610E-02 -3.4760E-01 -4.1049E-02 -5.7497E-02
  2.1745E-02 -3.4898E-01 -4.1305E-02 -5.7855E-02
  2.1880E-02 -3.5036E-01 -4.1562E-02 -5.8215E-02
  2.2016E-02 -3.5175E-01 -4.1821E-02 -5.8578E-02
  2.2153E-02 -3.5313E-01 -4.2082E-02 -5.8942E-02
  2.2291E-02 -3.5451E-01 -4.2344E-02 -5.9309E-02
  2.2430E-02 -3.5589E-01 -4.2607E-02 -5.9678E-02
  2.2570E-02 -3.5728E-01 -4.2873E-02 -6.0049E-02
  2.2710E-02 -3.5866E-01 -4.3140E-02 -6.0423E-02
  2.2851E-02 -3.6004E-01 -4.3408E-02 -6.0799E-02
  2.2994E-02 -3.6142E-01 -4.3678E-02 -6.1177E-02
  2.3137E-02 -3.6280E-01 -4.3950E-02 -6.1557E-02
  2.3281E-02 -3.6418E-01 -4.4224E-02 -6.1940E-02
  2.3425E-02 -3.6556E-01 -4.4499E-02 -6.2325E-02
  2.3571E-02 -3.6693E-01 -4.4776E-02 -6.2712E-02
  2.3718E-02 -3.6831E-01 -4.5054E-02 -6.3102E-02
  2.3865E-02 -3.6969E-01 -4.5334E-02 -6.3494E-02
  2.4014E-02 -3.7106E-01 -4.5616E-02 -6.3889E-02
  2.4163E-02 -3.7243E-01 -4.5900E-02 -6.4286E-02
  2.4313E-02 -3.7380E-01 -4.6186E-02 -6.4685E-02
  2.4464E-02 -3.7517E-01 -4.6473E-02 -6.5087E-02
  2.4616E-02 -3.7654E-01 -4.6762E-02 -6.5492E-02
  2.4769E-02 -3.7791E-01 -4.7052E-02 -6.5898E-02
  2.4923E-02 -3.7927E-01 -4.7345E-02 -6.6308E-02
  2.5078E-02 -3.8063E-01 -4.7639E-02 -6.6719E-02
  2.5234E-02 -3.8199E-01 -4.7935E-02 -6.7134E-02
  2.5391E-02 -3.8335E-01 -4.8233E-02 -6.7550E-02
  2.5548E-02 -3.8471E-01 -4.8533E-02 -6.7970E-02
  2.5707E-02 -3.8606E-01 -4.8834E-02 -6.8392E-02
  2.5867E-02 -3.8741E-01 -4.9138E-02 -6.8816E-02
  2.6027E-02 -3.8876E-01 -4.9443E-02 -6.9243E-02
  2.6189E-02 -3.9011E-01 -4.9750E-02 -6.9673E-02
  2.6352E-02 -3.9145E-01 -5.0059E-02 -7.0105E-02
  2.6515E-02 -3.9279E-01 -5.0370E-02 -7.0540E-02
  2.6680E-02 -3.9413E-01 -5.0683E-02 -7.0977E-02
  2.6845E-02 -3.9546E-01 -5.0998E-02 -7.1418E-02
  2.7012E-02 -3.9679E-01 -5.1314E-02 -7.1861E-02
  2.7180E-02 -3.9812E-01 -5.1633E-02 -7.2306E-02
  2.7348E-02 -3.9944E-01 -5.1953E-02 -7.2755E-02
  2.7518E-02 -4.0076E-01 -5.2276E-02 -7.3206E-02
  2.7689E-02 -4.0208E-01 -5.2600E-02 -7.3659E-02
  2.7860E-02 -4.0339E-01 -5.2927E-02 -7.4116E-02
  2.8033E-02 -4.0470E-01 -5.3255E-02 -7.4575E-02
  2.8207E-02 -4.0600E-01 -5.3586E-02 -7.5038E-02
  2.8382E-02 -4.0730E-01 -5.3918E-02 -7.5503E-02
  2.8558E-02 -4.0860E-01 -5.4252E-02 -7.5970E-02
  2.8735E-02 -4.0989E-01 -5.4589E-02 -7.6441E-02
  2.8913E-02 -4.1118E-01 -5.4928E-02 -7.6915E-02
  2.9093E-02 -4.1246E-01 -5.5268E-02 -7.7391E-02
  2.9273E-02 -4.1374E-01 -5.5611E-02 -7.7870E-02
  2.9454E-02 -4.1501E-01 -5.5956E-02 -7.8353E-02
  2.9637E-02 -4.1627E-01 -5.6303E-02 -7.8838E-02
  2.9821E-02 -4.1753E-01 -5.6652E-02 -7.9326E-02
  3.0005E-02 -4.1879E-01 -5.7003E-02 -7.9817E-02
  3.0191E-02 -4.2004E-01 -5.7357E-02 -8.0311E-02
  3.0378E-02 -4.2128E-01 -5.7712E-02 -8.0809E-02
  3.0567E-02 -4.2252E-01 -5.8070E-02 -8.1309E-02
  3.0756E-02 -4.2375E-01 -5.8430E-02 -8.1812E-02
  3.0946E-02 -4.2497E-01 -5.8792E-02 -8.2318E-02
  3.1138E-02 -4.2619E-01 -5.9156E-02 -8.2828E-02
  3.1331E-02 -4.2741E-01 -5.9523E-02 -8.3340E-02
  3.1525E-02 -4.2861E-01 -5.9892E-02 -8.3856E-02
  3.1720E-02 -4.2981E-01 -6.0263E-02 -8.4375E-02
  3.1917E-02 -4.3100E-01 -6.0636E-02 -8.4897E-02
  3.2114E-02 -4.3218E-01 -6.1012E-02 -8.5422E-02
  3.2313E-02 -4.3336E-01 -6.1390E-02 -8.5950E-02
  3.2513E-02 -4.3453E-01 -6.1770E-02 -8.6482E-02
  3.2714E-02 -4.3569E-01 -6.2153E-02 -8.7016E-02
  3.2917E-02 -4.3684E-01 -6.2538E-02 -8.7554E-02
  3.3121E-02 -4.3799E-01 -6.2925E-02 -8.8096E-02
  3.3326E-02 -4.3913E-01 -6.3315E-02 -8.8640E-02
  3.3532E-02 -4.4025E-01 -6.3707E-02 -8.9188E-02
  3.3739E-02 -4.4137E-01 -6.4101E-02 -8.9739E-02
  3.3948E-02 -4.4249E-01 -6.4498E-02 -9.0294E-02
  3.4158E-02 -4.4359E-01 -6.4897E-02 -9.0852E-02
  3.4369E-02 -4.4468E-01 -6.5299E-02 -9.1413E-02
  3.4582E-02 -4.4576E-01 -6.5703E-02 -9.1978E-02
  3.4796E-02 -4.4684E-01 -6.6110E-02 -9.2546E-02
  3.5011E-02 -4.4790E-01 -6.6519E-02 -9.3118E-02
  3.5228E-02 -4.4896E-01 -6.6931E-02 -9.3693E-02
  3.5446E-02 -4.5000E-01 -6.7345E-02 -9.4272E-02
  3.5665E-02 -4.5104E-01 -6.7762E-02 -9.4854E-02
  3.5885E-02 -4.5206E-01 -6.8181E-02 -9.5440E-02
  3.6107E-02 -4.5307E-01 -6.8603E-02 -9.6029E-02
  3.6330E-02 -4.5408E-01 -6.9027E-02 -9.6622E-02
  3.6555E-02 -4.5507E-01 -6.9454E-02 -9.7219E-02
  3.6781E-02 -4.5605E-01 -6.9884E-02 -9.7819E-02
  3.7008E-02 -4.5702E-01 -7.0316E-02 -9.8423E-02
  3.7237E-02 -4.5798E-01 -7.0751E-02 -9.9030E-02
  3.7467E-02 -4.5892E-01 -7.1189E-02 -9.9642E-02
  3.7699E-02 -4.5985E-01 -7.1629E-02 -1.0026E-01
  3.7932E-02 -4.6078E-01 -7.2072E-02 -1.0088E-01
  3.8166E-02 -4.6168E-01 -7.2518E-02 -1.0150E-01
  3.8402E-02 -4.6258E-01 -7.2966E-02 -1.0212E-01
  3.8639E-02 -4.6346E-01 -7.3417E-02 -1.0275E-01
  3.8878E-02 -4.6433E-01 -7.3871E-02 -1.0339E-01
  3.9118E-02 -4.6519E-01 -7.4328E-02 -1.0403E-01
  3.9360E-02 -4.6603E-01 -7.4787E-02 -1.0467E-01
  3.9603E-02 -4.6686E-01 -7.5250E-02 -1.0531E-01
  3.9847E-02 -4.6768E-01 -7.5715E-02 -1.0596E-01
  4.0094E-02 -4.6848E-01 -7.6183E-02 -1.0662E-01
  4.0341E-02 -4.6927E-01 -7.6654E-02 -1.0727E-01
  4.0590E-02 -4.7004E-01 -7.7128E-02 -1.0793E-01
  4.0841E-02 -4.7080E-01 -7.7604E-02 -1.0860E-01
  4.1093E-02 -4.7154E-01 -7.8084E-02 -1.0927E-01
  4.1347E-02 -4.7227E-01 -7.8567E-02 -1.0994E-01
  4.1602E-02 -4.7298E-01 -7.9052E-02 -1.1062E-01
  4.1859E-02 -4.7368E-01 -7.9541E-02 -1.1130E-01
  4.2117E-02 -4.7436E-01 -8.0032E-02 -1.1199E-01
  4.2377E-02 -4.7502E-01 -8.0526E-02 -1.1268E-01
  4.2639E-02 -4.7567E-01 -8.1024E-02 -1.1337E-01
  4.2902E-02 -4.7630E-01 -8.1525E-02 -1.1407E-01
  4.3167E-02 -4.7691E-01 -8.2028E-02 -1.1477E-01
  4.3433E-02 -4.7751E-01 -8.2535E-02 -1.1548E-01
  4.3701E-02 -4.7809E-01 -8.3045E-02 -1.1619E-01
  4.3971E-02 -4.7865E-01 -8.3558E-02 -1.1691E-01
  4.4242E-02 -4.7920E-01 -8.4074E-02 -1.1763E-01
  4.4515E-02 -4.7972E-01 -8.4593E-02 -1.1835E-01
  4.4790E-02 -4.8023E-01 -8.5116E-02 -1.1908E-01
  4.5066E-02 -4.8072E-01 -8.5641E-02 -1.1981E-01
  4.5344E-02 -4.8119E-01 -8.6170E-02 -1.2055E-01
  4.5624E-02 -4.8164E-01 -8.6702E-02 -1.2129E-01
  4.5905E-02 -4.8207E-01 -8.7238E-02 -1.2204E-01
  4.6188E-02 -4.8248E-01 -8.7776E-02 -1.2279E-01
  4.6473E-02 -4.8287E-01 -8.8318E-02 -1.2355E-01
  4.6760E-02 -4.8324E-01 -8.8864E-02 -1.2431E-01
  4.7048E-02 -4.8359E-01 -8.9412E-02 -1.2507E-01
  4.7338E-02 -4.8392E-01 -8.9964E-02 -1.2584E-01
  4.7630E-02 -4.8423E-01 -9.0520E-02 -1.2662E-01
  4.7924E-02 -4.8452E-01 -9.1079E-02 -1.2739E-01
  4.8219E-02 -4.8479E-01 -9.1641E-02 -1.2818E-01
  4.8517E-02 -4.8503E-01 -9.2206E-02 -1.2897E-01
  4.8816E-02 -4.8526E-01 -9.2776E-02 -1.2976E-01
  4.9117E-02 -4.8546E-01 -9.3348E-02 -1.3056E-01
  4.9420E-02 -4.8564E-01 -9.3924E-02 -1.3136E-01
  4.9724E-02 -4.8579E-01 -9.4504E-02 -1.3217E-01
  5.0031E-02 -4.8592E-01 -9.5087E-02 -1.3298E-01
  5.0339E-02 -4.8603E-01 -9.5674E-02 -1.3380E-01
  5.0649E-02 -4.8612E-01 -9.6265E-02 -1.3462E-01
  5.0961E-02 -4.8618E-01 -9.6859E-02 -1.3545E-01
  5.1276E-02 -4.8622E-01 -9.7457E-02 -1.3628E-01
  5.1591E-02 -4.8623E-01 -9.8058E-02 -1.3712E-01
  5.1909E-02 -4.8622E-01 -9.8663E-02 -1.3796E-01
  5.2229E-02 -4.8618E-01 -9.9272E-02 -1.3881E-01
  5.2551E-02 -4.8612E-01 -9.9884E-02 -1.3966E-01
  5.2875E-02 -4.8603E-01 -1.0050E-01 -1.4052E-01
  5.3201E-02 -4.8592E-01 -1.0112E-01 -1.4138E-01
  5.3528E-02 -4.8578E-01 -1.0174E-01 -1.4225E-01
  5.3858E-02 -4.8561E-01 -1.0237E-01 -1.4312E-01
  5.4190E-02 -4.8542E-01 -1.0300E-01 -1.4400E-01
  5.4524E-02 -4.8520E-01 -1.0364E-01 -1.4489E-01
  5.4859E-02 -4.8495E-01 -1.0428E-01 -1.4578E-01
  5.5197E-02 -4.8467E-01 -1.0492E-01 -1.4667E-01
  5.5537E-02 -4.8437E-01 -1.0557E-01 -1.4757E-01
  5.5879E-02 -4.8404E-01 -1.0622E-01 -1.4848E-01
  5.6223E-02 -4.8368E-01 -1.0688E-01 -1.4939E-01
  5.6570E-02 -4.8329E-01 -1.0753E-01 -1.5031E-01
  5.6918E-02 -4.8287E-01 -1.0820E-01 -1.5123E-01
  5.7268E-02 -4.8243E-01 -1.0887E-01 -1.5216E-01
  5.7621E-02 -4.8195E-01 -1.0954E-01 -1.5309E-01
  5.7976E-02 -4.8145E-01 -1.1021E-01 -1.5403E-01
  5.8333E-02 -4.8091E-01 -1.1089E-01 -1.5498E-01
  5.8692E-02 -4.8034E-01 -1.1158E-01 -1.5593E-01
  5.9053E-02 -4.7974E-01 -1.1226E-01 -1.5688E-01
  5.9417E-02 -4.7912E-01 -1.1296E-01 -1.5785E-01
  5.9782E-02 -4.7846E-01 -1.1365E-01 -1.5881E-01
  6.0150E-02 -4.7776E-01 -1.1435E-01 -1.5979E-01
  6.0521E-02 -4.7704E-01 -1.1506E-01 -1.6077E-01
  6.0893E-02 -4.7628E-01 -1.1577E-01 -1.6175E-01
  6.1268E-02 -4.7549E-01 -1.1648E-01 -1.6275E-01
  6.1645E-02 -4.7467E-01 -1.1720E-01 -1.6374E-01
  6.2024E-02 -4.7382E-01 -1.1792E-01 -1.6475E-01
  6.2406E-02 -4.7293E-01 -1.1865E-01 -1.6576E-01
  6.2790E-02 -4.7201E-01 -1.1938E-01 -1.6677E-01
  6.3176E-02 -4.7105E-01 -1.2012E-01 -1.6780E-01
  6.3565E-02 -4.7006E-01 -1.2086E-01 -1.6882E-01
  6.3956E-02 -4.6904E-01 -1.2160E-01 -1.6986E-01
  6.4350E-02 -4.6798E-01 -1.2235E-01 -1.7090E-01
  6.4746E-02 -4.6688E-01 -1.2311E-01 -1.7195E-01
  6.5144E-02 -4.6575E-01 -1.2387E-01 -1.7300E-01
  6.5545E-02 -4.6459E-01 -1.2463E-01 -1.7406E-01
  6.5948E-02 -4.6338E-01 -1.2540E-01 -1.7513E-01
  6.6354E-02 -4.6215E-01 -1.2617E-01 -1.7620E-01
  6.6762E-02 -4.6087E-01 -1.2695E-01 -1.7728E-01
  6.7172E-02 -4.5956E-01 -1.2773E-01 -1.7836E-01
  6.7586E-02 -4.5821E-01 -1.2852E-01 -1.7945E-01
  6.8001E-02 -4.5682E-01 -1.2931E-01 -1.8055E-01
  6.8420E-02 -4.5540E-01 -1.3011E-01 -1.8166E-01
  6.8840E-02 -4.5393E-01 -1.3091E-01 -1.8277E-01
  6.9264E-02 -4.5243E-01 -1.3172E-01 -1.8389E-01
  6.9690E-02 -4.5089E-01 -1.3253E-01 -1.8501E-01
  7.0118E-02 -4.4931E-01 -1.3335E-01 -1.8615E-01
  7.0549E-02 -4.4770E-01 -1.3417E-01 -1.8728E-01
  7.0983E-02 -4.4604E-01 -1.3500E-01 -1.8843E-01
  7.1420E-02 -4.4434E-01 -1.3583E-01 -1.8958E-01
  7.1859E-02 -4.4260E-01 -1.3667E-01 -1.9074E-01
  7.2301E-02 -4.4083E-01 -1.3751E-01 -1.9191E-01
  7.2745E-02 -4.3901E-01 -1.3836E-01 -1.9308E-01
  7.3192E-02 -4.3715E-01 -1.3921E-01 -1.9426E-01
  7.3642E-02 -4.3525E-01 -1.4007E-01 -1.9545E-01
  7.4095E-02 -4.3330E-01 -1.4093E-01 -1.9665E-01
  7.4550E-02 -4.3132E-01 -1.4180E-01 -1.9785E-01
  7.5009E-02 -4.2930E-01 -1.4268E-01 -1.9906E-01
  7.5470E-02 -4.2723E-01 -1.4356E-01 -2.0027E-01
  7.5934E-02 -4.2512E-01 -1.4444E-01 -2.0150E-01
  7.6400E-02 -4.2296E-01 -1.4533E-01 -2.0273E-01
  7.6870E-02 -4.2077E-01 -1.4623E-01 -2.0397E-01
  7.7342E-02 -4.1853E-01 -1.4713E-01 -2.0521E-01
  7.7818E-02 -4.1625E-01 -1.4804E-01 -2.0647E-01
  7.8296E-02 -4.1392E-01 -1.4895E-01 -2.0773E-01
  7.8777E-02 -4.1155E-01 -1.4987E-01 -2.0900E-01
  7.9261E-02 -4.0913E-01 -1.5079E-01 -2.1027E-01
  7.9748E-02 -4.0667E-01 -1.5172E-01 -2.1156E-01
  8.0238E-02 -4.0417E-01 -1.5266E-01 -2.1285E-01
  8.0731E-02 -4.0162E-01 -1.5360E-01 -2.1415E-01
  8.1228E-02 -3.9903E-01 -1.5454E-01 -2.1545E-01
  8.1727E-02 -3.9639E-01 -1.5550E-01 -2.1677E-01
  8.2229E-02 -3.9370E-01 -1.5646E-01 -2.1809E-01
  8.2734E-02 -3.9097E-01 -1.5742E-01 -2.1942E-01
  8.3242E-02 -3.8819E-01 -1.5839E-01 -2.2076E-01
  8.3754E-02 -3.8537E-01 -1.5937E-01 -2.2211E-01
  8.4268E-02 -3.8250E-01 -1.6035E-01 -2.2346E-01
  8.4786E-02 -3.7958E-01 -1.6134E-01 -2.2482E-01
  8.5307E-02 -3.7662E-01 -1.6233E-01 -2.2620E-01
  8.5831E-02 -3.7361E-01 -1.6334E-01 -2.2757E-01
  8.6358E-02 -3.7055E-01 -1.6434E-01 -2.2896E-01
  8.6889E-02 -3.6745E-01 -1.6536E-01 -2.3036E-01
  8.7422E-02 -3.6429E-01 -1.6638E-01 -2.3176E-01
  8.7959E-02 -3.6109E-01 -1.6740E-01 -2.3317E-01
  8.8499E-02 -3.5784E-01 -1.6843E-01 -2.3459E-01
  8.9043E-02 -3.5455E-01 -1.6947E-01 -2.3602E-01
  8.9590E-02 -3.5120E-01 -1.7052E-01 -2.3746E-01
  9.0140E-02 -3.4781E-01 -1.7157E-01 -2.3891E-01
  9.0694E-02 -3.4436E-01 -1.7263E-01 -2.4036E-01
  9.1251E-02 -3.4087E-01 -1.7369E-01 -2.4183E-01
  9.1811E-02 -3.3733E-01 -1.7476E-01 -2.4330E-01
  9.2375E-02 -3.3374E-01 -1.7584E-01 -2.4478E-01
  9.2942E-02 -3.3010E-01 -1.7693E-01 -2.4627E-01
  9.3513E-02 -3.2642E-01 -1.7802E-01 -2.4777E-01
  9.4087E-02 -3.2268E-01 -1.7911E-01 -2.4927E-01
  9.4665E-02 -3.1889E-01 -1.8022E-01 -2.5079E-01
  9.5246E-02 -3.1505E-01 -1.8133E-01 -2.5232E-01
  9.5831E-02 -3.1117E-01 -1.8245E-01 -2.5385E-01
  9.6419E-02 -3.0723E-01 -1.8358E-01 -2.5539E-01
  9.7011E-02 -3.0324E-01 -1.8471E-01 -2.5695E-01
  9.7607E-02 -2.9920E-01 -1.8585E-01 -2.5851E-01
  9.8206E-02 -2.9512E-01 -1.8699E-01 -2.6008E-01
  9.8809E-02 -2.9098E-01 -1.8815E-01 -2.6166E-01
  9.9415E-02 -2.8679E-01 -1.8931E-01 -2.6325E-01
  1.0003E-01 -2.8255E-01 -1.9048E-01 -2.6485E-01
  1.0064E-01 -2.7826E-01 -1.9165E-01 -2.6646E-01
  1.0126E-01 -2.7392E-01 -1.9283E-01 -2.6808E-01
  1.0188E-01 -2.6953E-01 -1.9402E-01 -2.6971E-01
  1.0250E-01 -2.6509E-01 -1.9522E-01 -2.7134E-01
  1.0313E-01 -2.6060E-01 -1.9643E-01 -2.7299E-01
  1.0377E-01 -2.5606E-01 -1.9764E-01 -2.7465E-01
  1.0440E-01 -2.5147E-01 -1.9886E-01 -2.7631E-01
  1.0504E-01 -2.4682E-01 -2.0008E-01 -2.7799E-01
  1.0569E-01 -2.4213E-01 -2.0132E-01 -2.7968E-01
  1.0634E-01 -2.3738E-01 -2.0256E-01 -2.8137E-01
  1.0699E-01 -2.3259E-01 -2.0381E-01 -2.8308E-01
  1.0765E-01 -2.2774E-01 -2.0507E-01 -2.8480E-01
  1.0831E-01 -2.2285E-01 -2.0634E-01 -2.8652E-01
  1.0897E-01 -2.1790E-01 -2.0761E-01 -2.8826E-01
  1.0964E-01 -2.1290E-01 -2.0889E-01 -2.9001E-01
  1.1031E-01 -2.0785E-01 -2.1018E-01 -2.9176E-01
  1.1099E-01 -2.0276E-01 -2.1148E-01 -2.9353E-01
  1.1167E-01 -1.9761E-01 -2.1278E-01 -2.9531E-01
  1.1236E-01 -1.9241E-01 -2.1410E-01 -2.9710E-01
  1.1305E-01 -1.8716E-01 -2.1542E-01 -2.9889E-01
  1.1374E-01 -1.8186E-01 -2.1675E-01 -3.0070E-01
  1.1444E-01 -1.7651E-01 -2.1809E-01 -3.0252E-01
  1.1514E-01 -1.7112E-01 -2.1944E-01 -3.0435E-01
  1.1585E-01 -1.6567E-01 -2.2079E-01 -3.0619E-01
  1.1656E-01 -1.6017E-01 -2.2215E-01 -3.0805E-01
  1.1727E-01 -1.5463E-01 -2.2353E-01 -3.0991E-01
  1.1799E-01 -1.4903E-01 -2.2491E-01 -3.1178E-01
  1.1872E-01 -1.4339E-01 -2.2630E-01 -3.1367E-01
  1.1944E-01 -1.3770E-01 -2.2770E-01 -3.1556E-01
  1.2018E-01 -1.3196E-01 -2.2910E-01 -3.1747E-01
  1.2091E-01 -1.2617E-01 -2.3052E-01 -3.1939E-01
  1.2166E-01 -1.2033E-01 -2.3194E-01 -3.2131E-01
  1.2240E-01 -1.1445E-01 -2.3337E-01 -3.2325E-01
  1.2315E-01 -1.0851E-01 -2.3482E-01 -3.2521E-01
  1.2391E-01 -1.0254E-01 -2.3627E-01 -3.2717E-01
  1.2467E-01 -9.6510E-02 -2.3773E-01 -3.2914E-01
  1.2543E-01 -9.0437E-02 -2.3920E-01 -3.3113E-01
  1.2620E-01 -8.4318E-02 -2.4068E-01 -3.3312E-01
  1.2698E-01 -7.8153E-02 -2.4216E-01 -3.3513E-01
  1.2775E-01 -7.1942E-02 -2.4366E-01 -3.3715E-01
  1.2854E-01 -6.5686E-02 -2.4517E-01 -3.3918E-01
  1.2933E-01 -5.9385E-02 -2.4668E-01 -3.4123E-01
  1.3012E-01 -5.3039E-02 -2.4821E-01 -3.4328E-01
  1.3092E-01 -4.6648E-02 -2.4974E-01 -3.4535E-01
  1.3172E-01 -4.0214E-02 -2.5129E-01 -3.4743E-01
  1.3253E-01 -3.3737E-02 -2.5284E-01 -3.4952E-01
  1.3334E-01 -2.7216E-02 -2.5441E-01 -3.5162E-01
  1.3416E-01 -2.0652E-02 -2.5598E-01 -3.5374E-01
  1.3498E-01 -1.4046E-02 -2.5756E-01 -3.5586E-01
  1.3581E-01 -7.3989E-03 -2.5916E-01 -3.5800E-01
  1.3664E-01 -7.1004E-04 -2.6076E-01 -3.6015E-01
  1.3748E-01  6.0197E-03 -2.6237E-01 -3.6232E-01
  1.3832E-01  1.2790E-02 -2.6400E-01 -3.6449E-01
  1.3917E-01  1.9600E-02 -2.6563E-01 -3.6668E-01
  1.4002E-01  2.6449E-02 -2.6727E-01 -3.6888E-01
  1.4088E-01  3.3337E-02 -2.6893E-01 -3.7110E-01
  1.4175E-01  4.0264E-02 -2.7059E-01 -3.7332E-01
  1.4262E-01  4.7228E-02 -2.7227E-01 -3.7556E-01
  1.4349E-01  5.4229E-02 -2.7395E-01 -3.7781E-01
  1.4437E-01  6.1267E-02 -2.7565E-01 -3.8008E-01
  1.4526E-01  6.8341E-02 -2.7736E-01 -3.8235E-01
  1.4615E-01  7.5450E-02 -2.7907E-01 -3.8464E-01
  1.4704E-01  8.2593E-02 -2.8080E-01 -3.8695E-01
  1.4794E-01  8.9771E-02 -2.8254E-01 -3.8926E-01
  1.4885E-01  9.6982E-02 -2.8429E-01 -3.9159E-01
  1.4976E-01  1.0423E-01 -2.8605E-01 -3.9393E-01
  1.5068E-01  1.1150E-01 -2.8782E-01 -3.9629E-01
  1.5160E-01  1.1881E-01 -2.8961E-01 -3.9866E-01
  1.5253E-01  1.2615E-01 -2.9140E-01 -4.0104E-01
  1.5347E-01  1.3351E-01 -2.9321E-01 -4.0343E-01
  1.5441E-01  1.4091E-01 -2.9503E-01 -4.0584E-01
  1.5536E-01  1.4834E-01 -2.9685E-01 -4.0826E-01
  1.5631E-01  1.5579E-01 -2.9869E-01 -4.1070E-01
  1.5727E-01  1.6327E-01 -3.0055E-01 -4.1315E-01
  1.5823E-01  1.7077E-01 -3.0241E-01 -4.1561E-01
  1.5920E-01  1.7830E-01 -3.0428E-01 -4.1809E-01
  1.6018E-01  1.8586E-01 -3.0617E-01 -4.2058E-01
  1.6116E-01  1.9343E-01 -3.0807E-01 -4.2308E-01
  1.6215E-01  2.0103E-01 -3.0998E-01 -4.2560E-01
  1.6314E-01  2.0865E-01 -3.1190E-01 -4.2813E-01
  1.6414E-01  2.1630E-01 -3.1384E-01 -4.3068E-01
  1.6515E-01  2.2396E-01 -3.1579E-01 -4.3324E-01
  1.6616E-01  2.3164E-01 -3.1775E-01 -4.3581E-01
  1.6718E-01  2.3934E-01 -3.1972E-01 -4.3840E-01
  1.6820E-01  2.4705E-01 -3.2170E-01 -4.4100E-01
  1.6923E-01  2.5478E-01 -3.2370E-01 -4.4362E-01
  1.7027E-01  2.6253E-01 -3.2571E-01 -4.4625E-01
  1.7131E-01  2.7029E-01 -3.2773E-01 -4.4889E-01
  1.7236E-01  2.7806E-01 -3.2976E-01 -4.5155E-01
  1.7342E-01  2.8585E-01 -3.3181E-01 -4.5423E-01
  1.7448E-01  2.9364E-01 -3.3387E-01 -4.5692E-01
  1.7555E-01  3.0145E-01 -3.3595E-01 -4.5962E-01
  1.7663E-01  3.0926E-01 -3.3803E-01 -4.6234E-01
  1.7771E-01  3.1708E-01 -3.4013E-01 -4.6507E-01
  1.7880E-01  3.2491E-01 -3.4225E-01 -4.6782E-01
  1.7989E-01  3.3274E-01 -3.4437E-01 -4.7058E-01
  1.8099E-01  3.4058E-01 -3.4651E-01 -4.7335E-01
  1.8210E-01  3.4842E-01 -3.4867E-01 -4.7615E-01
  1.8322E-01  3.5626E-01 -3.5084E-01 -4.7895E-01
  1.8434E-01  3.6410E-01 -3.5302E-01 -4.8177E-01
  1.8547E-01  3.7193E-01 -3.5521E-01 -4.8461E-01
  1.8661E-01  3.7977E-01 -3.5742E-01 -4.8746E-01
  1.8775E-01  3.8761E-01 -3.5964E-01 -4.9033E-01
  1.8890E-01  3.9543E-01 -3.6188E-01 -4.9321E-01
  1.9006E-01  4.0326E-01 -3.6413E-01 -4.9610E-01
  1.9122E-01  4.1107E-01 -3.6640E-01 -4.9902E-01
  1.9240E-01  4.1888E-01 -3.6868E-01 -5.0194E-01
  1.9357E-01  4.2668E-01 -3.7097E-01 -5.0489E-01
  1.9476E-01  4.3446E-01 -3.7328E-01 -5.0784E-01
  1.9595E-01  4.4223E-01 -3.7561E-01 -5.1082E-01
  1.9715E-01  4.4999E-01 -3.7794E-01 -5.1380E-01
  1.9836E-01  4.5774E-01 -3.8030E-01 -5.1681E-01
  1.9958E-01  4.6546E-01 -3.8267E-01 -5.1983E-01
  2.0080E-01  4.7317E-01 -3.8505E-01 -5.2286E-01
  2.0203E-01  4.8086E-01 -3.8745E-01 -5.2591E-01
  2.0327E-01  4.8852E-01 -3.8986E-01 -5.2898E-01
  2.0451E-01  4.9617E-01 -3.9229E-01 -5.3206E-01
  2.0577E-01  5.0378E-01 -3.9474E-01 -5.3516E-01
  2.0703E-01  5.1138E-01 -3.9720E-01 -5.3827E-01
  2.0829E-01  5.1894E-01 -3.9967E-01 -5.4140E-01
  2.0957E-01  5.2648E-01 -4.0216E-01 -5.4454E-01
  2.1085E-01  5.3398E-01 -4.0467E-01 -5.4770E-01
  2.1215E-01  5.4146E-01 -4.0719E-01 -5.5088E-01
  2.1345E-01  5.4890E-01 -4.0973E-01 -5.5407E-01
  2.1475E-01  5.5630E-01 -4.1229E-01 -5.5728E-01
  2.1607E-01  5.6367E-01 -4.1486E-01 -5.6050E-01
  2.1739E-01  5.7100E-01 -4.1745E-01 -5.6374E-01
  2.1872E-01  5.7828E-01 -4.2006E-01 -5.6700E-01
  2.2006E-01  5.8553E-01 -4.2268E-01 -5.7027E-01
  2.2141E-01  5.9273E-01 -4.2532E-01 -5.7356E-01
  2.2277E-01  5.9989E-01 -4.2797E-01 -5.7686E-01
  2.2413E-01  6.0700E-01 -4.3064E-01 -5.8018E-01
  2.2550E-01  6.1406E-01 -4.3333E-01 -5.8351E-01
  2.2689E-01  6.2107E-01 -4.3604E-01 -5.8686E-01
  2.2827E-01  6.2803E-01 -4.3876E-01 -5.9023E-01
  2.2967E-01  6.3494E-01 -4.4150E-01 -5.9361E-01
  2.3108E-01  6.4178E-01 -4.4426E-01 -5.9701E-01
  2.3249E-01  6.4858E-01 -4.4704E-01 -6.0042E-01
  2.3392E-01  6.5531E-01 -4.4983E-01 -6.0385E-01
  2.3535E-01  6.6198E-01 -4.5264E-01 -6.0730E-01
  2.3679E-01  6.6859E-01 -4.5547E-01 -6.1076E-01
  2.3824E-01  6.7513E-01 -4.5832E-01 -6.1424E-01
  2.3970E-01  6.8161E-01 -4.6118E-01 -6.1773E-01
  2.4117E-01  6.8801E-01 -4.6407E-01 -6.2124E-01
  2.4265E-01  6.9435E-01 -4.6697E-01 -6.2477E-01
  2.4413E-01  7.0062E-01 -4.6989E-01 -6.2831E-01
  2.4563E-01  7.0681E-01 -4.7283E-01 -6.3187E-01
  2.4713E-01  7.1292E-01 -4.7579E-01 -6.3544E-01
  2.4865E-01  7.1896E-01 -4.7877E-01 -6.3903E-01
  2.5017E-01  7.2492E-01 -4.8176E-01 -6.4263E-01
  2.5170E-01  7.3080E-01 -4.8478E-01 -6.4625E-01
  2.5324E-01  7.3659E-01 -4.8781E-01 -6.4989E-01
  2.5479E-01  7.4230E-01 -4.9087E-01 -6.5354E-01
  2.5635E-01  7.4792E-01 -4.9394E-01 -6.5721E-01
  2.5792E-01  7.5345E-01 -4.9703E-01 -6.6089E-01
  2.5950E-01  7.5889E-01 -5.0014E-01 -6.6459E-01
  2.6109E-01  7.6424E-01 -5.0328E-01 -6.6830E-01
  2.6269E-01  7.6949E-01 -5.0643E-01 -6.7203E-01
  2.6430E-01  7.7464E-01 -5.0960E-01 -6.7577E-01
  2.6592E-01  7.7970E-01 -5.1279E-01 -6.7953E-01
  2.6754E-01  7.8466E-01 -5.1601E-01 -6.8330E-01
  2.6918E-01  7.8951E-01 -5.1924E-01 -6.8709E-01
  2.7083E-01  7.9426E-01 -5.2250E-01 -6.9089E-01
  2.7249E-01  7.9890E-01 -5.2577E-01 -6.9471E-01
  2.7416E-01  8.0343E-01 -5.2907E-01 -6.9855E-01
  2.7584E-01  8.0786E-01 -5.3238E-01 -7.0239E-01
  2.7752E-01  8.1217E-01 -5.3572E-01 -7.0626E-01
  2.7922E-01  8.1637E-01 -5.3908E-01 -7.1013E-01
  2.8093E-01  8.2045E-01 -5.4246E-01 -7.1402E-01
  2.8265E-01  8.2441E-01 -5.4586E-01 -7.1793E-01
  2.8438E-01  8.2825E-01 -5.4928E-01 -7.2185E-01
  2.8613E-01  8.3197E-01 -5.5273E-01 -7.2578E-01
  2.8788E-01  8.3557E-01 -5.5620E-01 -7.2973E-01
  2.8964E-01  8.3904E-01 -5.5968E-01 -7.3369E-01
  2.9141E-01  8.4238E-01 -5.6320E-01 -7.3766E-01
  2.9320E-01  8.4560E-01 -5.6673E-01 -7.4165E-01
  2.9499E-01  8.4868E-01 -5.7028E-01 -7.4565E-01
  2.9680E-01  8.5163E-01 -5.7386E-01 -7.4967E-01
  2.9862E-01  8.5444E-01 -5.7746E-01 -7.5369E-01
  3.0044E-01  8.5712E-01 -5.8108E-01 -7.5773E-01
  3.0228E-01  8.5965E-01 -5.8473E-01 -7.6178E-01
  3.0413E-01  8.6205E-01 -5.8840E-01 -7.6585E-01
  3.0600E-01  8.6431E-01 -5.9209E-01 -7.6993E-01
  3.0787E-01  8.6642E-01 -5.9581E-01 -7.7401E-01
  3.0975E-01  8.6838E-01 -5.9954E-01 -7.7811E-01
  3.1165E-01  8.7019E-01 -6.0331E-01 -7.8223E-01
  3.1356E-01  8.7186E-01 -6.0709E-01 -7.8635E-01
  3.1548E-01  8.7337E-01 -6.1090E-01 -7.9048E-01
  3.1741E-01  8.7473E-01 -6.1473E-01 -7.9463E-01
  3.1935E-01  8.7594E-01 -6.1859E-01 -7.9878E-01
  3.2131E-01  8.7699E-01 -6.2247E-01 -8.0295E-01
  3.2327E-01  8.7788E-01 -6.2638E-01 -8.0712E-01
  3.2525E-01  8.7861E-01 -6.3031E-01 -8.1131E-01
  3.2724E-01  8.7917E-01 -6.3426E-01 -8.1551E-01
  3.2925E-01  8.7958E-01 -6.3824E-01 -8.1971E-01
  3.3126E-01  8.7982E-01 -6.4224E-01 -8.2392E-01
  3.3329E-01  8.7989E-01 -6.4627E-01 -8.2814E-01
  3.3533E-01  8.7979E-01 -6.5032E-01 -8.3237E-01
  3.3738E-01  8.7952E-01 -6.5440E-01 -8.3661E-01
  3.3945E-01  8.7908E-01 -6.5850E-01 -8.4086E-01
  3.4152E-01  8.7847E-01 -6.6263E-01 -8.4511E-01
  3.4362E-01  8.7769E-01 -6.6678E-01 -8.4937E-01
  3.4572E-01  8.7672E-01 -6.7096E-01 -8.5363E-01
  3.4783E-01  8.7558E-01 -6.7517E-01 -8.5790E-01
  3.4996E-01  8.7426E-01 -6.7940E-01 -8.6218E-01
  3.5211E-01  8.7276E-01 -6.8365E-01 -8.6646E-01
  3.5426E-01  8.7108E-01 -6.8793E-01 -8.7075E-01
  3.5643E-01  8.6922E-01 -6.9224E-01 -8.7504E-01
  3.5861E-01  8.6717E-01 -6.9657E-01 -8.7934E-01
  3.6081E-01  8.6493E-01 -7.0093E-01 -8.8364E-01
  3.6301E-01  8.6251E-01 -7.0532E-01 -8.8794E-01
  3.6524E-01  8.5990E-01 -7.0973E-01 -8.9224E-01
  3.6747E-01  8.5710E-01 -7.1417E-01 -8.9655E-01
  3.6972E-01  8.5411E-01 -7.1863E-01 -9.0085E-01
  3.7198E-01  8.5093E-01 -7.2313E-01 -9.0516E-01
  3.7426E-01  8.4755E-01 -7.2764E-01 -9.0947E-01
  3.7655E-01  8.4398E-01 -7.3219E-01 -9.1378E-01
  3.7886E-01  8.4022E-01 -7.3676E-01 -9.1809E-01
  3.8117E-01  8.3626E-01 -7.4136E-01 -9.2239E-01
  3.8351E-01  8.3210E-01 -7.4598E-01 -9.2670E-01
  3.8585E-01  8.2775E-01 -7.5064E-01 -9.3100E-01
  3.8822E-01  8.2320E-01 -7.5531E-01 -9.3529E-01
  3.9059E-01  8.1844E-01 -7.6002E-01 -9.3959E-01
  3.9298E-01  8.1349E-01 -7.6475E-01 -9.4388E-01
  3.9539E-01  8.0834E-01 -7.6951E-01 -9.4816E-01
  3.9781E-01  8.0298E-01 -7.7430E-01 -9.5244E-01
  4.0024E-01  7.9742E-01 -7.7912E-01 -9.5671E-01
  4.0269E-01  7.9166E-01 -7.8396E-01 -9.6097E-01
  4.0516E-01  7.8570E-01 -7.8883E-01 -9.6522E-01
  4.0764E-01  7.7953E-01 -7.9372E-01 -9.6947E-01
  4.1013E-01  7.7316E-01 -7.9865E-01 -9.7370E-01
  4.1264E-01  7.6658E-01 -8.0360E-01 -9.7793E-01
  4.1517E-01  7.5979E-01 -8.0858E-01 -9.8214E-01
  4.1771E-01  7.5280E-01 -8.1358E-01 -9.8634E-01
  4.2026E-01  7.4561E-01 -8.1862E-01 -9.9052E-01
  4.2283E-01  7.3821E-01 -8.2368E-01 -9.9470E-01
  4.2542E-01  7.3060E-01 -8.2876E-01 -9.9885E-01
  4.2803E-01  7.2278E-01 -8.3388E-01 -1.0030E+00
  4.3064E-01  7.1476E-01 -8.3902E-01 -1.0071E+00
  4.3328E-01  7.0653E-01 -8.4419E-01 -1.0112E+00
  4.3593E-01  6.9810E-01 -8.4939E-01 -1.0153E+00
  4.3860E-01  6.8946E-01 -8.5461E-01 -1.0194E+00
  4.4128E-01  6.8061E-01 -8.5986E-01 -1.0234E+00
  4.4398E-01  6.7156E-01 -8.6514E-01 -1.0274E+00
  4.4670E-01  6.6230E-01 -8.7044E-01 -1.0314E+00
  4.4943E-01  6.5283E-01 -8.7578E-01 -1.0354E+00
  4.5218E-01  6.4316E-01 -8.8113E-01 -1.0393E+00
  4.5495E-01  6.3329E-01 -8.8652E-01 -1.0433E+00
  4.5774E-01  6.2321E-01 -8.9193E-01 -1.0471E+00
  4.6054E-01  6.1293E-01 -8.9737E-01 -1.0510E+00
  4.6335E-01  6.0244E-01 -9.0283E-01 -1.0548E+00
  4.6619E-01  5.9175E-01 -9.0832E-01 -1.0586E+00
  4.6904E-01  5.8086E-01 -9.1383E-01 -1.0624E+00
  4.7191E-01  5.6977E-01 -9.1937E-01 -1.0661E+00
  4.7480E-01  5.5848E-01 -9.2494E-01 -1.0698E+00
  4.7771E-01  5.4699E-01 -9.3053E-01 -1.0734E+00
  4.8063E-01  5.3531E-01 -9.3615E-01 -1.0771E+00
  4.8357E-01  5.2342E-01 -9.4179E-01 -1.0806E+00
  4.8653E-01  5.1134E-01 -9.4745E-01 -1.0841E+00
  4.8951E-01  4.9907E-01 -9.5314E-01 -1.0876E+00
  4.9250E-01  4.8660E-01 -9.5886E-01 -1.0911E+00
  4.9551E-01  4.7394E-01 -9.6460E-01 -1.0945E+00
  4.9855E-01  4.6109E-01 -9.7036E-01 -1.0978E+00
  5.0160E-01  4.4805E-01 -9.7614E-01 -1.1011E+00
  5.0467E-01  4.3483E-01 -9.8195E-01 -1.1043E+00
  5.0775E-01  4.2142E-01 -9.8778E-01 -1.1075E+00
  5.1086E-01  4.0783E-01 -9.9363E-01 -1.1106E+00
  5.1399E-01  3.9405E-01 -9.9950E-01 -1.1137E+00
  5.1713E-01  3.8009E-01 -1.0054E+00 -1.1167E+00
  5.2029E-01  3.6596E-01 -1.0113E+00 -1.1196E+00
  5.2348E-01  3.5165E-01 -1.0173E+00 -1.1225E+00
  5.2668E-01  3.3716E-01 -1.0232E+00 -1.1253E+00
  5.2990E-01  3.2251E-01 -1.0292E+00 -1.1281E+00
  5.3315E-01  3.0768E-01 -1.0352E+00 -1.1308E+00
  5.3641E-01  2.9269E-01 -1.0412E+00 -1.1334E+00
  5.3969E-01  2.7753E-01 -1.0472E+00 -1.1359E+00
  5.4299E-01  2.6221E-01 -1.0533E+00 -1.1384E+00
  5.4631E-01  2.4674E-01 -1.0593E+00 -1.1408E+00
  5.4966E-01  2.3110E-01 -1.0654E+00 -1.1431E+00
  5.5302E-01  2.1531E-01 -1.0715E+00 -1.1453E+00
  5.5640E-01  1.9937E-01 -1.0776E+00 -1.1474E+00
  5.5981E-01  1.8328E-01 -1.0838E+00 -1.1495E+00
  5.6323E-01  1.6705E-01 -1.0899E+00 -1.1514E+00
  5.6668E-01  1.5067E-01 -1.0960E+00 -1.1533E+00
  5.7015E-01  1.3416E-01 -1.1022E+00 -1.1551E+00
  5.7363E-01  1.1751E-01 -1.1084E+00 -1.1567E+00
  5.7714E-01  1.0073E-01 -1.1146E+00 -1.1583E+00
  5.8067E-01  8.3816E-02 -1.1208E+00 -1.1598E+00
  5.8423E-01  6.6780E-02 -1.1270E+00 -1.1612E+00
  5.8780E-01  4.9622E-02 -1.1332E+00 -1.1624E+00
  5.9140E-01  3.2346E-02 -1.1394E+00 -1.1636E+00
  5.9502E-01  1.4956E-02 -1.1456E+00 -1.1646E+00
  5.9866E-01 -2.5439E-03 -1.1519E+00 -1.1656E+00
  6.0232E-01 -2.0150E-02 -1.1581E+00 -1.1664E+00
  6.0600E-01 -3.7859E-02 -1.1643E+00 -1.1671E+00
  6.0971E-01 -5.5666E-02 -1.1706E+00 -1.1677E+00
  6.1344E-01 -7.3567E-02 -1.1768E+00 -1.1681E+00
  6.1719E-01 -9.1557E-02 -1.1830E+00 -1.1685E+00
  6.2097E-01 -1.0963E-01 -1.1893E+00 -1.1687E+00
  6.2477E-01 -1.2779E-01 -1.1955E+00 -1.1688E+00
  6.2859E-01 -1.4602E-01 -1.2017E+00 -1.1687E+00
  6.3244E-01 -1.6432E-01 -1.2079E+00 -1.1685E+00
  6.3631E-01 -1.8269E-01 -1.2142E+00 -1.1682E+00
  6.4020E-01 -2.0113E-01 -1.2204E+00 -1.1677E+00
  6.4411E-01 -2.1961E-01 -1.2266E+00 -1.1670E+00
  6.4806E-01 -2.3815E-01 -1.2327E+00 -1.1663E+00
  6.5202E-01 -2.5674E-01 -1.2389E+00 -1.1653E+00
  6.5601E-01 -2.7537E-01 -1.2451E+00 -1.1643E+00
  6.6002E-01 -2.9404E-01 -1.2512E+00 -1.1630E+00
  6.6406E-01 -3.1273E-01 -1.2573E+00 -1.1616E+00
  6.6812E-01 -3.3145E-01 -1.2634E+00 -1.1601E+00
  6.7221E-01 -3.5019E-01 -1.2695E+00 -1.1584E+00
  6.7632E-01 -3.6895E-01 -1.2755E+00 -1.1565E+00
  6.8046E-01 -3.8771E-01 -1.2815E+00 -1.1544E+00
  6.8462E-01 -4.0648E-01 -1.2875E+00 -1.1522E+00
  6.8881E-01 -4.2525E-01 -1.2935E+00 -1.1498E+00
  6.9302E-01 -4.4400E-01 -1.2994E+00 -1.1473E+00
  6.9726E-01 -4.6274E-01 -1.3053E+00 -1.1445E+00
  7.0153E-01 -4.8146E-01 -1.3112E+00 -1.1416E+00
  7.0582E-01 -5.0015E-01 -1.3170E+00 -1.1384E+00
  7.1014E-01 -5.1881E-01 -1.3228E+00 -1.1351E+00
  7.1448E-01 -5.3743E-01 -1.3285E+00 -1.1316E+00
  7.1885E-01 -5.5600E-01 -1.3342E+00 -1.1280E+00
  7.2325E-01 -5.7452E-01 -1.3399E+00 -1.1241E+00
  7.2767E-01 -5.9298E-01 -1.3455E+00 -1.1200E+00
  7.3212E-01 -6.1137E-01 -1.3510E+00 -1.1158E+00
  7.3660E-01 -6.2969E-01 -1.3565E+00 -1.1113E+00
  7.4111E-01 -6.4793E-01 -1.3619E+00 -1.1066E+00
  7.4564E-01 -6.6609E-01 -1.3673E+00 -1.1017E+00
  7.5020E-01 -6.8415E-01 -1.3725E+00 -1.0967E+00
  7.5479E-01 -7.0211E-01 -1.3778E+00 -1.0914E+00
  7.5941E-01 -7.1996E-01 -1.3829E+00 -1.0859E+00
  7.6406E-01 -7.3770E-01 -1.3880E+00 -1.0802E+00
  7.6873E-01 -7.5532E-01 -1.3930E+00 -1.0743E+00
  7.7343E-01 -7.7281E-01 -1.3979E+00 -1.0682E+00
  7.7816E-01 -7.9016E-01 -1.4028E+00 -1.0619E+00
  7.8292E-01 -8.0736E-01 -1.4075E+00 -1.0553E+00
  7.8771E-01 -8.2442E-01 -1.4122E+00 -1.0486E+00
  7.9253E-01 -8.4132E-01 -1.4167E+00 -1.0416E+00
  7.9738E-01 -8.5805E-01 -1.4212E+00 -1.0344E+00
  8.0226E-01 -8.7460E-01 -1.4255E+00 -1.0270E+00
  8.0716E-01 -8.9098E-01 -1.4298E+00 -1.0194E+00
  8.1210E-01 -9.0717E-01 -1.4339E+00 -1.0115E+00
  8.1707E-01 -9.2315E-01 -1.4380E+00 -1.0035E+00
  8.2207E-01 -9.3894E-01 -1.4419E+00 -9.9523E-01
  8.2709E-01 -9.5451E-01 -1.4457E+00 -9.8675E-01
  8.3215E-01 -9.6986E-01 -1.4493E+00 -9.7806E-01
  8.3724E-01 -9.8498E-01 -1.4528E+00 -9.6915E-01
  8.4236E-01 -9.9986E-01 -1.4562E+00 -9.6003E-01
  8.4752E-01 -1.0145E+00 -1.4595E+00 -9.5071E-01
  8.5270E-01 -1.0289E+00 -1.4626E+00 -9.4117E-01
  8.5792E-01 -1.0430E+00 -1.4656E+00 -9.3143E-01
  8.6316E-01 -1.0569E+00 -1.4684E+00 -9.2148E-01
  8.6844E-01 -1.0705E+00 -1.4710E+00 -9.1133E-01
  8.7376E-01 -1.0838E+00 -1.4735E+00 -9.0098E-01
  8.7910E-01 -1.0968E+00 -1.4758E+00 -8.9043E-01
  8.8448E-01 -1.1095E+00 -1.4779E+00 -8.7968E-01
  8.8989E-01 -1.1219E+00 -1.4799E+00 -8.6875E-01
  8.9533E-01 -1.1339E+00 -1.4817E+00 -8.5762E-01
  9.0081E-01 -1.1457E+00 -1.4833E+00 -8.4631E-01
  9.0632E-01 -1.1571E+00 -1.4847E+00 -8.3483E-01
  9.1186E-01 -1.1682E+00 -1.4859E+00 -8.2316E-01
  9.1744E-01 -1.1789E+00 -1.4868E+00 -8.1133E-01
  9.2305E-01 -1.1893E+00 -1.4876E+00 -7.9932E-01
  9.2869E-01 -1.1993E+00 -1.4882E+00 -7.8716E-01
  9.3438E-01 -1.2089E+00 -1.4885E+00 -7.7484E-01
  9.4009E-01 -1.2182E+00 -1.4886E+00 -7.6237E-01
  9.4584E-01 -1.2270E+00 -1.4885E+00 -7.4975E-01
  9.5163E-01 -1.2355E+00 -1.4881E+00 -7.3699E-01
  9.5745E-01 -1.2435E+00 -1.4875E+00 -7.2411E-01
  9.6330E-01 -1.2512E+00 -1.4866E+00 -7.1109E-01
  9.6919E-01 -1.2584E+00 -1.4855E+00 -6.9796E-01
  9.7512E-01 -1.2652E+00 -1.4841E+00 -6.8472E-01
  9.8109E-01 -1.2716E+00 -1.4824E+00 -6.7137E-01
  9.8709E-01 -1.2775E+00 -1.4805E+00 -6.5793E-01
  9.9312E-01 -1.2830E+00 -1.4782E+00 -6.4440E-01
  9.9920E-01 -1.2880E+00 -1.4757E+00 -6.3079E-01
  1.0053E+00 -1.2926E+00 -1.4729E+00 -6.1711E-01
  1.0115E+00 -1.2967E+00 -1.4698E+00 -6.0336E-01
  1.0176E+00 -1.3003E+00 -1.4663E+00 -5.8957E-01
  1.0239E+00 -1.3034E+00 -1.4626E+00 -5.7573E-01
  1.0301E+00 -1.3060E+00 -1.4585E+00 -5.6185E-01
  1.0364E+00 -1.3082E+00 -1.4541E+00 -5.4795E-01
  1.0428E+00 -1.3098E+00 -1.4494E+00 -5.3404E-01
  1.0491E+00 -1.3109E+00 -1.4443E+00 -5.2012E-01
  1.0556E+00 -1.3115E+00 -1.4388E+00 -5.0620E-01
  1.0620E+00 -1.3116E+00 -1.4330E+00 -4.9231E-01
  1.0685E+00 -1.3112E+00 -1.4269E+00 -4.7843E-01
  1.0751E+00 -1.3102E+00 -1.4203E+00 -4.6460E-01
  1.0816E+00 -1.3087E+00 -1.4134E+00 -4.5081E-01
  1.0882E+00 -1.3066E+00 -1.4061E+00 -4.3708E-01
  1.0949E+00 -1.3040E+00 -1.3985E+00 -4.2342E-01
  1.1016E+00 -1.3008E+00 -1.3904E+00 -4.0985E-01
  1.1083E+00 -1.2971E+00 -1.3819E+00 -3.9636E-01
  1.1151E+00 -1.2928E+00 -1.3730E+00 -3.8297E-01
  1.1219E+00 -1.2879E+00 -1.3637E+00 -3.6970E-01
  1.1288E+00 -1.2825E+00 -1.3539E+00 -3.5655E-01
  1.1357E+00 -1.2765E+00 -1.3438E+00 -3.4354E-01
  1.1426E+00 -1.2698E+00 -1.3332E+00 -3.3068E-01
  1.1496E+00 -1.2626E+00 -1.3221E+00 -3.1797E-01
  1.1567E+00 -1.2548E+00 -1.3106E+00 -3.0542E-01
  1.1637E+00 -1.2464E+00 -1.2987E+00 -2.9306E-01
  1.1709E+00 -1.2374E+00 -1.2863E+00 -2.8088E-01
  1.1780E+00 -1.2278E+00 -1.2734E+00 -2.6889E-01
  1.1852E+00 -1.2175E+00 -1.2601E+00 -2.5712E-01
  1.1925E+00 -1.2067E+00 -1.2463E+00 -2.4556E-01
  1.1998E+00 -1.1952E+00 -1.2320E+00 -2.3423E-01
  1.2071E+00 -1.1831E+00 -1.2172E+00 -2.2312E-01
  1.2145E+00 -1.1704E+00 -1.2019E+00 -2.1226E-01
  1.2219E+00 -1.1571E+00 -1.1862E+00 -2.0166E-01
  1.2294E+00 -1.1431E+00 -1.1699E+00 -1.9130E-01
  1.2369E+00 -1.1286E+00 -1.1531E+00 -1.8121E-01
  1.2445E+00 -1.1133E+00 -1.1358E+00 -1.7140E-01
  1.2521E+00 -1.0975E+00 -1.1181E+00 -1.6185E-01
  1.2597E+00 -1.0810E+00 -1.0998E+00 -1.5259E-01
  1.2674E+00 -1.0639E+00 -1.0809E+00 -1.4362E-01
  1.2752E+00 -1.0462E+00 -1.0616E+00 -1.3493E-01
  1.2830E+00 -1.0279E+00 -1.0418E+00 -1.2654E-01
  1.2908E+00 -1.0089E+00 -1.0214E+00 -1.1845E-01
  1.2987E+00 -9.8930E-01 -1.0005E+00 -1.1065E-01
  1.3067E+00 -9.6909E-01 -9.7906E-01 -1.0316E-01
  1.3147E+00 -9.4825E-01 -9.5710E-01 -9.5966E-02
  1.3227E+00 -9.2681E-01 -9.3462E-01 -8.9075E-02
  1.3308E+00 -9.0475E-01 -9.1162E-01 -8.2484E-02
  1.3389E+00 -8.8209E-01 -8.8808E-01 -7.6193E-02
  1.3471E+00 -8.5882E-01 -8.6403E-01 -7.0199E-02
  1.3554E+00 -8.3496E-01 -8.3945E-01 -6.4500E-02
  1.3636E+00 -8.1051E-01 -8.1435E-01 -5.9093E-02
  1.3720E+00 -7.8548E-01 -7.8872E-01 -5.3974E-02
  1.3804E+00 -7.5987E-01 -7.6259E-01 -4.9137E-02
  1.3888E+00 -7.3369E-01 -7.3594E-01 -4.4577E-02
  1.3973E+00 -7.0694E-01 -7.0878E-01 -4.0290E-02
  1.4059E+00 -6.7965E-01 -6.8112E-01 -3.6267E-02
  1.4145E+00 -6.5180E-01 -6.5296E-01 -3.2502E-02
  1.4231E+00 -6.2343E-01 -6.2431E-01 -2.8987E-02
  1.4318E+00 -5.9453E-01 -5.9518E-01 -2.5715E-02
  1.4406E+00 -5.6511E-01 -5.6556E-01 -2.2678E-02
  1.4494E+00 -5.3519E-01 -5.3548E-01 -1.9865E-02
  1.4582E+00 -5.0478E-01 -5.0493E-01 -1.7270E-02
  1.4672E+00 -4.7389E-01 -4.7393E-01 -1.4883E-02
  1.4761E+00 -4.4253E-01 -4.4249E-01 -1.2694E-02
  1.4852E+00 -4.1072E-01 -4.1062E-01 -1.0694E-02
  1.4942E+00 -3.7847E-01 -3.7832E-01 -8.8755E-03
  1.5034E+00 -3.4580E-01 -3.4562E-01 -7.2283E-03
  1.5126E+00 -3.1272E-01 -3.1252E-01 -5.7442E-03
  1.5218E+00 -2.7925E-01 -2.7904E-01 -4.4148E-03
  1.5311E+00 -2.4540E-01 -2.4520E-01 -3.2323E-03
  1.5405E+00 -2.1119E-01 -2.1100E-01 -2.1891E-03
  1.5499E+00 -1.7665E-01 -1.7647E-01 -1.2785E-03
  1.5594E+00 -1.4178E-01 -1.4162E-01 -4.9415E-04
  1.5689E+00 -1.0660E-01 -1.0647E-01  1.6956E-04
  1.5785E+00 -7.1148E-02 -7.1033E-02  7.1753E-04
  1.5882E+00 -3.5431E-02 -3.5337E-02  1.1540E-03
  1.5979E+00  5.2799E-04  6.0167E-04  1.4825E-03
  1.6077E+00  3.6706E-02  3.6762E-02  1.7059E-03
  1.6175E+00  7.3081E-02  7.3121E-02  1.8264E-03
  1.6274E+00  1.0963E-01  1.0966E-01  1.8458E-03
  1.6373E+00  1.4633E-01  1.4635E-01  1.7656E-03
  1.6473E+00  1.8316E-01  1.8316E-01  1.5868E-03
  1.6574E+00  2.2008E-01  2.2009E-01  1.3108E-03
  1.6675E+00  2.5708E-01  2.5708E-01  9.3926E-04
  1.6777E+00  2.9413E-01  2.9413E-01  4.7435E-04
  1.6880E+00  3.3121E-01  3.3121E-01 -1.0011E-05
  1.6983E+00  3.6828E-01  3.6828E-01 -6.0293E-05
  1.7087E+00  4.0531E-01  4.0531E-01 -3.3832E-05
  1.7192E+00  4.4228E-01  4.4228E-01 -2.6269E-05
  1.7297E+00  4.7916E-01  4.7916E-01  0.0000E+00
  1.7403E+00  5.1593E-01  5.1593E-01  0.0000E+00
  1.7509E+00  5.5254E-01  5.5254E-01  0.0000E+00
  1.7616E+00  5.8896E-01  5.8896E-01  0.0000E+00
  1.7724E+00  6.2518E-01  6.2518E-01  0.0000E+00
  1.7832E+00  6.6115E-01  6.6115E-01  0.0000E+00
  1.7941E+00  6.9684E-01  6.9684E-01  0.0000E+00
  1.8051E+00  7.3222E-01  7.3222E-01  0.0000E+00
  1.8161E+00  7.6726E-01  7.6726E-01  0.0000E+00
  1.8272E+00  8.0192E-01  8.0192E-01  0.0000E+00
  1.8384E+00  8.3617E-01  8.3617E-01  0.0000E+00
  1.8497E+00  8.6997E-01  8.6997E-01  0.0000E+00
  1.8610E+00  9.0329E-01  9.0329E-01  0.0000E+00
  1.8723E+00  9.3609E-01  9.3609E-01  0.0000E+00
  1.8838E+00  9.6834E-01  9.6834E-01  0.0000E+00
  1.8953E+00  1.0000E+00  1.0000E+00  0.0000E+00
  1.9069E+00  1.0310E+00  1.0310E+00  0.0000E+00
  1.9186E+00  1.0614E+00  1.0614E+00  0.0000E+00
  1.9303E+00  1.0911E+00  1.0911E+00  0.0000E+00
  1.9421E+00  1.1200E+00  1.1200E+00  0.0000E+00
  1.9540E+00  1.1482E+00  1.1482E+00  0.0000E+00
  1.9659E+00  1.1756E+00  1.1756E+00  0.0000E+00
  1.9779E+00  1.2021E+00  1.2021E+00  0.0000E+00
  1.9900E+00  1.2277E+00  1.2277E+00  0.0000E+00
  2.0022E+00  1.2525E+00  1.2525E+00  0.0000E+00
  2.0145E+00  1.2762E+00  1.2762E+00  0.0000E+00
  2.0268E+00  1.2990E+00  1.2990E+00  0.0000E+00
  2.0392E+00  1.3207E+00  1.3207E+00  0.0000E+00
  2.0516E+00  1.3414E+00  1.3414E+00  0.0000E+00
  2.0642E+00  1.3610E+00  1.3610E+00  0.0000E+00
  2.0768E+00  1.3794E+00  1.3794E+00  0.0000E+00
  2.0895E+00  1.3967E+00  1.3967E+00  0.0000E+00
  2.1023E+00  1.4127E+00  1.4127E+00  0.0000E+00
  2.1151E+00  1.4276E+00  1.4276E+00  0.0000E+00
  2.1281E+00  1.4411E+00  1.4411E+00  0.0000E+00
  2.1411E+00  1.4533E+00  1.4533E+00  0.0000E+00
  2.1542E+00  1.4642E+00  1.4642E+00  0.0000E+00
  2.1673E+00  1.4737E+00  1.4737E+00  0.0000E+00
  2.1806E+00  1.4819E+00  1.4819E+00  0.0000E+00
  2.1939E+00  1.4885E+00  1.4885E+00  0.0000E+00
  2.2073E+00  1.4937E+00  1.4937E+00  0.0000E+00
  2.2208E+00  1.4975E+00  1.4975E+00  0.0000E+00
  2.2344E+00  1.4997E+00  1.4997E+00  0.0000E+00
  2.2481E+00  1.5003E+00  1.5003E+00  0.0000E+00
  2.2618E+00  1.4994E+00  1.4994E+00  0.0000E+00
  2.2757E+00  1.4969E+00  1.4969E+00  0.0000E+00
  2.2896E+00  1.4928E+00  1.4928E+00  0.0000E+00
  2.3036E+00  1.4871E+00  1.4871E+00  0.0000E+00
  2.3177E+00  1.4797E+00  1.4797E+00  0.0000E+00
  2.3318E+00  1.4706E+00  1.4706E+00  0.0000E+00
  2.3461E+00  1.4598E+00  1.4598E+00  0.0000E+00
  2.3604E+00  1.4474E+00  1.4474E+00  0.0000E+00
  2.3749E+00  1.4332E+00  1.4332E+00  0.0000E+00
  2.3894E+00  1.4173E+00  1.4173E+00  0.0000E+00
  2.4040E+00  1.3997E+00  1.3997E+00  0.0000E+00
  2.4187E+00  1.3804E+00  1.3804E+00  0.0000E+00
  2.4335E+00  1.3593E+00  1.3593E+00  0.0000E+00
  2.4484E+00  1.3364E+00  1.3364E+00  0.0000E+00
  2.4634E+00  1.3119E+00  1.3119E+00  0.0000E+00
  2.4784E+00  1.2856E+00  1.2856E+00  0.0000E+00
  2.4936E+00  1.2575E+00  1.2575E+00  0.0000E+00
  2.5088E+00  1.2278E+00  1.2278E+00  0.0000E+00
  2.5242E+00  1.1963E+00  1.1963E+00  0.0000E+00
  2.5396E+00  1.1632E+00  1.1632E+00  0.0000E+00
  2.5551E+00  1.1283E+00  1.1283E+00  0.0000E+00
