 # l=           0 basis function with energy    -1.02672836041631     
  0.0000E+00  0.0000E+00  0.0000E+00  0.0000E+00
  2.4843E-06  2.4291E-05  1.9971E-06  1.1706E-05
  4.9838E-06  4.8528E-05  4.0065E-06  2.3483E-05
  7.4986E-06  7.2835E-05  6.0281E-06  3.5333E-05
  1.0029E-05  9.7242E-05  8.0620E-06  4.7255E-05
  1.2574E-05  1.2116E-04  1.0108E-05  5.9250E-05
  1.5136E-05  1.4564E-04  1.2167E-05  7.1318E-05
  1.7712E-05  1.7029E-04  1.4239E-05  8.3460E-05
  2.0305E-05  1.9504E-04  1.6323E-05  9.5676E-05
  2.2913E-05  2.1993E-04  1.8420E-05  1.0797E-04
  2.5538E-05  2.4495E-04  2.0530E-05  1.2033E-04
  2.8178E-05  2.7011E-04  2.2652E-05  1.3277E-04
  3.0835E-05  2.9540E-04  2.4788E-05  1.4529E-04
  3.3508E-05  3.2083E-04  2.6937E-05  1.5789E-04
  3.6197E-05  3.4641E-04  2.9098E-05  1.7056E-04
  3.8902E-05  3.7212E-04  3.1273E-05  1.8331E-04
  4.1625E-05  3.9798E-04  3.3462E-05  1.9613E-04
  4.4363E-05  4.2399E-04  3.5663E-05  2.0904E-04
  4.7119E-05  4.5014E-04  3.7879E-05  2.2202E-04
  4.9891E-05  4.7644E-04  4.0107E-05  2.3509E-04
  5.2681E-05  5.0289E-04  4.2350E-05  2.4823E-04
  5.5487E-05  5.2950E-04  4.4606E-05  2.6145E-04
  5.8310E-05  5.5625E-04  4.6876E-05  2.7476E-04
  6.1151E-05  5.8316E-04  4.9159E-05  2.8814E-04
  6.4009E-05  6.1022E-04  5.1457E-05  3.0161E-04
  6.6885E-05  6.3744E-04  5.3769E-05  3.1516E-04
  6.9778E-05  6.6481E-04  5.6094E-05  3.2879E-04
  7.2689E-05  6.9234E-04  5.8435E-05  3.4251E-04
  7.5618E-05  7.2003E-04  6.0789E-05  3.5631E-04
  7.8565E-05  7.4789E-04  6.3158E-05  3.7019E-04
  8.1529E-05  7.7590E-04  6.5541E-05  3.8416E-04
  8.4512E-05  8.0407E-04  6.7939E-05  3.9822E-04
  8.7513E-05  8.3241E-04  7.0351E-05  4.1236E-04
  9.0532E-05  8.6092E-04  7.2779E-05  4.2658E-04
  9.3570E-05  8.8959E-04  7.5221E-05  4.4090E-04
  9.6626E-05  9.1842E-04  7.7678E-05  4.5530E-04
  9.9701E-05  9.4743E-04  8.0150E-05  4.6979E-04
  1.0280E-04  9.7660E-04  8.2637E-05  4.8437E-04
  1.0591E-04  1.0059E-03  8.5139E-05  4.9903E-04
  1.0904E-04  1.0355E-03  8.7657E-05  5.1379E-04
  1.1219E-04  1.0651E-03  9.0190E-05  5.2864E-04
  1.1536E-04  1.0950E-03  9.2738E-05  5.4358E-04
  1.1855E-04  1.1250E-03  9.5302E-05  5.5861E-04
  1.2176E-04  1.1553E-03  9.7882E-05  5.7373E-04
  1.2499E-04  1.1856E-03  1.0048E-04  5.8894E-04
  1.2824E-04  1.2162E-03  1.0309E-04  6.0425E-04
  1.3151E-04  1.2470E-03  1.0572E-04  6.1965E-04
  1.3479E-04  1.2779E-03  1.0836E-04  6.3514E-04
  1.3810E-04  1.3090E-03  1.1102E-04  6.5073E-04
  1.4143E-04  1.3403E-03  1.1370E-04  6.6641E-04
  1.4478E-04  1.3717E-03  1.1639E-04  6.8220E-04
  1.4815E-04  1.4034E-03  1.1910E-04  6.9807E-04
  1.5154E-04  1.4352E-03  1.2182E-04  7.1405E-04
  1.5495E-04  1.4673E-03  1.2456E-04  7.3012E-04
  1.5838E-04  1.4995E-03  1.2732E-04  7.4629E-04
  1.6183E-04  1.5319E-03  1.3010E-04  7.6256E-04
  1.6531E-04  1.5645E-03  1.3289E-04  7.7892E-04
  1.6880E-04  1.5973E-03  1.3570E-04  7.9539E-04
  1.7232E-04  1.6303E-03  1.3853E-04  8.1196E-04
  1.7586E-04  1.6635E-03  1.4137E-04  8.2863E-04
  1.7942E-04  1.6968E-03  1.4423E-04  8.4540E-04
  1.8300E-04  1.7304E-03  1.4711E-04  8.6228E-04
  1.8660E-04  1.7642E-03  1.5001E-04  8.7925E-04
  1.9023E-04  1.7981E-03  1.5292E-04  8.9634E-04
  1.9387E-04  1.8323E-03  1.5585E-04  9.1352E-04
  1.9754E-04  1.8667E-03  1.5880E-04  9.3081E-04
  2.0123E-04  1.9012E-03  1.6177E-04  9.4821E-04
  2.0495E-04  1.9360E-03  1.6476E-04  9.6571E-04
  2.0869E-04  1.9710E-03  1.6776E-04  9.8332E-04
  2.1245E-04  2.0061E-03  1.7079E-04  1.0010E-03
  2.1623E-04  2.0415E-03  1.7383E-04  1.0189E-03
  2.2004E-04  2.0771E-03  1.7689E-04  1.0368E-03
  2.2387E-04  2.1129E-03  1.7996E-04  1.0548E-03
  2.2772E-04  2.1490E-03  1.8306E-04  1.0730E-03
  2.3160E-04  2.1852E-03  1.8618E-04  1.0913E-03
  2.3550E-04  2.2216E-03  1.8931E-04  1.1096E-03
  2.3942E-04  2.2583E-03  1.9247E-04  1.1281E-03
  2.4337E-04  2.2952E-03  1.9564E-04  1.1467E-03
  2.4734E-04  2.3323E-03  1.9884E-04  1.1655E-03
  2.5134E-04  2.3696E-03  2.0205E-04  1.1843E-03
  2.5536E-04  2.4071E-03  2.0528E-04  1.2032E-03
  2.5940E-04  2.4449E-03  2.0853E-04  1.2223E-03
  2.6347E-04  2.4828E-03  2.1180E-04  1.2415E-03
  2.6757E-04  2.5210E-03  2.1510E-04  1.2608E-03
  2.7169E-04  2.5595E-03  2.1841E-04  1.2802E-03
  2.7583E-04  2.5981E-03  2.2174E-04  1.2997E-03
  2.8000E-04  2.6370E-03  2.2509E-04  1.3194E-03
  2.8420E-04  2.6761E-03  2.2847E-04  1.3391E-03
  2.8842E-04  2.7154E-03  2.3186E-04  1.3590E-03
  2.9267E-04  2.7550E-03  2.3528E-04  1.3790E-03
  2.9694E-04  2.7948E-03  2.3871E-04  1.3992E-03
  3.0124E-04  2.8348E-03  2.4217E-04  1.4194E-03
  3.0557E-04  2.8751E-03  2.4565E-04  1.4398E-03
  3.0992E-04  2.9156E-03  2.4915E-04  1.4603E-03
  3.1430E-04  2.9564E-03  2.5267E-04  1.4810E-03
  3.1871E-04  2.9974E-03  2.5621E-04  1.5017E-03
  3.2314E-04  3.0386E-03  2.5977E-04  1.5226E-03
  3.2760E-04  3.0801E-03  2.6336E-04  1.5436E-03
  3.3209E-04  3.1218E-03  2.6696E-04  1.5648E-03
  3.3660E-04  3.1638E-03  2.7059E-04  1.5861E-03
  3.4114E-04  3.2060E-03  2.7424E-04  1.6075E-03
  3.4571E-04  3.2484E-03  2.7792E-04  1.6290E-03
  3.5031E-04  3.2911E-03  2.8161E-04  1.6507E-03
  3.5494E-04  3.3341E-03  2.8533E-04  1.6725E-03
  3.5959E-04  3.3773E-03  2.8907E-04  1.6944E-03
  3.6427E-04  3.4208E-03  2.9284E-04  1.7164E-03
  3.6899E-04  3.4645E-03  2.9663E-04  1.7386E-03
  3.7373E-04  3.5085E-03  3.0044E-04  1.7610E-03
  3.7850E-04  3.5527E-03  3.0427E-04  1.7835E-03
  3.8329E-04  3.5972E-03  3.0813E-04  1.8061E-03
  3.8812E-04  3.6420E-03  3.1201E-04  1.8288E-03
  3.9298E-04  3.6870E-03  3.1591E-04  1.8517E-03
  3.9787E-04  3.7323E-03  3.1984E-04  1.8747E-03
  4.0278E-04  3.7779E-03  3.2380E-04  1.8979E-03
  4.0773E-04  3.8237E-03  3.2777E-04  1.9212E-03
  4.1271E-04  3.8698E-03  3.3177E-04  1.9447E-03
  4.1771E-04  3.9162E-03  3.3580E-04  1.9682E-03
  4.2275E-04  3.9628E-03  3.3985E-04  1.9920E-03
  4.2782E-04  4.0098E-03  3.4392E-04  2.0159E-03
  4.3292E-04  4.0570E-03  3.4802E-04  2.0399E-03
  4.3805E-04  4.1044E-03  3.5215E-04  2.0641E-03
  4.4321E-04  4.1522E-03  3.5630E-04  2.0884E-03
  4.4841E-04  4.2002E-03  3.6047E-04  2.1129E-03
  4.5363E-04  4.2485E-03  3.6467E-04  2.1375E-03
  4.5889E-04  4.2971E-03  3.6890E-04  2.1623E-03
  4.6418E-04  4.3460E-03  3.7315E-04  2.1872E-03
  4.6950E-04  4.3952E-03  3.7743E-04  2.2123E-03
  4.7486E-04  4.4447E-03  3.8174E-04  2.2375E-03
  4.8025E-04  4.4944E-03  3.8607E-04  2.2629E-03
  4.8567E-04  4.5445E-03  3.9043E-04  2.2884E-03
  4.9112E-04  4.5948E-03  3.9481E-04  2.3141E-03
  4.9661E-04  4.6454E-03  3.9922E-04  2.3400E-03
  5.0213E-04  4.6964E-03  4.0366E-04  2.3660E-03
  5.0768E-04  4.7476E-03  4.0812E-04  2.3922E-03
  5.1327E-04  4.7991E-03  4.1262E-04  2.4185E-03
  5.1889E-04  4.8510E-03  4.1714E-04  2.4450E-03
  5.2455E-04  4.9031E-03  4.2168E-04  2.4717E-03
  5.3024E-04  4.9556E-03  4.2626E-04  2.4985E-03
  5.3597E-04  5.0083E-03  4.3086E-04  2.5254E-03
  5.4173E-04  5.0614E-03  4.3549E-04  2.5526E-03
  5.4752E-04  5.1148E-03  4.4015E-04  2.5799E-03
  5.5336E-04  5.1685E-03  4.4484E-04  2.6074E-03
  5.5922E-04  5.2225E-03  4.4956E-04  2.6350E-03
  5.6513E-04  5.2768E-03  4.5430E-04  2.6628E-03
  5.7107E-04  5.3314E-03  4.5908E-04  2.6908E-03
  5.7704E-04  5.3864E-03  4.6388E-04  2.7190E-03
  5.8305E-04  5.4417E-03  4.6871E-04  2.7473E-03
  5.8910E-04  5.4973E-03  4.7358E-04  2.7758E-03
  5.9519E-04  5.5532E-03  4.7847E-04  2.8045E-03
  6.0131E-04  5.6095E-03  4.8339E-04  2.8334E-03
  6.0747E-04  5.6661E-03  4.8834E-04  2.8624E-03
  6.1367E-04  5.7230E-03  4.9333E-04  2.8916E-03
  6.1991E-04  5.7803E-03  4.9834E-04  2.9210E-03
  6.2618E-04  5.8379E-03  5.0338E-04  2.9505E-03
  6.3249E-04  5.8958E-03  5.0846E-04  2.9803E-03
  6.3884E-04  5.9541E-03  5.1356E-04  3.0102E-03
  6.4523E-04  6.0127E-03  5.1870E-04  3.0403E-03
  6.5166E-04  6.0716E-03  5.2387E-04  3.0706E-03
  6.5813E-04  6.1309E-03  5.2907E-04  3.1011E-03
  6.6464E-04  6.1906E-03  5.3430E-04  3.1318E-03
  6.7119E-04  6.2506E-03  5.3957E-04  3.1626E-03
  6.7778E-04  6.3109E-03  5.4486E-04  3.1936E-03
  6.8440E-04  6.3716E-03  5.5019E-04  3.2249E-03
  6.9107E-04  6.4327E-03  5.5555E-04  3.2563E-03
  6.9778E-04  6.4941E-03  5.6094E-04  3.2879E-03
  7.0453E-04  6.5559E-03  5.6637E-04  3.3197E-03
  7.1132E-04  6.6180E-03  5.7183E-04  3.3517E-03
  7.1816E-04  6.6805E-03  5.7732E-04  3.3839E-03
  7.2503E-04  6.7434E-03  5.8285E-04  3.4163E-03
  7.3195E-04  6.8066E-03  5.8841E-04  3.4489E-03
  7.3891E-04  6.8702E-03  5.9401E-04  3.4817E-03
  7.4591E-04  6.9342E-03  5.9963E-04  3.5147E-03
  7.5295E-04  6.9985E-03  6.0530E-04  3.5479E-03
  7.6004E-04  7.0632E-03  6.1099E-04  3.5813E-03
  7.6717E-04  7.1283E-03  6.1673E-04  3.6149E-03
  7.7435E-04  7.1938E-03  6.2250E-04  3.6487E-03
  7.8157E-04  7.2597E-03  6.2830E-04  3.6827E-03
  7.8883E-04  7.3259E-03  6.3414E-04  3.7169E-03
  7.9614E-04  7.3925E-03  6.4001E-04  3.7514E-03
  8.0349E-04  7.4596E-03  6.4592E-04  3.7860E-03
  8.1088E-04  7.5270E-03  6.5187E-04  3.8209E-03
  8.1833E-04  7.5948E-03  6.5785E-04  3.8559E-03
  8.2581E-04  7.6630E-03  6.6387E-04  3.8912E-03
  8.3335E-04  7.7316E-03  6.6992E-04  3.9267E-03
  8.4093E-04  7.8006E-03  6.7602E-04  3.9624E-03
  8.4855E-04  7.8700E-03  6.8215E-04  3.9983E-03
  8.5622E-04  7.9398E-03  6.8831E-04  4.0345E-03
  8.6394E-04  8.0100E-03  6.9452E-04  4.0709E-03
  8.7171E-04  8.0806E-03  7.0076E-04  4.1075E-03
  8.7952E-04  8.1516E-03  7.0704E-04  4.1443E-03
  8.8738E-04  8.2231E-03  7.1336E-04  4.1813E-03
  8.9529E-04  8.2949E-03  7.1972E-04  4.2186E-03
  9.0325E-04  8.3672E-03  7.2612E-04  4.2561E-03
  9.1126E-04  8.4399E-03  7.3256E-04  4.2938E-03
  9.1931E-04  8.5130E-03  7.3903E-04  4.3318E-03
  9.2742E-04  8.5865E-03  7.4555E-04  4.3700E-03
  9.3557E-04  8.6605E-03  7.5210E-04  4.4084E-03
  9.4378E-04  8.7349E-03  7.5870E-04  4.4470E-03
  9.5203E-04  8.8098E-03  7.6533E-04  4.4859E-03
  9.6034E-04  8.8850E-03  7.7201E-04  4.5251E-03
  9.6869E-04  8.9607E-03  7.7873E-04  4.5644E-03
  9.7710E-04  9.0369E-03  7.8549E-04  4.6040E-03
  9.8556E-04  9.1134E-03  7.9229E-04  4.6439E-03
  9.9407E-04  9.1905E-03  7.9913E-04  4.6840E-03
  1.0026E-03  9.2680E-03  8.0601E-04  4.7243E-03
  1.0112E-03  9.3459E-03  8.1293E-04  4.7649E-03
  1.0199E-03  9.4243E-03  8.1990E-04  4.8058E-03
  1.0286E-03  9.5031E-03  8.2691E-04  4.8469E-03
  1.0374E-03  9.5824E-03  8.3396E-04  4.8882E-03
  1.0462E-03  9.6621E-03  8.4106E-04  4.9298E-03
  1.0551E-03  9.7423E-03  8.4820E-04  4.9716E-03
  1.0640E-03  9.8230E-03  8.5538E-04  5.0137E-03
  1.0730E-03  9.9041E-03  8.6261E-04  5.0561E-03
  1.0821E-03  9.9857E-03  8.6988E-04  5.0987E-03
  1.0912E-03  1.0068E-02  8.7719E-04  5.1416E-03
  1.1003E-03  1.0150E-02  8.8455E-04  5.1847E-03
  1.1095E-03  1.0233E-02  8.9196E-04  5.2281E-03
  1.1188E-03  1.0317E-02  8.9941E-04  5.2718E-03
  1.1281E-03  1.0401E-02  9.0691E-04  5.3157E-03
  1.1375E-03  1.0485E-02  9.1445E-04  5.3599E-03
  1.1470E-03  1.0570E-02  9.2204E-04  5.4044E-03
  1.1565E-03  1.0656E-02  9.2967E-04  5.4492E-03
  1.1660E-03  1.0742E-02  9.3735E-04  5.4942E-03
  1.1756E-03  1.0828E-02  9.4508E-04  5.5395E-03
  1.1853E-03  1.0915E-02  9.5285E-04  5.5851E-03
  1.1950E-03  1.1003E-02  9.6068E-04  5.6309E-03
  1.2048E-03  1.1091E-02  9.6855E-04  5.6770E-03
  1.2147E-03  1.1179E-02  9.7647E-04  5.7235E-03
  1.2246E-03  1.1268E-02  9.8443E-04  5.7702E-03
  1.2345E-03  1.1357E-02  9.9245E-04  5.8171E-03
  1.2446E-03  1.1447E-02  1.0005E-03  5.8644E-03
  1.2547E-03  1.1538E-02  1.0086E-03  5.9120E-03
  1.2648E-03  1.1629E-02  1.0168E-03  5.9598E-03
  1.2750E-03  1.1721E-02  1.0250E-03  6.0080E-03
  1.2853E-03  1.1813E-02  1.0333E-03  6.0564E-03
  1.2957E-03  1.1905E-02  1.0416E-03  6.1051E-03
  1.3061E-03  1.1998E-02  1.0499E-03  6.1542E-03
  1.3165E-03  1.2092E-02  1.0584E-03  6.2035E-03
  1.3271E-03  1.2186E-02  1.0668E-03  6.2531E-03
  1.3377E-03  1.2281E-02  1.0754E-03  6.3031E-03
  1.3483E-03  1.2376E-02  1.0839E-03  6.3533E-03
  1.3591E-03  1.2472E-02  1.0925E-03  6.4039E-03
  1.3699E-03  1.2569E-02  1.1012E-03  6.4547E-03
  1.3807E-03  1.2665E-02  1.1100E-03  6.5059E-03
  1.3916E-03  1.2763E-02  1.1187E-03  6.5574E-03
  1.4026E-03  1.2861E-02  1.1276E-03  6.6092E-03
  1.4137E-03  1.2960E-02  1.1365E-03  6.6613E-03
  1.4248E-03  1.3059E-02  1.1454E-03  6.7137E-03
  1.4360E-03  1.3159E-02  1.1544E-03  6.7665E-03
  1.4473E-03  1.3259E-02  1.1635E-03  6.8195E-03
  1.4586E-03  1.3360E-02  1.1726E-03  6.8729E-03
  1.4700E-03  1.3461E-02  1.1817E-03  6.9266E-03
  1.4815E-03  1.3563E-02  1.1910E-03  6.9807E-03
  1.4930E-03  1.3666E-02  1.2002E-03  7.0351E-03
  1.5046E-03  1.3769E-02  1.2096E-03  7.0898E-03
  1.5163E-03  1.3873E-02  1.2190E-03  7.1449E-03
  1.5281E-03  1.3977E-02  1.2284E-03  7.2002E-03
  1.5399E-03  1.4082E-02  1.2379E-03  7.2560E-03
  1.5518E-03  1.4188E-02  1.2475E-03  7.3120E-03
  1.5638E-03  1.4294E-02  1.2571E-03  7.3684E-03
  1.5758E-03  1.4401E-02  1.2668E-03  7.4252E-03
  1.5879E-03  1.4508E-02  1.2765E-03  7.4823E-03
  1.6001E-03  1.4616E-02  1.2863E-03  7.5398E-03
  1.6124E-03  1.4725E-02  1.2962E-03  7.5976E-03
  1.6247E-03  1.4834E-02  1.3061E-03  7.6557E-03
  1.6372E-03  1.4944E-02  1.3161E-03  7.7142E-03
  1.6497E-03  1.5055E-02  1.3261E-03  7.7731E-03
  1.6622E-03  1.5166E-02  1.3363E-03  7.8323E-03
  1.6749E-03  1.5278E-02  1.3464E-03  7.8919E-03
  1.6876E-03  1.5390E-02  1.3567E-03  7.9519E-03
  1.7004E-03  1.5503E-02  1.3669E-03  8.0122E-03
  1.7133E-03  1.5617E-02  1.3773E-03  8.0729E-03
  1.7262E-03  1.5731E-02  1.3877E-03  8.1339E-03
  1.7393E-03  1.5846E-02  1.3982E-03  8.1954E-03
  1.7524E-03  1.5962E-02  1.4087E-03  8.2572E-03
  1.7656E-03  1.6078E-02  1.4193E-03  8.3194E-03
  1.7789E-03  1.6195E-02  1.4300E-03  8.3819E-03
  1.7922E-03  1.6312E-02  1.4408E-03  8.4449E-03
  1.8057E-03  1.6431E-02  1.4516E-03  8.5082E-03
  1.8192E-03  1.6549E-02  1.4624E-03  8.5720E-03
  1.8328E-03  1.6669E-02  1.4734E-03  8.6361E-03
  1.8465E-03  1.6789E-02  1.4844E-03  8.7006E-03
  1.8603E-03  1.6910E-02  1.4955E-03  8.7655E-03
  1.8741E-03  1.7032E-02  1.5066E-03  8.8308E-03
  1.8881E-03  1.7154E-02  1.5178E-03  8.8965E-03
  1.9021E-03  1.7277E-02  1.5291E-03  8.9626E-03
  1.9162E-03  1.7401E-02  1.5404E-03  9.0291E-03
  1.9304E-03  1.7525E-02  1.5518E-03  9.0960E-03
  1.9447E-03  1.7650E-02  1.5633E-03  9.1633E-03
  1.9591E-03  1.7776E-02  1.5749E-03  9.2310E-03
  1.9735E-03  1.7903E-02  1.5865E-03  9.2992E-03
  1.9881E-03  1.8030E-02  1.5982E-03  9.3677E-03
  2.0027E-03  1.8158E-02  1.6100E-03  9.4367E-03
  2.0174E-03  1.8286E-02  1.6218E-03  9.5061E-03
  2.0323E-03  1.8416E-02  1.6337E-03  9.5759E-03
  2.0472E-03  1.8546E-02  1.6457E-03  9.6462E-03
  2.0622E-03  1.8677E-02  1.6578E-03  9.7169E-03
  2.0773E-03  1.8808E-02  1.6699E-03  9.7880E-03
  2.0924E-03  1.8940E-02  1.6821E-03  9.8595E-03
  2.1077E-03  1.9073E-02  1.6944E-03  9.9315E-03
  2.1231E-03  1.9207E-02  1.7067E-03  1.0004E-02
  2.1386E-03  1.9342E-02  1.7192E-03  1.0077E-02
  2.1541E-03  1.9477E-02  1.7317E-03  1.0150E-02
  2.1698E-03  1.9613E-02  1.7443E-03  1.0224E-02
  2.1855E-03  1.9750E-02  1.7569E-03  1.0298E-02
  2.2014E-03  1.9887E-02  1.7697E-03  1.0373E-02
  2.2173E-03  2.0026E-02  1.7825E-03  1.0448E-02
  2.2334E-03  2.0165E-02  1.7954E-03  1.0523E-02
  2.2495E-03  2.0305E-02  1.8084E-03  1.0599E-02
  2.2657E-03  2.0445E-02  1.8214E-03  1.0676E-02
  2.2821E-03  2.0587E-02  1.8345E-03  1.0753E-02
  2.2985E-03  2.0729E-02  1.8478E-03  1.0830E-02
  2.3150E-03  2.0872E-02  1.8610E-03  1.0908E-02
  2.3317E-03  2.1016E-02  1.8744E-03  1.0987E-02
  2.3484E-03  2.1160E-02  1.8879E-03  1.1066E-02
  2.3653E-03  2.1306E-02  1.9014E-03  1.1145E-02
  2.3822E-03  2.1452E-02  1.9150E-03  1.1225E-02
  2.3992E-03  2.1599E-02  1.9287E-03  1.1305E-02
  2.4164E-03  2.1747E-02  1.9425E-03  1.1386E-02
  2.4337E-03  2.1895E-02  1.9564E-03  1.1467E-02
  2.4510E-03  2.2045E-02  1.9704E-03  1.1549E-02
  2.4685E-03  2.2195E-02  1.9844E-03  1.1631E-02
  2.4861E-03  2.2346E-02  1.9985E-03  1.1714E-02
  2.5038E-03  2.2498E-02  2.0128E-03  1.1798E-02
  2.5215E-03  2.2651E-02  2.0271E-03  1.1881E-02
  2.5394E-03  2.2804E-02  2.0414E-03  1.1966E-02
  2.5575E-03  2.2959E-02  2.0559E-03  1.2051E-02
  2.5756E-03  2.3114E-02  2.0705E-03  1.2136E-02
  2.5938E-03  2.3270E-02  2.0851E-03  1.2222E-02
  2.6121E-03  2.3427E-02  2.0999E-03  1.2308E-02
  2.6306E-03  2.3585E-02  2.1147E-03  1.2395E-02
  2.6492E-03  2.3744E-02  2.1297E-03  1.2483E-02
  2.6679E-03  2.3904E-02  2.1447E-03  1.2571E-02
  2.6866E-03  2.4064E-02  2.1598E-03  1.2659E-02
  2.7056E-03  2.4225E-02  2.1750E-03  1.2748E-02
  2.7246E-03  2.4388E-02  2.1903E-03  1.2838E-02
  2.7437E-03  2.4551E-02  2.2057E-03  1.2928E-02
  2.7630E-03  2.4715E-02  2.2211E-03  1.3019E-02
  2.7824E-03  2.4880E-02  2.2367E-03  1.3110E-02
  2.8019E-03  2.5046E-02  2.2524E-03  1.3202E-02
  2.8215E-03  2.5212E-02  2.2682E-03  1.3295E-02
  2.8412E-03  2.5380E-02  2.2840E-03  1.3388E-02
  2.8611E-03  2.5549E-02  2.3000E-03  1.3481E-02
  2.8810E-03  2.5718E-02  2.3160E-03  1.3575E-02
  2.9011E-03  2.5888E-02  2.3322E-03  1.3670E-02
  2.9214E-03  2.6060E-02  2.3485E-03  1.3765E-02
  2.9417E-03  2.6232E-02  2.3648E-03  1.3861E-02
  2.9622E-03  2.6405E-02  2.3813E-03  1.3958E-02
  2.9828E-03  2.6579E-02  2.3978E-03  1.4055E-02
  3.0035E-03  2.6754E-02  2.4145E-03  1.4152E-02
  3.0243E-03  2.6930E-02  2.4312E-03  1.4250E-02
  3.0453E-03  2.7107E-02  2.4481E-03  1.4349E-02
  3.0664E-03  2.7285E-02  2.4651E-03  1.4449E-02
  3.0876E-03  2.7464E-02  2.4821E-03  1.4549E-02
  3.1090E-03  2.7644E-02  2.4993E-03  1.4649E-02
  3.1305E-03  2.7825E-02  2.5166E-03  1.4751E-02
  3.1521E-03  2.8007E-02  2.5340E-03  1.4853E-02
  3.1739E-03  2.8190E-02  2.5515E-03  1.4955E-02
  3.1958E-03  2.8373E-02  2.5691E-03  1.5058E-02
  3.2178E-03  2.8558E-02  2.5868E-03  1.5162E-02
  3.2399E-03  2.8744E-02  2.6046E-03  1.5266E-02
  3.2622E-03  2.8931E-02  2.6225E-03  1.5371E-02
  3.2847E-03  2.9118E-02  2.6405E-03  1.5477E-02
  3.3072E-03  2.9307E-02  2.6587E-03  1.5583E-02
  3.3299E-03  2.9497E-02  2.6769E-03  1.5690E-02
  3.3528E-03  2.9688E-02  2.6953E-03  1.5798E-02
  3.3758E-03  2.9879E-02  2.7137E-03  1.5906E-02
  3.3989E-03  3.0072E-02  2.7323E-03  1.6015E-02
  3.4221E-03  3.0266E-02  2.7510E-03  1.6125E-02
  3.4455E-03  3.0461E-02  2.7699E-03  1.6235E-02
  3.4691E-03  3.0657E-02  2.7888E-03  1.6346E-02
  3.4928E-03  3.0854E-02  2.8078E-03  1.6458E-02
  3.5166E-03  3.1052E-02  2.8270E-03  1.6570E-02
  3.5406E-03  3.1251E-02  2.8463E-03  1.6683E-02
  3.5647E-03  3.1451E-02  2.8657E-03  1.6797E-02
  3.5890E-03  3.1652E-02  2.8852E-03  1.6911E-02
  3.6134E-03  3.1854E-02  2.9048E-03  1.7026E-02
  3.6380E-03  3.2058E-02  2.9246E-03  1.7142E-02
  3.6628E-03  3.2262E-02  2.9445E-03  1.7259E-02
  3.6876E-03  3.2468E-02  2.9645E-03  1.7376E-02
  3.7127E-03  3.2674E-02  2.9846E-03  1.7494E-02
  3.7378E-03  3.2882E-02  3.0048E-03  1.7613E-02
  3.7632E-03  3.3090E-02  3.0252E-03  1.7732E-02
  3.7887E-03  3.3300E-02  3.0457E-03  1.7852E-02
  3.8143E-03  3.3511E-02  3.0663E-03  1.7973E-02
  3.8401E-03  3.3723E-02  3.0870E-03  1.8094E-02
  3.8661E-03  3.3936E-02  3.1079E-03  1.8217E-02
  3.8922E-03  3.4151E-02  3.1289E-03  1.8340E-02
  3.9185E-03  3.4366E-02  3.1500E-03  1.8464E-02
  3.9449E-03  3.4583E-02  3.1713E-03  1.8588E-02
  3.9715E-03  3.4800E-02  3.1927E-03  1.8714E-02
  3.9983E-03  3.5019E-02  3.2142E-03  1.8840E-02
  4.0252E-03  3.5239E-02  3.2359E-03  1.8967E-02
  4.0523E-03  3.5460E-02  3.2576E-03  1.9094E-02
  4.0796E-03  3.5682E-02  3.2795E-03  1.9223E-02
  4.1070E-03  3.5906E-02  3.3016E-03  1.9352E-02
  4.1346E-03  3.6130E-02  3.3238E-03  1.9482E-02
  4.1624E-03  3.6356E-02  3.3461E-03  1.9613E-02
  4.1903E-03  3.6583E-02  3.3685E-03  1.9744E-02
  4.2184E-03  3.6811E-02  3.3911E-03  1.9877E-02
  4.2467E-03  3.7040E-02  3.4139E-03  2.0010E-02
  4.2751E-03  3.7270E-02  3.4367E-03  2.0144E-02
  4.3037E-03  3.7502E-02  3.4597E-03  2.0279E-02
  4.3325E-03  3.7735E-02  3.4829E-03  2.0415E-02
  4.3615E-03  3.7969E-02  3.5062E-03  2.0551E-02
  4.3907E-03  3.8204E-02  3.5296E-03  2.0689E-02
  4.4200E-03  3.8440E-02  3.5532E-03  2.0827E-02
  4.4495E-03  3.8678E-02  3.5769E-03  2.0966E-02
  4.4792E-03  3.8917E-02  3.6008E-03  2.1106E-02
  4.5090E-03  3.9157E-02  3.6248E-03  2.1246E-02
  4.5391E-03  3.9398E-02  3.6489E-03  2.1388E-02
  4.5693E-03  3.9640E-02  3.6733E-03  2.1530E-02
  4.5998E-03  3.9884E-02  3.6977E-03  2.1674E-02
  4.6304E-03  4.0129E-02  3.7223E-03  2.1818E-02
  4.6612E-03  4.0375E-02  3.7471E-03  2.1963E-02
  4.6921E-03  4.0623E-02  3.7720E-03  2.2109E-02
  4.7233E-03  4.0872E-02  3.7970E-03  2.2256E-02
  4.7547E-03  4.1122E-02  3.8222E-03  2.2404E-02
  4.7862E-03  4.1373E-02  3.8476E-03  2.2552E-02
  4.8180E-03  4.1625E-02  3.8731E-03  2.2702E-02
  4.8499E-03  4.1879E-02  3.8988E-03  2.2852E-02
  4.8820E-03  4.2134E-02  3.9246E-03  2.3004E-02
  4.9144E-03  4.2390E-02  3.9506E-03  2.3156E-02
  4.9469E-03  4.2648E-02  3.9768E-03  2.3309E-02
  4.9796E-03  4.2907E-02  4.0031E-03  2.3464E-02
  5.0126E-03  4.3167E-02  4.0296E-03  2.3619E-02
  5.0457E-03  4.3429E-02  4.0562E-03  2.3775E-02
  5.0790E-03  4.3692E-02  4.0830E-03  2.3932E-02
  5.1126E-03  4.3956E-02  4.1099E-03  2.4090E-02
  5.1463E-03  4.4221E-02  4.1371E-03  2.4249E-02
  5.1802E-03  4.4488E-02  4.1644E-03  2.4409E-02
  5.2144E-03  4.4756E-02  4.1918E-03  2.4570E-02
  5.2488E-03  4.5025E-02  4.2194E-03  2.4732E-02
  5.2833E-03  4.5296E-02  4.2472E-03  2.4895E-02
  5.3181E-03  4.5568E-02  4.2752E-03  2.5059E-02
  5.3531E-03  4.5842E-02  4.3033E-03  2.5224E-02
  5.3883E-03  4.6116E-02  4.3316E-03  2.5389E-02
  5.4238E-03  4.6393E-02  4.3601E-03  2.5556E-02
  5.4594E-03  4.6670E-02  4.3888E-03  2.5724E-02
  5.4953E-03  4.6949E-02  4.4176E-03  2.5893E-02
  5.5314E-03  4.7229E-02  4.4466E-03  2.6063E-02
  5.5677E-03  4.7511E-02  4.4758E-03  2.6234E-02
  5.6042E-03  4.7794E-02  4.5052E-03  2.6407E-02
  5.6409E-03  4.8078E-02  4.5347E-03  2.6580E-02
  5.6779E-03  4.8364E-02  4.5644E-03  2.6754E-02
  5.7151E-03  4.8651E-02  4.5943E-03  2.6929E-02
  5.7525E-03  4.8939E-02  4.6244E-03  2.7105E-02
  5.7902E-03  4.9229E-02  4.6547E-03  2.7283E-02
  5.8281E-03  4.9520E-02  4.6851E-03  2.7461E-02
  5.8662E-03  4.9813E-02  4.7158E-03  2.7641E-02
  5.9045E-03  5.0107E-02  4.7466E-03  2.7822E-02
  5.9431E-03  5.0403E-02  4.7776E-03  2.8003E-02
  5.9819E-03  5.0700E-02  4.8088E-03  2.8186E-02
  6.0210E-03  5.0998E-02  4.8402E-03  2.8370E-02
  6.0603E-03  5.1298E-02  4.8718E-03  2.8556E-02
  6.0998E-03  5.1599E-02  4.9036E-03  2.8742E-02
  6.1396E-03  5.1902E-02  4.9356E-03  2.8929E-02
  6.1796E-03  5.2206E-02  4.9677E-03  2.9118E-02
  6.2199E-03  5.2511E-02  5.0001E-03  2.9308E-02
  6.2604E-03  5.2818E-02  5.0327E-03  2.9498E-02
  6.3011E-03  5.3127E-02  5.0654E-03  2.9691E-02
  6.3422E-03  5.3437E-02  5.0984E-03  2.9884E-02
  6.3834E-03  5.3748E-02  5.1316E-03  3.0078E-02
  6.4249E-03  5.4061E-02  5.1649E-03  3.0274E-02
  6.4667E-03  5.4375E-02  5.1985E-03  3.0471E-02
  6.5087E-03  5.4691E-02  5.2323E-03  3.0669E-02
  6.5510E-03  5.5008E-02  5.2663E-03  3.0868E-02
  6.5935E-03  5.5327E-02  5.3005E-03  3.1068E-02
  6.6363E-03  5.5647E-02  5.3349E-03  3.1270E-02
  6.6794E-03  5.5969E-02  5.3695E-03  3.1473E-02
  6.7227E-03  5.6292E-02  5.4043E-03  3.1677E-02
  6.7663E-03  5.6617E-02  5.4393E-03  3.1882E-02
  6.8101E-03  5.6943E-02  5.4746E-03  3.2089E-02
  6.8543E-03  5.7271E-02  5.5101E-03  3.2297E-02
  6.8986E-03  5.7600E-02  5.5457E-03  3.2506E-02
  6.9433E-03  5.7931E-02  5.5816E-03  3.2716E-02
  6.9882E-03  5.8263E-02  5.6178E-03  3.2928E-02
  7.0334E-03  5.8597E-02  5.6541E-03  3.3141E-02
  7.0789E-03  5.8932E-02  5.6907E-03  3.3355E-02
  7.1247E-03  5.9269E-02  5.7275E-03  3.3571E-02
  7.1707E-03  5.9607E-02  5.7645E-03  3.3788E-02
  7.2171E-03  5.9947E-02  5.8017E-03  3.4006E-02
  7.2637E-03  6.0288E-02  5.8392E-03  3.4226E-02
  7.3106E-03  6.0631E-02  5.8769E-03  3.4447E-02
  7.3577E-03  6.0975E-02  5.9148E-03  3.4669E-02
  7.4052E-03  6.1321E-02  5.9530E-03  3.4893E-02
  7.4530E-03  6.1669E-02  5.9914E-03  3.5118E-02
  7.5010E-03  6.2018E-02  6.0300E-03  3.5344E-02
  7.5494E-03  6.2369E-02  6.0688E-03  3.5572E-02
  7.5980E-03  6.2721E-02  6.1079E-03  3.5801E-02
  7.6469E-03  6.3075E-02  6.1473E-03  3.6032E-02
  7.6962E-03  6.3430E-02  6.1869E-03  3.6264E-02
  7.7457E-03  6.3787E-02  6.2267E-03  3.6497E-02
  7.7956E-03  6.4145E-02  6.2667E-03  3.6732E-02
  7.8457E-03  6.4505E-02  6.3071E-03  3.6968E-02
  7.8961E-03  6.4867E-02  6.3476E-03  3.7206E-02
  7.9469E-03  6.5230E-02  6.3884E-03  3.7445E-02
  7.9980E-03  6.5595E-02  6.4295E-03  3.7686E-02
  8.0494E-03  6.5961E-02  6.4708E-03  3.7928E-02
  8.1011E-03  6.6329E-02  6.5123E-03  3.8171E-02
  8.1531E-03  6.6699E-02  6.5541E-03  3.8416E-02
  8.2054E-03  6.7070E-02  6.5962E-03  3.8663E-02
  8.2580E-03  6.7442E-02  6.6385E-03  3.8911E-02
  8.3110E-03  6.7817E-02  6.6811E-03  3.9161E-02
  8.3643E-03  6.8193E-02  6.7240E-03  3.9412E-02
  8.4179E-03  6.8570E-02  6.7671E-03  3.9664E-02
  8.4719E-03  6.8949E-02  6.8104E-03  3.9919E-02
  8.5262E-03  6.9330E-02  6.8541E-03  4.0174E-02
  8.5808E-03  6.9712E-02  6.8980E-03  4.0432E-02
  8.6357E-03  7.0096E-02  6.9421E-03  4.0691E-02
  8.6910E-03  7.0481E-02  6.9866E-03  4.0951E-02
  8.7466E-03  7.0868E-02  7.0313E-03  4.1213E-02
  8.8026E-03  7.1257E-02  7.0763E-03  4.1477E-02
  8.8589E-03  7.1648E-02  7.1215E-03  4.1742E-02
  8.9155E-03  7.2039E-02  7.1671E-03  4.2009E-02
  8.9725E-03  7.2433E-02  7.2129E-03  4.2278E-02
  9.0299E-03  7.2828E-02  7.2590E-03  4.2548E-02
  9.0876E-03  7.3225E-02  7.3053E-03  4.2820E-02
  9.1456E-03  7.3623E-02  7.3520E-03  4.3093E-02
  9.2040E-03  7.4023E-02  7.3990E-03  4.3368E-02
  9.2628E-03  7.4425E-02  7.4462E-03  4.3645E-02
  9.3219E-03  7.4828E-02  7.4937E-03  4.3924E-02
  9.3813E-03  7.5233E-02  7.5415E-03  4.4204E-02
  9.4412E-03  7.5640E-02  7.5896E-03  4.4486E-02
  9.5014E-03  7.6048E-02  7.6380E-03  4.4769E-02
  9.5620E-03  7.6457E-02  7.6867E-03  4.5055E-02
  9.6229E-03  7.6869E-02  7.7357E-03  4.5342E-02
  9.6842E-03  7.7282E-02  7.7850E-03  4.5631E-02
  9.7459E-03  7.7696E-02  7.8346E-03  4.5922E-02
  9.8080E-03  7.8113E-02  7.8845E-03  4.6214E-02
  9.8704E-03  7.8530E-02  7.9347E-03  4.6508E-02
  9.9333E-03  7.8950E-02  7.9852E-03  4.6804E-02
  9.9965E-03  7.9371E-02  8.0360E-03  4.7102E-02
  1.0060E-02  7.9794E-02  8.0871E-03  4.7402E-02
  1.0124E-02  8.0218E-02  8.1386E-03  4.7703E-02
  1.0188E-02  8.0644E-02  8.1903E-03  4.8007E-02
  1.0253E-02  8.1072E-02  8.2424E-03  4.8312E-02
  1.0318E-02  8.1501E-02  8.2948E-03  4.8619E-02
  1.0384E-02  8.1932E-02  8.3475E-03  4.8928E-02
  1.0450E-02  8.2364E-02  8.4005E-03  4.9239E-02
  1.0516E-02  8.2798E-02  8.4539E-03  4.9551E-02
  1.0583E-02  8.3234E-02  8.5075E-03  4.9866E-02
  1.0650E-02  8.3671E-02  8.5615E-03  5.0183E-02
  1.0718E-02  8.4110E-02  8.6159E-03  5.0501E-02
  1.0786E-02  8.4551E-02  8.6706E-03  5.0822E-02
  1.0854E-02  8.4993E-02  8.7256E-03  5.1144E-02
  1.0923E-02  8.5436E-02  8.7809E-03  5.1468E-02
  1.0992E-02  8.5882E-02  8.8366E-03  5.1795E-02
  1.1062E-02  8.6329E-02  8.8926E-03  5.2123E-02
  1.1132E-02  8.6777E-02  8.9490E-03  5.2453E-02
  1.1203E-02  8.7227E-02  9.0057E-03  5.2786E-02
  1.1274E-02  8.7679E-02  9.0627E-03  5.3120E-02
  1.1345E-02  8.8132E-02  9.1201E-03  5.3457E-02
  1.1417E-02  8.8587E-02  9.1779E-03  5.3795E-02
  1.1489E-02  8.9044E-02  9.2360E-03  5.4136E-02
  1.1562E-02  8.9502E-02  9.2944E-03  5.4478E-02
  1.1635E-02  8.9962E-02  9.3533E-03  5.4823E-02
  1.1709E-02  9.0423E-02  9.4124E-03  5.5170E-02
  1.1783E-02  9.0886E-02  9.4720E-03  5.5519E-02
  1.1857E-02  9.1350E-02  9.5319E-03  5.5870E-02
  1.1932E-02  9.1816E-02  9.5922E-03  5.6223E-02
  1.2008E-02  9.2284E-02  9.6528E-03  5.6579E-02
  1.2084E-02  9.2753E-02  9.7138E-03  5.6936E-02
  1.2160E-02  9.3223E-02  9.7752E-03  5.7296E-02
  1.2237E-02  9.3696E-02  9.8369E-03  5.7658E-02
  1.2314E-02  9.4169E-02  9.8991E-03  5.8022E-02
  1.2392E-02  9.4645E-02  9.9616E-03  5.8389E-02
  1.2470E-02  9.5121E-02  1.0024E-02  5.8758E-02
  1.2549E-02  9.5600E-02  1.0088E-02  5.9128E-02
  1.2628E-02  9.6080E-02  1.0151E-02  5.9502E-02
  1.2708E-02  9.6561E-02  1.0215E-02  5.9877E-02
  1.2788E-02  9.7044E-02  1.0280E-02  6.0255E-02
  1.2869E-02  9.7528E-02  1.0345E-02  6.0635E-02
  1.2950E-02  9.8014E-02  1.0410E-02  6.1017E-02
  1.3031E-02  9.8502E-02  1.0476E-02  6.1402E-02
  1.3114E-02  9.8990E-02  1.0542E-02  6.1789E-02
  1.3196E-02  9.9481E-02  1.0608E-02  6.2179E-02
  1.3279E-02  9.9973E-02  1.0675E-02  6.2570E-02
  1.3363E-02  1.0047E-01  1.0742E-02  6.2965E-02
  1.3447E-02  1.0096E-01  1.0810E-02  6.3361E-02
  1.3532E-02  1.0146E-01  1.0878E-02  6.3760E-02
  1.3617E-02  1.0195E-01  1.0947E-02  6.4162E-02
  1.3703E-02  1.0245E-01  1.1015E-02  6.4566E-02
  1.3789E-02  1.0295E-01  1.1085E-02  6.4972E-02
  1.3876E-02  1.0346E-01  1.1155E-02  6.5381E-02
  1.3963E-02  1.0396E-01  1.1225E-02  6.5792E-02
  1.4051E-02  1.0446E-01  1.1295E-02  6.6206E-02
  1.4140E-02  1.0497E-01  1.1366E-02  6.6623E-02
  1.4229E-02  1.0548E-01  1.1438E-02  6.7042E-02
  1.4318E-02  1.0599E-01  1.1510E-02  6.7463E-02
  1.4408E-02  1.0650E-01  1.1582E-02  6.7888E-02
  1.4499E-02  1.0701E-01  1.1655E-02  6.8314E-02
  1.4590E-02  1.0752E-01  1.1728E-02  6.8744E-02
  1.4681E-02  1.0804E-01  1.1802E-02  6.9176E-02
  1.4774E-02  1.0855E-01  1.1876E-02  6.9610E-02
  1.4866E-02  1.0907E-01  1.1951E-02  7.0047E-02
  1.4960E-02  1.0959E-01  1.2026E-02  7.0487E-02
  1.5054E-02  1.1011E-01  1.2101E-02  7.0930E-02
  1.5148E-02  1.1063E-01  1.2177E-02  7.1375E-02
  1.5243E-02  1.1115E-01  1.2254E-02  7.1823E-02
  1.5339E-02  1.1167E-01  1.2331E-02  7.2274E-02
  1.5435E-02  1.1220E-01  1.2408E-02  7.2728E-02
  1.5532E-02  1.1272E-01  1.2486E-02  7.3184E-02
  1.5630E-02  1.1325E-01  1.2564E-02  7.3643E-02
  1.5728E-02  1.1378E-01  1.2643E-02  7.4105E-02
  1.5826E-02  1.1431E-01  1.2722E-02  7.4570E-02
  1.5926E-02  1.1484E-01  1.2802E-02  7.5037E-02
  1.6025E-02  1.1537E-01  1.2882E-02  7.5508E-02
  1.6126E-02  1.1590E-01  1.2963E-02  7.5981E-02
  1.6227E-02  1.1644E-01  1.3044E-02  7.6457E-02
  1.6329E-02  1.1697E-01  1.3126E-02  7.6936E-02
  1.6431E-02  1.1751E-01  1.3208E-02  7.7418E-02
  1.6534E-02  1.1805E-01  1.3291E-02  7.7903E-02
  1.6637E-02  1.1859E-01  1.3374E-02  7.8391E-02
  1.6742E-02  1.1913E-01  1.3458E-02  7.8882E-02
  1.6846E-02  1.1967E-01  1.3542E-02  7.9376E-02
  1.6952E-02  1.2021E-01  1.3627E-02  7.9873E-02
  1.7058E-02  1.2075E-01  1.3712E-02  8.0373E-02
  1.7165E-02  1.2129E-01  1.3798E-02  8.0876E-02
  1.7272E-02  1.2184E-01  1.3884E-02  8.1382E-02
  1.7380E-02  1.2238E-01  1.3971E-02  8.1891E-02
  1.7489E-02  1.2293E-01  1.4059E-02  8.2404E-02
  1.7599E-02  1.2348E-01  1.4147E-02  8.2919E-02
  1.7709E-02  1.2403E-01  1.4235E-02  8.3438E-02
  1.7819E-02  1.2458E-01  1.4324E-02  8.3959E-02
  1.7931E-02  1.2513E-01  1.4414E-02  8.4484E-02
  1.8043E-02  1.2568E-01  1.4504E-02  8.5013E-02
  1.8156E-02  1.2623E-01  1.4594E-02  8.5544E-02
  1.8269E-02  1.2678E-01  1.4686E-02  8.6079E-02
  1.8383E-02  1.2733E-01  1.4777E-02  8.6617E-02
  1.8498E-02  1.2789E-01  1.4870E-02  8.7158E-02
  1.8614E-02  1.2844E-01  1.4963E-02  8.7702E-02
  1.8730E-02  1.2900E-01  1.5056E-02  8.8250E-02
  1.8847E-02  1.2956E-01  1.5150E-02  8.8801E-02
  1.8965E-02  1.3011E-01  1.5245E-02  8.9356E-02
  1.9083E-02  1.3067E-01  1.5340E-02  8.9914E-02
  1.9202E-02  1.3123E-01  1.5436E-02  9.0475E-02
  1.9322E-02  1.3179E-01  1.5532E-02  9.1040E-02
  1.9443E-02  1.3235E-01  1.5629E-02  9.1608E-02
  1.9564E-02  1.3291E-01  1.5727E-02  9.2180E-02
  1.9686E-02  1.3347E-01  1.5825E-02  9.2755E-02
  1.9809E-02  1.3403E-01  1.5923E-02  9.3334E-02
  1.9933E-02  1.3459E-01  1.6023E-02  9.3916E-02
  2.0057E-02  1.3515E-01  1.6123E-02  9.4502E-02
  2.0182E-02  1.3571E-01  1.6223E-02  9.5091E-02
  2.0308E-02  1.3628E-01  1.6324E-02  9.5684E-02
  2.0435E-02  1.3684E-01  1.6426E-02  9.6281E-02
  2.0562E-02  1.3740E-01  1.6529E-02  9.6881E-02
  2.0690E-02  1.3797E-01  1.6632E-02  9.7485E-02
  2.0819E-02  1.3853E-01  1.6735E-02  9.8093E-02
  2.0949E-02  1.3910E-01  1.6840E-02  9.8704E-02
  2.1080E-02  1.3966E-01  1.6945E-02  9.9319E-02
  2.1211E-02  1.4023E-01  1.7050E-02  9.9938E-02
  2.1343E-02  1.4079E-01  1.7156E-02  1.0056E-01
  2.1476E-02  1.4136E-01  1.7263E-02  1.0119E-01
  2.1610E-02  1.4192E-01  1.7371E-02  1.0182E-01
  2.1745E-02  1.4249E-01  1.7479E-02  1.0245E-01
  2.1880E-02  1.4305E-01  1.7588E-02  1.0309E-01
  2.2016E-02  1.4362E-01  1.7697E-02  1.0373E-01
  2.2153E-02  1.4418E-01  1.7808E-02  1.0438E-01
  2.2291E-02  1.4475E-01  1.7918E-02  1.0503E-01
  2.2430E-02  1.4532E-01  1.8030E-02  1.0568E-01
  2.2570E-02  1.4588E-01  1.8142E-02  1.0634E-01
  2.2710E-02  1.4645E-01  1.8255E-02  1.0700E-01
  2.2851E-02  1.4701E-01  1.8369E-02  1.0767E-01
  2.2994E-02  1.4758E-01  1.8483E-02  1.0834E-01
  2.3137E-02  1.4814E-01  1.8598E-02  1.0901E-01
  2.3281E-02  1.4870E-01  1.8714E-02  1.0969E-01
  2.3425E-02  1.4927E-01  1.8830E-02  1.1037E-01
  2.3571E-02  1.4983E-01  1.8947E-02  1.1106E-01
  2.3718E-02  1.5040E-01  1.9065E-02  1.1175E-01
  2.3865E-02  1.5096E-01  1.9183E-02  1.1244E-01
  2.4014E-02  1.5152E-01  1.9303E-02  1.1314E-01
  2.4163E-02  1.5208E-01  1.9423E-02  1.1384E-01
  2.4313E-02  1.5264E-01  1.9543E-02  1.1455E-01
  2.4464E-02  1.5320E-01  1.9665E-02  1.1526E-01
  2.4616E-02  1.5376E-01  1.9787E-02  1.1598E-01
  2.4769E-02  1.5432E-01  1.9910E-02  1.1670E-01
  2.4923E-02  1.5488E-01  2.0034E-02  1.1742E-01
  2.5078E-02  1.5544E-01  2.0158E-02  1.1815E-01
  2.5234E-02  1.5600E-01  2.0283E-02  1.1889E-01
  2.5391E-02  1.5655E-01  2.0409E-02  1.1963E-01
  2.5548E-02  1.5711E-01  2.0536E-02  1.2037E-01
  2.5707E-02  1.5766E-01  2.0663E-02  1.2112E-01
  2.5867E-02  1.5822E-01  2.0792E-02  1.2187E-01
  2.6027E-02  1.5877E-01  2.0921E-02  1.2263E-01
  2.6189E-02  1.5932E-01  2.1051E-02  1.2339E-01
  2.6352E-02  1.5987E-01  2.1181E-02  1.2415E-01
  2.6515E-02  1.6042E-01  2.1313E-02  1.2492E-01
  2.6680E-02  1.6097E-01  2.1445E-02  1.2570E-01
  2.6845E-02  1.6151E-01  2.1578E-02  1.2648E-01
  2.7012E-02  1.6206E-01  2.1712E-02  1.2726E-01
  2.7180E-02  1.6260E-01  2.1847E-02  1.2805E-01
  2.7348E-02  1.6314E-01  2.1982E-02  1.2885E-01
  2.7518E-02  1.6368E-01  2.2119E-02  1.2965E-01
  2.7689E-02  1.6422E-01  2.2256E-02  1.3045E-01
  2.7860E-02  1.6476E-01  2.2394E-02  1.3126E-01
  2.8033E-02  1.6530E-01  2.2533E-02  1.3207E-01
  2.8207E-02  1.6583E-01  2.2673E-02  1.3289E-01
  2.8382E-02  1.6637E-01  2.2813E-02  1.3372E-01
  2.8558E-02  1.6690E-01  2.2955E-02  1.3455E-01
  2.8735E-02  1.6743E-01  2.3097E-02  1.3538E-01
  2.8913E-02  1.6795E-01  2.3240E-02  1.3622E-01
  2.9093E-02  1.6848E-01  2.3384E-02  1.3706E-01
  2.9273E-02  1.6900E-01  2.3529E-02  1.3791E-01
  2.9454E-02  1.6952E-01  2.3675E-02  1.3877E-01
  2.9637E-02  1.7004E-01  2.3821E-02  1.3963E-01
  2.9821E-02  1.7056E-01  2.3969E-02  1.4049E-01
  3.0005E-02  1.7108E-01  2.4118E-02  1.4136E-01
  3.0191E-02  1.7159E-01  2.4267E-02  1.4224E-01
  3.0378E-02  1.7210E-01  2.4417E-02  1.4312E-01
  3.0567E-02  1.7261E-01  2.4568E-02  1.4401E-01
  3.0756E-02  1.7311E-01  2.4721E-02  1.4490E-01
  3.0946E-02  1.7362E-01  2.4874E-02  1.4579E-01
  3.1138E-02  1.7412E-01  2.5028E-02  1.4670E-01
  3.1331E-02  1.7461E-01  2.5183E-02  1.4761E-01
  3.1525E-02  1.7511E-01  2.5339E-02  1.4852E-01
  3.1720E-02  1.7560E-01  2.5495E-02  1.4944E-01
  3.1917E-02  1.7609E-01  2.5653E-02  1.5036E-01
  3.2114E-02  1.7658E-01  2.5812E-02  1.5129E-01
  3.2313E-02  1.7706E-01  2.5972E-02  1.5223E-01
  3.2513E-02  1.7754E-01  2.6133E-02  1.5317E-01
  3.2714E-02  1.7802E-01  2.6294E-02  1.5412E-01
  3.2917E-02  1.7849E-01  2.6457E-02  1.5507E-01
  3.3121E-02  1.7896E-01  2.6621E-02  1.5603E-01
  3.3326E-02  1.7943E-01  2.6785E-02  1.5700E-01
  3.3532E-02  1.7990E-01  2.6951E-02  1.5797E-01
  3.3739E-02  1.8036E-01  2.7118E-02  1.5895E-01
  3.3948E-02  1.8081E-01  2.7285E-02  1.5993E-01
  3.4158E-02  1.8127E-01  2.7454E-02  1.6092E-01
  3.4369E-02  1.8172E-01  2.7624E-02  1.6191E-01
  3.4582E-02  1.8216E-01  2.7795E-02  1.6292E-01
  3.4796E-02  1.8261E-01  2.7967E-02  1.6392E-01
  3.5011E-02  1.8304E-01  2.8140E-02  1.6494E-01
  3.5228E-02  1.8348E-01  2.8314E-02  1.6596E-01
  3.5446E-02  1.8391E-01  2.8489E-02  1.6698E-01
  3.5665E-02  1.8434E-01  2.8665E-02  1.6801E-01
  3.5885E-02  1.8476E-01  2.8842E-02  1.6905E-01
  3.6107E-02  1.8518E-01  2.9020E-02  1.7010E-01
  3.6330E-02  1.8559E-01  2.9199E-02  1.7115E-01
  3.6555E-02  1.8600E-01  2.9380E-02  1.7221E-01
  3.6781E-02  1.8640E-01  2.9561E-02  1.7327E-01
  3.7008E-02  1.8680E-01  2.9744E-02  1.7434E-01
  3.7237E-02  1.8720E-01  2.9928E-02  1.7542E-01
  3.7467E-02  1.8759E-01  3.0113E-02  1.7650E-01
  3.7699E-02  1.8798E-01  3.0299E-02  1.7759E-01
  3.7932E-02  1.8836E-01  3.0486E-02  1.7869E-01
  3.8166E-02  1.8873E-01  3.0674E-02  1.7979E-01
  3.8402E-02  1.8910E-01  3.0864E-02  1.8090E-01
  3.8639E-02  1.8947E-01  3.1054E-02  1.8202E-01
  3.8878E-02  1.8983E-01  3.1246E-02  1.8314E-01
  3.9118E-02  1.9019E-01  3.1439E-02  1.8427E-01
  3.9360E-02  1.9054E-01  3.1633E-02  1.8541E-01
  3.9603E-02  1.9088E-01  3.1828E-02  1.8656E-01
  3.9847E-02  1.9122E-01  3.2025E-02  1.8771E-01
  4.0094E-02  1.9155E-01  3.2222E-02  1.8887E-01
  4.0341E-02  1.9188E-01  3.2421E-02  1.9003E-01
  4.0590E-02  1.9220E-01  3.2621E-02  1.9121E-01
  4.0841E-02  1.9251E-01  3.2823E-02  1.9239E-01
  4.1093E-02  1.9282E-01  3.3025E-02  1.9357E-01
  4.1347E-02  1.9313E-01  3.3229E-02  1.9477E-01
  4.1602E-02  1.9342E-01  3.3434E-02  1.9597E-01
  4.1859E-02  1.9371E-01  3.3640E-02  1.9718E-01
  4.2117E-02  1.9400E-01  3.3848E-02  1.9839E-01
  4.2377E-02  1.9428E-01  3.4057E-02  1.9962E-01
  4.2639E-02  1.9455E-01  3.4267E-02  2.0085E-01
  4.2902E-02  1.9481E-01  3.4478E-02  2.0209E-01
  4.3167E-02  1.9507E-01  3.4691E-02  2.0333E-01
  4.3433E-02  1.9532E-01  3.4905E-02  2.0459E-01
  4.3701E-02  1.9556E-01  3.5120E-02  2.0585E-01
  4.3971E-02  1.9580E-01  3.5337E-02  2.0712E-01
  4.4242E-02  1.9603E-01  3.5555E-02  2.0840E-01
  4.4515E-02  1.9625E-01  3.5774E-02  2.0968E-01
  4.4790E-02  1.9646E-01  3.5994E-02  2.1097E-01
  4.5066E-02  1.9667E-01  3.6216E-02  2.1228E-01
  4.5344E-02  1.9687E-01  3.6439E-02  2.1358E-01
  4.5624E-02  1.9706E-01  3.6664E-02  2.1490E-01
  4.5905E-02  1.9725E-01  3.6890E-02  2.1622E-01
  4.6188E-02  1.9742E-01  3.7117E-02  2.1756E-01
  4.6473E-02  1.9759E-01  3.7346E-02  2.1890E-01
  4.6760E-02  1.9775E-01  3.7576E-02  2.2025E-01
  4.7048E-02  1.9790E-01  3.7808E-02  2.2160E-01
  4.7338E-02  1.9804E-01  3.8041E-02  2.2297E-01
  4.7630E-02  1.9818E-01  3.8275E-02  2.2434E-01
  4.7924E-02  1.9831E-01  3.8511E-02  2.2573E-01
  4.8219E-02  1.9842E-01  3.8748E-02  2.2712E-01
  4.8517E-02  1.9853E-01  3.8987E-02  2.2852E-01
  4.8816E-02  1.9863E-01  3.9227E-02  2.2992E-01
  4.9117E-02  1.9872E-01  3.9469E-02  2.3134E-01
  4.9420E-02  1.9881E-01  3.9712E-02  2.3276E-01
  4.9724E-02  1.9888E-01  3.9957E-02  2.3420E-01
  5.0031E-02  1.9894E-01  4.0203E-02  2.3564E-01
  5.0339E-02  1.9900E-01  4.0450E-02  2.3709E-01
  5.0649E-02  1.9904E-01  4.0699E-02  2.3855E-01
  5.0961E-02  1.9908E-01  4.0950E-02  2.4002E-01
  5.1276E-02  1.9910E-01  4.1202E-02  2.4150E-01
  5.1591E-02  1.9912E-01  4.1456E-02  2.4298E-01
  5.1909E-02  1.9912E-01  4.1711E-02  2.4448E-01
  5.2229E-02  1.9912E-01  4.1968E-02  2.4598E-01
  5.2551E-02  1.9910E-01  4.2226E-02  2.4750E-01
  5.2875E-02  1.9908E-01  4.2486E-02  2.4902E-01
  5.3201E-02  1.9904E-01  4.2747E-02  2.5055E-01
  5.3528E-02  1.9900E-01  4.3011E-02  2.5210E-01
  5.3858E-02  1.9894E-01  4.3275E-02  2.5365E-01
  5.4190E-02  1.9887E-01  4.3542E-02  2.5521E-01
  5.4524E-02  1.9879E-01  4.3810E-02  2.5678E-01
  5.4859E-02  1.9870E-01  4.4079E-02  2.5836E-01
  5.5197E-02  1.9860E-01  4.4350E-02  2.5995E-01
  5.5537E-02  1.9849E-01  4.4623E-02  2.6155E-01
  5.5879E-02  1.9837E-01  4.4898E-02  2.6316E-01
  5.6223E-02  1.9823E-01  4.5174E-02  2.6478E-01
  5.6570E-02  1.9809E-01  4.5452E-02  2.6640E-01
  5.6918E-02  1.9793E-01  4.5731E-02  2.6804E-01
  5.7268E-02  1.9776E-01  4.6013E-02  2.6969E-01
  5.7621E-02  1.9758E-01  4.6296E-02  2.7135E-01
  5.7976E-02  1.9739E-01  4.6580E-02  2.7302E-01
  5.8333E-02  1.9718E-01  4.6867E-02  2.7470E-01
  5.8692E-02  1.9696E-01  4.7155E-02  2.7639E-01
  5.9053E-02  1.9673E-01  4.7445E-02  2.7809E-01
  5.9417E-02  1.9649E-01  4.7737E-02  2.7980E-01
  5.9782E-02  1.9623E-01  4.8030E-02  2.8152E-01
  6.0150E-02  1.9596E-01  4.8325E-02  2.8325E-01
  6.0521E-02  1.9568E-01  4.8623E-02  2.8499E-01
  6.0893E-02  1.9539E-01  4.8921E-02  2.8674E-01
  6.1268E-02  1.9508E-01  4.9222E-02  2.8850E-01
  6.1645E-02  1.9476E-01  4.9525E-02  2.9027E-01
  6.2024E-02  1.9443E-01  4.9829E-02  2.9206E-01
  6.2406E-02  1.9408E-01  5.0135E-02  2.9385E-01
  6.2790E-02  1.9372E-01  5.0443E-02  2.9566E-01
  6.3176E-02  1.9335E-01  5.0753E-02  2.9747E-01
  6.3565E-02  1.9296E-01  5.1065E-02  2.9930E-01
  6.3956E-02  1.9255E-01  5.1379E-02  3.0114E-01
  6.4350E-02  1.9214E-01  5.1695E-02  3.0299E-01
  6.4746E-02  1.9171E-01  5.2012E-02  3.0485E-01
  6.5144E-02  1.9126E-01  5.2332E-02  3.0673E-01
  6.5545E-02  1.9080E-01  5.2653E-02  3.0861E-01
  6.5948E-02  1.9033E-01  5.2977E-02  3.1050E-01
  6.6354E-02  1.8984E-01  5.3302E-02  3.1241E-01
  6.6762E-02  1.8934E-01  5.3630E-02  3.1433E-01
  6.7172E-02  1.8882E-01  5.3959E-02  3.1626E-01
  6.7586E-02  1.8829E-01  5.4290E-02  3.1820E-01
  6.8001E-02  1.8774E-01  5.4624E-02  3.2016E-01
  6.8420E-02  1.8718E-01  5.4959E-02  3.2212E-01
  6.8840E-02  1.8660E-01  5.5297E-02  3.2410E-01
  6.9264E-02  1.8600E-01  5.5636E-02  3.2609E-01
  6.9690E-02  1.8539E-01  5.5978E-02  3.2809E-01
  7.0118E-02  1.8477E-01  5.6321E-02  3.3010E-01
  7.0549E-02  1.8413E-01  5.6667E-02  3.3213E-01
  7.0983E-02  1.8347E-01  5.7015E-02  3.3417E-01
  7.1420E-02  1.8280E-01  5.7365E-02  3.3622E-01
  7.1859E-02  1.8211E-01  5.7717E-02  3.3828E-01
  7.2301E-02  1.8140E-01  5.8071E-02  3.4036E-01
  7.2745E-02  1.8068E-01  5.8428E-02  3.4245E-01
  7.3192E-02  1.7994E-01  5.8786E-02  3.4455E-01
  7.3642E-02  1.7919E-01  5.9147E-02  3.4666E-01
  7.4095E-02  1.7841E-01  5.9510E-02  3.4879E-01
  7.4550E-02  1.7763E-01  5.9875E-02  3.5093E-01
  7.5009E-02  1.7682E-01  6.0243E-02  3.5308E-01
  7.5470E-02  1.7600E-01  6.0612E-02  3.5525E-01
  7.5934E-02  1.7516E-01  6.0984E-02  3.5743E-01
  7.6400E-02  1.7430E-01  6.1358E-02  3.5962E-01
  7.6870E-02  1.7343E-01  6.1735E-02  3.6182E-01
  7.7342E-02  1.7254E-01  6.2113E-02  3.6404E-01
  7.7818E-02  1.7163E-01  6.2494E-02  3.6627E-01
  7.8296E-02  1.7070E-01  6.2877E-02  3.6852E-01
  7.8777E-02  1.6976E-01  6.3263E-02  3.7078E-01
  7.9261E-02  1.6879E-01  6.3651E-02  3.7305E-01
  7.9748E-02  1.6781E-01  6.4041E-02  3.7534E-01
  8.0238E-02  1.6682E-01  6.4434E-02  3.7764E-01
  8.0731E-02  1.6580E-01  6.4829E-02  3.7996E-01
  8.1228E-02  1.6476E-01  6.5227E-02  3.8228E-01
  8.1727E-02  1.6371E-01  6.5626E-02  3.8463E-01
  8.2229E-02  1.6264E-01  6.6029E-02  3.8698E-01
  8.2734E-02  1.6155E-01  6.6434E-02  3.8936E-01
  8.3242E-02  1.6044E-01  6.6841E-02  3.9174E-01
  8.3754E-02  1.5932E-01  6.7250E-02  3.9414E-01
  8.4268E-02  1.5817E-01  6.7663E-02  3.9656E-01
  8.4786E-02  1.5701E-01  6.8077E-02  3.9899E-01
  8.5307E-02  1.5582E-01  6.8494E-02  4.0143E-01
  8.5831E-02  1.5462E-01  6.8914E-02  4.0389E-01
  8.6358E-02  1.5340E-01  6.9336E-02  4.0636E-01
  8.6889E-02  1.5216E-01  6.9761E-02  4.0885E-01
  8.7422E-02  1.5090E-01  7.0189E-02  4.1136E-01
  8.7959E-02  1.4962E-01  7.0619E-02  4.1387E-01
  8.8499E-02  1.4832E-01  7.1051E-02  4.1641E-01
  8.9043E-02  1.4700E-01  7.1487E-02  4.1896E-01
  8.9590E-02  1.4566E-01  7.1924E-02  4.2152E-01
  9.0140E-02  1.4431E-01  7.2365E-02  4.2410E-01
  9.0694E-02  1.4293E-01  7.2808E-02  4.2670E-01
  9.1251E-02  1.4153E-01  7.3254E-02  4.2931E-01
  9.1811E-02  1.4012E-01  7.3703E-02  4.3194E-01
  9.2375E-02  1.3868E-01  7.4154E-02  4.3458E-01
  9.2942E-02  1.3723E-01  7.4608E-02  4.3724E-01
  9.3513E-02  1.3575E-01  7.5065E-02  4.3992E-01
  9.4087E-02  1.3425E-01  7.5524E-02  4.4261E-01
  9.4665E-02  1.3274E-01  7.5987E-02  4.4532E-01
  9.5246E-02  1.3120E-01  7.6452E-02  4.4804E-01
  9.5831E-02  1.2965E-01  7.6920E-02  4.5078E-01
  9.6419E-02  1.2807E-01  7.7391E-02  4.5354E-01
  9.7011E-02  1.2647E-01  7.7864E-02  4.5632E-01
  9.7607E-02  1.2486E-01  7.8341E-02  4.5911E-01
  9.8206E-02  1.2322E-01  7.8820E-02  4.6191E-01
  9.8809E-02  1.2156E-01  7.9302E-02  4.6474E-01
  9.9415E-02  1.1988E-01  7.9788E-02  4.6758E-01
  1.0003E-01  1.1819E-01  8.0276E-02  4.7044E-01
  1.0064E-01  1.1647E-01  8.0767E-02  4.7331E-01
  1.0126E-01  1.1473E-01  8.1261E-02  4.7621E-01
  1.0188E-01  1.1297E-01  8.1758E-02  4.7912E-01
  1.0250E-01  1.1119E-01  8.2258E-02  4.8205E-01
  1.0313E-01  1.0939E-01  8.2761E-02  4.8499E-01
  1.0377E-01  1.0757E-01  8.3267E-02  4.8796E-01
  1.0440E-01  1.0573E-01  8.3777E-02  4.9094E-01
  1.0504E-01  1.0386E-01  8.4289E-02  4.9394E-01
  1.0569E-01  1.0198E-01  8.4804E-02  4.9696E-01
  1.0634E-01  1.0008E-01  8.5323E-02  4.9999E-01
  1.0699E-01  9.8155E-02  8.5845E-02  5.0305E-01
  1.0765E-01  9.6210E-02  8.6369E-02  5.0612E-01
  1.0831E-01  9.4246E-02  8.6897E-02  5.0921E-01
  1.0897E-01  9.2261E-02  8.7428E-02  5.1232E-01
  1.0964E-01  9.0255E-02  8.7963E-02  5.1545E-01
  1.1031E-01  8.8229E-02  8.8500E-02  5.1859E-01
  1.1099E-01  8.6183E-02  8.9041E-02  5.2176E-01
  1.1167E-01  8.4116E-02  8.9585E-02  5.2494E-01
  1.1236E-01  8.2029E-02  9.0133E-02  5.2815E-01
  1.1305E-01  7.9921E-02  9.0683E-02  5.3137E-01
  1.1374E-01  7.7794E-02  9.1237E-02  5.3461E-01
  1.1444E-01  7.5646E-02  9.1795E-02  5.3788E-01
  1.1514E-01  7.3478E-02  9.2355E-02  5.4116E-01
  1.1585E-01  7.1289E-02  9.2920E-02  5.4446E-01
  1.1656E-01  6.9081E-02  9.3487E-02  5.4778E-01
  1.1727E-01  6.6852E-02  9.4058E-02  5.5112E-01
  1.1799E-01  6.4604E-02  9.4632E-02  5.5448E-01
  1.1872E-01  6.2336E-02  9.5210E-02  5.5786E-01
  1.1944E-01  6.0048E-02  9.5792E-02  5.6127E-01
  1.2018E-01  5.7740E-02  9.6376E-02  5.6469E-01
  1.2091E-01  5.5412E-02  9.6965E-02  5.6813E-01
  1.2166E-01  5.3065E-02  9.7557E-02  5.7159E-01
  1.2240E-01  5.0698E-02  9.8152E-02  5.7508E-01
  1.2315E-01  4.8312E-02  9.8751E-02  5.7858E-01
  1.2391E-01  4.5907E-02  9.9354E-02  5.8211E-01
  1.2467E-01  4.3482E-02  9.9960E-02  5.8565E-01
  1.2543E-01  4.1038E-02  1.0057E-01  5.8922E-01
  1.2620E-01  3.8576E-02  1.0118E-01  5.9281E-01
  1.2698E-01  3.6094E-02  1.0180E-01  5.9642E-01
  1.2775E-01  3.3594E-02  1.0242E-01  6.0005E-01
  1.2854E-01  3.1075E-02  1.0305E-01  6.0370E-01
  1.2933E-01  2.8537E-02  1.0367E-01  6.0738E-01
  1.3012E-01  2.5981E-02  1.0431E-01  6.1107E-01
  1.3092E-01  2.3407E-02  1.0494E-01  6.1479E-01
  1.3172E-01  2.0815E-02  1.0558E-01  6.1853E-01
  1.3253E-01  1.8205E-02  1.0623E-01  6.2230E-01
  1.3334E-01  1.5577E-02  1.0687E-01  6.2608E-01
  1.3416E-01  1.2931E-02  1.0753E-01  6.2989E-01
  1.3498E-01  1.0268E-02  1.0818E-01  6.3372E-01
  1.3581E-01  7.5872E-03  1.0884E-01  6.3758E-01
  1.3664E-01  4.8895E-03  1.0950E-01  6.4145E-01
  1.3748E-01  2.1749E-03  1.1017E-01  6.4535E-01
  1.3832E-01 -5.5643E-04  1.1084E-01  6.4927E-01
  1.3917E-01 -3.3044E-03  1.1152E-01  6.5322E-01
  1.4002E-01 -6.0688E-03  1.1220E-01  6.5719E-01
  1.4088E-01 -8.8493E-03  1.1288E-01  6.6118E-01
  1.4175E-01 -1.1646E-02  1.1357E-01  6.6520E-01
  1.4262E-01 -1.4458E-02  1.1426E-01  6.6924E-01
  1.4349E-01 -1.7286E-02  1.1495E-01  6.7330E-01
  1.4437E-01 -2.0130E-02  1.1565E-01  6.7739E-01
  1.4526E-01 -2.2988E-02  1.1636E-01  6.8150E-01
  1.4615E-01 -2.5861E-02  1.1707E-01  6.8564E-01
  1.4704E-01 -2.8749E-02  1.1778E-01  6.8980E-01
  1.4794E-01 -3.1652E-02  1.1850E-01  6.9398E-01
  1.4885E-01 -3.4568E-02  1.1922E-01  6.9819E-01
  1.4976E-01 -3.7499E-02  1.1994E-01  7.0243E-01
  1.5068E-01 -4.0443E-02  1.2067E-01  7.0669E-01
  1.5160E-01 -4.3400E-02  1.2141E-01  7.1097E-01
  1.5253E-01 -4.6371E-02  1.2215E-01  7.1528E-01
  1.5347E-01 -4.9355E-02  1.2289E-01  7.1961E-01
  1.5441E-01 -5.2351E-02  1.2364E-01  7.2397E-01
  1.5536E-01 -5.5359E-02  1.2439E-01  7.2836E-01
  1.5631E-01 -5.8379E-02  1.2514E-01  7.3277E-01
  1.5727E-01 -6.1411E-02  1.2590E-01  7.3721E-01
  1.5823E-01 -6.4455E-02  1.2667E-01  7.4167E-01
  1.5920E-01 -6.7509E-02  1.2744E-01  7.4616E-01
  1.6018E-01 -7.0575E-02  1.2821E-01  7.5067E-01
  1.6116E-01 -7.3650E-02  1.2899E-01  7.5521E-01
  1.6215E-01 -7.6736E-02  1.2978E-01  7.5978E-01
  1.6314E-01 -7.9832E-02  1.3056E-01  7.6438E-01
  1.6414E-01 -8.2937E-02  1.3136E-01  7.6900E-01
  1.6515E-01 -8.6051E-02  1.3216E-01  7.7365E-01
  1.6616E-01 -8.9174E-02  1.3296E-01  7.7832E-01
  1.6718E-01 -9.2305E-02  1.3377E-01  7.8302E-01
  1.6820E-01 -9.5444E-02  1.3458E-01  7.8775E-01
  1.6923E-01 -9.8591E-02  1.3539E-01  7.9251E-01
  1.7027E-01 -1.0175E-01  1.3622E-01  7.9729E-01
  1.7131E-01 -1.0491E-01  1.3704E-01  8.0210E-01
  1.7236E-01 -1.0807E-01  1.3787E-01  8.0694E-01
  1.7342E-01 -1.1125E-01  1.3871E-01  8.1181E-01
  1.7448E-01 -1.1443E-01  1.3955E-01  8.1670E-01
  1.7555E-01 -1.1761E-01  1.4040E-01  8.2163E-01
  1.7663E-01 -1.2080E-01  1.4125E-01  8.2658E-01
  1.7771E-01 -1.2400E-01  1.4211E-01  8.3156E-01
  1.7880E-01 -1.2719E-01  1.4297E-01  8.3657E-01
  1.7989E-01 -1.3039E-01  1.4383E-01  8.4160E-01
  1.8099E-01 -1.3360E-01  1.4471E-01  8.4667E-01
  1.8210E-01 -1.3681E-01  1.4558E-01  8.5176E-01
  1.8322E-01 -1.4002E-01  1.4646E-01  8.5689E-01
  1.8434E-01 -1.4323E-01  1.4735E-01  8.6204E-01
  1.8547E-01 -1.4644E-01  1.4824E-01  8.6722E-01
  1.8661E-01 -1.4966E-01  1.4914E-01  8.7243E-01
  1.8775E-01 -1.5287E-01  1.5005E-01  8.7768E-01
  1.8890E-01 -1.5609E-01  1.5095E-01  8.8295E-01
  1.9006E-01 -1.5930E-01  1.5187E-01  8.8825E-01
  1.9122E-01 -1.6251E-01  1.5279E-01  8.9358E-01
  1.9240E-01 -1.6573E-01  1.5371E-01  8.9894E-01
  1.9357E-01 -1.6893E-01  1.5464E-01  9.0433E-01
  1.9476E-01 -1.7214E-01  1.5558E-01  9.0975E-01
  1.9595E-01 -1.7535E-01  1.5652E-01  9.1520E-01
  1.9715E-01 -1.7855E-01  1.5746E-01  9.2068E-01
  1.9836E-01 -1.8174E-01  1.5842E-01  9.2619E-01
  1.9958E-01 -1.8494E-01  1.5937E-01  9.3173E-01
  2.0080E-01 -1.8812E-01  1.6034E-01  9.3731E-01
  2.0203E-01 -1.9130E-01  1.6131E-01  9.4291E-01
  2.0327E-01 -1.9448E-01  1.6228E-01  9.4855E-01
  2.0451E-01 -1.9765E-01  1.6326E-01  9.5421E-01
  2.0577E-01 -2.0081E-01  1.6425E-01  9.5991E-01
  2.0703E-01 -2.0396E-01  1.6524E-01  9.6564E-01
  2.0829E-01 -2.0711E-01  1.6624E-01  9.7140E-01
  2.0957E-01 -2.1024E-01  1.6724E-01  9.7720E-01
  2.1085E-01 -2.1337E-01  1.6825E-01  9.8302E-01
  2.1215E-01 -2.1649E-01  1.6926E-01  9.8888E-01
  2.1345E-01 -2.1959E-01  1.7028E-01  9.9476E-01
  2.1475E-01 -2.2269E-01  1.7131E-01  1.0007E+00
  2.1607E-01 -2.2577E-01  1.7234E-01  1.0066E+00
  2.1739E-01 -2.2884E-01  1.7338E-01  1.0126E+00
  2.1872E-01 -2.3189E-01  1.7443E-01  1.0186E+00
  2.2006E-01 -2.3494E-01  1.7548E-01  1.0247E+00
  2.2141E-01 -2.3797E-01  1.7654E-01  1.0308E+00
  2.2277E-01 -2.4098E-01  1.7760E-01  1.0369E+00
  2.2413E-01 -2.4398E-01  1.7867E-01  1.0430E+00
  2.2550E-01 -2.4696E-01  1.7974E-01  1.0492E+00
  2.2689E-01 -2.4992E-01  1.8083E-01  1.0554E+00
  2.2827E-01 -2.5287E-01  1.8192E-01  1.0617E+00
  2.2967E-01 -2.5580E-01  1.8301E-01  1.0679E+00
  2.3108E-01 -2.5871E-01  1.8411E-01  1.0742E+00
  2.3249E-01 -2.6160E-01  1.8522E-01  1.0806E+00
  2.3392E-01 -2.6447E-01  1.8633E-01  1.0870E+00
  2.3535E-01 -2.6732E-01  1.8745E-01  1.0934E+00
  2.3679E-01 -2.7015E-01  1.8858E-01  1.0998E+00
  2.3824E-01 -2.7295E-01  1.8971E-01  1.1063E+00
  2.3970E-01 -2.7574E-01  1.9085E-01  1.1128E+00
  2.4117E-01 -2.7850E-01  1.9200E-01  1.1194E+00
  2.4265E-01 -2.8123E-01  1.9315E-01  1.1259E+00
  2.4413E-01 -2.8394E-01  1.9431E-01  1.1325E+00
  2.4563E-01 -2.8663E-01  1.9547E-01  1.1392E+00
  2.4713E-01 -2.8929E-01  1.9665E-01  1.1459E+00
  2.4865E-01 -2.9192E-01  1.9783E-01  1.1526E+00
  2.5017E-01 -2.9452E-01  1.9901E-01  1.1593E+00
  2.5170E-01 -2.9710E-01  2.0020E-01  1.1661E+00
  2.5324E-01 -2.9965E-01  2.0140E-01  1.1729E+00
  2.5479E-01 -3.0217E-01  2.0261E-01  1.1798E+00
  2.5635E-01 -3.0465E-01  2.0382E-01  1.1866E+00
  2.5792E-01 -3.0711E-01  2.0504E-01  1.1935E+00
  2.5950E-01 -3.0953E-01  2.0627E-01  1.2005E+00
  2.6109E-01 -3.1193E-01  2.0751E-01  1.2075E+00
  2.6269E-01 -3.1429E-01  2.0875E-01  1.2145E+00
  2.6430E-01 -3.1661E-01  2.1000E-01  1.2215E+00
  2.6592E-01 -3.1890E-01  2.1125E-01  1.2286E+00
  2.6754E-01 -3.2116E-01  2.1251E-01  1.2357E+00
  2.6918E-01 -3.2338E-01  2.1378E-01  1.2429E+00
  2.7083E-01 -3.2556E-01  2.1506E-01  1.2501E+00
  2.7249E-01 -3.2770E-01  2.1634E-01  1.2573E+00
  2.7416E-01 -3.2981E-01  2.1764E-01  1.2645E+00
  2.7584E-01 -3.3188E-01  2.1893E-01  1.2718E+00
  2.7752E-01 -3.3391E-01  2.2024E-01  1.2791E+00
  2.7922E-01 -3.3590E-01  2.2155E-01  1.2865E+00
  2.8093E-01 -3.3785E-01  2.2287E-01  1.2939E+00
  2.8265E-01 -3.3975E-01  2.2420E-01  1.3013E+00
  2.8438E-01 -3.4162E-01  2.2554E-01  1.3087E+00
  2.8613E-01 -3.4344E-01  2.2688E-01  1.3162E+00
  2.8788E-01 -3.4522E-01  2.2823E-01  1.3237E+00
  2.8964E-01 -3.4695E-01  2.2959E-01  1.3312E+00
  2.9141E-01 -3.4864E-01  2.3095E-01  1.3388E+00
  2.9320E-01 -3.5028E-01  2.3233E-01  1.3464E+00
  2.9499E-01 -3.5187E-01  2.3371E-01  1.3541E+00
  2.9680E-01 -3.5342E-01  2.3510E-01  1.3617E+00
  2.9862E-01 -3.5492E-01  2.3649E-01  1.3695E+00
  3.0044E-01 -3.5638E-01  2.3790E-01  1.3772E+00
  3.0228E-01 -3.5778E-01  2.3931E-01  1.3850E+00
  3.0413E-01 -3.5913E-01  2.4073E-01  1.3928E+00
  3.0600E-01 -3.6044E-01  2.4215E-01  1.4006E+00
  3.0787E-01 -3.6169E-01  2.4359E-01  1.4084E+00
  3.0975E-01 -3.6289E-01  2.4503E-01  1.4163E+00
  3.1165E-01 -3.6404E-01  2.4648E-01  1.4243E+00
  3.1356E-01 -3.6513E-01  2.4794E-01  1.4322E+00
  3.1548E-01 -3.6617E-01  2.4941E-01  1.4402E+00
  3.1741E-01 -3.6716E-01  2.5089E-01  1.4482E+00
  3.1935E-01 -3.6809E-01  2.5237E-01  1.4562E+00
  3.2131E-01 -3.6896E-01  2.5386E-01  1.4643E+00
  3.2327E-01 -3.6978E-01  2.5536E-01  1.4724E+00
  3.2525E-01 -3.7054E-01  2.5687E-01  1.4805E+00
  3.2724E-01 -3.7125E-01  2.5838E-01  1.4887E+00
  3.2925E-01 -3.7189E-01  2.5991E-01  1.4968E+00
  3.3126E-01 -3.7248E-01  2.6144E-01  1.5050E+00
  3.3329E-01 -3.7301E-01  2.6298E-01  1.5133E+00
  3.3533E-01 -3.7348E-01  2.6453E-01  1.5215E+00
  3.3738E-01 -3.7388E-01  2.6609E-01  1.5298E+00
  3.3945E-01 -3.7423E-01  2.6765E-01  1.5381E+00
  3.4152E-01 -3.7451E-01  2.6923E-01  1.5465E+00
  3.4362E-01 -3.7474E-01  2.7081E-01  1.5548E+00
  3.4572E-01 -3.7490E-01  2.7240E-01  1.5632E+00
  3.4783E-01 -3.7499E-01  2.7400E-01  1.5716E+00
  3.4996E-01 -3.7502E-01  2.7561E-01  1.5800E+00
  3.5211E-01 -3.7499E-01  2.7722E-01  1.5885E+00
  3.5426E-01 -3.7489E-01  2.7885E-01  1.5969E+00
  3.5643E-01 -3.7473E-01  2.8048E-01  1.6054E+00
  3.5861E-01 -3.7450E-01  2.8212E-01  1.6139E+00
  3.6081E-01 -3.7421E-01  2.8378E-01  1.6224E+00
  3.6301E-01 -3.7385E-01  2.8543E-01  1.6310E+00
  3.6524E-01 -3.7342E-01  2.8710E-01  1.6396E+00
  3.6747E-01 -3.7292E-01  2.8878E-01  1.6481E+00
  3.6972E-01 -3.7235E-01  2.9047E-01  1.6567E+00
  3.7198E-01 -3.7172E-01  2.9216E-01  1.6653E+00
  3.7426E-01 -3.7102E-01  2.9387E-01  1.6740E+00
  3.7655E-01 -3.7024E-01  2.9558E-01  1.6826E+00
  3.7886E-01 -3.6940E-01  2.9730E-01  1.6913E+00
  3.8117E-01 -3.6849E-01  2.9903E-01  1.6999E+00
  3.8351E-01 -3.6750E-01  3.0077E-01  1.7086E+00
  3.8585E-01 -3.6645E-01  3.0252E-01  1.7173E+00
  3.8822E-01 -3.6532E-01  3.0427E-01  1.7260E+00
  3.9059E-01 -3.6412E-01  3.0604E-01  1.7347E+00
  3.9298E-01 -3.6285E-01  3.0782E-01  1.7434E+00
  3.9539E-01 -3.6150E-01  3.0960E-01  1.7521E+00
  3.9781E-01 -3.6009E-01  3.1139E-01  1.7608E+00
  4.0024E-01 -3.5860E-01  3.1320E-01  1.7696E+00
  4.0269E-01 -3.5703E-01  3.1501E-01  1.7783E+00
  4.0516E-01 -3.5540E-01  3.1683E-01  1.7870E+00
  4.0764E-01 -3.5369E-01  3.1866E-01  1.7958E+00
  4.1013E-01 -3.5190E-01  3.2050E-01  1.8045E+00
  4.1264E-01 -3.5004E-01  3.2235E-01  1.8132E+00
  4.1517E-01 -3.4810E-01  3.2420E-01  1.8219E+00
  4.1771E-01 -3.4610E-01  3.2607E-01  1.8307E+00
  4.2026E-01 -3.4401E-01  3.2795E-01  1.8394E+00
  4.2283E-01 -3.4185E-01  3.2983E-01  1.8481E+00
  4.2542E-01 -3.3962E-01  3.3173E-01  1.8568E+00
  4.2803E-01 -3.3730E-01  3.3363E-01  1.8654E+00
  4.3064E-01 -3.3492E-01  3.3555E-01  1.8741E+00
  4.3328E-01 -3.3245E-01  3.3747E-01  1.8828E+00
  4.3593E-01 -3.2992E-01  3.3940E-01  1.8914E+00
  4.3860E-01 -3.2730E-01  3.4134E-01  1.9000E+00
  4.4128E-01 -3.2461E-01  3.4329E-01  1.9086E+00
  4.4398E-01 -3.2184E-01  3.4525E-01  1.9172E+00
  4.4670E-01 -3.1900E-01  3.4722E-01  1.9258E+00
  4.4943E-01 -3.1608E-01  3.4920E-01  1.9343E+00
  4.5218E-01 -3.1309E-01  3.5119E-01  1.9428E+00
  4.5495E-01 -3.1001E-01  3.5319E-01  1.9513E+00
  4.5774E-01 -3.0687E-01  3.5520E-01  1.9598E+00
  4.6054E-01 -3.0364E-01  3.5721E-01  1.9682E+00
  4.6335E-01 -3.0034E-01  3.5924E-01  1.9766E+00
  4.6619E-01 -2.9697E-01  3.6128E-01  1.9849E+00
  4.6904E-01 -2.9351E-01  3.6332E-01  1.9932E+00
  4.7191E-01 -2.8999E-01  3.6538E-01  2.0015E+00
  4.7480E-01 -2.8638E-01  3.6744E-01  2.0097E+00
  4.7771E-01 -2.8270E-01  3.6952E-01  2.0179E+00
  4.8063E-01 -2.7895E-01  3.7160E-01  2.0260E+00
  4.8357E-01 -2.7512E-01  3.7369E-01  2.0341E+00
  4.8653E-01 -2.7121E-01  3.7580E-01  2.0421E+00
  4.8951E-01 -2.6723E-01  3.7791E-01  2.0501E+00
  4.9250E-01 -2.6318E-01  3.8003E-01  2.0580E+00
  4.9551E-01 -2.5905E-01  3.8216E-01  2.0659E+00
  4.9855E-01 -2.5485E-01  3.8430E-01  2.0736E+00
  5.0160E-01 -2.5057E-01  3.8645E-01  2.0814E+00
  5.0467E-01 -2.4622E-01  3.8861E-01  2.0890E+00
  5.0775E-01 -2.4180E-01  3.9078E-01  2.0966E+00
  5.1086E-01 -2.3730E-01  3.9296E-01  2.1041E+00
  5.1399E-01 -2.3273E-01  3.9514E-01  2.1115E+00
  5.1713E-01 -2.2809E-01  3.9734E-01  2.1188E+00
  5.2029E-01 -2.2338E-01  3.9955E-01  2.1261E+00
  5.2348E-01 -2.1860E-01  4.0176E-01  2.1333E+00
  5.2668E-01 -2.1374E-01  4.0399E-01  2.1403E+00
  5.2990E-01 -2.0882E-01  4.0622E-01  2.1473E+00
  5.3315E-01 -2.0382E-01  4.0847E-01  2.1542E+00
  5.3641E-01 -1.9876E-01  4.1072E-01  2.1610E+00
  5.3969E-01 -1.9363E-01  4.1299E-01  2.1677E+00
  5.4299E-01 -1.8843E-01  4.1526E-01  2.1742E+00
  5.4631E-01 -1.8316E-01  4.1754E-01  2.1807E+00
  5.4966E-01 -1.7782E-01  4.1983E-01  2.1870E+00
  5.5302E-01 -1.7242E-01  4.2213E-01  2.1933E+00
  5.5640E-01 -1.6695E-01  4.2444E-01  2.1994E+00
  5.5981E-01 -1.6142E-01  4.2676E-01  2.2053E+00
  5.6323E-01 -1.5582E-01  4.2908E-01  2.2112E+00
  5.6668E-01 -1.5015E-01  4.3142E-01  2.2169E+00
  5.7015E-01 -1.4443E-01  4.3377E-01  2.2225E+00
  5.7363E-01 -1.3864E-01  4.3612E-01  2.2279E+00
  5.7714E-01 -1.3278E-01  4.3848E-01  2.2332E+00
  5.8067E-01 -1.2687E-01  4.4086E-01  2.2383E+00
  5.8423E-01 -1.2090E-01  4.4324E-01  2.2433E+00
  5.8780E-01 -1.1486E-01  4.4563E-01  2.2481E+00
  5.9140E-01 -1.0877E-01  4.4803E-01  2.2527E+00
  5.9502E-01 -1.0262E-01  4.5043E-01  2.2572E+00
  5.9866E-01 -9.6411E-02  4.5285E-01  2.2615E+00
  6.0232E-01 -9.0146E-02  4.5527E-01  2.2656E+00
  6.0600E-01 -8.3825E-02  4.5771E-01  2.2696E+00
  6.0971E-01 -7.7449E-02  4.6015E-01  2.2734E+00
  6.1344E-01 -7.1020E-02  4.6260E-01  2.2769E+00
  6.1719E-01 -6.4537E-02  4.6506E-01  2.2803E+00
  6.2097E-01 -5.8002E-02  4.6752E-01  2.2835E+00
  6.2477E-01 -5.1416E-02  4.7000E-01  2.2864E+00
  6.2859E-01 -4.4780E-02  4.7248E-01  2.2892E+00
  6.3244E-01 -3.8094E-02  4.7497E-01  2.2917E+00
  6.3631E-01 -3.1361E-02  4.7747E-01  2.2941E+00
  6.4020E-01 -2.4580E-02  4.7998E-01  2.2962E+00
  6.4411E-01 -1.7752E-02  4.8250E-01  2.2980E+00
  6.4806E-01 -1.0880E-02  4.8502E-01  2.2997E+00
  6.5202E-01 -3.9635E-03  4.8755E-01  2.3011E+00
  6.5601E-01  2.9961E-03  4.9009E-01  2.3022E+00
  6.6002E-01  9.9976E-03  4.9264E-01  2.3031E+00
  6.6406E-01  1.7040E-02  4.9519E-01  2.3038E+00
  6.6812E-01  2.4122E-02  4.9775E-01  2.3042E+00
  6.7221E-01  3.1243E-02  5.0032E-01  2.3043E+00
  6.7632E-01  3.8401E-02  5.0289E-01  2.3041E+00
  6.8046E-01  4.5595E-02  5.0548E-01  2.3037E+00
  6.8462E-01  5.2825E-02  5.0806E-01  2.3030E+00
  6.8881E-01  6.0088E-02  5.1066E-01  2.3020E+00
  6.9302E-01  6.7384E-02  5.1326E-01  2.3008E+00
  6.9726E-01  7.4712E-02  5.1587E-01  2.2992E+00
  7.0153E-01  8.2070E-02  5.1849E-01  2.2973E+00
  7.0582E-01  8.9456E-02  5.2111E-01  2.2952E+00
  7.1014E-01  9.6871E-02  5.2374E-01  2.2927E+00
  7.1448E-01  1.0431E-01  5.2637E-01  2.2899E+00
  7.1885E-01  1.1178E-01  5.2901E-01  2.2868E+00
  7.2325E-01  1.1927E-01  5.3165E-01  2.2833E+00
  7.2767E-01  1.2678E-01  5.3431E-01  2.2796E+00
  7.3212E-01  1.3431E-01  5.3696E-01  2.2755E+00
  7.3660E-01  1.4187E-01  5.3962E-01  2.2710E+00
  7.4111E-01  1.4944E-01  5.4229E-01  2.2663E+00
  7.4564E-01  1.5703E-01  5.4496E-01  2.2612E+00
  7.5020E-01  1.6464E-01  5.4764E-01  2.2557E+00
  7.5479E-01  1.7226E-01  5.5032E-01  2.2499E+00
  7.5941E-01  1.7989E-01  5.5301E-01  2.2437E+00
  7.6406E-01  1.8753E-01  5.5570E-01  2.2371E+00
  7.6873E-01  1.9519E-01  5.5839E-01  2.2302E+00
  7.7343E-01  2.0285E-01  5.6109E-01  2.2230E+00
  7.7816E-01  2.1053E-01  5.6379E-01  2.2153E+00
  7.8292E-01  2.1820E-01  5.6650E-01  2.2073E+00
  7.8771E-01  2.2589E-01  5.6920E-01  2.1989E+00
  7.9253E-01  2.3357E-01  5.7192E-01  2.1901E+00
  7.9738E-01  2.4126E-01  5.7463E-01  2.1809E+00
  8.0226E-01  2.4895E-01  5.7735E-01  2.1714E+00
  8.0716E-01  2.5664E-01  5.8007E-01  2.1614E+00
  8.1210E-01  2.6432E-01  5.8279E-01  2.1511E+00
  8.1707E-01  2.7200E-01  5.8551E-01  2.1404E+00
  8.2207E-01  2.7968E-01  5.8824E-01  2.1292E+00
  8.2709E-01  2.8734E-01  5.9096E-01  2.1177E+00
  8.3215E-01  2.9500E-01  5.9369E-01  2.1058E+00
  8.3724E-01  3.0265E-01  5.9642E-01  2.0935E+00
  8.4236E-01  3.1029E-01  5.9915E-01  2.0807E+00
  8.4752E-01  3.1792E-01  6.0188E-01  2.0676E+00
  8.5270E-01  3.2553E-01  6.0461E-01  2.0541E+00
  8.5792E-01  3.3312E-01  6.0734E-01  2.0402E+00
  8.6316E-01  3.4070E-01  6.1007E-01  2.0258E+00
  8.6844E-01  3.4826E-01  6.1280E-01  2.0111E+00
  8.7376E-01  3.5580E-01  6.1553E-01  1.9960E+00
  8.7910E-01  3.6332E-01  6.1825E-01  1.9804E+00
  8.8448E-01  3.7081E-01  6.2098E-01  1.9645E+00
  8.8989E-01  3.7828E-01  6.2370E-01  1.9482E+00
  8.9533E-01  3.8572E-01  6.2642E-01  1.9315E+00
  9.0081E-01  3.9314E-01  6.2914E-01  1.9144E+00
  9.0632E-01  4.0052E-01  6.3186E-01  1.8969E+00
  9.1186E-01  4.0788E-01  6.3457E-01  1.8791E+00
  9.1744E-01  4.1520E-01  6.3728E-01  1.8608E+00
  9.2305E-01  4.2249E-01  6.3998E-01  1.8422E+00
  9.2869E-01  4.2975E-01  6.4268E-01  1.8232E+00
  9.3438E-01  4.3697E-01  6.4538E-01  1.8039E+00
  9.4009E-01  4.4415E-01  6.4807E-01  1.7842E+00
  9.4584E-01  4.5129E-01  6.5075E-01  1.7641E+00
  9.5163E-01  4.5839E-01  6.5343E-01  1.7437E+00
  9.5745E-01  4.6545E-01  6.5610E-01  1.7230E+00
  9.6330E-01  4.7247E-01  6.5877E-01  1.7019E+00
  9.6919E-01  4.7944E-01  6.6143E-01  1.6805E+00
  9.7512E-01  4.8637E-01  6.6408E-01  1.6588E+00
  9.8109E-01  4.9325E-01  6.6672E-01  1.6368E+00
  9.8709E-01  5.0008E-01  6.6935E-01  1.6144E+00
  9.9312E-01  5.0686E-01  6.7198E-01  1.5918E+00
  9.9920E-01  5.1359E-01  6.7459E-01  1.5689E+00
  1.0053E+00  5.2027E-01  6.7720E-01  1.5458E+00
  1.0115E+00  5.2690E-01  6.7979E-01  1.5224E+00
  1.0176E+00  5.3347E-01  6.8238E-01  1.4987E+00
  1.0239E+00  5.3999E-01  6.8495E-01  1.4748E+00
  1.0301E+00  5.4644E-01  6.8751E-01  1.4507E+00
  1.0364E+00  5.5285E-01  6.9006E-01  1.4264E+00
  1.0428E+00  5.5919E-01  6.9260E-01  1.4019E+00
  1.0491E+00  5.6547E-01  6.9512E-01  1.3772E+00
  1.0556E+00  5.7169E-01  6.9763E-01  1.3524E+00
  1.0620E+00  5.7785E-01  7.0012E-01  1.3274E+00
  1.0685E+00  5.8395E-01  7.0260E-01  1.3023E+00
  1.0751E+00  5.8998E-01  7.0506E-01  1.2770E+00
  1.0816E+00  5.9595E-01  7.0751E-01  1.2517E+00
  1.0882E+00  6.0184E-01  7.0993E-01  1.2262E+00
  1.0949E+00  6.0768E-01  7.1235E-01  1.2007E+00
  1.1016E+00  6.1344E-01  7.1474E-01  1.1751E+00
  1.1083E+00  6.1913E-01  7.1711E-01  1.1495E+00
  1.1151E+00  6.2475E-01  7.1947E-01  1.1239E+00
  1.1219E+00  6.3030E-01  7.2180E-01  1.0983E+00
  1.1288E+00  6.3577E-01  7.2411E-01  1.0727E+00
  1.1357E+00  6.4117E-01  7.2641E-01  1.0472E+00
  1.1426E+00  6.4650E-01  7.2868E-01  1.0217E+00
  1.1496E+00  6.5174E-01  7.3092E-01  9.9625E-01
  1.1567E+00  6.5691E-01  7.3315E-01  9.7093E-01
  1.1637E+00  6.6200E-01  7.3534E-01  9.4572E-01
  1.1709E+00  6.6700E-01  7.3752E-01  9.2065E-01
  1.1780E+00  6.7193E-01  7.3967E-01  8.9574E-01
  1.1852E+00  6.7677E-01  7.4179E-01  8.7100E-01
  1.1925E+00  6.8152E-01  7.4388E-01  8.4646E-01
  1.1998E+00  6.8619E-01  7.4594E-01  8.2213E-01
  1.2071E+00  6.9077E-01  7.4798E-01  7.9804E-01
  1.2145E+00  6.9527E-01  7.4999E-01  7.7420E-01
  1.2219E+00  6.9967E-01  7.5196E-01  7.5064E-01
  1.2294E+00  7.0398E-01  7.5391E-01  7.2737E-01
  1.2369E+00  7.0821E-01  7.5582E-01  7.0441E-01
  1.2445E+00  7.1234E-01  7.5770E-01  6.8178E-01
  1.2521E+00  7.1637E-01  7.5954E-01  6.5950E-01
  1.2597E+00  7.2031E-01  7.6135E-01  6.3758E-01
  1.2674E+00  7.2416E-01  7.6313E-01  6.1605E-01
  1.2752E+00  7.2790E-01  7.6486E-01  5.9491E-01
  1.2830E+00  7.3155E-01  7.6656E-01  5.7419E-01
  1.2908E+00  7.3510E-01  7.6822E-01  5.5389E-01
  1.2987E+00  7.3856E-01  7.6984E-01  5.3404E-01
  1.3067E+00  7.4191E-01  7.7142E-01  5.1464E-01
  1.3147E+00  7.4516E-01  7.7296E-01  4.9570E-01
  1.3227E+00  7.4830E-01  7.7446E-01  4.7725E-01
  1.3308E+00  7.5135E-01  7.7591E-01  4.5927E-01
  1.3389E+00  7.5429E-01  7.7732E-01  4.4179E-01
  1.3471E+00  7.5713E-01  7.7868E-01  4.2481E-01
  1.3554E+00  7.5987E-01  7.8000E-01  4.0834E-01
  1.3636E+00  7.6250E-01  7.8126E-01  3.9237E-01
  1.3720E+00  7.6502E-01  7.8248E-01  3.7691E-01
  1.3804E+00  7.6744E-01  7.8365E-01  3.6196E-01
  1.3888E+00  7.6975E-01  7.8477E-01  3.4752E-01
  1.3973E+00  7.7195E-01  7.8584E-01  3.3358E-01
  1.4059E+00  7.7405E-01  7.8685E-01  3.2013E-01
  1.4145E+00  7.7603E-01  7.8781E-01  3.0718E-01
  1.4231E+00  7.7791E-01  7.8871E-01  2.9471E-01
  1.4318E+00  7.7968E-01  7.8955E-01  2.8270E-01
  1.4406E+00  7.8135E-01  7.9034E-01  2.7115E-01
  1.4494E+00  7.8290E-01  7.9107E-01  2.6003E-01
  1.4582E+00  7.8434E-01  7.9173E-01  2.4933E-01
  1.4672E+00  7.8568E-01  7.9234E-01  2.3902E-01
  1.4761E+00  7.8690E-01  7.9288E-01  2.2908E-01
  1.4852E+00  7.8802E-01  7.9336E-01  2.1949E-01
  1.4942E+00  7.8902E-01  7.9378E-01  2.1021E-01
  1.5034E+00  7.8991E-01  7.9412E-01  2.0123E-01
  1.5126E+00  7.9070E-01  7.9440E-01  1.9250E-01
  1.5218E+00  7.9137E-01  7.9461E-01  1.8399E-01
  1.5311E+00  7.9194E-01  7.9475E-01  1.7566E-01
  1.5405E+00  7.9239E-01  7.9481E-01  1.6749E-01
  1.5499E+00  7.9274E-01  7.9481E-01  1.5943E-01
  1.5594E+00  7.9297E-01  7.9472E-01  1.5145E-01
  1.5689E+00  7.9310E-01  7.9457E-01  1.4351E-01
  1.5785E+00  7.9312E-01  7.9433E-01  1.3556E-01
  1.5882E+00  7.9302E-01  7.9402E-01  1.2758E-01
  1.5979E+00  7.9282E-01  7.9362E-01  1.1952E-01
  1.6077E+00  7.9251E-01  7.9315E-01  1.1136E-01
  1.6175E+00  7.9210E-01  7.9259E-01  1.0307E-01
  1.6274E+00  7.9157E-01  7.9194E-01  9.4605E-02
  1.6373E+00  7.9094E-01  7.9121E-01  8.5957E-02
  1.6473E+00  7.9020E-01  7.9039E-01  7.7108E-02
  1.6574E+00  7.8936E-01  7.8949E-01  6.8047E-02
  1.6675E+00  7.8841E-01  7.8849E-01  5.8773E-02
  1.6777E+00  7.8735E-01  7.8740E-01  4.9295E-02
  1.6880E+00  7.8619E-01  7.8622E-01  3.9631E-02
  1.6983E+00  7.8493E-01  7.8494E-01  2.9814E-02
  1.7087E+00  7.8356E-01  7.8356E-01  1.9892E-02
  1.7192E+00  7.8209E-01  7.8209E-01  9.9276E-03
  1.7297E+00  7.8052E-01  7.8052E-01  0.0000E+00
  1.7403E+00  7.7885E-01  7.7885E-01  0.0000E+00
  1.7509E+00  7.7707E-01  7.7707E-01  0.0000E+00
  1.7616E+00  7.7520E-01  7.7520E-01  0.0000E+00
  1.7724E+00  7.7323E-01  7.7323E-01  0.0000E+00
  1.7832E+00  7.7116E-01  7.7116E-01  0.0000E+00
  1.7941E+00  7.6900E-01  7.6900E-01  0.0000E+00
  1.8051E+00  7.6674E-01  7.6674E-01  0.0000E+00
  1.8161E+00  7.6438E-01  7.6438E-01  0.0000E+00
  1.8272E+00  7.6193E-01  7.6193E-01  0.0000E+00
  1.8384E+00  7.5938E-01  7.5938E-01  0.0000E+00
  1.8497E+00  7.5675E-01  7.5675E-01  0.0000E+00
  1.8610E+00  7.5402E-01  7.5402E-01  0.0000E+00
  1.8723E+00  7.5121E-01  7.5121E-01  0.0000E+00
  1.8838E+00  7.4830E-01  7.4830E-01  0.0000E+00
  1.8953E+00  7.4531E-01  7.4531E-01  0.0000E+00
  1.9069E+00  7.4223E-01  7.4223E-01  0.0000E+00
  1.9186E+00  7.3907E-01  7.3907E-01  0.0000E+00
  1.9303E+00  7.3582E-01  7.3582E-01  0.0000E+00
  1.9421E+00  7.3249E-01  7.3249E-01  0.0000E+00
  1.9540E+00  7.2908E-01  7.2908E-01  0.0000E+00
  1.9659E+00  7.2559E-01  7.2559E-01  0.0000E+00
  1.9779E+00  7.2202E-01  7.2202E-01  0.0000E+00
  1.9900E+00  7.1837E-01  7.1837E-01  0.0000E+00
  2.0022E+00  7.1465E-01  7.1465E-01  0.0000E+00
  2.0145E+00  7.1085E-01  7.1085E-01  0.0000E+00
  2.0268E+00  7.0697E-01  7.0697E-01  0.0000E+00
  2.0392E+00  7.0303E-01  7.0303E-01  0.0000E+00
  2.0516E+00  6.9902E-01  6.9902E-01  0.0000E+00
  2.0642E+00  6.9493E-01  6.9493E-01  0.0000E+00
  2.0768E+00  6.9078E-01  6.9078E-01  0.0000E+00
  2.0895E+00  6.8656E-01  6.8656E-01  0.0000E+00
  2.1023E+00  6.8228E-01  6.8228E-01  0.0000E+00
  2.1151E+00  6.7794E-01  6.7794E-01  0.0000E+00
  2.1281E+00  6.7353E-01  6.7353E-01  0.0000E+00
  2.1411E+00  6.6906E-01  6.6906E-01  0.0000E+00
  2.1542E+00  6.6453E-01  6.6453E-01  0.0000E+00
  2.1673E+00  6.5995E-01  6.5995E-01  0.0000E+00
  2.1806E+00  6.5531E-01  6.5531E-01  0.0000E+00
  2.1939E+00  6.5062E-01  6.5062E-01  0.0000E+00
  2.2073E+00  6.4587E-01  6.4587E-01  0.0000E+00
  2.2208E+00  6.4108E-01  6.4108E-01  0.0000E+00
  2.2344E+00  6.3623E-01  6.3623E-01  0.0000E+00
  2.2481E+00  6.3134E-01  6.3134E-01  0.0000E+00
  2.2618E+00  6.2640E-01  6.2640E-01  0.0000E+00
  2.2757E+00  6.2141E-01  6.2141E-01  0.0000E+00
  2.2896E+00  6.1638E-01  6.1638E-01  0.0000E+00
  2.3036E+00  6.1132E-01  6.1132E-01  0.0000E+00
  2.3177E+00  6.0621E-01  6.0621E-01  0.0000E+00
  2.3318E+00  6.0106E-01  6.0106E-01  0.0000E+00
  2.3461E+00  5.9587E-01  5.9587E-01  0.0000E+00
  2.3604E+00  5.9066E-01  5.9066E-01  0.0000E+00
  2.3749E+00  5.8540E-01  5.8540E-01  0.0000E+00
  2.3894E+00  5.8012E-01  5.8012E-01  0.0000E+00
  2.4040E+00  5.7480E-01  5.7480E-01  0.0000E+00
  2.4187E+00  5.6946E-01  5.6946E-01  0.0000E+00
  2.4335E+00  5.6409E-01  5.6409E-01  0.0000E+00
  2.4484E+00  5.5869E-01  5.5869E-01  0.0000E+00
  2.4634E+00  5.5327E-01  5.5327E-01  0.0000E+00
  2.4784E+00  5.4783E-01  5.4783E-01  0.0000E+00
  2.4936E+00  5.4237E-01  5.4237E-01  0.0000E+00
  2.5088E+00  5.3689E-01  5.3689E-01  0.0000E+00
  2.5242E+00  5.3139E-01  5.3139E-01  0.0000E+00
  2.5396E+00  5.2587E-01  5.2587E-01  0.0000E+00
  2.5551E+00  5.2034E-01  5.2034E-01  0.0000E+00
