 # l=           0 basis function with energy     4.40027819600000     
  0.0000E+00  0.0000E+00  0.0000E+00  0.0000E+00
  2.4843E-06 -2.4865E-05 -1.3169E-06 -6.5255E-06
  4.9838E-06 -4.9633E-05 -2.6419E-06 -1.3091E-05
  7.4986E-06 -7.4389E-05 -3.9749E-06 -1.9696E-05
  1.0029E-05 -9.9116E-05 -5.3161E-06 -2.6342E-05
  1.2574E-05 -1.2325E-04 -6.6655E-06 -3.3029E-05
  1.5136E-05 -1.4804E-04 -8.0232E-06 -3.9756E-05
  1.7712E-05 -1.7300E-04 -9.3891E-06 -4.6525E-05
  2.0305E-05 -1.9807E-04 -1.0763E-05 -5.3335E-05
  2.2913E-05 -2.2329E-04 -1.2146E-05 -6.0186E-05
  2.5538E-05 -2.4865E-04 -1.3537E-05 -6.7080E-05
  2.8178E-05 -2.7415E-04 -1.4937E-05 -7.4015E-05
  3.0835E-05 -2.9980E-04 -1.6345E-05 -8.0993E-05
  3.3508E-05 -3.2558E-04 -1.7762E-05 -8.8014E-05
  3.6197E-05 -3.5151E-04 -1.9188E-05 -9.5077E-05
  3.8902E-05 -3.7759E-04 -2.0622E-05 -1.0218E-04
  4.1625E-05 -4.0381E-04 -2.2065E-05 -1.0933E-04
  4.4363E-05 -4.3019E-04 -2.3517E-05 -1.1653E-04
  4.7119E-05 -4.5671E-04 -2.4977E-05 -1.2377E-04
  4.9891E-05 -4.8338E-04 -2.6447E-05 -1.3105E-04
  5.2681E-05 -5.1021E-04 -2.7925E-05 -1.3837E-04
  5.5487E-05 -5.3718E-04 -2.9413E-05 -1.4575E-04
  5.8310E-05 -5.6432E-04 -3.0910E-05 -1.5316E-04
  6.1151E-05 -5.9161E-04 -3.2416E-05 -1.6062E-04
  6.4009E-05 -6.1905E-04 -3.3931E-05 -1.6813E-04
  6.6885E-05 -6.4666E-04 -3.5455E-05 -1.7569E-04
  6.9778E-05 -6.7442E-04 -3.6989E-05 -1.8329E-04
  7.2689E-05 -7.0235E-04 -3.8532E-05 -1.9093E-04
  7.5618E-05 -7.3043E-04 -4.0084E-05 -1.9862E-04
  7.8565E-05 -7.5868E-04 -4.1646E-05 -2.0636E-04
  8.1529E-05 -7.8709E-04 -4.3218E-05 -2.1415E-04
  8.4512E-05 -8.1567E-04 -4.4799E-05 -2.2199E-04
  8.7513E-05 -8.4441E-04 -4.6390E-05 -2.2987E-04
  9.0532E-05 -8.7332E-04 -4.7990E-05 -2.3780E-04
  9.3570E-05 -9.0240E-04 -4.9600E-05 -2.4578E-04
  9.6626E-05 -9.3165E-04 -5.1221E-05 -2.5381E-04
  9.9701E-05 -9.6107E-04 -5.2851E-05 -2.6188E-04
  1.0280E-04 -9.9066E-04 -5.4491E-05 -2.7001E-04
  1.0591E-04 -1.0204E-03 -5.6141E-05 -2.7819E-04
  1.0904E-04 -1.0504E-03 -5.7801E-05 -2.8641E-04
  1.1219E-04 -1.0805E-03 -5.9471E-05 -2.9469E-04
  1.1536E-04 -1.1108E-03 -6.1152E-05 -3.0302E-04
  1.1855E-04 -1.1412E-03 -6.2842E-05 -3.1139E-04
  1.2176E-04 -1.1719E-03 -6.4544E-05 -3.1982E-04
  1.2499E-04 -1.2027E-03 -6.6255E-05 -3.2830E-04
  1.2824E-04 -1.2337E-03 -6.7977E-05 -3.3684E-04
  1.3151E-04 -1.2649E-03 -6.9710E-05 -3.4542E-04
  1.3479E-04 -1.2962E-03 -7.1453E-05 -3.5406E-04
  1.3810E-04 -1.3278E-03 -7.3206E-05 -3.6275E-04
  1.4143E-04 -1.3595E-03 -7.4971E-05 -3.7149E-04
  1.4478E-04 -1.3915E-03 -7.6746E-05 -3.8029E-04
  1.4815E-04 -1.4236E-03 -7.8532E-05 -3.8914E-04
  1.5154E-04 -1.4559E-03 -8.0329E-05 -3.9804E-04
  1.5495E-04 -1.4883E-03 -8.2137E-05 -4.0700E-04
  1.5838E-04 -1.5210E-03 -8.3956E-05 -4.1602E-04
  1.6183E-04 -1.5539E-03 -8.5787E-05 -4.2509E-04
  1.6531E-04 -1.5870E-03 -8.7628E-05 -4.3421E-04
  1.6880E-04 -1.6202E-03 -8.9481E-05 -4.4339E-04
  1.7232E-04 -1.6537E-03 -9.1345E-05 -4.5263E-04
  1.7586E-04 -1.6873E-03 -9.3220E-05 -4.6192E-04
  1.7942E-04 -1.7212E-03 -9.5107E-05 -4.7127E-04
  1.8300E-04 -1.7552E-03 -9.7005E-05 -4.8068E-04
  1.8660E-04 -1.7895E-03 -9.8915E-05 -4.9014E-04
  1.9023E-04 -1.8239E-03 -1.0084E-04 -4.9966E-04
  1.9387E-04 -1.8586E-03 -1.0277E-04 -5.0924E-04
  1.9754E-04 -1.8934E-03 -1.0472E-04 -5.1888E-04
  2.0123E-04 -1.9285E-03 -1.0667E-04 -5.2858E-04
  2.0495E-04 -1.9638E-03 -1.0864E-04 -5.3834E-04
  2.0869E-04 -1.9992E-03 -1.1062E-04 -5.4815E-04
  2.1245E-04 -2.0349E-03 -1.1262E-04 -5.5803E-04
  2.1623E-04 -2.0708E-03 -1.1462E-04 -5.6797E-04
  2.2004E-04 -2.1069E-03 -1.1664E-04 -5.7796E-04
  2.2387E-04 -2.1433E-03 -1.1867E-04 -5.8802E-04
  2.2772E-04 -2.1798E-03 -1.2071E-04 -5.9814E-04
  2.3160E-04 -2.2165E-03 -1.2277E-04 -6.0833E-04
  2.3550E-04 -2.2535E-03 -1.2483E-04 -6.1857E-04
  2.3942E-04 -2.2907E-03 -1.2691E-04 -6.2888E-04
  2.4337E-04 -2.3281E-03 -1.2901E-04 -6.3925E-04
  2.4734E-04 -2.3657E-03 -1.3111E-04 -6.4968E-04
  2.5134E-04 -2.4036E-03 -1.3323E-04 -6.6018E-04
  2.5536E-04 -2.4416E-03 -1.3536E-04 -6.7074E-04
  2.5940E-04 -2.4799E-03 -1.3751E-04 -6.8137E-04
  2.6347E-04 -2.5184E-03 -1.3966E-04 -6.9206E-04
  2.6757E-04 -2.5572E-03 -1.4184E-04 -7.0282E-04
  2.7169E-04 -2.5962E-03 -1.4402E-04 -7.1364E-04
  2.7583E-04 -2.6354E-03 -1.4622E-04 -7.2453E-04
  2.8000E-04 -2.6748E-03 -1.4843E-04 -7.3548E-04
  2.8420E-04 -2.7145E-03 -1.5065E-04 -7.4650E-04
  2.8842E-04 -2.7544E-03 -1.5289E-04 -7.5759E-04
  2.9267E-04 -2.7945E-03 -1.5514E-04 -7.6875E-04
  2.9694E-04 -2.8349E-03 -1.5741E-04 -7.7998E-04
  3.0124E-04 -2.8755E-03 -1.5969E-04 -7.9127E-04
  3.0557E-04 -2.9163E-03 -1.6198E-04 -8.0263E-04
  3.0992E-04 -2.9574E-03 -1.6429E-04 -8.1407E-04
  3.1430E-04 -2.9988E-03 -1.6661E-04 -8.2557E-04
  3.1871E-04 -3.0403E-03 -1.6894E-04 -8.3714E-04
  3.2314E-04 -3.0821E-03 -1.7129E-04 -8.4878E-04
  3.2760E-04 -3.1242E-03 -1.7366E-04 -8.6050E-04
  3.3209E-04 -3.1665E-03 -1.7604E-04 -8.7229E-04
  3.3660E-04 -3.2091E-03 -1.7843E-04 -8.8414E-04
  3.4114E-04 -3.2519E-03 -1.8084E-04 -8.9607E-04
  3.4571E-04 -3.2950E-03 -1.8326E-04 -9.0808E-04
  3.5031E-04 -3.3383E-03 -1.8570E-04 -9.2016E-04
  3.5494E-04 -3.3819E-03 -1.8815E-04 -9.3231E-04
  3.5959E-04 -3.4257E-03 -1.9062E-04 -9.4453E-04
  3.6427E-04 -3.4698E-03 -1.9310E-04 -9.5683E-04
  3.6899E-04 -3.5142E-03 -1.9560E-04 -9.6921E-04
  3.7373E-04 -3.5588E-03 -1.9811E-04 -9.8166E-04
  3.7850E-04 -3.6037E-03 -2.0064E-04 -9.9419E-04
  3.8329E-04 -3.6488E-03 -2.0318E-04 -1.0068E-03
  3.8812E-04 -3.6942E-03 -2.0574E-04 -1.0195E-03
  3.9298E-04 -3.7399E-03 -2.0831E-04 -1.0322E-03
  3.9787E-04 -3.7858E-03 -2.1090E-04 -1.0451E-03
  4.0278E-04 -3.8320E-03 -2.1351E-04 -1.0580E-03
  4.0773E-04 -3.8785E-03 -2.1613E-04 -1.0710E-03
  4.1271E-04 -3.9253E-03 -2.1877E-04 -1.0840E-03
  4.1771E-04 -3.9723E-03 -2.2143E-04 -1.0972E-03
  4.2275E-04 -4.0196E-03 -2.2410E-04 -1.1104E-03
  4.2782E-04 -4.0672E-03 -2.2678E-04 -1.1237E-03
  4.3292E-04 -4.1151E-03 -2.2949E-04 -1.1371E-03
  4.3805E-04 -4.1632E-03 -2.3221E-04 -1.1506E-03
  4.4321E-04 -4.2117E-03 -2.3494E-04 -1.1642E-03
  4.4841E-04 -4.2604E-03 -2.3770E-04 -1.1778E-03
  4.5363E-04 -4.3094E-03 -2.4047E-04 -1.1916E-03
  4.5889E-04 -4.3587E-03 -2.4325E-04 -1.2054E-03
  4.6418E-04 -4.4083E-03 -2.4606E-04 -1.2193E-03
  4.6950E-04 -4.4582E-03 -2.4888E-04 -1.2332E-03
  4.7486E-04 -4.5083E-03 -2.5172E-04 -1.2473E-03
  4.8025E-04 -4.5588E-03 -2.5457E-04 -1.2615E-03
  4.8567E-04 -4.6096E-03 -2.5745E-04 -1.2757E-03
  4.9112E-04 -4.6606E-03 -2.6034E-04 -1.2900E-03
  4.9661E-04 -4.7120E-03 -2.6325E-04 -1.3044E-03
  5.0213E-04 -4.7636E-03 -2.6617E-04 -1.3189E-03
  5.0768E-04 -4.8156E-03 -2.6912E-04 -1.3335E-03
  5.1327E-04 -4.8679E-03 -2.7208E-04 -1.3482E-03
  5.1889E-04 -4.9205E-03 -2.7506E-04 -1.3630E-03
  5.2455E-04 -4.9733E-03 -2.7806E-04 -1.3778E-03
  5.3024E-04 -5.0265E-03 -2.8108E-04 -1.3928E-03
  5.3597E-04 -5.0801E-03 -2.8411E-04 -1.4078E-03
  5.4173E-04 -5.1339E-03 -2.8716E-04 -1.4229E-03
  5.4752E-04 -5.1880E-03 -2.9024E-04 -1.4382E-03
  5.5336E-04 -5.2425E-03 -2.9333E-04 -1.4535E-03
  5.5922E-04 -5.2973E-03 -2.9644E-04 -1.4689E-03
  5.6513E-04 -5.3524E-03 -2.9957E-04 -1.4844E-03
  5.7107E-04 -5.4078E-03 -3.0272E-04 -1.5000E-03
  5.7704E-04 -5.4635E-03 -3.0588E-04 -1.5157E-03
  5.8305E-04 -5.5196E-03 -3.0907E-04 -1.5315E-03
  5.8910E-04 -5.5760E-03 -3.1228E-04 -1.5474E-03
  5.9519E-04 -5.6327E-03 -3.1550E-04 -1.5634E-03
  6.0131E-04 -5.6898E-03 -3.1875E-04 -1.5795E-03
  6.0747E-04 -5.7472E-03 -3.2202E-04 -1.5956E-03
  6.1367E-04 -5.8049E-03 -3.2530E-04 -1.6119E-03
  6.1991E-04 -5.8630E-03 -3.2861E-04 -1.6283E-03
  6.2618E-04 -5.9214E-03 -3.3193E-04 -1.6448E-03
  6.3249E-04 -5.9802E-03 -3.3528E-04 -1.6614E-03
  6.3884E-04 -6.0393E-03 -3.3865E-04 -1.6780E-03
  6.4523E-04 -6.0988E-03 -3.4203E-04 -1.6948E-03
  6.5166E-04 -6.1586E-03 -3.4544E-04 -1.7117E-03
  6.5813E-04 -6.2187E-03 -3.4887E-04 -1.7287E-03
  6.6464E-04 -6.2792E-03 -3.5232E-04 -1.7458E-03
  6.7119E-04 -6.3401E-03 -3.5579E-04 -1.7630E-03
  6.7778E-04 -6.4013E-03 -3.5928E-04 -1.7803E-03
  6.8440E-04 -6.4628E-03 -3.6280E-04 -1.7977E-03
  6.9107E-04 -6.5248E-03 -3.6633E-04 -1.8152E-03
  6.9778E-04 -6.5871E-03 -3.6989E-04 -1.8328E-03
  7.0453E-04 -6.6497E-03 -3.7347E-04 -1.8506E-03
  7.1132E-04 -6.7127E-03 -3.7707E-04 -1.8684E-03
  7.1816E-04 -6.7761E-03 -3.8069E-04 -1.8864E-03
  7.2503E-04 -6.8399E-03 -3.8433E-04 -1.9044E-03
  7.3195E-04 -6.9040E-03 -3.8800E-04 -1.9226E-03
  7.3891E-04 -6.9685E-03 -3.9169E-04 -1.9409E-03
  7.4591E-04 -7.0334E-03 -3.9540E-04 -1.9593E-03
  7.5295E-04 -7.0987E-03 -3.9913E-04 -1.9778E-03
  7.6004E-04 -7.1643E-03 -4.0289E-04 -1.9964E-03
  7.6717E-04 -7.2304E-03 -4.0667E-04 -2.0151E-03
  7.7435E-04 -7.2968E-03 -4.1048E-04 -2.0340E-03
  7.8157E-04 -7.3636E-03 -4.1430E-04 -2.0529E-03
  7.8883E-04 -7.4308E-03 -4.1815E-04 -2.0720E-03
  7.9614E-04 -7.4983E-03 -4.2203E-04 -2.0912E-03
  8.0349E-04 -7.5663E-03 -4.2592E-04 -2.1105E-03
  8.1088E-04 -7.6347E-03 -4.2984E-04 -2.1299E-03
  8.1833E-04 -7.7035E-03 -4.3379E-04 -2.1495E-03
  8.2581E-04 -7.7726E-03 -4.3776E-04 -2.1691E-03
  8.3335E-04 -7.8422E-03 -4.4175E-04 -2.1889E-03
  8.4093E-04 -7.9122E-03 -4.4577E-04 -2.2088E-03
  8.4855E-04 -7.9826E-03 -4.4981E-04 -2.2289E-03
  8.5622E-04 -8.0534E-03 -4.5388E-04 -2.2490E-03
  8.6394E-04 -8.1246E-03 -4.5797E-04 -2.2693E-03
  8.7171E-04 -8.1962E-03 -4.6209E-04 -2.2897E-03
  8.7952E-04 -8.2683E-03 -4.6623E-04 -2.3102E-03
  8.8738E-04 -8.3407E-03 -4.7040E-04 -2.3309E-03
  8.9529E-04 -8.4136E-03 -4.7459E-04 -2.3516E-03
  9.0325E-04 -8.4869E-03 -4.7881E-04 -2.3726E-03
  9.1126E-04 -8.5606E-03 -4.8305E-04 -2.3936E-03
  9.1931E-04 -8.6348E-03 -4.8732E-04 -2.4147E-03
  9.2742E-04 -8.7094E-03 -4.9162E-04 -2.4360E-03
  9.3557E-04 -8.7844E-03 -4.9594E-04 -2.4574E-03
  9.4378E-04 -8.8599E-03 -5.0029E-04 -2.4790E-03
  9.5203E-04 -8.9358E-03 -5.0466E-04 -2.5007E-03
  9.6034E-04 -9.0121E-03 -5.0907E-04 -2.5225E-03
  9.6869E-04 -9.0889E-03 -5.1350E-04 -2.5444E-03
  9.7710E-04 -9.1661E-03 -5.1795E-04 -2.5665E-03
  9.8556E-04 -9.2438E-03 -5.2244E-04 -2.5887E-03
  9.9407E-04 -9.3219E-03 -5.2695E-04 -2.6111E-03
  1.0026E-03 -9.4005E-03 -5.3149E-04 -2.6336E-03
  1.0112E-03 -9.4796E-03 -5.3605E-04 -2.6562E-03
  1.0199E-03 -9.5590E-03 -5.4065E-04 -2.6790E-03
  1.0286E-03 -9.6390E-03 -5.4527E-04 -2.7019E-03
  1.0374E-03 -9.7194E-03 -5.4992E-04 -2.7249E-03
  1.0462E-03 -9.8003E-03 -5.5460E-04 -2.7481E-03
  1.0551E-03 -9.8817E-03 -5.5931E-04 -2.7714E-03
  1.0640E-03 -9.9635E-03 -5.6404E-04 -2.7949E-03
  1.0730E-03 -1.0046E-02 -5.6881E-04 -2.8185E-03
  1.0821E-03 -1.0129E-02 -5.7360E-04 -2.8423E-03
  1.0912E-03 -1.0212E-02 -5.7843E-04 -2.8662E-03
  1.1003E-03 -1.0296E-02 -5.8328E-04 -2.8902E-03
  1.1095E-03 -1.0380E-02 -5.8816E-04 -2.9144E-03
  1.1188E-03 -1.0464E-02 -5.9308E-04 -2.9388E-03
  1.1281E-03 -1.0550E-02 -5.9802E-04 -2.9633E-03
  1.1375E-03 -1.0635E-02 -6.0299E-04 -2.9879E-03
  1.1470E-03 -1.0721E-02 -6.0800E-04 -3.0127E-03
  1.1565E-03 -1.0808E-02 -6.1303E-04 -3.0376E-03
  1.1660E-03 -1.0895E-02 -6.1809E-04 -3.0627E-03
  1.1756E-03 -1.0983E-02 -6.2319E-04 -3.0880E-03
  1.1853E-03 -1.1071E-02 -6.2832E-04 -3.1134E-03
  1.1950E-03 -1.1160E-02 -6.3348E-04 -3.1389E-03
  1.2048E-03 -1.1249E-02 -6.3867E-04 -3.1647E-03
  1.2147E-03 -1.1339E-02 -6.4389E-04 -3.1905E-03
  1.2246E-03 -1.1429E-02 -6.4914E-04 -3.2166E-03
  1.2345E-03 -1.1520E-02 -6.5443E-04 -3.2428E-03
  1.2446E-03 -1.1611E-02 -6.5975E-04 -3.2691E-03
  1.2547E-03 -1.1703E-02 -6.6510E-04 -3.2956E-03
  1.2648E-03 -1.1795E-02 -6.7048E-04 -3.3223E-03
  1.2750E-03 -1.1888E-02 -6.7590E-04 -3.3491E-03
  1.2853E-03 -1.1981E-02 -6.8134E-04 -3.3761E-03
  1.2957E-03 -1.2075E-02 -6.8683E-04 -3.4033E-03
  1.3061E-03 -1.2170E-02 -6.9234E-04 -3.4306E-03
  1.3165E-03 -1.2265E-02 -6.9789E-04 -3.4581E-03
  1.3271E-03 -1.2360E-02 -7.0348E-04 -3.4858E-03
  1.3377E-03 -1.2456E-02 -7.0909E-04 -3.5136E-03
  1.3483E-03 -1.2553E-02 -7.1475E-04 -3.5416E-03
  1.3591E-03 -1.2650E-02 -7.2043E-04 -3.5698E-03
  1.3699E-03 -1.2748E-02 -7.2616E-04 -3.5982E-03
  1.3807E-03 -1.2846E-02 -7.3191E-04 -3.6267E-03
  1.3916E-03 -1.2945E-02 -7.3770E-04 -3.6554E-03
  1.4026E-03 -1.3045E-02 -7.4353E-04 -3.6843E-03
  1.4137E-03 -1.3145E-02 -7.4939E-04 -3.7133E-03
  1.4248E-03 -1.3245E-02 -7.5529E-04 -3.7425E-03
  1.4360E-03 -1.3347E-02 -7.6123E-04 -3.7719E-03
  1.4473E-03 -1.3448E-02 -7.6720E-04 -3.8015E-03
  1.4586E-03 -1.3551E-02 -7.7321E-04 -3.8313E-03
  1.4700E-03 -1.3654E-02 -7.7925E-04 -3.8612E-03
  1.4815E-03 -1.3757E-02 -7.8533E-04 -3.8914E-03
  1.4930E-03 -1.3861E-02 -7.9145E-04 -3.9217E-03
  1.5046E-03 -1.3966E-02 -7.9761E-04 -3.9522E-03
  1.5163E-03 -1.4071E-02 -8.0380E-04 -3.9829E-03
  1.5281E-03 -1.4177E-02 -8.1003E-04 -4.0138E-03
  1.5399E-03 -1.4284E-02 -8.1630E-04 -4.0448E-03
  1.5518E-03 -1.4391E-02 -8.2261E-04 -4.0761E-03
  1.5638E-03 -1.4498E-02 -8.2895E-04 -4.1075E-03
  1.5758E-03 -1.4607E-02 -8.3534E-04 -4.1392E-03
  1.5879E-03 -1.4716E-02 -8.4176E-04 -4.1710E-03
  1.6001E-03 -1.4825E-02 -8.4823E-04 -4.2030E-03
  1.6124E-03 -1.4935E-02 -8.5473E-04 -4.2352E-03
  1.6247E-03 -1.5046E-02 -8.6127E-04 -4.2677E-03
  1.6372E-03 -1.5158E-02 -8.6786E-04 -4.3003E-03
  1.6497E-03 -1.5270E-02 -8.7448E-04 -4.3331E-03
  1.6622E-03 -1.5382E-02 -8.8114E-04 -4.3661E-03
  1.6749E-03 -1.5496E-02 -8.8785E-04 -4.3993E-03
  1.6876E-03 -1.5610E-02 -8.9459E-04 -4.4328E-03
  1.7004E-03 -1.5724E-02 -9.0138E-04 -4.4664E-03
  1.7133E-03 -1.5840E-02 -9.0821E-04 -4.5002E-03
  1.7262E-03 -1.5955E-02 -9.1508E-04 -4.5342E-03
  1.7393E-03 -1.6072E-02 -9.2199E-04 -4.5685E-03
  1.7524E-03 -1.6189E-02 -9.2894E-04 -4.6029E-03
  1.7656E-03 -1.6307E-02 -9.3594E-04 -4.6376E-03
  1.7789E-03 -1.6426E-02 -9.4298E-04 -4.6725E-03
  1.7922E-03 -1.6545E-02 -9.5006E-04 -4.7076E-03
  1.8057E-03 -1.6665E-02 -9.5719E-04 -4.7429E-03
  1.8192E-03 -1.6786E-02 -9.6436E-04 -4.7784E-03
  1.8328E-03 -1.6907E-02 -9.7157E-04 -4.8142E-03
  1.8465E-03 -1.7029E-02 -9.7883E-04 -4.8501E-03
  1.8603E-03 -1.7151E-02 -9.8613E-04 -4.8863E-03
  1.8741E-03 -1.7275E-02 -9.9347E-04 -4.9227E-03
  1.8881E-03 -1.7399E-02 -1.0009E-03 -4.9593E-03
  1.9021E-03 -1.7524E-02 -1.0083E-03 -4.9962E-03
  1.9162E-03 -1.7649E-02 -1.0158E-03 -5.0332E-03
  1.9304E-03 -1.7775E-02 -1.0233E-03 -5.0705E-03
  1.9447E-03 -1.7902E-02 -1.0309E-03 -5.1080E-03
  1.9591E-03 -1.8030E-02 -1.0385E-03 -5.1458E-03
  1.9735E-03 -1.8158E-02 -1.0462E-03 -5.1838E-03
  1.9881E-03 -1.8287E-02 -1.0539E-03 -5.2220E-03
  2.0027E-03 -1.8417E-02 -1.0616E-03 -5.2605E-03
  2.0174E-03 -1.8547E-02 -1.0695E-03 -5.2991E-03
  2.0323E-03 -1.8678E-02 -1.0773E-03 -5.3381E-03
  2.0472E-03 -1.8810E-02 -1.0852E-03 -5.3772E-03
  2.0622E-03 -1.8943E-02 -1.0932E-03 -5.4166E-03
  2.0773E-03 -1.9076E-02 -1.1012E-03 -5.4563E-03
  2.0924E-03 -1.9210E-02 -1.1092E-03 -5.4962E-03
  2.1077E-03 -1.9345E-02 -1.1173E-03 -5.5363E-03
  2.1231E-03 -1.9481E-02 -1.1255E-03 -5.5766E-03
  2.1386E-03 -1.9617E-02 -1.1337E-03 -5.6173E-03
  2.1541E-03 -1.9755E-02 -1.1419E-03 -5.6581E-03
  2.1698E-03 -1.9892E-02 -1.1502E-03 -5.6993E-03
  2.1855E-03 -2.0031E-02 -1.1586E-03 -5.7406E-03
  2.2014E-03 -2.0171E-02 -1.1670E-03 -5.7822E-03
  2.2173E-03 -2.0311E-02 -1.1754E-03 -5.8241E-03
  2.2334E-03 -2.0452E-02 -1.1839E-03 -5.8663E-03
  2.2495E-03 -2.0594E-02 -1.1925E-03 -5.9086E-03
  2.2657E-03 -2.0736E-02 -1.2011E-03 -5.9513E-03
  2.2821E-03 -2.0880E-02 -1.2097E-03 -5.9942E-03
  2.2985E-03 -2.1024E-02 -1.2184E-03 -6.0374E-03
  2.3150E-03 -2.1169E-02 -1.2272E-03 -6.0808E-03
  2.3317E-03 -2.1315E-02 -1.2360E-03 -6.1245E-03
  2.3484E-03 -2.1461E-02 -1.2449E-03 -6.1685E-03
  2.3653E-03 -2.1609E-02 -1.2538E-03 -6.2127E-03
  2.3822E-03 -2.1757E-02 -1.2628E-03 -6.2572E-03
  2.3992E-03 -2.1906E-02 -1.2719E-03 -6.3020E-03
  2.4164E-03 -2.2056E-02 -1.2810E-03 -6.3471E-03
  2.4337E-03 -2.2207E-02 -1.2901E-03 -6.3924E-03
  2.4510E-03 -2.2358E-02 -1.2993E-03 -6.4380E-03
  2.4685E-03 -2.2511E-02 -1.3086E-03 -6.4839E-03
  2.4861E-03 -2.2664E-02 -1.3179E-03 -6.5300E-03
  2.5038E-03 -2.2818E-02 -1.3273E-03 -6.5765E-03
  2.5215E-03 -2.2973E-02 -1.3367E-03 -6.6232E-03
  2.5394E-03 -2.3129E-02 -1.3462E-03 -6.6702E-03
  2.5575E-03 -2.3285E-02 -1.3557E-03 -6.7175E-03
  2.5756E-03 -2.3443E-02 -1.3653E-03 -6.7651E-03
  2.5938E-03 -2.3601E-02 -1.3750E-03 -6.8130E-03
  2.6121E-03 -2.3760E-02 -1.3847E-03 -6.8612E-03
  2.6306E-03 -2.3920E-02 -1.3945E-03 -6.9097E-03
  2.6492E-03 -2.4081E-02 -1.4044E-03 -6.9584E-03
  2.6679E-03 -2.4243E-02 -1.4143E-03 -7.0075E-03
  2.6866E-03 -2.4406E-02 -1.4242E-03 -7.0569E-03
  2.7056E-03 -2.4570E-02 -1.4343E-03 -7.1065E-03
  2.7246E-03 -2.4734E-02 -1.4443E-03 -7.1565E-03
  2.7437E-03 -2.4900E-02 -1.4545E-03 -7.2068E-03
  2.7630E-03 -2.5066E-02 -1.4647E-03 -7.2574E-03
  2.7824E-03 -2.5233E-02 -1.4750E-03 -7.3083E-03
  2.8019E-03 -2.5401E-02 -1.4853E-03 -7.3595E-03
  2.8215E-03 -2.5570E-02 -1.4957E-03 -7.4110E-03
  2.8412E-03 -2.5740E-02 -1.5062E-03 -7.4628E-03
  2.8611E-03 -2.5911E-02 -1.5167E-03 -7.5150E-03
  2.8810E-03 -2.6083E-02 -1.5273E-03 -7.5675E-03
  2.9011E-03 -2.6256E-02 -1.5379E-03 -7.6202E-03
  2.9214E-03 -2.6430E-02 -1.5487E-03 -7.6734E-03
  2.9417E-03 -2.6604E-02 -1.5594E-03 -7.7268E-03
  2.9622E-03 -2.6780E-02 -1.5703E-03 -7.7806E-03
  2.9828E-03 -2.6957E-02 -1.5812E-03 -7.8346E-03
  3.0035E-03 -2.7134E-02 -1.5922E-03 -7.8891E-03
  3.0243E-03 -2.7313E-02 -1.6033E-03 -7.9438E-03
  3.0453E-03 -2.7492E-02 -1.6144E-03 -7.9989E-03
  3.0664E-03 -2.7672E-02 -1.6256E-03 -8.0543E-03
  3.0876E-03 -2.7854E-02 -1.6368E-03 -8.1101E-03
  3.1090E-03 -2.8036E-02 -1.6481E-03 -8.1662E-03
  3.1305E-03 -2.8220E-02 -1.6595E-03 -8.2227E-03
  3.1521E-03 -2.8404E-02 -1.6710E-03 -8.2795E-03
  3.1739E-03 -2.8589E-02 -1.6825E-03 -8.3366E-03
  3.1958E-03 -2.8776E-02 -1.6941E-03 -8.3941E-03
  3.2178E-03 -2.8963E-02 -1.7058E-03 -8.4519E-03
  3.2399E-03 -2.9151E-02 -1.7176E-03 -8.5101E-03
  3.2622E-03 -2.9341E-02 -1.7294E-03 -8.5687E-03
  3.2847E-03 -2.9531E-02 -1.7413E-03 -8.6276E-03
  3.3072E-03 -2.9722E-02 -1.7532E-03 -8.6869E-03
  3.3299E-03 -2.9915E-02 -1.7653E-03 -8.7465E-03
  3.3528E-03 -3.0108E-02 -1.7774E-03 -8.8065E-03
  3.3758E-03 -3.0303E-02 -1.7896E-03 -8.8669E-03
  3.3989E-03 -3.0498E-02 -1.8018E-03 -8.9276E-03
  3.4221E-03 -3.0695E-02 -1.8142E-03 -8.9887E-03
  3.4455E-03 -3.0892E-02 -1.8266E-03 -9.0502E-03
  3.4691E-03 -3.1091E-02 -1.8391E-03 -9.1120E-03
  3.4928E-03 -3.1290E-02 -1.8516E-03 -9.1743E-03
  3.5166E-03 -3.1491E-02 -1.8643E-03 -9.2369E-03
  3.5406E-03 -3.1693E-02 -1.8770E-03 -9.2999E-03
  3.5647E-03 -3.1896E-02 -1.8898E-03 -9.3633E-03
  3.5890E-03 -3.2100E-02 -1.9027E-03 -9.4270E-03
  3.6134E-03 -3.2305E-02 -1.9156E-03 -9.4912E-03
  3.6380E-03 -3.2511E-02 -1.9286E-03 -9.5557E-03
  3.6628E-03 -3.2718E-02 -1.9417E-03 -9.6207E-03
  3.6876E-03 -3.2927E-02 -1.9549E-03 -9.6860E-03
  3.7127E-03 -3.3136E-02 -1.9682E-03 -9.7518E-03
  3.7378E-03 -3.3346E-02 -1.9816E-03 -9.8179E-03
  3.7632E-03 -3.3558E-02 -1.9950E-03 -9.8844E-03
  3.7887E-03 -3.3771E-02 -2.0085E-03 -9.9514E-03
  3.8143E-03 -3.3985E-02 -2.0221E-03 -1.0019E-02
  3.8401E-03 -3.4200E-02 -2.0358E-03 -1.0087E-02
  3.8661E-03 -3.4416E-02 -2.0496E-03 -1.0155E-02
  3.8922E-03 -3.4633E-02 -2.0634E-03 -1.0223E-02
  3.9185E-03 -3.4851E-02 -2.0773E-03 -1.0292E-02
  3.9449E-03 -3.5071E-02 -2.0914E-03 -1.0362E-02
  3.9715E-03 -3.5291E-02 -2.1055E-03 -1.0432E-02
  3.9983E-03 -3.5513E-02 -2.1197E-03 -1.0502E-02
  4.0252E-03 -3.5736E-02 -2.1339E-03 -1.0573E-02
  4.0523E-03 -3.5960E-02 -2.1483E-03 -1.0644E-02
  4.0796E-03 -3.6185E-02 -2.1628E-03 -1.0715E-02
  4.1070E-03 -3.6412E-02 -2.1773E-03 -1.0788E-02
  4.1346E-03 -3.6639E-02 -2.1919E-03 -1.0860E-02
  4.1624E-03 -3.6868E-02 -2.2067E-03 -1.0933E-02
  4.1903E-03 -3.7098E-02 -2.2215E-03 -1.1006E-02
  4.2184E-03 -3.7329E-02 -2.2364E-03 -1.1080E-02
  4.2467E-03 -3.7562E-02 -2.2514E-03 -1.1154E-02
  4.2751E-03 -3.7795E-02 -2.2664E-03 -1.1229E-02
  4.3037E-03 -3.8030E-02 -2.2816E-03 -1.1304E-02
  4.3325E-03 -3.8266E-02 -2.2969E-03 -1.1380E-02
  4.3615E-03 -3.8503E-02 -2.3123E-03 -1.1456E-02
  4.3907E-03 -3.8741E-02 -2.3277E-03 -1.1533E-02
  4.4200E-03 -3.8981E-02 -2.3433E-03 -1.1610E-02
  4.4495E-03 -3.9222E-02 -2.3589E-03 -1.1687E-02
  4.4792E-03 -3.9464E-02 -2.3747E-03 -1.1765E-02
  4.5090E-03 -3.9707E-02 -2.3905E-03 -1.1843E-02
  4.5391E-03 -3.9952E-02 -2.4064E-03 -1.1922E-02
  4.5693E-03 -4.0198E-02 -2.4225E-03 -1.2002E-02
  4.5998E-03 -4.0445E-02 -2.4386E-03 -1.2082E-02
  4.6304E-03 -4.0693E-02 -2.4548E-03 -1.2162E-02
  4.6612E-03 -4.0942E-02 -2.4712E-03 -1.2243E-02
  4.6921E-03 -4.1193E-02 -2.4876E-03 -1.2324E-02
  4.7233E-03 -4.1445E-02 -2.5041E-03 -1.2406E-02
  4.7547E-03 -4.1699E-02 -2.5207E-03 -1.2489E-02
  4.7862E-03 -4.1953E-02 -2.5375E-03 -1.2571E-02
  4.8180E-03 -4.2209E-02 -2.5543E-03 -1.2655E-02
  4.8499E-03 -4.2466E-02 -2.5713E-03 -1.2739E-02
  4.8820E-03 -4.2725E-02 -2.5883E-03 -1.2823E-02
  4.9144E-03 -4.2985E-02 -2.6054E-03 -1.2908E-02
  4.9469E-03 -4.3246E-02 -2.6227E-03 -1.2993E-02
  4.9796E-03 -4.3508E-02 -2.6401E-03 -1.3079E-02
  5.0126E-03 -4.3772E-02 -2.6575E-03 -1.3166E-02
  5.0457E-03 -4.4037E-02 -2.6751E-03 -1.3253E-02
  5.0790E-03 -4.4303E-02 -2.6928E-03 -1.3340E-02
  5.1126E-03 -4.4571E-02 -2.7105E-03 -1.3429E-02
  5.1463E-03 -4.4840E-02 -2.7284E-03 -1.3517E-02
  5.1802E-03 -4.5110E-02 -2.7464E-03 -1.3606E-02
  5.2144E-03 -4.5382E-02 -2.7646E-03 -1.3696E-02
  5.2488E-03 -4.5655E-02 -2.7828E-03 -1.3786E-02
  5.2833E-03 -4.5929E-02 -2.8011E-03 -1.3877E-02
  5.3181E-03 -4.6205E-02 -2.8196E-03 -1.3968E-02
  5.3531E-03 -4.6482E-02 -2.8381E-03 -1.4060E-02
  5.3883E-03 -4.6760E-02 -2.8568E-03 -1.4153E-02
  5.4238E-03 -4.7040E-02 -2.8756E-03 -1.4246E-02
  5.4594E-03 -4.7321E-02 -2.8945E-03 -1.4339E-02
  5.4953E-03 -4.7604E-02 -2.9135E-03 -1.4434E-02
  5.5314E-03 -4.7888E-02 -2.9327E-03 -1.4528E-02
  5.5677E-03 -4.8173E-02 -2.9519E-03 -1.4624E-02
  5.6042E-03 -4.8460E-02 -2.9713E-03 -1.4720E-02
  5.6409E-03 -4.8748E-02 -2.9908E-03 -1.4816E-02
  5.6779E-03 -4.9037E-02 -3.0104E-03 -1.4913E-02
  5.7151E-03 -4.9328E-02 -3.0301E-03 -1.5011E-02
  5.7525E-03 -4.9620E-02 -3.0500E-03 -1.5109E-02
  5.7902E-03 -4.9914E-02 -3.0699E-03 -1.5208E-02
  5.8281E-03 -5.0209E-02 -3.0900E-03 -1.5308E-02
  5.8662E-03 -5.0506E-02 -3.1103E-03 -1.5408E-02
  5.9045E-03 -5.0804E-02 -3.1306E-03 -1.5508E-02
  5.9431E-03 -5.1103E-02 -3.1511E-03 -1.5610E-02
  5.9819E-03 -5.1404E-02 -3.1717E-03 -1.5712E-02
  6.0210E-03 -5.1706E-02 -3.1924E-03 -1.5814E-02
  6.0603E-03 -5.2010E-02 -3.2132E-03 -1.5918E-02
  6.0998E-03 -5.2315E-02 -3.2342E-03 -1.6021E-02
  6.1396E-03 -5.2622E-02 -3.2553E-03 -1.6126E-02
  6.1796E-03 -5.2930E-02 -3.2765E-03 -1.6231E-02
  6.2199E-03 -5.3239E-02 -3.2979E-03 -1.6337E-02
  6.2604E-03 -5.3550E-02 -3.3194E-03 -1.6443E-02
  6.3011E-03 -5.3862E-02 -3.3410E-03 -1.6550E-02
  6.3422E-03 -5.4176E-02 -3.3627E-03 -1.6658E-02
  6.3834E-03 -5.4492E-02 -3.3846E-03 -1.6766E-02
  6.4249E-03 -5.4809E-02 -3.4066E-03 -1.6875E-02
  6.4667E-03 -5.5127E-02 -3.4288E-03 -1.6985E-02
  6.5087E-03 -5.5447E-02 -3.4511E-03 -1.7095E-02
  6.5510E-03 -5.5768E-02 -3.4735E-03 -1.7206E-02
  6.5935E-03 -5.6091E-02 -3.4961E-03 -1.7318E-02
  6.6363E-03 -5.6415E-02 -3.5188E-03 -1.7430E-02
  6.6794E-03 -5.6741E-02 -3.5416E-03 -1.7543E-02
  6.7227E-03 -5.7068E-02 -3.5646E-03 -1.7657E-02
  6.7663E-03 -5.7397E-02 -3.5877E-03 -1.7772E-02
  6.8101E-03 -5.7727E-02 -3.6110E-03 -1.7887E-02
  6.8543E-03 -5.8059E-02 -3.6344E-03 -1.8003E-02
  6.8986E-03 -5.8392E-02 -3.6580E-03 -1.8119E-02
  6.9433E-03 -5.8727E-02 -3.6817E-03 -1.8237E-02
  6.9882E-03 -5.9064E-02 -3.7055E-03 -1.8355E-02
  7.0334E-03 -5.9401E-02 -3.7295E-03 -1.8473E-02
  7.0789E-03 -5.9741E-02 -3.7536E-03 -1.8593E-02
  7.1247E-03 -6.0082E-02 -3.7779E-03 -1.8713E-02
  7.1707E-03 -6.0424E-02 -3.8023E-03 -1.8834E-02
  7.2171E-03 -6.0768E-02 -3.8269E-03 -1.8955E-02
  7.2637E-03 -6.1114E-02 -3.8516E-03 -1.9078E-02
  7.3106E-03 -6.1461E-02 -3.8765E-03 -1.9201E-02
  7.3577E-03 -6.1810E-02 -3.9016E-03 -1.9325E-02
  7.4052E-03 -6.2160E-02 -3.9267E-03 -1.9450E-02
  7.4530E-03 -6.2512E-02 -3.9521E-03 -1.9575E-02
  7.5010E-03 -6.2865E-02 -3.9776E-03 -1.9701E-02
  7.5494E-03 -6.3220E-02 -4.0032E-03 -1.9828E-02
  7.5980E-03 -6.3577E-02 -4.0290E-03 -1.9956E-02
  7.6469E-03 -6.3935E-02 -4.0550E-03 -2.0084E-02
  7.6962E-03 -6.4295E-02 -4.0811E-03 -2.0214E-02
  7.7457E-03 -6.4656E-02 -4.1074E-03 -2.0344E-02
  7.7956E-03 -6.5019E-02 -4.1339E-03 -2.0475E-02
  7.8457E-03 -6.5383E-02 -4.1605E-03 -2.0606E-02
  7.8961E-03 -6.5749E-02 -4.1873E-03 -2.0739E-02
  7.9469E-03 -6.6117E-02 -4.2142E-03 -2.0872E-02
  7.9980E-03 -6.6486E-02 -4.2413E-03 -2.1006E-02
  8.0494E-03 -6.6856E-02 -4.2686E-03 -2.1141E-02
  8.1011E-03 -6.7229E-02 -4.2960E-03 -2.1277E-02
  8.1531E-03 -6.7603E-02 -4.3236E-03 -2.1413E-02
  8.2054E-03 -6.7978E-02 -4.3514E-03 -2.1551E-02
  8.2580E-03 -6.8355E-02 -4.3793E-03 -2.1689E-02
  8.3110E-03 -6.8734E-02 -4.4075E-03 -2.1828E-02
  8.3643E-03 -6.9114E-02 -4.4357E-03 -2.1968E-02
  8.4179E-03 -6.9496E-02 -4.4642E-03 -2.2109E-02
  8.4719E-03 -6.9880E-02 -4.4928E-03 -2.2251E-02
  8.5262E-03 -7.0265E-02 -4.5216E-03 -2.2393E-02
  8.5808E-03 -7.0652E-02 -4.5506E-03 -2.2536E-02
  8.6357E-03 -7.1040E-02 -4.5798E-03 -2.2681E-02
  8.6910E-03 -7.1430E-02 -4.6091E-03 -2.2826E-02
  8.7466E-03 -7.1821E-02 -4.6387E-03 -2.2972E-02
  8.8026E-03 -7.2215E-02 -4.6684E-03 -2.3119E-02
  8.8589E-03 -7.2609E-02 -4.6983E-03 -2.3267E-02
  8.9155E-03 -7.3006E-02 -4.7283E-03 -2.3415E-02
  8.9725E-03 -7.3404E-02 -4.7586E-03 -2.3565E-02
  9.0299E-03 -7.3803E-02 -4.7890E-03 -2.3716E-02
  9.0876E-03 -7.4205E-02 -4.8197E-03 -2.3867E-02
  9.1456E-03 -7.4608E-02 -4.8505E-03 -2.4020E-02
  9.2040E-03 -7.5012E-02 -4.8815E-03 -2.4173E-02
  9.2628E-03 -7.5418E-02 -4.9127E-03 -2.4327E-02
  9.3219E-03 -7.5826E-02 -4.9441E-03 -2.4482E-02
  9.3813E-03 -7.6235E-02 -4.9756E-03 -2.4639E-02
  9.4412E-03 -7.6646E-02 -5.0074E-03 -2.4796E-02
  9.5014E-03 -7.7059E-02 -5.0394E-03 -2.4954E-02
  9.5620E-03 -7.7473E-02 -5.0715E-03 -2.5113E-02
  9.6229E-03 -7.7889E-02 -5.1039E-03 -2.5273E-02
  9.6842E-03 -7.8307E-02 -5.1365E-03 -2.5434E-02
  9.7459E-03 -7.8726E-02 -5.1692E-03 -2.5596E-02
  9.8080E-03 -7.9146E-02 -5.2022E-03 -2.5759E-02
  9.8704E-03 -7.9569E-02 -5.2353E-03 -2.5923E-02
  9.9333E-03 -7.9993E-02 -5.2687E-03 -2.6088E-02
  9.9965E-03 -8.0418E-02 -5.3023E-03 -2.6254E-02
  1.0060E-02 -8.0846E-02 -5.3361E-03 -2.6421E-02
  1.0124E-02 -8.1274E-02 -5.3700E-03 -2.6589E-02
  1.0188E-02 -8.1705E-02 -5.4042E-03 -2.6758E-02
  1.0253E-02 -8.2137E-02 -5.4386E-03 -2.6928E-02
  1.0318E-02 -8.2571E-02 -5.4732E-03 -2.7099E-02
  1.0384E-02 -8.3006E-02 -5.5081E-03 -2.7271E-02
  1.0450E-02 -8.3443E-02 -5.5431E-03 -2.7444E-02
  1.0516E-02 -8.3881E-02 -5.5784E-03 -2.7618E-02
  1.0583E-02 -8.4321E-02 -5.6138E-03 -2.7794E-02
  1.0650E-02 -8.4763E-02 -5.6495E-03 -2.7970E-02
  1.0718E-02 -8.5206E-02 -5.6854E-03 -2.8148E-02
  1.0786E-02 -8.5651E-02 -5.7216E-03 -2.8326E-02
  1.0854E-02 -8.6098E-02 -5.7579E-03 -2.8506E-02
  1.0923E-02 -8.6546E-02 -5.7945E-03 -2.8686E-02
  1.0992E-02 -8.6996E-02 -5.8313E-03 -2.8868E-02
  1.1062E-02 -8.7447E-02 -5.8683E-03 -2.9051E-02
  1.1132E-02 -8.7900E-02 -5.9056E-03 -2.9235E-02
  1.1203E-02 -8.8354E-02 -5.9430E-03 -2.9421E-02
  1.1274E-02 -8.8811E-02 -5.9808E-03 -2.9607E-02
  1.1345E-02 -8.9268E-02 -6.0187E-03 -2.9794E-02
  1.1417E-02 -8.9727E-02 -6.0569E-03 -2.9983E-02
  1.1489E-02 -9.0188E-02 -6.0953E-03 -3.0173E-02
  1.1562E-02 -9.0651E-02 -6.1339E-03 -3.0364E-02
  1.1635E-02 -9.1115E-02 -6.1728E-03 -3.0556E-02
  1.1709E-02 -9.1580E-02 -6.2119E-03 -3.0749E-02
  1.1783E-02 -9.2047E-02 -6.2513E-03 -3.0943E-02
  1.1857E-02 -9.2516E-02 -6.2909E-03 -3.1139E-02
  1.1932E-02 -9.2986E-02 -6.3307E-03 -3.1336E-02
  1.2008E-02 -9.3458E-02 -6.3708E-03 -3.1534E-02
  1.2084E-02 -9.3931E-02 -6.4112E-03 -3.1733E-02
  1.2160E-02 -9.4406E-02 -6.4518E-03 -3.1933E-02
  1.2237E-02 -9.4882E-02 -6.4926E-03 -3.2135E-02
  1.2314E-02 -9.5360E-02 -6.5337E-03 -3.2338E-02
  1.2392E-02 -9.5839E-02 -6.5750E-03 -3.2542E-02
  1.2470E-02 -9.6320E-02 -6.6166E-03 -3.2748E-02
  1.2549E-02 -9.6802E-02 -6.6585E-03 -3.2954E-02
  1.2628E-02 -9.7286E-02 -6.7006E-03 -3.3162E-02
  1.2708E-02 -9.7771E-02 -6.7430E-03 -3.3371E-02
  1.2788E-02 -9.8258E-02 -6.7856E-03 -3.3582E-02
  1.2869E-02 -9.8747E-02 -6.8285E-03 -3.3793E-02
  1.2950E-02 -9.9236E-02 -6.8716E-03 -3.4006E-02
  1.3031E-02 -9.9728E-02 -6.9151E-03 -3.4221E-02
  1.3114E-02 -1.0022E-01 -6.9587E-03 -3.4436E-02
  1.3196E-02 -1.0071E-01 -7.0027E-03 -3.4653E-02
  1.3279E-02 -1.0121E-01 -7.0469E-03 -3.4872E-02
  1.3363E-02 -1.0171E-01 -7.0914E-03 -3.5091E-02
  1.3447E-02 -1.0221E-01 -7.1362E-03 -3.5312E-02
  1.3532E-02 -1.0271E-01 -7.1812E-03 -3.5534E-02
  1.3617E-02 -1.0321E-01 -7.2266E-03 -3.5758E-02
  1.3703E-02 -1.0371E-01 -7.2722E-03 -3.5983E-02
  1.3789E-02 -1.0421E-01 -7.3181E-03 -3.6210E-02
  1.3876E-02 -1.0472E-01 -7.3642E-03 -3.6437E-02
  1.3963E-02 -1.0523E-01 -7.4107E-03 -3.6666E-02
  1.4051E-02 -1.0573E-01 -7.4574E-03 -3.6897E-02
  1.4140E-02 -1.0624E-01 -7.5044E-03 -3.7129E-02
  1.4229E-02 -1.0675E-01 -7.5518E-03 -3.7362E-02
  1.4318E-02 -1.0727E-01 -7.5994E-03 -3.7597E-02
  1.4408E-02 -1.0778E-01 -7.6473E-03 -3.7833E-02
  1.4499E-02 -1.0829E-01 -7.6955E-03 -3.8071E-02
  1.4590E-02 -1.0881E-01 -7.7440E-03 -3.8310E-02
  1.4681E-02 -1.0933E-01 -7.7927E-03 -3.8551E-02
  1.4774E-02 -1.0985E-01 -7.8418E-03 -3.8793E-02
  1.4866E-02 -1.1037E-01 -7.8912E-03 -3.9036E-02
  1.4960E-02 -1.1089E-01 -7.9409E-03 -3.9281E-02
  1.5054E-02 -1.1141E-01 -7.9909E-03 -3.9528E-02
  1.5148E-02 -1.1193E-01 -8.0412E-03 -3.9776E-02
  1.5243E-02 -1.1246E-01 -8.0919E-03 -4.0025E-02
  1.5339E-02 -1.1298E-01 -8.1428E-03 -4.0277E-02
  1.5435E-02 -1.1351E-01 -8.1941E-03 -4.0529E-02
  1.5532E-02 -1.1404E-01 -8.2456E-03 -4.0783E-02
  1.5630E-02 -1.1457E-01 -8.2975E-03 -4.1039E-02
  1.5728E-02 -1.1510E-01 -8.3497E-03 -4.1296E-02
  1.5826E-02 -1.1563E-01 -8.4022E-03 -4.1555E-02
  1.5926E-02 -1.1616E-01 -8.4551E-03 -4.1815E-02
  1.6025E-02 -1.1670E-01 -8.5083E-03 -4.2077E-02
  1.6126E-02 -1.1723E-01 -8.5618E-03 -4.2341E-02
  1.6227E-02 -1.1777E-01 -8.6156E-03 -4.2606E-02
  1.6329E-02 -1.1831E-01 -8.6698E-03 -4.2873E-02
  1.6431E-02 -1.1884E-01 -8.7243E-03 -4.3141E-02
  1.6534E-02 -1.1938E-01 -8.7791E-03 -4.3411E-02
  1.6637E-02 -1.1992E-01 -8.8343E-03 -4.3683E-02
  1.6742E-02 -1.2047E-01 -8.8898E-03 -4.3956E-02
  1.6846E-02 -1.2101E-01 -8.9457E-03 -4.4231E-02
  1.6952E-02 -1.2155E-01 -9.0019E-03 -4.4508E-02
  1.7058E-02 -1.2209E-01 -9.0585E-03 -4.4787E-02
  1.7165E-02 -1.2264E-01 -9.1154E-03 -4.5067E-02
  1.7272E-02 -1.2319E-01 -9.1726E-03 -4.5348E-02
  1.7380E-02 -1.2373E-01 -9.2302E-03 -4.5632E-02
  1.7489E-02 -1.2428E-01 -9.2882E-03 -4.5917E-02
  1.7599E-02 -1.2483E-01 -9.3465E-03 -4.6204E-02
  1.7709E-02 -1.2538E-01 -9.4052E-03 -4.6493E-02
  1.7819E-02 -1.2593E-01 -9.4642E-03 -4.6783E-02
  1.7931E-02 -1.2648E-01 -9.5237E-03 -4.7076E-02
  1.8043E-02 -1.2703E-01 -9.5834E-03 -4.7370E-02
  1.8156E-02 -1.2758E-01 -9.6436E-03 -4.7666E-02
  1.8269E-02 -1.2813E-01 -9.7041E-03 -4.7963E-02
  1.8383E-02 -1.2869E-01 -9.7650E-03 -4.8263E-02
  1.8498E-02 -1.2924E-01 -9.8263E-03 -4.8564E-02
  1.8614E-02 -1.2980E-01 -9.8879E-03 -4.8867E-02
  1.8730E-02 -1.3035E-01 -9.9500E-03 -4.9172E-02
  1.8847E-02 -1.3091E-01 -1.0012E-02 -4.9479E-02
  1.8965E-02 -1.3146E-01 -1.0075E-02 -4.9788E-02
  1.9083E-02 -1.3202E-01 -1.0138E-02 -5.0098E-02
  1.9202E-02 -1.3258E-01 -1.0202E-02 -5.0411E-02
  1.9322E-02 -1.3313E-01 -1.0266E-02 -5.0725E-02
  1.9443E-02 -1.3369E-01 -1.0330E-02 -5.1041E-02
  1.9564E-02 -1.3425E-01 -1.0395E-02 -5.1359E-02
  1.9686E-02 -1.3481E-01 -1.0460E-02 -5.1680E-02
  1.9809E-02 -1.3537E-01 -1.0526E-02 -5.2002E-02
  1.9933E-02 -1.3593E-01 -1.0592E-02 -5.2326E-02
  2.0057E-02 -1.3649E-01 -1.0658E-02 -5.2652E-02
  2.0182E-02 -1.3705E-01 -1.0725E-02 -5.2980E-02
  2.0308E-02 -1.3761E-01 -1.0792E-02 -5.3310E-02
  2.0435E-02 -1.3817E-01 -1.0860E-02 -5.3642E-02
  2.0562E-02 -1.3873E-01 -1.0928E-02 -5.3976E-02
  2.0690E-02 -1.3929E-01 -1.0997E-02 -5.4312E-02
  2.0819E-02 -1.3986E-01 -1.1065E-02 -5.4650E-02
  2.0949E-02 -1.4042E-01 -1.1135E-02 -5.4990E-02
  2.1080E-02 -1.4098E-01 -1.1205E-02 -5.5333E-02
  2.1211E-02 -1.4154E-01 -1.1275E-02 -5.5677E-02
  2.1343E-02 -1.4210E-01 -1.1345E-02 -5.6023E-02
  2.1476E-02 -1.4266E-01 -1.1416E-02 -5.6372E-02
  2.1610E-02 -1.4322E-01 -1.1488E-02 -5.6723E-02
  2.1745E-02 -1.4379E-01 -1.1560E-02 -5.7075E-02
  2.1880E-02 -1.4435E-01 -1.1632E-02 -5.7430E-02
  2.2016E-02 -1.4491E-01 -1.1705E-02 -5.7787E-02
  2.2153E-02 -1.4547E-01 -1.1779E-02 -5.8147E-02
  2.2291E-02 -1.4603E-01 -1.1852E-02 -5.8508E-02
  2.2430E-02 -1.4659E-01 -1.1927E-02 -5.8872E-02
  2.2570E-02 -1.4715E-01 -1.2001E-02 -5.9238E-02
  2.2710E-02 -1.4771E-01 -1.2076E-02 -5.9606E-02
  2.2851E-02 -1.4827E-01 -1.2152E-02 -5.9976E-02
  2.2994E-02 -1.4883E-01 -1.2228E-02 -6.0349E-02
  2.3137E-02 -1.4938E-01 -1.2305E-02 -6.0724E-02
  2.3281E-02 -1.4994E-01 -1.2382E-02 -6.1101E-02
  2.3425E-02 -1.5050E-01 -1.2459E-02 -6.1480E-02
  2.3571E-02 -1.5106E-01 -1.2537E-02 -6.1862E-02
  2.3718E-02 -1.5161E-01 -1.2616E-02 -6.2246E-02
  2.3865E-02 -1.5217E-01 -1.2695E-02 -6.2633E-02
  2.4014E-02 -1.5272E-01 -1.2774E-02 -6.3021E-02
  2.4163E-02 -1.5327E-01 -1.2854E-02 -6.3413E-02
  2.4313E-02 -1.5383E-01 -1.2935E-02 -6.3806E-02
  2.4464E-02 -1.5438E-01 -1.3016E-02 -6.4202E-02
  2.4616E-02 -1.5493E-01 -1.3097E-02 -6.4600E-02
  2.4769E-02 -1.5548E-01 -1.3179E-02 -6.5001E-02
  2.4923E-02 -1.5603E-01 -1.3262E-02 -6.5404E-02
  2.5078E-02 -1.5658E-01 -1.3345E-02 -6.5810E-02
  2.5234E-02 -1.5712E-01 -1.3428E-02 -6.6218E-02
  2.5391E-02 -1.5767E-01 -1.3512E-02 -6.6628E-02
  2.5548E-02 -1.5821E-01 -1.3597E-02 -6.7041E-02
  2.5707E-02 -1.5876E-01 -1.3682E-02 -6.7457E-02
  2.5867E-02 -1.5930E-01 -1.3768E-02 -6.7875E-02
  2.6027E-02 -1.5984E-01 -1.3854E-02 -6.8296E-02
  2.6189E-02 -1.6038E-01 -1.3941E-02 -6.8719E-02
  2.6352E-02 -1.6092E-01 -1.4028E-02 -6.9145E-02
  2.6515E-02 -1.6145E-01 -1.4116E-02 -6.9573E-02
  2.6680E-02 -1.6199E-01 -1.4204E-02 -7.0004E-02
  2.6845E-02 -1.6252E-01 -1.4293E-02 -7.0438E-02
  2.7012E-02 -1.6305E-01 -1.4383E-02 -7.0874E-02
  2.7180E-02 -1.6358E-01 -1.4473E-02 -7.1313E-02
  2.7348E-02 -1.6411E-01 -1.4563E-02 -7.1754E-02
  2.7518E-02 -1.6464E-01 -1.4655E-02 -7.2198E-02
  2.7689E-02 -1.6516E-01 -1.4746E-02 -7.2645E-02
  2.7860E-02 -1.6568E-01 -1.4839E-02 -7.3095E-02
  2.8033E-02 -1.6620E-01 -1.4932E-02 -7.3547E-02
  2.8207E-02 -1.6672E-01 -1.5025E-02 -7.4002E-02
  2.8382E-02 -1.6724E-01 -1.5119E-02 -7.4460E-02
  2.8558E-02 -1.6775E-01 -1.5214E-02 -7.4921E-02
  2.8735E-02 -1.6826E-01 -1.5309E-02 -7.5384E-02
  2.8913E-02 -1.6877E-01 -1.5405E-02 -7.5850E-02
  2.9093E-02 -1.6928E-01 -1.5502E-02 -7.6319E-02
  2.9273E-02 -1.6979E-01 -1.5599E-02 -7.6791E-02
  2.9454E-02 -1.7029E-01 -1.5696E-02 -7.7266E-02
  2.9637E-02 -1.7079E-01 -1.5795E-02 -7.7744E-02
  2.9821E-02 -1.7128E-01 -1.5894E-02 -7.8224E-02
  3.0005E-02 -1.7178E-01 -1.5993E-02 -7.8708E-02
  3.0191E-02 -1.7227E-01 -1.6093E-02 -7.9194E-02
  3.0378E-02 -1.7276E-01 -1.6194E-02 -7.9684E-02
  3.0567E-02 -1.7324E-01 -1.6296E-02 -8.0176E-02
  3.0756E-02 -1.7373E-01 -1.6398E-02 -8.0671E-02
  3.0946E-02 -1.7421E-01 -1.6501E-02 -8.1169E-02
  3.1138E-02 -1.7468E-01 -1.6604E-02 -8.1671E-02
  3.1331E-02 -1.7516E-01 -1.6708E-02 -8.2175E-02
  3.1525E-02 -1.7563E-01 -1.6813E-02 -8.2682E-02
  3.1720E-02 -1.7609E-01 -1.6918E-02 -8.3193E-02
  3.1917E-02 -1.7656E-01 -1.7024E-02 -8.3706E-02
  3.2114E-02 -1.7702E-01 -1.7131E-02 -8.4223E-02
  3.2313E-02 -1.7747E-01 -1.7238E-02 -8.4743E-02
  3.2513E-02 -1.7793E-01 -1.7346E-02 -8.5266E-02
  3.2714E-02 -1.7838E-01 -1.7455E-02 -8.5792E-02
  3.2917E-02 -1.7882E-01 -1.7565E-02 -8.6321E-02
  3.3121E-02 -1.7926E-01 -1.7675E-02 -8.6854E-02
  3.3326E-02 -1.7970E-01 -1.7786E-02 -8.7390E-02
  3.3532E-02 -1.8014E-01 -1.7897E-02 -8.7929E-02
  3.3739E-02 -1.8057E-01 -1.8010E-02 -8.8471E-02
  3.3948E-02 -1.8099E-01 -1.8123E-02 -8.9016E-02
  3.4158E-02 -1.8141E-01 -1.8236E-02 -8.9565E-02
  3.4369E-02 -1.8183E-01 -1.8351E-02 -9.0117E-02
  3.4582E-02 -1.8224E-01 -1.8466E-02 -9.0673E-02
  3.4796E-02 -1.8265E-01 -1.8582E-02 -9.1232E-02
  3.5011E-02 -1.8306E-01 -1.8698E-02 -9.1794E-02
  3.5228E-02 -1.8345E-01 -1.8816E-02 -9.2359E-02
  3.5446E-02 -1.8385E-01 -1.8934E-02 -9.2928E-02
  3.5665E-02 -1.8424E-01 -1.9053E-02 -9.3501E-02
  3.5885E-02 -1.8462E-01 -1.9172E-02 -9.4077E-02
  3.6107E-02 -1.8500E-01 -1.9293E-02 -9.4656E-02
  3.6330E-02 -1.8538E-01 -1.9414E-02 -9.5239E-02
  3.6555E-02 -1.8575E-01 -1.9536E-02 -9.5825E-02
  3.6781E-02 -1.8611E-01 -1.9659E-02 -9.6415E-02
  3.7008E-02 -1.8647E-01 -1.9782E-02 -9.7009E-02
  3.7237E-02 -1.8682E-01 -1.9907E-02 -9.7606E-02
  3.7467E-02 -1.8717E-01 -2.0032E-02 -9.8207E-02
  3.7699E-02 -1.8751E-01 -2.0158E-02 -9.8811E-02
  3.7932E-02 -1.8785E-01 -2.0284E-02 -9.9419E-02
  3.8166E-02 -1.8818E-01 -2.0412E-02 -1.0003E-01
  3.8402E-02 -1.8850E-01 -2.0540E-02 -1.0065E-01
  3.8639E-02 -1.8882E-01 -2.0669E-02 -1.0127E-01
  3.8878E-02 -1.8914E-01 -2.0799E-02 -1.0189E-01
  3.9118E-02 -1.8944E-01 -2.0930E-02 -1.0251E-01
  3.9360E-02 -1.8974E-01 -2.1062E-02 -1.0314E-01
  3.9603E-02 -1.9004E-01 -2.1195E-02 -1.0378E-01
  3.9847E-02 -1.9032E-01 -2.1328E-02 -1.0442E-01
  4.0094E-02 -1.9060E-01 -2.1462E-02 -1.0506E-01
  4.0341E-02 -1.9088E-01 -2.1597E-02 -1.0570E-01
  4.0590E-02 -1.9115E-01 -2.1733E-02 -1.0635E-01
  4.0841E-02 -1.9141E-01 -2.1870E-02 -1.0701E-01
  4.1093E-02 -1.9166E-01 -2.2008E-02 -1.0766E-01
  4.1347E-02 -1.9190E-01 -2.2147E-02 -1.0833E-01
  4.1602E-02 -1.9214E-01 -2.2286E-02 -1.0899E-01
  4.1859E-02 -1.9238E-01 -2.2427E-02 -1.0966E-01
  4.2117E-02 -1.9260E-01 -2.2568E-02 -1.1033E-01
  4.2377E-02 -1.9282E-01 -2.2711E-02 -1.1101E-01
  4.2639E-02 -1.9302E-01 -2.2854E-02 -1.1169E-01
  4.2902E-02 -1.9323E-01 -2.2998E-02 -1.1238E-01
  4.3167E-02 -1.9342E-01 -2.3143E-02 -1.1307E-01
  4.3433E-02 -1.9360E-01 -2.3289E-02 -1.1376E-01
  4.3701E-02 -1.9378E-01 -2.3436E-02 -1.1446E-01
  4.3971E-02 -1.9395E-01 -2.3584E-02 -1.1516E-01
  4.4242E-02 -1.9411E-01 -2.3733E-02 -1.1587E-01
  4.4515E-02 -1.9426E-01 -2.3883E-02 -1.1658E-01
  4.4790E-02 -1.9441E-01 -2.4034E-02 -1.1729E-01
  4.5066E-02 -1.9454E-01 -2.4186E-02 -1.1801E-01
  4.5344E-02 -1.9467E-01 -2.4339E-02 -1.1874E-01
  4.5624E-02 -1.9479E-01 -2.4493E-02 -1.1946E-01
  4.5905E-02 -1.9490E-01 -2.4647E-02 -1.2020E-01
  4.6188E-02 -1.9500E-01 -2.4803E-02 -1.2093E-01
  4.6473E-02 -1.9509E-01 -2.4960E-02 -1.2167E-01
  4.6760E-02 -1.9517E-01 -2.5118E-02 -1.2242E-01
  4.7048E-02 -1.9524E-01 -2.5277E-02 -1.2317E-01
  4.7338E-02 -1.9530E-01 -2.5437E-02 -1.2392E-01
  4.7630E-02 -1.9535E-01 -2.5598E-02 -1.2468E-01
  4.7924E-02 -1.9539E-01 -2.5761E-02 -1.2545E-01
  4.8219E-02 -1.9543E-01 -2.5924E-02 -1.2622E-01
  4.8517E-02 -1.9545E-01 -2.6088E-02 -1.2699E-01
  4.8816E-02 -1.9546E-01 -2.6254E-02 -1.2776E-01
  4.9117E-02 -1.9546E-01 -2.6420E-02 -1.2855E-01
  4.9420E-02 -1.9545E-01 -2.6588E-02 -1.2933E-01
  4.9724E-02 -1.9543E-01 -2.6756E-02 -1.3012E-01
  5.0031E-02 -1.9540E-01 -2.6926E-02 -1.3092E-01
  5.0339E-02 -1.9536E-01 -2.7097E-02 -1.3172E-01
  5.0649E-02 -1.9531E-01 -2.7269E-02 -1.3253E-01
  5.0961E-02 -1.9525E-01 -2.7443E-02 -1.3334E-01
  5.1276E-02 -1.9517E-01 -2.7617E-02 -1.3415E-01
  5.1591E-02 -1.9509E-01 -2.7793E-02 -1.3497E-01
  5.1909E-02 -1.9499E-01 -2.7969E-02 -1.3580E-01
  5.2229E-02 -1.9488E-01 -2.8147E-02 -1.3663E-01
  5.2551E-02 -1.9476E-01 -2.8327E-02 -1.3746E-01
  5.2875E-02 -1.9463E-01 -2.8507E-02 -1.3830E-01
  5.3201E-02 -1.9449E-01 -2.8688E-02 -1.3915E-01
  5.3528E-02 -1.9433E-01 -2.8871E-02 -1.4000E-01
  5.3858E-02 -1.9416E-01 -2.9055E-02 -1.4085E-01
  5.4190E-02 -1.9398E-01 -2.9240E-02 -1.4171E-01
  5.4524E-02 -1.9379E-01 -2.9427E-02 -1.4258E-01
  5.4859E-02 -1.9358E-01 -2.9615E-02 -1.4345E-01
  5.5197E-02 -1.9336E-01 -2.9804E-02 -1.4432E-01
  5.5537E-02 -1.9313E-01 -2.9994E-02 -1.4520E-01
  5.5879E-02 -1.9289E-01 -3.0185E-02 -1.4609E-01
  5.6223E-02 -1.9263E-01 -3.0378E-02 -1.4698E-01
  5.6570E-02 -1.9236E-01 -3.0573E-02 -1.4788E-01
  5.6918E-02 -1.9207E-01 -3.0768E-02 -1.4878E-01
  5.7268E-02 -1.9178E-01 -3.0965E-02 -1.4969E-01
  5.7621E-02 -1.9146E-01 -3.1163E-02 -1.5060E-01
  5.7976E-02 -1.9114E-01 -3.1362E-02 -1.5152E-01
  5.8333E-02 -1.9080E-01 -3.1563E-02 -1.5244E-01
  5.8692E-02 -1.9045E-01 -3.1766E-02 -1.5337E-01
  5.9053E-02 -1.9008E-01 -3.1969E-02 -1.5430E-01
  5.9417E-02 -1.8970E-01 -3.2174E-02 -1.5524E-01
  5.9782E-02 -1.8930E-01 -3.2381E-02 -1.5619E-01
  6.0150E-02 -1.8889E-01 -3.2589E-02 -1.5714E-01
  6.0521E-02 -1.8846E-01 -3.2798E-02 -1.5809E-01
  6.0893E-02 -1.8802E-01 -3.3008E-02 -1.5906E-01
  6.1268E-02 -1.8756E-01 -3.3221E-02 -1.6002E-01
  6.1645E-02 -1.8709E-01 -3.3434E-02 -1.6100E-01
  6.2024E-02 -1.8661E-01 -3.3649E-02 -1.6198E-01
  6.2406E-02 -1.8610E-01 -3.3866E-02 -1.6296E-01
  6.2790E-02 -1.8559E-01 -3.4084E-02 -1.6395E-01
  6.3176E-02 -1.8505E-01 -3.4304E-02 -1.6495E-01
  6.3565E-02 -1.8450E-01 -3.4525E-02 -1.6595E-01
  6.3956E-02 -1.8394E-01 -3.4747E-02 -1.6696E-01
  6.4350E-02 -1.8336E-01 -3.4972E-02 -1.6798E-01
  6.4746E-02 -1.8276E-01 -3.5197E-02 -1.6900E-01
  6.5144E-02 -1.8214E-01 -3.5425E-02 -1.7002E-01
  6.5545E-02 -1.8151E-01 -3.5654E-02 -1.7106E-01
  6.5948E-02 -1.8087E-01 -3.5884E-02 -1.7209E-01
  6.6354E-02 -1.8020E-01 -3.6116E-02 -1.7314E-01
  6.6762E-02 -1.7952E-01 -3.6350E-02 -1.7419E-01
  6.7172E-02 -1.7882E-01 -3.6585E-02 -1.7525E-01
  6.7586E-02 -1.7811E-01 -3.6823E-02 -1.7631E-01
  6.8001E-02 -1.7737E-01 -3.7061E-02 -1.7738E-01
  6.8420E-02 -1.7662E-01 -3.7302E-02 -1.7845E-01
  6.8840E-02 -1.7586E-01 -3.7544E-02 -1.7954E-01
  6.9264E-02 -1.7507E-01 -3.7788E-02 -1.8062E-01
  6.9690E-02 -1.7427E-01 -3.8033E-02 -1.8172E-01
  7.0118E-02 -1.7345E-01 -3.8281E-02 -1.8282E-01
  7.0549E-02 -1.7261E-01 -3.8530E-02 -1.8393E-01
  7.0983E-02 -1.7175E-01 -3.8780E-02 -1.8504E-01
  7.1420E-02 -1.7087E-01 -3.9033E-02 -1.8616E-01
  7.1859E-02 -1.6998E-01 -3.9288E-02 -1.8729E-01
  7.2301E-02 -1.6907E-01 -3.9544E-02 -1.8842E-01
  7.2745E-02 -1.6813E-01 -3.9802E-02 -1.8956E-01
  7.3192E-02 -1.6718E-01 -4.0062E-02 -1.9071E-01
  7.3642E-02 -1.6621E-01 -4.0324E-02 -1.9186E-01
  7.4095E-02 -1.6523E-01 -4.0587E-02 -1.9302E-01
  7.4550E-02 -1.6422E-01 -4.0853E-02 -1.9419E-01
  7.5009E-02 -1.6319E-01 -4.1120E-02 -1.9536E-01
  7.5470E-02 -1.6214E-01 -4.1390E-02 -1.9654E-01
  7.5934E-02 -1.6108E-01 -4.1661E-02 -1.9773E-01
  7.6400E-02 -1.5999E-01 -4.1935E-02 -1.9892E-01
  7.6870E-02 -1.5889E-01 -4.2210E-02 -2.0013E-01
  7.7342E-02 -1.5776E-01 -4.2487E-02 -2.0133E-01
  7.7818E-02 -1.5662E-01 -4.2767E-02 -2.0255E-01
  7.8296E-02 -1.5545E-01 -4.3048E-02 -2.0377E-01
  7.8777E-02 -1.5426E-01 -4.3332E-02 -2.0500E-01
  7.9261E-02 -1.5306E-01 -4.3617E-02 -2.0623E-01
  7.9748E-02 -1.5183E-01 -4.3905E-02 -2.0748E-01
  8.0238E-02 -1.5059E-01 -4.4195E-02 -2.0873E-01
  8.0731E-02 -1.4932E-01 -4.4487E-02 -2.0999E-01
  8.1228E-02 -1.4803E-01 -4.4781E-02 -2.1125E-01
  8.1727E-02 -1.4672E-01 -4.5077E-02 -2.1252E-01
  8.2229E-02 -1.4539E-01 -4.5375E-02 -2.1380E-01
  8.2734E-02 -1.4404E-01 -4.5676E-02 -2.1509E-01
  8.3242E-02 -1.4267E-01 -4.5979E-02 -2.1638E-01
  8.3754E-02 -1.4127E-01 -4.6284E-02 -2.1768E-01
  8.4268E-02 -1.3986E-01 -4.6592E-02 -2.1899E-01
  8.4786E-02 -1.3842E-01 -4.6901E-02 -2.2031E-01
  8.5307E-02 -1.3697E-01 -4.7213E-02 -2.2163E-01
  8.5831E-02 -1.3549E-01 -4.7528E-02 -2.2296E-01
  8.6358E-02 -1.3399E-01 -4.7845E-02 -2.2430E-01
  8.6889E-02 -1.3246E-01 -4.8164E-02 -2.2565E-01
  8.7422E-02 -1.3092E-01 -4.8485E-02 -2.2700E-01
  8.7959E-02 -1.2935E-01 -4.8809E-02 -2.2837E-01
  8.8499E-02 -1.2777E-01 -4.9136E-02 -2.2973E-01
  8.9043E-02 -1.2616E-01 -4.9465E-02 -2.3111E-01
  8.9590E-02 -1.2452E-01 -4.9796E-02 -2.3250E-01
  9.0140E-02 -1.2287E-01 -5.0130E-02 -2.3389E-01
  9.0694E-02 -1.2120E-01 -5.0467E-02 -2.3529E-01
  9.1251E-02 -1.1950E-01 -5.0806E-02 -2.3670E-01
  9.1811E-02 -1.1778E-01 -5.1148E-02 -2.3812E-01
  9.2375E-02 -1.1604E-01 -5.1492E-02 -2.3954E-01
  9.2942E-02 -1.1427E-01 -5.1839E-02 -2.4097E-01
  9.3513E-02 -1.1248E-01 -5.2189E-02 -2.4241E-01
  9.4087E-02 -1.1067E-01 -5.2541E-02 -2.4386E-01
  9.4665E-02 -1.0884E-01 -5.2896E-02 -2.4532E-01
  9.5246E-02 -1.0699E-01 -5.3254E-02 -2.4679E-01
  9.5831E-02 -1.0511E-01 -5.3615E-02 -2.4826E-01
  9.6419E-02 -1.0321E-01 -5.3978E-02 -2.4974E-01
  9.7011E-02 -1.0129E-01 -5.4345E-02 -2.5123E-01
  9.7607E-02 -9.9347E-02 -5.4714E-02 -2.5273E-01
  9.8206E-02 -9.7380E-02 -5.5086E-02 -2.5424E-01
  9.8809E-02 -9.5391E-02 -5.5461E-02 -2.5575E-01
  9.9415E-02 -9.3379E-02 -5.5839E-02 -2.5727E-01
  1.0003E-01 -9.1345E-02 -5.6220E-02 -2.5881E-01
  1.0064E-01 -8.9288E-02 -5.6604E-02 -2.6035E-01
  1.0126E-01 -8.7209E-02 -5.6991E-02 -2.6190E-01
  1.0188E-01 -8.5107E-02 -5.7381E-02 -2.6345E-01
  1.0250E-01 -8.2983E-02 -5.7774E-02 -2.6502E-01
  1.0313E-01 -8.0836E-02 -5.8171E-02 -2.6659E-01
  1.0377E-01 -7.8667E-02 -5.8570E-02 -2.6818E-01
  1.0440E-01 -7.6475E-02 -5.8973E-02 -2.6977E-01
  1.0504E-01 -7.4262E-02 -5.9379E-02 -2.7137E-01
  1.0569E-01 -7.2026E-02 -5.9788E-02 -2.7298E-01
  1.0634E-01 -6.9767E-02 -6.0201E-02 -2.7460E-01
  1.0699E-01 -6.7487E-02 -6.0617E-02 -2.7622E-01
  1.0765E-01 -6.5184E-02 -6.1036E-02 -2.7786E-01
  1.0831E-01 -6.2859E-02 -6.1459E-02 -2.7951E-01
  1.0897E-01 -6.0512E-02 -6.1885E-02 -2.8116E-01
  1.0964E-01 -5.8143E-02 -6.2315E-02 -2.8282E-01
  1.1031E-01 -5.5753E-02 -6.2748E-02 -2.8449E-01
  1.1099E-01 -5.3341E-02 -6.3185E-02 -2.8617E-01
  1.1167E-01 -5.0906E-02 -6.3625E-02 -2.8786E-01
  1.1236E-01 -4.8451E-02 -6.4069E-02 -2.8956E-01
  1.1305E-01 -4.5974E-02 -6.4517E-02 -2.9127E-01
  1.1374E-01 -4.3475E-02 -6.4968E-02 -2.9299E-01
  1.1444E-01 -4.0956E-02 -6.5424E-02 -2.9472E-01
  1.1514E-01 -3.8415E-02 -6.5882E-02 -2.9645E-01
  1.1585E-01 -3.5853E-02 -6.6345E-02 -2.9820E-01
  1.1656E-01 -3.3271E-02 -6.6812E-02 -2.9995E-01
  1.1727E-01 -3.0668E-02 -6.7283E-02 -3.0172E-01
  1.1799E-01 -2.8044E-02 -6.7757E-02 -3.0349E-01
  1.1872E-01 -2.5400E-02 -6.8236E-02 -3.0527E-01
  1.1944E-01 -2.2735E-02 -6.8718E-02 -3.0707E-01
  1.2018E-01 -2.0051E-02 -6.9205E-02 -3.0887E-01
  1.2091E-01 -1.7346E-02 -6.9696E-02 -3.1068E-01
  1.2166E-01 -1.4622E-02 -7.0191E-02 -3.1250E-01
  1.2240E-01 -1.1878E-02 -7.0690E-02 -3.1433E-01
  1.2315E-01 -9.1156E-03 -7.1194E-02 -3.1617E-01
  1.2391E-01 -6.3336E-03 -7.1701E-02 -3.1802E-01
  1.2467E-01 -3.5327E-03 -7.2214E-02 -3.1988E-01
  1.2543E-01 -7.1311E-04 -7.2730E-02 -3.2175E-01
  1.2620E-01  2.1249E-03 -7.3251E-02 -3.2363E-01
  1.2698E-01  4.9811E-03 -7.3777E-02 -3.2551E-01
  1.2775E-01  7.8552E-03 -7.4307E-02 -3.2741E-01
  1.2854E-01  1.0747E-02 -7.4842E-02 -3.2932E-01
  1.2933E-01  1.3656E-02 -7.5381E-02 -3.3124E-01
  1.3012E-01  1.6583E-02 -7.5926E-02 -3.3317E-01
  1.3092E-01  1.9526E-02 -7.6475E-02 -3.3510E-01
  1.3172E-01  2.2486E-02 -7.7028E-02 -3.3705E-01
  1.3253E-01  2.5462E-02 -7.7587E-02 -3.3901E-01
  1.3334E-01  2.8454E-02 -7.8151E-02 -3.4098E-01
  1.3416E-01  3.1462E-02 -7.8719E-02 -3.4295E-01
  1.3498E-01  3.4485E-02 -7.9293E-02 -3.4494E-01
  1.3581E-01  3.7524E-02 -7.9872E-02 -3.4694E-01
  1.3664E-01  4.0576E-02 -8.0456E-02 -3.4895E-01
  1.3748E-01  4.3644E-02 -8.1045E-02 -3.5096E-01
  1.3832E-01  4.6725E-02 -8.1640E-02 -3.5299E-01
  1.3917E-01  4.9820E-02 -8.2240E-02 -3.5503E-01
  1.4002E-01  5.2928E-02 -8.2845E-02 -3.5708E-01
  1.4088E-01  5.6049E-02 -8.3456E-02 -3.5913E-01
  1.4175E-01  5.9182E-02 -8.4072E-02 -3.6120E-01
  1.4262E-01  6.2327E-02 -8.4694E-02 -3.6328E-01
  1.4349E-01  6.5484E-02 -8.5321E-02 -3.6537E-01
  1.4437E-01  6.8652E-02 -8.5955E-02 -3.6747E-01
  1.4526E-01  7.1831E-02 -8.6594E-02 -3.6958E-01
  1.4615E-01  7.5020E-02 -8.7239E-02 -3.7170E-01
  1.4704E-01  7.8219E-02 -8.7890E-02 -3.7383E-01
  1.4794E-01  8.1427E-02 -8.8547E-02 -3.7597E-01
  1.4885E-01  8.4644E-02 -8.9210E-02 -3.7812E-01
  1.4976E-01  8.7870E-02 -8.9879E-02 -3.8028E-01
  1.5068E-01  9.1103E-02 -9.0554E-02 -3.8245E-01
  1.5160E-01  9.4344E-02 -9.1236E-02 -3.8463E-01
  1.5253E-01  9.7591E-02 -9.1924E-02 -3.8682E-01
  1.5347E-01  1.0084E-01 -9.2618E-02 -3.8903E-01
  1.5441E-01  1.0410E-01 -9.3320E-02 -3.9124E-01
  1.5536E-01  1.0737E-01 -9.4027E-02 -3.9346E-01
  1.5631E-01  1.1064E-01 -9.4741E-02 -3.9569E-01
  1.5727E-01  1.1391E-01 -9.5463E-02 -3.9794E-01
  1.5823E-01  1.1719E-01 -9.6190E-02 -4.0019E-01
  1.5920E-01  1.2047E-01 -9.6925E-02 -4.0246E-01
  1.6018E-01  1.2375E-01 -9.7667E-02 -4.0473E-01
  1.6116E-01  1.2703E-01 -9.8416E-02 -4.0702E-01
  1.6215E-01  1.3032E-01 -9.9172E-02 -4.0931E-01
  1.6314E-01  1.3360E-01 -9.9936E-02 -4.1162E-01
  1.6414E-01  1.3689E-01 -1.0071E-01 -4.1394E-01
  1.6515E-01  1.4017E-01 -1.0148E-01 -4.1626E-01
  1.6616E-01  1.4345E-01 -1.0227E-01 -4.1860E-01
  1.6718E-01  1.4673E-01 -1.0306E-01 -4.2095E-01
  1.6820E-01  1.5001E-01 -1.0386E-01 -4.2331E-01
  1.6923E-01  1.5328E-01 -1.0467E-01 -4.2568E-01
  1.7027E-01  1.5655E-01 -1.0549E-01 -4.2805E-01
  1.7131E-01  1.5981E-01 -1.0631E-01 -4.3044E-01
  1.7236E-01  1.6307E-01 -1.0715E-01 -4.3284E-01
  1.7342E-01  1.6632E-01 -1.0799E-01 -4.3525E-01
  1.7448E-01  1.6956E-01 -1.0884E-01 -4.3767E-01
  1.7555E-01  1.7279E-01 -1.0970E-01 -4.4011E-01
  1.7663E-01  1.7602E-01 -1.1056E-01 -4.4255E-01
  1.7771E-01  1.7923E-01 -1.1144E-01 -4.4500E-01
  1.7880E-01  1.8243E-01 -1.1232E-01 -4.4746E-01
  1.7989E-01  1.8563E-01 -1.1321E-01 -4.4993E-01
  1.8099E-01  1.8880E-01 -1.1411E-01 -4.5241E-01
  1.8210E-01  1.9197E-01 -1.1502E-01 -4.5491E-01
  1.8322E-01  1.9512E-01 -1.1594E-01 -4.5741E-01
  1.8434E-01  1.9825E-01 -1.1687E-01 -4.5992E-01
  1.8547E-01  2.0137E-01 -1.1781E-01 -4.6244E-01
  1.8661E-01  2.0448E-01 -1.1876E-01 -4.6498E-01
  1.8775E-01  2.0756E-01 -1.1971E-01 -4.6752E-01
  1.8890E-01  2.1062E-01 -1.2068E-01 -4.7007E-01
  1.9006E-01  2.1367E-01 -1.2166E-01 -4.7264E-01
  1.9122E-01  2.1669E-01 -1.2264E-01 -4.7521E-01
  1.9240E-01  2.1969E-01 -1.2364E-01 -4.7779E-01
  1.9357E-01  2.2267E-01 -1.2464E-01 -4.8038E-01
  1.9476E-01  2.2563E-01 -1.2566E-01 -4.8299E-01
  1.9595E-01  2.2856E-01 -1.2669E-01 -4.8560E-01
  1.9715E-01  2.3146E-01 -1.2773E-01 -4.8822E-01
  1.9836E-01  2.3434E-01 -1.2877E-01 -4.9085E-01
  1.9958E-01  2.3718E-01 -1.2983E-01 -4.9349E-01
  2.0080E-01  2.4000E-01 -1.3090E-01 -4.9614E-01
  2.0203E-01  2.4279E-01 -1.3199E-01 -4.9880E-01
  2.0327E-01  2.4555E-01 -1.3308E-01 -5.0147E-01
  2.0451E-01  2.4827E-01 -1.3418E-01 -5.0415E-01
  2.0577E-01  2.5096E-01 -1.3530E-01 -5.0684E-01
  2.0703E-01  2.5361E-01 -1.3642E-01 -5.0954E-01
  2.0829E-01  2.5623E-01 -1.3756E-01 -5.1224E-01
  2.0957E-01  2.5881E-01 -1.3871E-01 -5.1496E-01
  2.1085E-01  2.6136E-01 -1.3988E-01 -5.1768E-01
  2.1215E-01  2.6386E-01 -1.4105E-01 -5.2042E-01
  2.1345E-01  2.6632E-01 -1.4224E-01 -5.2316E-01
  2.1475E-01  2.6874E-01 -1.4344E-01 -5.2591E-01
  2.1607E-01  2.7112E-01 -1.4465E-01 -5.2867E-01
  2.1739E-01  2.7345E-01 -1.4588E-01 -5.3144E-01
  2.1872E-01  2.7573E-01 -1.4711E-01 -5.3421E-01
  2.2006E-01  2.7797E-01 -1.4837E-01 -5.3700E-01
  2.2141E-01  2.8016E-01 -1.4963E-01 -5.3979E-01
  2.2277E-01  2.8230E-01 -1.5091E-01 -5.4259E-01
  2.2413E-01  2.8438E-01 -1.5220E-01 -5.4540E-01
  2.2550E-01  2.8642E-01 -1.5351E-01 -5.4822E-01
  2.2689E-01  2.8840E-01 -1.5483E-01 -5.5105E-01
  2.2827E-01  2.9033E-01 -1.5616E-01 -5.5388E-01
  2.2967E-01  2.9220E-01 -1.5751E-01 -5.5672E-01
  2.3108E-01  2.9401E-01 -1.5887E-01 -5.5957E-01
  2.3249E-01  2.9576E-01 -1.6024E-01 -5.6242E-01
  2.3392E-01  2.9745E-01 -1.6164E-01 -5.6528E-01
  2.3535E-01  2.9908E-01 -1.6304E-01 -5.6815E-01
  2.3679E-01  3.0064E-01 -1.6446E-01 -5.7103E-01
  2.3824E-01  3.0214E-01 -1.6590E-01 -5.7391E-01
  2.3970E-01  3.0358E-01 -1.6735E-01 -5.7680E-01
  2.4117E-01  3.0494E-01 -1.6882E-01 -5.7970E-01
  2.4265E-01  3.0624E-01 -1.7030E-01 -5.8260E-01
  2.4413E-01  3.0747E-01 -1.7180E-01 -5.8551E-01
  2.4563E-01  3.0862E-01 -1.7332E-01 -5.8842E-01
  2.4713E-01  3.0970E-01 -1.7485E-01 -5.9134E-01
  2.4865E-01  3.1070E-01 -1.7640E-01 -5.9427E-01
  2.5017E-01  3.1163E-01 -1.7797E-01 -5.9720E-01
  2.5170E-01  3.1248E-01 -1.7955E-01 -6.0014E-01
  2.5324E-01  3.1325E-01 -1.8115E-01 -6.0308E-01
  2.5479E-01  3.1393E-01 -1.8277E-01 -6.0602E-01
  2.5635E-01  3.1454E-01 -1.8440E-01 -6.0898E-01
  2.5792E-01  3.1506E-01 -1.8605E-01 -6.1193E-01
  2.5950E-01  3.1549E-01 -1.8772E-01 -6.1489E-01
  2.6109E-01  3.1584E-01 -1.8941E-01 -6.1785E-01
  2.6269E-01  3.1610E-01 -1.9112E-01 -6.2082E-01
  2.6430E-01  3.1626E-01 -1.9284E-01 -6.2379E-01
  2.6592E-01  3.1634E-01 -1.9459E-01 -6.2677E-01
  2.6754E-01  3.1632E-01 -1.9635E-01 -6.2974E-01
  2.6918E-01  3.1621E-01 -1.9813E-01 -6.3272E-01
  2.7083E-01  3.1600E-01 -1.9993E-01 -6.3571E-01
  2.7249E-01  3.1569E-01 -2.0175E-01 -6.3869E-01
  2.7416E-01  3.1528E-01 -2.0359E-01 -6.4168E-01
  2.7584E-01  3.1477E-01 -2.0545E-01 -6.4467E-01
  2.7752E-01  3.1416E-01 -2.0733E-01 -6.4766E-01
  2.7922E-01  3.1344E-01 -2.0924E-01 -6.5065E-01
  2.8093E-01  3.1261E-01 -2.1116E-01 -6.5364E-01
  2.8265E-01  3.1168E-01 -2.1310E-01 -6.5663E-01
  2.8438E-01  3.1064E-01 -2.1506E-01 -6.5962E-01
  2.8613E-01  3.0949E-01 -2.1705E-01 -6.6262E-01
  2.8788E-01  3.0823E-01 -2.1905E-01 -6.6561E-01
  2.8964E-01  3.0685E-01 -2.2108E-01 -6.6860E-01
  2.9141E-01  3.0536E-01 -2.2313E-01 -6.7159E-01
  2.9320E-01  3.0375E-01 -2.2520E-01 -6.7458E-01
  2.9499E-01  3.0202E-01 -2.2730E-01 -6.7757E-01
  2.9680E-01  3.0017E-01 -2.2941E-01 -6.8055E-01
  2.9862E-01  2.9820E-01 -2.3155E-01 -6.8354E-01
  3.0044E-01  2.9611E-01 -2.3371E-01 -6.8652E-01
  3.0228E-01  2.9389E-01 -2.3590E-01 -6.8949E-01
  3.0413E-01  2.9155E-01 -2.3811E-01 -6.9247E-01
  3.0600E-01  2.8908E-01 -2.4034E-01 -6.9544E-01
  3.0787E-01  2.8648E-01 -2.4260E-01 -6.9840E-01
  3.0975E-01  2.8375E-01 -2.4488E-01 -7.0136E-01
  3.1165E-01  2.8089E-01 -2.4718E-01 -7.0431E-01
  3.1356E-01  2.7789E-01 -2.4951E-01 -7.0726E-01
  3.1548E-01  2.7476E-01 -2.5186E-01 -7.1020E-01
  3.1741E-01  2.7150E-01 -2.5424E-01 -7.1314E-01
  3.1935E-01  2.6810E-01 -2.5664E-01 -7.1607E-01
  3.2131E-01  2.6455E-01 -2.5907E-01 -7.1899E-01
  3.2327E-01  2.6087E-01 -2.6152E-01 -7.2190E-01
  3.2525E-01  2.5705E-01 -2.6400E-01 -7.2480E-01
  3.2724E-01  2.5308E-01 -2.6651E-01 -7.2770E-01
  3.2925E-01  2.4897E-01 -2.6904E-01 -7.3058E-01
  3.3126E-01  2.4472E-01 -2.7160E-01 -7.3345E-01
  3.3329E-01  2.4032E-01 -2.7418E-01 -7.3632E-01
  3.3533E-01  2.3577E-01 -2.7679E-01 -7.3917E-01
  3.3738E-01  2.3107E-01 -2.7943E-01 -7.4201E-01
  3.3945E-01  2.2622E-01 -2.8209E-01 -7.4483E-01
  3.4152E-01  2.2122E-01 -2.8478E-01 -7.4765E-01
  3.4362E-01  2.1607E-01 -2.8750E-01 -7.5045E-01
  3.4572E-01  2.1076E-01 -2.9025E-01 -7.5323E-01
  3.4783E-01  2.0530E-01 -2.9302E-01 -7.5600E-01
  3.4996E-01  1.9969E-01 -2.9582E-01 -7.5876E-01
  3.5211E-01  1.9392E-01 -2.9865E-01 -7.6149E-01
  3.5426E-01  1.8799E-01 -3.0150E-01 -7.6421E-01
  3.5643E-01  1.8190E-01 -3.0439E-01 -7.6692E-01
  3.5861E-01  1.7565E-01 -3.0730E-01 -7.6960E-01
  3.6081E-01  1.6925E-01 -3.1024E-01 -7.7226E-01
  3.6301E-01  1.6268E-01 -3.1321E-01 -7.7491E-01
  3.6524E-01  1.5595E-01 -3.1621E-01 -7.7753E-01
  3.6747E-01  1.4906E-01 -3.1924E-01 -7.8013E-01
  3.6972E-01  1.4200E-01 -3.2229E-01 -7.8271E-01
  3.7198E-01  1.3478E-01 -3.2538E-01 -7.8527E-01
  3.7426E-01  1.2740E-01 -3.2849E-01 -7.8780E-01
  3.7655E-01  1.1985E-01 -3.3163E-01 -7.9031E-01
  3.7886E-01  1.1214E-01 -3.3481E-01 -7.9279E-01
  3.8117E-01  1.0426E-01 -3.3801E-01 -7.9524E-01
  3.8351E-01  9.6216E-02 -3.4124E-01 -7.9767E-01
  3.8585E-01  8.8004E-02 -3.4450E-01 -8.0006E-01
  3.8822E-01  7.9626E-02 -3.4779E-01 -8.0243E-01
  3.9059E-01  7.1081E-02 -3.5110E-01 -8.0477E-01
  3.9298E-01  6.2368E-02 -3.5445E-01 -8.0708E-01
  3.9539E-01  5.3488E-02 -3.5783E-01 -8.0935E-01
  3.9781E-01  4.4441E-02 -3.6123E-01 -8.1159E-01
  4.0024E-01  3.5226E-02 -3.6466E-01 -8.1379E-01
  4.0269E-01  2.5844E-02 -3.6813E-01 -8.1596E-01
  4.0516E-01  1.6295E-02 -3.7162E-01 -8.1810E-01
  4.0764E-01  6.5795E-03 -3.7514E-01 -8.2019E-01
  4.1013E-01 -3.3031E-03 -3.7869E-01 -8.2225E-01
  4.1264E-01 -1.3352E-02 -3.8227E-01 -8.2426E-01
  4.1517E-01 -2.3567E-02 -3.8587E-01 -8.2624E-01
  4.1771E-01 -3.3947E-02 -3.8951E-01 -8.2817E-01
  4.2026E-01 -4.4492E-02 -3.9317E-01 -8.3006E-01
  4.2283E-01 -5.5202E-02 -3.9686E-01 -8.3190E-01
  4.2542E-01 -6.6075E-02 -4.0058E-01 -8.3370E-01
  4.2803E-01 -7.7110E-02 -4.0432E-01 -8.3545E-01
  4.3064E-01 -8.8307E-02 -4.0810E-01 -8.3715E-01
  4.3328E-01 -9.9666E-02 -4.1189E-01 -8.3880E-01
  4.3593E-01 -1.1118E-01 -4.1572E-01 -8.4040E-01
  4.3860E-01 -1.2286E-01 -4.1957E-01 -8.4195E-01
  4.4128E-01 -1.3469E-01 -4.2345E-01 -8.4344E-01
  4.4398E-01 -1.4668E-01 -4.2735E-01 -8.4488E-01
  4.4670E-01 -1.5883E-01 -4.3127E-01 -8.4626E-01
  4.4943E-01 -1.7113E-01 -4.3522E-01 -8.4758E-01
  4.5218E-01 -1.8358E-01 -4.3920E-01 -8.4884E-01
  4.5495E-01 -1.9618E-01 -4.4320E-01 -8.5004E-01
  4.5774E-01 -2.0892E-01 -4.4722E-01 -8.5117E-01
  4.6054E-01 -2.2182E-01 -4.5126E-01 -8.5224E-01
  4.6335E-01 -2.3485E-01 -4.5532E-01 -8.5325E-01
  4.6619E-01 -2.4803E-01 -4.5941E-01 -8.5418E-01
  4.6904E-01 -2.6135E-01 -4.6351E-01 -8.5505E-01
  4.7191E-01 -2.7481E-01 -4.6764E-01 -8.5584E-01
  4.7480E-01 -2.8840E-01 -4.7178E-01 -8.5656E-01
  4.7771E-01 -3.0212E-01 -4.7594E-01 -8.5721E-01
  4.8063E-01 -3.1598E-01 -4.8012E-01 -8.5778E-01
  4.8357E-01 -3.2995E-01 -4.8431E-01 -8.5826E-01
  4.8653E-01 -3.4406E-01 -4.8852E-01 -8.5867E-01
  4.8951E-01 -3.5828E-01 -4.9274E-01 -8.5900E-01
  4.9250E-01 -3.7262E-01 -4.9697E-01 -8.5924E-01
  4.9551E-01 -3.8708E-01 -5.0122E-01 -8.5940E-01
  4.9855E-01 -4.0165E-01 -5.0547E-01 -8.5946E-01
  5.0160E-01 -4.1632E-01 -5.0974E-01 -8.5944E-01
  5.0467E-01 -4.3109E-01 -5.1401E-01 -8.5932E-01
  5.0775E-01 -4.4597E-01 -5.1829E-01 -8.5911E-01
  5.1086E-01 -4.6094E-01 -5.2258E-01 -8.5880E-01
  5.1399E-01 -4.7600E-01 -5.2687E-01 -8.5840E-01
  5.1713E-01 -4.9115E-01 -5.3116E-01 -8.5789E-01
  5.2029E-01 -5.0639E-01 -5.3545E-01 -8.5728E-01
  5.2348E-01 -5.2170E-01 -5.3974E-01 -8.5656E-01
  5.2668E-01 -5.3708E-01 -5.4403E-01 -8.5574E-01
  5.2990E-01 -5.5253E-01 -5.4832E-01 -8.5481E-01
  5.3315E-01 -5.6805E-01 -5.5260E-01 -8.5376E-01
  5.3641E-01 -5.8362E-01 -5.5687E-01 -8.5260E-01
  5.3969E-01 -5.9924E-01 -5.6113E-01 -8.5132E-01
  5.4299E-01 -6.1492E-01 -5.6538E-01 -8.4993E-01
  5.4631E-01 -6.3063E-01 -5.6961E-01 -8.4841E-01
  5.4966E-01 -6.4638E-01 -5.7383E-01 -8.4677E-01
  5.5302E-01 -6.6216E-01 -5.7802E-01 -8.4500E-01
  5.5640E-01 -6.7796E-01 -5.8220E-01 -8.4311E-01
  5.5981E-01 -6.9378E-01 -5.8635E-01 -8.4108E-01
  5.6323E-01 -7.0961E-01 -5.9048E-01 -8.3892E-01
  5.6668E-01 -7.2544E-01 -5.9458E-01 -8.3662E-01
  5.7015E-01 -7.4127E-01 -5.9864E-01 -8.3418E-01
  5.7363E-01 -7.5709E-01 -6.0267E-01 -8.3161E-01
  5.7714E-01 -7.7290E-01 -6.0667E-01 -8.2888E-01
  5.8067E-01 -7.8867E-01 -6.1062E-01 -8.2602E-01
  5.8423E-01 -8.0442E-01 -6.1453E-01 -8.2300E-01
  5.8780E-01 -8.2012E-01 -6.1839E-01 -8.1983E-01
  5.9140E-01 -8.3578E-01 -6.2219E-01 -8.1650E-01
  5.9502E-01 -8.5138E-01 -6.2595E-01 -8.1302E-01
  5.9866E-01 -8.6691E-01 -6.2965E-01 -8.0938E-01
  6.0232E-01 -8.8237E-01 -6.3328E-01 -8.0558E-01
  6.0600E-01 -8.9775E-01 -6.3685E-01 -8.0162E-01
  6.0971E-01 -9.1304E-01 -6.4035E-01 -7.9748E-01
  6.1344E-01 -9.2823E-01 -6.4378E-01 -7.9318E-01
  6.1719E-01 -9.4330E-01 -6.4712E-01 -7.8870E-01
  6.2097E-01 -9.5826E-01 -6.5039E-01 -7.8405E-01
  6.2477E-01 -9.7309E-01 -6.5357E-01 -7.7922E-01
  6.2859E-01 -9.8778E-01 -6.5665E-01 -7.7421E-01
  6.3244E-01 -1.0023E+00 -6.5964E-01 -7.6902E-01
  6.3631E-01 -1.0167E+00 -6.6253E-01 -7.6364E-01
  6.4020E-01 -1.0309E+00 -6.6531E-01 -7.5808E-01
  6.4411E-01 -1.0449E+00 -6.6797E-01 -7.5232E-01
  6.4806E-01 -1.0588E+00 -6.7052E-01 -7.4638E-01
  6.5202E-01 -1.0724E+00 -6.7295E-01 -7.4024E-01
  6.5601E-01 -1.0858E+00 -6.7525E-01 -7.3390E-01
  6.6002E-01 -1.0990E+00 -6.7741E-01 -7.2736E-01
  6.6406E-01 -1.1120E+00 -6.7943E-01 -7.2062E-01
  6.6812E-01 -1.1247E+00 -6.8130E-01 -7.1368E-01
  6.7221E-01 -1.1371E+00 -6.8302E-01 -7.0654E-01
  6.7632E-01 -1.1493E+00 -6.8457E-01 -6.9918E-01
  6.8046E-01 -1.1612E+00 -6.8596E-01 -6.9162E-01
  6.8462E-01 -1.1728E+00 -6.8718E-01 -6.8384E-01
  6.8881E-01 -1.1840E+00 -6.8821E-01 -6.7586E-01
  6.9302E-01 -1.1950E+00 -6.8905E-01 -6.6766E-01
  6.9726E-01 -1.2056E+00 -6.8969E-01 -6.5924E-01
  7.0153E-01 -1.2158E+00 -6.9013E-01 -6.5061E-01
  7.0582E-01 -1.2257E+00 -6.9036E-01 -6.4175E-01
  7.1014E-01 -1.2352E+00 -6.9036E-01 -6.3268E-01
  7.1448E-01 -1.2443E+00 -6.9014E-01 -6.2339E-01
  7.1885E-01 -1.2530E+00 -6.8967E-01 -6.1388E-01
  7.2325E-01 -1.2612E+00 -6.8896E-01 -6.0414E-01
  7.2767E-01 -1.2691E+00 -6.8799E-01 -5.9419E-01
  7.3212E-01 -1.2764E+00 -6.8675E-01 -5.8401E-01
  7.3660E-01 -1.2833E+00 -6.8524E-01 -5.7360E-01
  7.4111E-01 -1.2897E+00 -6.8344E-01 -5.6298E-01
  7.4564E-01 -1.2956E+00 -6.8134E-01 -5.5213E-01
  7.5020E-01 -1.3010E+00 -6.7894E-01 -5.4106E-01
  7.5479E-01 -1.3059E+00 -6.7622E-01 -5.2976E-01
  7.5941E-01 -1.3102E+00 -6.7318E-01 -5.1825E-01
  7.6406E-01 -1.3139E+00 -6.6979E-01 -5.0651E-01
  7.6873E-01 -1.3171E+00 -6.6605E-01 -4.9456E-01
  7.7343E-01 -1.3196E+00 -6.6195E-01 -4.8239E-01
  7.7816E-01 -1.3215E+00 -6.5748E-01 -4.7000E-01
  7.8292E-01 -1.3228E+00 -6.5262E-01 -4.5741E-01
  7.8771E-01 -1.3235E+00 -6.4736E-01 -4.4460E-01
  7.9253E-01 -1.3234E+00 -6.4169E-01 -4.3158E-01
  7.9738E-01 -1.3227E+00 -6.3559E-01 -4.1835E-01
  8.0226E-01 -1.3213E+00 -6.2906E-01 -4.0493E-01
  8.0716E-01 -1.3191E+00 -6.2208E-01 -3.9130E-01
  8.1210E-01 -1.3162E+00 -6.1463E-01 -3.7748E-01
  8.1707E-01 -1.3126E+00 -6.0670E-01 -3.6347E-01
  8.2207E-01 -1.3082E+00 -5.9828E-01 -3.4927E-01
  8.2709E-01 -1.3029E+00 -5.8935E-01 -3.3489E-01
  8.3215E-01 -1.2969E+00 -5.7989E-01 -3.2033E-01
  8.3724E-01 -1.2900E+00 -5.6990E-01 -3.0561E-01
  8.4236E-01 -1.2823E+00 -5.5936E-01 -2.9071E-01
  8.4752E-01 -1.2737E+00 -5.4824E-01 -2.7566E-01
  8.5270E-01 -1.2642E+00 -5.3654E-01 -2.6046E-01
  8.5792E-01 -1.2537E+00 -5.2424E-01 -2.4511E-01
  8.6316E-01 -1.2424E+00 -5.1132E-01 -2.2963E-01
  8.6844E-01 -1.2301E+00 -4.9776E-01 -2.1401E-01
  8.7376E-01 -1.2168E+00 -4.8355E-01 -1.9827E-01
  8.7910E-01 -1.2026E+00 -4.6867E-01 -1.8242E-01
  8.8448E-01 -1.1873E+00 -4.5310E-01 -1.6647E-01
  8.8989E-01 -1.1710E+00 -4.3683E-01 -1.5042E-01
  8.9533E-01 -1.1537E+00 -4.1983E-01 -1.3429E-01
  9.0081E-01 -1.1352E+00 -4.0209E-01 -1.1808E-01
  9.0632E-01 -1.1157E+00 -3.8359E-01 -1.0181E-01
  9.1186E-01 -1.0951E+00 -3.6431E-01 -8.5486E-02
  9.1744E-01 -1.0734E+00 -3.4422E-01 -6.9122E-02
  9.2305E-01 -1.0505E+00 -3.2332E-01 -5.2728E-02
  9.2869E-01 -1.0265E+00 -3.0158E-01 -3.6317E-02
  9.3438E-01 -1.0012E+00 -2.7898E-01 -1.9903E-02
  9.4009E-01 -9.7478E-01 -2.5550E-01 -3.4969E-03
  9.4584E-01 -9.4712E-01 -2.3112E-01  1.2887E-02
  9.5163E-01 -9.1821E-01 -2.0582E-01  2.9234E-02
  9.5745E-01 -8.8804E-01 -1.7958E-01  4.5531E-02
  9.6330E-01 -8.5659E-01 -1.5238E-01  6.1764E-02
  9.6919E-01 -8.2384E-01 -1.2419E-01  7.7917E-02
  9.7512E-01 -7.8977E-01 -9.4999E-02  9.3975E-02
  9.8109E-01 -7.5436E-01 -6.4780E-02  1.0992E-01
  9.8709E-01 -7.1759E-01 -3.3513E-02  1.2575E-01
  9.9312E-01 -6.7946E-01 -1.1755E-03  1.4143E-01
  9.9920E-01 -6.3993E-01  3.2254E-02  1.5695E-01
  1.0053E+00 -5.9899E-01  6.6798E-02  1.7230E-01
  1.0115E+00 -5.5663E-01  1.0248E-01  1.8746E-01
  1.0176E+00 -5.1282E-01  1.3932E-01  2.0242E-01
  1.0239E+00 -4.6755E-01  1.7734E-01  2.1715E-01
  1.0301E+00 -4.2080E-01  2.1656E-01  2.3164E-01
  1.0364E+00 -3.7256E-01  2.5701E-01  2.4587E-01
  1.0428E+00 -3.2281E-01  2.9870E-01  2.5983E-01
  1.0491E+00 -2.7153E-01  3.4167E-01  2.7351E-01
  1.0556E+00 -2.1871E-01  3.8592E-01  2.8687E-01
  1.0620E+00 -1.6434E-01  4.3149E-01  2.9991E-01
  1.0685E+00 -1.0839E-01  4.7840E-01  3.1262E-01
  1.0751E+00 -5.0864E-02  5.2667E-01  3.2496E-01
  1.0816E+00  8.2657E-03  5.7631E-01  3.3694E-01
  1.0882E+00  6.9007E-02  6.2736E-01  3.4853E-01
  1.0949E+00  1.3137E-01  6.7983E-01  3.5973E-01
  1.1016E+00  1.9538E-01  7.3374E-01  3.7050E-01
  1.1083E+00  2.6103E-01  7.8912E-01  3.8085E-01
  1.1151E+00  3.2834E-01  8.4598E-01  3.9076E-01
  1.1219E+00  3.9732E-01  9.0434E-01  4.0021E-01
  1.1288E+00  4.6798E-01  9.6423E-01  4.0919E-01
  1.1357E+00  5.4033E-01  1.0257E+00  4.1770E-01
  1.1426E+00  6.1437E-01  1.0887E+00  4.2572E-01
  1.1496E+00  6.9012E-01  1.1532E+00  4.3324E-01
  1.1567E+00  7.6758E-01  1.2194E+00  4.4025E-01
  1.1637E+00  8.4675E-01  1.2872E+00  4.4675E-01
  1.1709E+00  9.2765E-01  1.3566E+00  4.5272E-01
  1.1780E+00  1.0103E+00  1.4277E+00  4.5817E-01
  1.1852E+00  1.0946E+00  1.5004E+00  4.6309E-01
  1.1925E+00  1.1807E+00  1.5749E+00  4.6747E-01
  1.1998E+00  1.2685E+00  1.6510E+00  4.7132E-01
  1.2071E+00  1.3580E+00  1.7288E+00  4.7462E-01
  1.2145E+00  1.4493E+00  1.8083E+00  4.7739E-01
  1.2219E+00  1.5423E+00  1.8895E+00  4.7963E-01
  1.2294E+00  1.6370E+00  1.9725E+00  4.8132E-01
  1.2369E+00  1.7334E+00  2.0572E+00  4.8250E-01
  1.2445E+00  1.8316E+00  2.1437E+00  4.8314E-01
  1.2521E+00  1.9314E+00  2.2320E+00  4.8327E-01
  1.2597E+00  2.0329E+00  2.3220E+00  4.8290E-01
  1.2674E+00  2.1362E+00  2.4137E+00  4.8202E-01
  1.2752E+00  2.2411E+00  2.5073E+00  4.8066E-01
  1.2830E+00  2.3476E+00  2.6026E+00  4.7883E-01
  1.2908E+00  2.4558E+00  2.6996E+00  4.7653E-01
  1.2987E+00  2.5656E+00  2.7985E+00  4.7379E-01
  1.3067E+00  2.6771E+00  2.8991E+00  4.7061E-01
  1.3147E+00  2.7901E+00  3.0014E+00  4.6702E-01
  1.3227E+00  2.9048E+00  3.1056E+00  4.6304E-01
  1.3308E+00  3.0209E+00  3.2114E+00  4.5867E-01
  1.3389E+00  3.1386E+00  3.3190E+00  4.5395E-01
  1.3471E+00  3.2578E+00  3.4283E+00  4.4888E-01
  1.3554E+00  3.3785E+00  3.5393E+00  4.4349E-01
  1.3636E+00  3.5006E+00  3.6519E+00  4.3780E-01
  1.3720E+00  3.6242E+00  3.7663E+00  4.3183E-01
  1.3804E+00  3.7491E+00  3.8822E+00  4.2560E-01
  1.3888E+00  3.8754E+00  3.9998E+00  4.1911E-01
  1.3973E+00  4.0031E+00  4.1190E+00  4.1240E-01
  1.4059E+00  4.1319E+00  4.2397E+00  4.0548E-01
  1.4145E+00  4.2621E+00  4.3620E+00  3.9835E-01
  1.4231E+00  4.3934E+00  4.4858E+00  3.9104E-01
  1.4318E+00  4.5259E+00  4.6110E+00  3.8356E-01
  1.4406E+00  4.6595E+00  4.7376E+00  3.7591E-01
  1.4494E+00  4.7942E+00  4.8656E+00  3.6810E-01
  1.4582E+00  4.9299E+00  4.9949E+00  3.6013E-01
  1.4672E+00  5.0665E+00  5.1256E+00  3.5200E-01
  1.4761E+00  5.2041E+00  5.2574E+00  3.4371E-01
  1.4852E+00  5.3425E+00  5.3904E+00  3.3525E-01
  1.4942E+00  5.4817E+00  5.5246E+00  3.2660E-01
  1.5034E+00  5.6216E+00  5.6597E+00  3.1776E-01
  1.5126E+00  5.7622E+00  5.7959E+00  3.0870E-01
  1.5218E+00  5.9035E+00  5.9330E+00  2.9940E-01
  1.5311E+00  6.0452E+00  6.0710E+00  2.8983E-01
  1.5405E+00  6.1874E+00  6.2097E+00  2.7995E-01
  1.5499E+00  6.3301E+00  6.3492E+00  2.6974E-01
  1.5594E+00  6.4730E+00  6.4892E+00  2.5914E-01
  1.5689E+00  6.6163E+00  6.6298E+00  2.4812E-01
  1.5785E+00  6.7596E+00  6.7709E+00  2.3664E-01
  1.5882E+00  6.9031E+00  6.9123E+00  2.2464E-01
  1.5979E+00  7.0466E+00  7.0540E+00  2.1208E-01
  1.6077E+00  7.1900E+00  7.1958E+00  1.9891E-01
  1.6175E+00  7.3332E+00  7.3377E+00  1.8509E-01
  1.6274E+00  7.4762E+00  7.4796E+00  1.7058E-01
  1.6373E+00  7.6189E+00  7.6213E+00  1.5534E-01
  1.6473E+00  7.7611E+00  7.7628E+00  1.3936E-01
  1.6574E+00  7.9028E+00  7.9039E+00  1.2263E-01
  1.6675E+00  8.0438E+00  8.0445E+00  1.0513E-01
  1.6777E+00  8.1841E+00  8.1845E+00  8.6912E-02
  1.6880E+00  8.3236E+00  8.3238E+00  6.8292E-02
  1.6983E+00  8.4621E+00  8.4622E+00  5.1163E-02
  1.7087E+00  8.5995E+00  8.5996E+00  3.4161E-02
  1.7192E+00  8.7359E+00  8.7359E+00  1.7011E-02
  1.7297E+00  8.8709E+00  8.8709E+00  0.0000E+00
  1.7403E+00  9.0045E+00  9.0045E+00  0.0000E+00
  1.7509E+00  9.1367E+00  9.1367E+00  0.0000E+00
  1.7616E+00  9.2672E+00  9.2672E+00  0.0000E+00
  1.7724E+00  9.3960E+00  9.3960E+00  0.0000E+00
  1.7832E+00  9.5229E+00  9.5229E+00  0.0000E+00
  1.7941E+00  9.6479E+00  9.6479E+00  0.0000E+00
  1.8051E+00  9.7707E+00  9.7707E+00  0.0000E+00
  1.8161E+00  9.8913E+00  9.8913E+00  0.0000E+00
  1.8272E+00  1.0010E+01  1.0010E+01  0.0000E+00
  1.8384E+00  1.0125E+01  1.0125E+01  0.0000E+00
  1.8497E+00  1.0238E+01  1.0238E+01  0.0000E+00
  1.8610E+00  1.0349E+01  1.0349E+01  0.0000E+00
  1.8723E+00  1.0456E+01  1.0456E+01  0.0000E+00
  1.8838E+00  1.0561E+01  1.0561E+01  0.0000E+00
  1.8953E+00  1.0662E+01  1.0662E+01  0.0000E+00
  1.9069E+00  1.0760E+01  1.0760E+01  0.0000E+00
  1.9186E+00  1.0855E+01  1.0855E+01  0.0000E+00
  1.9303E+00  1.0946E+01  1.0946E+01  0.0000E+00
  1.9421E+00  1.1033E+01  1.1033E+01  0.0000E+00
  1.9540E+00  1.1117E+01  1.1117E+01  0.0000E+00
  1.9659E+00  1.1196E+01  1.1196E+01  0.0000E+00
  1.9779E+00  1.1272E+01  1.1272E+01  0.0000E+00
  1.9900E+00  1.1343E+01  1.1343E+01  0.0000E+00
  2.0022E+00  1.1410E+01  1.1410E+01  0.0000E+00
  2.0145E+00  1.1472E+01  1.1472E+01  0.0000E+00
  2.0268E+00  1.1529E+01  1.1529E+01  0.0000E+00
  2.0392E+00  1.1582E+01  1.1582E+01  0.0000E+00
  2.0516E+00  1.1630E+01  1.1630E+01  0.0000E+00
  2.0642E+00  1.1673E+01  1.1673E+01  0.0000E+00
  2.0768E+00  1.1710E+01  1.1710E+01  0.0000E+00
  2.0895E+00  1.1743E+01  1.1743E+01  0.0000E+00
  2.1023E+00  1.1770E+01  1.1770E+01  0.0000E+00
  2.1151E+00  1.1791E+01  1.1791E+01  0.0000E+00
  2.1281E+00  1.1806E+01  1.1806E+01  0.0000E+00
  2.1411E+00  1.1816E+01  1.1816E+01  0.0000E+00
  2.1542E+00  1.1820E+01  1.1820E+01  0.0000E+00
  2.1673E+00  1.1818E+01  1.1818E+01  0.0000E+00
  2.1806E+00  1.1809E+01  1.1809E+01  0.0000E+00
  2.1939E+00  1.1794E+01  1.1794E+01  0.0000E+00
  2.2073E+00  1.1773E+01  1.1773E+01  0.0000E+00
  2.2208E+00  1.1746E+01  1.1746E+01  0.0000E+00
  2.2344E+00  1.1712E+01  1.1712E+01  0.0000E+00
  2.2481E+00  1.1671E+01  1.1671E+01  0.0000E+00
  2.2618E+00  1.1623E+01  1.1623E+01  0.0000E+00
  2.2757E+00  1.1569E+01  1.1569E+01  0.0000E+00
  2.2896E+00  1.1508E+01  1.1508E+01  0.0000E+00
  2.3036E+00  1.1439E+01  1.1439E+01  0.0000E+00
  2.3177E+00  1.1364E+01  1.1364E+01  0.0000E+00
  2.3318E+00  1.1282E+01  1.1282E+01  0.0000E+00
  2.3461E+00  1.1192E+01  1.1192E+01  0.0000E+00
  2.3604E+00  1.1095E+01  1.1095E+01  0.0000E+00
  2.3749E+00  1.0991E+01  1.0991E+01  0.0000E+00
  2.3894E+00  1.0880E+01  1.0880E+01  0.0000E+00
  2.4040E+00  1.0762E+01  1.0762E+01  0.0000E+00
  2.4187E+00  1.0636E+01  1.0636E+01  0.0000E+00
  2.4335E+00  1.0503E+01  1.0503E+01  0.0000E+00
  2.4484E+00  1.0363E+01  1.0363E+01  0.0000E+00
  2.4634E+00  1.0216E+01  1.0216E+01  0.0000E+00
  2.4784E+00  1.0061E+01  1.0061E+01  0.0000E+00
  2.4936E+00  9.8994E+00  9.8994E+00  0.0000E+00
  2.5088E+00  9.7305E+00  9.7305E+00  0.0000E+00
  2.5242E+00  9.5545E+00  9.5545E+00  0.0000E+00
  2.5396E+00  9.3716E+00  9.3716E+00  0.0000E+00
  2.5551E+00  9.1817E+00  9.1817E+00  0.0000E+00
