 # l=           0 energy=  -5.00000000000000     
  0.0000E+00  0.0000E+00  0.0000E+00  0.0000E+00
  2.4843E-06  1.3715E-06  1.5117E-05  1.6904E-05
  4.9838E-06  2.7513E-06  3.0203E-05  3.3768E-05
  7.4986E-06  4.1396E-06  4.5337E-05  5.0675E-05
  1.0029E-05  5.5364E-06  6.0538E-05  6.7641E-05
  1.2574E-05  6.9417E-06  7.5444E-05  8.4264E-05
  1.5136E-05  8.3557E-06  9.0688E-05  1.0128E-04
  1.7712E-05  9.7782E-06  1.0604E-04  1.1841E-04
  2.0305E-05  1.1209E-05  1.2146E-04  1.3562E-04
  2.2913E-05  1.2649E-05  1.3696E-04  1.5292E-04
  2.5538E-05  1.4098E-05  1.5255E-04  1.7032E-04
  2.8178E-05  1.5556E-05  1.6822E-04  1.8780E-04
  3.0835E-05  1.7023E-05  1.8397E-04  2.0539E-04
  3.3508E-05  1.8498E-05  1.9981E-04  2.2307E-04
  3.6197E-05  1.9983E-05  2.1574E-04  2.4085E-04
  3.8902E-05  2.1476E-05  2.3176E-04  2.5873E-04
  4.1625E-05  2.2979E-05  2.4787E-04  2.7671E-04
  4.4363E-05  2.4491E-05  2.6407E-04  2.9479E-04
  4.7119E-05  2.6012E-05  2.8035E-04  3.1297E-04
  4.9891E-05  2.7543E-05  2.9674E-04  3.3126E-04
  5.2681E-05  2.9083E-05  3.1321E-04  3.4965E-04
  5.5487E-05  3.0632E-05  3.2978E-04  3.6814E-04
  5.8310E-05  3.2191E-05  3.4645E-04  3.8674E-04
  6.1151E-05  3.3759E-05  3.6321E-04  4.0545E-04
  6.4009E-05  3.5337E-05  3.8006E-04  4.2426E-04
  6.6885E-05  3.6924E-05  3.9701E-04  4.4319E-04
  6.9778E-05  3.8522E-05  4.1407E-04  4.6222E-04
  7.2689E-05  4.0129E-05  4.3121E-04  4.8136E-04
  7.5618E-05  4.1745E-05  4.4846E-04  5.0061E-04
  7.8565E-05  4.3372E-05  4.6581E-04  5.1998E-04
  8.1529E-05  4.5009E-05  4.8326E-04  5.3945E-04
  8.4512E-05  4.6655E-05  5.0081E-04  5.5904E-04
  8.7513E-05  4.8312E-05  5.1846E-04  5.7874E-04
  9.0532E-05  4.9979E-05  5.3622E-04  5.9856E-04
  9.3570E-05  5.1656E-05  5.5407E-04  6.1849E-04
  9.6626E-05  5.3343E-05  5.7203E-04  6.3854E-04
  9.9701E-05  5.5041E-05  5.9010E-04  6.5871E-04
  1.0280E-04  5.6749E-05  6.0827E-04  6.7899E-04
  1.0591E-04  5.8467E-05  6.2655E-04  6.9939E-04
  1.0904E-04  6.0196E-05  6.4493E-04  7.1991E-04
  1.1219E-04  6.1936E-05  6.6343E-04  7.4055E-04
  1.1536E-04  6.3686E-05  6.8203E-04  7.6131E-04
  1.1855E-04  6.5447E-05  7.0074E-04  7.8219E-04
  1.2176E-04  6.7218E-05  7.1955E-04  8.0320E-04
  1.2499E-04  6.9001E-05  7.3848E-04  8.2432E-04
  1.2824E-04  7.0794E-05  7.5752E-04  8.4558E-04
  1.3151E-04  7.2598E-05  7.7667E-04  8.6695E-04
  1.3479E-04  7.4414E-05  7.9594E-04  8.8845E-04
  1.3810E-04  7.6240E-05  8.1531E-04  9.1008E-04
  1.4143E-04  7.8078E-05  8.3480E-04  9.3183E-04
  1.4478E-04  7.9926E-05  8.5441E-04  9.5371E-04
  1.4815E-04  8.1787E-05  8.7413E-04  9.7572E-04
  1.5154E-04  8.3658E-05  8.9396E-04  9.9786E-04
  1.5495E-04  8.5541E-05  9.1391E-04  1.0201E-03
  1.5838E-04  8.7436E-05  9.3398E-04  1.0425E-03
  1.6183E-04  8.9342E-05  9.5417E-04  1.0651E-03
  1.6531E-04  9.1259E-05  9.7448E-04  1.0877E-03
  1.6880E-04  9.3189E-05  9.9490E-04  1.1105E-03
  1.7232E-04  9.5130E-05  1.0154E-03  1.1335E-03
  1.7586E-04  9.7083E-05  1.0361E-03  1.1565E-03
  1.7942E-04  9.9048E-05  1.0569E-03  1.1797E-03
  1.8300E-04  1.0102E-04  1.0778E-03  1.2031E-03
  1.8660E-04  1.0301E-04  1.0988E-03  1.2265E-03
  1.9023E-04  1.0502E-04  1.1200E-03  1.2502E-03
  1.9387E-04  1.0703E-04  1.1413E-03  1.2739E-03
  1.9754E-04  1.0905E-04  1.1627E-03  1.2978E-03
  2.0123E-04  1.1109E-04  1.1842E-03  1.3218E-03
  2.0495E-04  1.1314E-04  1.2059E-03  1.3460E-03
  2.0869E-04  1.1521E-04  1.2277E-03  1.3703E-03
  2.1245E-04  1.1728E-04  1.2496E-03  1.3948E-03
  2.1623E-04  1.1937E-04  1.2716E-03  1.4194E-03
  2.2004E-04  1.2147E-04  1.2938E-03  1.4441E-03
  2.2387E-04  1.2359E-04  1.3161E-03  1.4690E-03
  2.2772E-04  1.2571E-04  1.3385E-03  1.4941E-03
  2.3160E-04  1.2785E-04  1.3611E-03  1.5193E-03
  2.3550E-04  1.3001E-04  1.3838E-03  1.5446E-03
  2.3942E-04  1.3217E-04  1.4067E-03  1.5701E-03
  2.4337E-04  1.3435E-04  1.4296E-03  1.5957E-03
  2.4734E-04  1.3655E-04  1.4527E-03  1.6215E-03
  2.5134E-04  1.3875E-04  1.4760E-03  1.6475E-03
  2.5536E-04  1.4097E-04  1.4994E-03  1.6736E-03
  2.5940E-04  1.4320E-04  1.5229E-03  1.6998E-03
  2.6347E-04  1.4545E-04  1.5465E-03  1.7262E-03
  2.6757E-04  1.4771E-04  1.5703E-03  1.7528E-03
  2.7169E-04  1.4999E-04  1.5943E-03  1.7795E-03
  2.7583E-04  1.5228E-04  1.6183E-03  1.8063E-03
  2.8000E-04  1.5458E-04  1.6426E-03  1.8334E-03
  2.8420E-04  1.5689E-04  1.6669E-03  1.8606E-03
  2.8842E-04  1.5923E-04  1.6914E-03  1.8879E-03
  2.9267E-04  1.6157E-04  1.7161E-03  1.9154E-03
  2.9694E-04  1.6393E-04  1.7409E-03  1.9431E-03
  3.0124E-04  1.6630E-04  1.7658E-03  1.9709E-03
  3.0557E-04  1.6869E-04  1.7909E-03  1.9989E-03
  3.0992E-04  1.7109E-04  1.8161E-03  2.0271E-03
  3.1430E-04  1.7351E-04  1.8415E-03  2.0554E-03
  3.1871E-04  1.7594E-04  1.8670E-03  2.0839E-03
  3.2314E-04  1.7839E-04  1.8927E-03  2.1126E-03
  3.2760E-04  1.8085E-04  1.9186E-03  2.1414E-03
  3.3209E-04  1.8333E-04  1.9446E-03  2.1704E-03
  3.3660E-04  1.8582E-04  1.9707E-03  2.1996E-03
  3.4114E-04  1.8833E-04  1.9970E-03  2.2290E-03
  3.4571E-04  1.9085E-04  2.0234E-03  2.2585E-03
  3.5031E-04  1.9339E-04  2.0501E-03  2.2882E-03
  3.5494E-04  1.9595E-04  2.0768E-03  2.3180E-03
  3.5959E-04  1.9852E-04  2.1037E-03  2.3481E-03
  3.6427E-04  2.0110E-04  2.1308E-03  2.3783E-03
  3.6899E-04  2.0370E-04  2.1581E-03  2.4087E-03
  3.7373E-04  2.0632E-04  2.1855E-03  2.4393E-03
  3.7850E-04  2.0895E-04  2.2130E-03  2.4701E-03
  3.8329E-04  2.1160E-04  2.2407E-03  2.5010E-03
  3.8812E-04  2.1426E-04  2.2686E-03  2.5321E-03
  3.9298E-04  2.1695E-04  2.2967E-03  2.5634E-03
  3.9787E-04  2.1964E-04  2.3249E-03  2.5949E-03
  4.0278E-04  2.2236E-04  2.3533E-03  2.6266E-03
  4.0773E-04  2.2509E-04  2.3818E-03  2.6585E-03
  4.1271E-04  2.2784E-04  2.4106E-03  2.6905E-03
  4.1771E-04  2.3060E-04  2.4394E-03  2.7228E-03
  4.2275E-04  2.3338E-04  2.4685E-03  2.7552E-03
  4.2782E-04  2.3618E-04  2.4977E-03  2.7878E-03
  4.3292E-04  2.3900E-04  2.5271E-03  2.8206E-03
  4.3805E-04  2.4183E-04  2.5567E-03  2.8536E-03
  4.4321E-04  2.4468E-04  2.5865E-03  2.8868E-03
  4.4841E-04  2.4755E-04  2.6164E-03  2.9202E-03
  4.5363E-04  2.5043E-04  2.6465E-03  2.9538E-03
  4.5889E-04  2.5333E-04  2.6768E-03  2.9876E-03
  4.6418E-04  2.5625E-04  2.7072E-03  3.0216E-03
  4.6950E-04  2.5919E-04  2.7378E-03  3.0558E-03
  4.7486E-04  2.6215E-04  2.7687E-03  3.0902E-03
  4.8025E-04  2.6512E-04  2.7997E-03  3.1248E-03
  4.8567E-04  2.6812E-04  2.8308E-03  3.1596E-03
  4.9112E-04  2.7113E-04  2.8622E-03  3.1946E-03
  4.9661E-04  2.7416E-04  2.8937E-03  3.2298E-03
  5.0213E-04  2.7720E-04  2.9255E-03  3.2652E-03
  5.0768E-04  2.8027E-04  2.9574E-03  3.3008E-03
  5.1327E-04  2.8335E-04  2.9895E-03  3.3366E-03
  5.1889E-04  2.8646E-04  3.0218E-03  3.3727E-03
  5.2455E-04  2.8958E-04  3.0543E-03  3.4089E-03
  5.3024E-04  2.9272E-04  3.0869E-03  3.4454E-03
  5.3597E-04  2.9588E-04  3.1198E-03  3.4821E-03
  5.4173E-04  2.9906E-04  3.1529E-03  3.5190E-03
  5.4752E-04  3.0226E-04  3.1861E-03  3.5561E-03
  5.5336E-04  3.0548E-04  3.2196E-03  3.5934E-03
  5.5922E-04  3.0872E-04  3.2532E-03  3.6309E-03
  5.6513E-04  3.1198E-04  3.2871E-03  3.6687E-03
  5.7107E-04  3.1526E-04  3.3211E-03  3.7067E-03
  5.7704E-04  3.1856E-04  3.3554E-03  3.7449E-03
  5.8305E-04  3.2188E-04  3.3898E-03  3.7833E-03
  5.8910E-04  3.2522E-04  3.4244E-03  3.8220E-03
  5.9519E-04  3.2858E-04  3.4593E-03  3.8609E-03
  6.0131E-04  3.3196E-04  3.4943E-03  3.9000E-03
  6.0747E-04  3.3536E-04  3.5296E-03  3.9394E-03
  6.1367E-04  3.3878E-04  3.5651E-03  3.9789E-03
  6.1991E-04  3.4222E-04  3.6007E-03  4.0187E-03
  6.2618E-04  3.4569E-04  3.6366E-03  4.0588E-03
  6.3249E-04  3.4917E-04  3.6727E-03  4.0991E-03
  6.3884E-04  3.5268E-04  3.7090E-03  4.1396E-03
  6.4523E-04  3.5621E-04  3.7455E-03  4.1803E-03
  6.5166E-04  3.5975E-04  3.7823E-03  4.2213E-03
  6.5813E-04  3.6333E-04  3.8192E-03  4.2626E-03
  6.6464E-04  3.6692E-04  3.8564E-03  4.3040E-03
  6.7119E-04  3.7053E-04  3.8937E-03  4.3457E-03
  6.7778E-04  3.7417E-04  3.9313E-03  4.3877E-03
  6.8440E-04  3.7783E-04  3.9692E-03  4.4299E-03
  6.9107E-04  3.8151E-04  4.0072E-03  4.4723E-03
  6.9778E-04  3.8521E-04  4.0455E-03  4.5150E-03
  7.0453E-04  3.8894E-04  4.0840E-03  4.5580E-03
  7.1132E-04  3.9269E-04  4.1227E-03  4.6012E-03
  7.1816E-04  3.9646E-04  4.1616E-03  4.6446E-03
  7.2503E-04  4.0026E-04  4.2008E-03  4.6883E-03
  7.3195E-04  4.0408E-04  4.2402E-03  4.7323E-03
  7.3891E-04  4.0792E-04  4.2798E-03  4.7765E-03
  7.4591E-04  4.1178E-04  4.3196E-03  4.8210E-03
  7.5295E-04  4.1567E-04  4.3597E-03  4.8657E-03
  7.6004E-04  4.1959E-04  4.4001E-03  4.9107E-03
  7.6717E-04  4.2352E-04  4.4406E-03  4.9560E-03
  7.7435E-04  4.2748E-04  4.4814E-03  5.0015E-03
  7.8157E-04  4.3147E-04  4.5224E-03  5.0473E-03
  7.8883E-04  4.3548E-04  4.5637E-03  5.0934E-03
  7.9614E-04  4.3951E-04  4.6052E-03  5.1397E-03
  8.0349E-04  4.4357E-04  4.6470E-03  5.1863E-03
  8.1088E-04  4.4765E-04  4.6890E-03  5.2332E-03
  8.1833E-04  4.5176E-04  4.7312E-03  5.2803E-03
  8.2581E-04  4.5590E-04  4.7737E-03  5.3277E-03
  8.3335E-04  4.6005E-04  4.8165E-03  5.3754E-03
  8.4093E-04  4.6424E-04  4.8594E-03  5.4234E-03
  8.4855E-04  4.6845E-04  4.9027E-03  5.4716E-03
  8.5622E-04  4.7268E-04  4.9462E-03  5.5202E-03
  8.6394E-04  4.7694E-04  4.9899E-03  5.5690E-03
  8.7171E-04  4.8123E-04  5.0339E-03  5.6181E-03
  8.7952E-04  4.8555E-04  5.0782E-03  5.6674E-03
  8.8738E-04  4.8989E-04  5.1227E-03  5.7171E-03
  8.9529E-04  4.9425E-04  5.1675E-03  5.7671E-03
  9.0325E-04  4.9865E-04  5.2125E-03  5.8173E-03
  9.1126E-04  5.0307E-04  5.2578E-03  5.8679E-03
  9.1931E-04  5.0751E-04  5.3033E-03  5.9187E-03
  9.2742E-04  5.1199E-04  5.3492E-03  5.9698E-03
  9.3557E-04  5.1649E-04  5.3953E-03  6.0213E-03
  9.4378E-04  5.2102E-04  5.4416E-03  6.0730E-03
  9.5203E-04  5.2557E-04  5.4882E-03  6.1250E-03
  9.6034E-04  5.3016E-04  5.5351E-03  6.1773E-03
  9.6869E-04  5.3477E-04  5.5823E-03  6.2300E-03
  9.7710E-04  5.3941E-04  5.6297E-03  6.2829E-03
  9.8556E-04  5.4408E-04  5.6775E-03  6.3362E-03
  9.9407E-04  5.4878E-04  5.7255E-03  6.3897E-03
  1.0026E-03  5.5351E-04  5.7737E-03  6.4436E-03
  1.0112E-03  5.5826E-04  5.8223E-03  6.4978E-03
  1.0199E-03  5.6305E-04  5.8711E-03  6.5523E-03
  1.0286E-03  5.6786E-04  5.9202E-03  6.6071E-03
  1.0374E-03  5.7270E-04  5.9696E-03  6.6622E-03
  1.0462E-03  5.7758E-04  6.0193E-03  6.7176E-03
  1.0551E-03  5.8248E-04  6.0693E-03  6.7734E-03
  1.0640E-03  5.8741E-04  6.1196E-03  6.8295E-03
  1.0730E-03  5.9238E-04  6.1701E-03  6.8859E-03
  1.0821E-03  5.9737E-04  6.2210E-03  6.9426E-03
  1.0912E-03  6.0239E-04  6.2721E-03  6.9997E-03
  1.1003E-03  6.0745E-04  6.3236E-03  7.0571E-03
  1.1095E-03  6.1253E-04  6.3753E-03  7.1148E-03
  1.1188E-03  6.1765E-04  6.4273E-03  7.1729E-03
  1.1281E-03  6.2280E-04  6.4797E-03  7.2313E-03
  1.1375E-03  6.2797E-04  6.5323E-03  7.2900E-03
  1.1470E-03  6.3319E-04  6.5852E-03  7.3491E-03
  1.1565E-03  6.3843E-04  6.6385E-03  7.4085E-03
  1.1660E-03  6.4370E-04  6.6920E-03  7.4683E-03
  1.1756E-03  6.4901E-04  6.7459E-03  7.5284E-03
  1.1853E-03  6.5435E-04  6.8001E-03  7.5888E-03
  1.1950E-03  6.5972E-04  6.8546E-03  7.6496E-03
  1.2048E-03  6.6513E-04  6.9094E-03  7.7108E-03
  1.2147E-03  6.7056E-04  6.9645E-03  7.7722E-03
  1.2246E-03  6.7603E-04  7.0199E-03  7.8341E-03
  1.2345E-03  6.8154E-04  7.0757E-03  7.8963E-03
  1.2446E-03  6.8708E-04  7.1318E-03  7.9589E-03
  1.2547E-03  6.9265E-04  7.1882E-03  8.0218E-03
  1.2648E-03  6.9826E-04  7.2449E-03  8.0851E-03
  1.2750E-03  7.0390E-04  7.3019E-03  8.1487E-03
  1.2853E-03  7.0957E-04  7.3593E-03  8.2128E-03
  1.2957E-03  7.1528E-04  7.4170E-03  8.2772E-03
  1.3061E-03  7.2103E-04  7.4751E-03  8.3419E-03
  1.3165E-03  7.2681E-04  7.5334E-03  8.4070E-03
  1.3271E-03  7.3262E-04  7.5921E-03  8.4725E-03
  1.3377E-03  7.3847E-04  7.6512E-03  8.5384E-03
  1.3483E-03  7.4436E-04  7.7106E-03  8.6047E-03
  1.3591E-03  7.5028E-04  7.7703E-03  8.6713E-03
  1.3699E-03  7.5624E-04  7.8304E-03  8.7383E-03
  1.3807E-03  7.6223E-04  7.8908E-03  8.8057E-03
  1.3916E-03  7.6826E-04  7.9515E-03  8.8735E-03
  1.4026E-03  7.7433E-04  8.0126E-03  8.9417E-03
  1.4137E-03  7.8044E-04  8.0741E-03  9.0103E-03
  1.4248E-03  7.8658E-04  8.1359E-03  9.0792E-03
  1.4360E-03  7.9276E-04  8.1981E-03  9.1486E-03
  1.4473E-03  7.9898E-04  8.2606E-03  9.2183E-03
  1.4586E-03  8.0524E-04  8.3235E-03  9.2885E-03
  1.4700E-03  8.1153E-04  8.3867E-03  9.3590E-03
  1.4815E-03  8.1786E-04  8.4503E-03  9.4300E-03
  1.4930E-03  8.2424E-04  8.5142E-03  9.5013E-03
  1.5046E-03  8.3065E-04  8.5786E-03  9.5731E-03
  1.5163E-03  8.3710E-04  8.6433E-03  9.6453E-03
  1.5281E-03  8.4359E-04  8.7083E-03  9.7179E-03
  1.5399E-03  8.5011E-04  8.7738E-03  9.7909E-03
  1.5518E-03  8.5668E-04  8.8396E-03  9.8643E-03
  1.5638E-03  8.6329E-04  8.9057E-03  9.9381E-03
  1.5758E-03  8.6994E-04  8.9723E-03  1.0012E-02
  1.5879E-03  8.7663E-04  9.0392E-03  1.0087E-02
  1.6001E-03  8.8336E-04  9.1065E-03  1.0162E-02
  1.6124E-03  8.9013E-04  9.1742E-03  1.0238E-02
  1.6247E-03  8.9695E-04  9.2423E-03  1.0314E-02
  1.6372E-03  9.0380E-04  9.3108E-03  1.0390E-02
  1.6497E-03  9.1070E-04  9.3797E-03  1.0467E-02
  1.6622E-03  9.1764E-04  9.4489E-03  1.0544E-02
  1.6749E-03  9.2462E-04  9.5186E-03  1.0622E-02
  1.6876E-03  9.3165E-04  9.5886E-03  1.0700E-02
  1.7004E-03  9.3871E-04  9.6590E-03  1.0779E-02
  1.7133E-03  9.4582E-04  9.7299E-03  1.0858E-02
  1.7262E-03  9.5298E-04  9.8011E-03  1.0937E-02
  1.7393E-03  9.6018E-04  9.8728E-03  1.1017E-02
  1.7524E-03  9.6742E-04  9.9448E-03  1.1097E-02
  1.7656E-03  9.7470E-04  1.0017E-02  1.1178E-02
  1.7789E-03  9.8203E-04  1.0090E-02  1.1259E-02
  1.7922E-03  9.8941E-04  1.0163E-02  1.1341E-02
  1.8057E-03  9.9683E-04  1.0237E-02  1.1423E-02
  1.8192E-03  1.0043E-03  1.0311E-02  1.1506E-02
  1.8328E-03  1.0118E-03  1.0386E-02  1.1589E-02
  1.8465E-03  1.0194E-03  1.0461E-02  1.1673E-02
  1.8603E-03  1.0270E-03  1.0536E-02  1.1757E-02
  1.8741E-03  1.0346E-03  1.0612E-02  1.1842E-02
  1.8881E-03  1.0423E-03  1.0688E-02  1.1927E-02
  1.9021E-03  1.0501E-03  1.0765E-02  1.2012E-02
  1.9162E-03  1.0579E-03  1.0842E-02  1.2098E-02
  1.9304E-03  1.0657E-03  1.0919E-02  1.2185E-02
  1.9447E-03  1.0736E-03  1.0997E-02  1.2272E-02
  1.9591E-03  1.0815E-03  1.1076E-02  1.2359E-02
  1.9735E-03  1.0895E-03  1.1155E-02  1.2447E-02
  1.9881E-03  1.0975E-03  1.1234E-02  1.2535E-02
  2.0027E-03  1.1056E-03  1.1314E-02  1.2624E-02
  2.0174E-03  1.1137E-03  1.1394E-02  1.2714E-02
  2.0323E-03  1.1219E-03  1.1474E-02  1.2804E-02
  2.0472E-03  1.1302E-03  1.1555E-02  1.2894E-02
  2.0622E-03  1.1384E-03  1.1637E-02  1.2985E-02
  2.0773E-03  1.1468E-03  1.1719E-02  1.3077E-02
  2.0924E-03  1.1551E-03  1.1801E-02  1.3169E-02
  2.1077E-03  1.1636E-03  1.1884E-02  1.3261E-02
  2.1231E-03  1.1721E-03  1.1968E-02  1.3354E-02
  2.1386E-03  1.1806E-03  1.2052E-02  1.3448E-02
  2.1541E-03  1.1892E-03  1.2136E-02  1.3542E-02
  2.1698E-03  1.1978E-03  1.2221E-02  1.3636E-02
  2.1855E-03  1.2065E-03  1.2306E-02  1.3731E-02
  2.2014E-03  1.2153E-03  1.2392E-02  1.3827E-02
  2.2173E-03  1.2241E-03  1.2478E-02  1.3923E-02
  2.2334E-03  1.2329E-03  1.2564E-02  1.4020E-02
  2.2495E-03  1.2418E-03  1.2652E-02  1.4117E-02
  2.2657E-03  1.2508E-03  1.2739E-02  1.4215E-02
  2.2821E-03  1.2598E-03  1.2827E-02  1.4313E-02
  2.2985E-03  1.2689E-03  1.2916E-02  1.4412E-02
  2.3150E-03  1.2780E-03  1.3005E-02  1.4511E-02
  2.3317E-03  1.2872E-03  1.3095E-02  1.4611E-02
  2.3484E-03  1.2965E-03  1.3185E-02  1.4712E-02
  2.3653E-03  1.3058E-03  1.3276E-02  1.4813E-02
  2.3822E-03  1.3151E-03  1.3367E-02  1.4914E-02
  2.3992E-03  1.3245E-03  1.3458E-02  1.5017E-02
  2.4164E-03  1.3340E-03  1.3550E-02  1.5119E-02
  2.4337E-03  1.3435E-03  1.3643E-02  1.5223E-02
  2.4510E-03  1.3531E-03  1.3736E-02  1.5327E-02
  2.4685E-03  1.3627E-03  1.3830E-02  1.5431E-02
  2.4861E-03  1.3724E-03  1.3924E-02  1.5536E-02
  2.5038E-03  1.3822E-03  1.4019E-02  1.5642E-02
  2.5215E-03  1.3920E-03  1.4114E-02  1.5748E-02
  2.5394E-03  1.4019E-03  1.4210E-02  1.5855E-02
  2.5575E-03  1.4119E-03  1.4306E-02  1.5962E-02
  2.5756E-03  1.4219E-03  1.4403E-02  1.6070E-02
  2.5938E-03  1.4319E-03  1.4500E-02  1.6179E-02
  2.6121E-03  1.4420E-03  1.4598E-02  1.6288E-02
  2.6306E-03  1.4522E-03  1.4697E-02  1.6398E-02
  2.6492E-03  1.4625E-03  1.4795E-02  1.6508E-02
  2.6679E-03  1.4728E-03  1.4895E-02  1.6619E-02
  2.6866E-03  1.4832E-03  1.4995E-02  1.6731E-02
  2.7056E-03  1.4936E-03  1.5096E-02  1.6843E-02
  2.7246E-03  1.5041E-03  1.5197E-02  1.6956E-02
  2.7437E-03  1.5147E-03  1.5299E-02  1.7069E-02
  2.7630E-03  1.5253E-03  1.5401E-02  1.7183E-02
  2.7824E-03  1.5360E-03  1.5504E-02  1.7298E-02
  2.8019E-03  1.5468E-03  1.5607E-02  1.7413E-02
  2.8215E-03  1.5576E-03  1.5711E-02  1.7529E-02
  2.8412E-03  1.5685E-03  1.5815E-02  1.7646E-02
  2.8611E-03  1.5795E-03  1.5921E-02  1.7763E-02
  2.8810E-03  1.5905E-03  1.6026E-02  1.7881E-02
  2.9011E-03  1.6016E-03  1.6132E-02  1.7999E-02
  2.9214E-03  1.6127E-03  1.6239E-02  1.8118E-02
  2.9417E-03  1.6240E-03  1.6347E-02  1.8238E-02
  2.9622E-03  1.6353E-03  1.6455E-02  1.8358E-02
  2.9828E-03  1.6466E-03  1.6563E-02  1.8480E-02
  3.0035E-03  1.6581E-03  1.6672E-02  1.8601E-02
  3.0243E-03  1.6696E-03  1.6782E-02  1.8724E-02
  3.0453E-03  1.6812E-03  1.6892E-02  1.8847E-02
  3.0664E-03  1.6928E-03  1.7003E-02  1.8970E-02
  3.0876E-03  1.7045E-03  1.7115E-02  1.9095E-02
  3.1090E-03  1.7163E-03  1.7227E-02  1.9220E-02
  3.1305E-03  1.7282E-03  1.7340E-02  1.9346E-02
  3.1521E-03  1.7401E-03  1.7453E-02  1.9472E-02
  3.1739E-03  1.7521E-03  1.7567E-02  1.9599E-02
  3.1958E-03  1.7642E-03  1.7682E-02  1.9727E-02
  3.2178E-03  1.7764E-03  1.7797E-02  1.9855E-02
  3.2399E-03  1.7886E-03  1.7913E-02  1.9984E-02
  3.2622E-03  1.8009E-03  1.8029E-02  2.0114E-02
  3.2847E-03  1.8133E-03  1.8146E-02  2.0245E-02
  3.3072E-03  1.8258E-03  1.8264E-02  2.0376E-02
  3.3299E-03  1.8383E-03  1.8382E-02  2.0508E-02
  3.3528E-03  1.8509E-03  1.8501E-02  2.0641E-02
  3.3758E-03  1.8636E-03  1.8621E-02  2.0774E-02
  3.3989E-03  1.8764E-03  1.8741E-02  2.0908E-02
  3.4221E-03  1.8892E-03  1.8862E-02  2.1043E-02
  3.4455E-03  1.9021E-03  1.8983E-02  2.1178E-02
  3.4691E-03  1.9151E-03  1.9105E-02  2.1315E-02
  3.4928E-03  1.9282E-03  1.9228E-02  2.1451E-02
  3.5166E-03  1.9414E-03  1.9352E-02  2.1589E-02
  3.5406E-03  1.9546E-03  1.9476E-02  2.1728E-02
  3.5647E-03  1.9679E-03  1.9600E-02  2.1867E-02
  3.5890E-03  1.9813E-03  1.9726E-02  2.2007E-02
  3.6134E-03  1.9948E-03  1.9852E-02  2.2147E-02
  3.6380E-03  2.0084E-03  1.9979E-02  2.2288E-02
  3.6628E-03  2.0220E-03  2.0106E-02  2.2431E-02
  3.6876E-03  2.0358E-03  2.0234E-02  2.2573E-02
  3.7127E-03  2.0496E-03  2.0363E-02  2.2717E-02
  3.7378E-03  2.0635E-03  2.0493E-02  2.2861E-02
  3.7632E-03  2.0775E-03  2.0623E-02  2.3007E-02
  3.7887E-03  2.0915E-03  2.0754E-02  2.3152E-02
  3.8143E-03  2.1057E-03  2.0885E-02  2.3299E-02
  3.8401E-03  2.1199E-03  2.1017E-02  2.3447E-02
  3.8661E-03  2.1343E-03  2.1150E-02  2.3595E-02
  3.8922E-03  2.1487E-03  2.1284E-02  2.3744E-02
  3.9185E-03  2.1632E-03  2.1418E-02  2.3893E-02
  3.9449E-03  2.1778E-03  2.1553E-02  2.4044E-02
  3.9715E-03  2.1925E-03  2.1689E-02  2.4195E-02
  3.9983E-03  2.2073E-03  2.1825E-02  2.4347E-02
  4.0252E-03  2.2221E-03  2.1963E-02  2.4500E-02
  4.0523E-03  2.2371E-03  2.2100E-02  2.4654E-02
  4.0796E-03  2.2521E-03  2.2239E-02  2.4809E-02
  4.1070E-03  2.2673E-03  2.2378E-02  2.4964E-02
  4.1346E-03  2.2825E-03  2.2518E-02  2.5120E-02
  4.1624E-03  2.2978E-03  2.2659E-02  2.5277E-02
  4.1903E-03  2.3133E-03  2.2801E-02  2.5435E-02
  4.2184E-03  2.3288E-03  2.2943E-02  2.5593E-02
  4.2467E-03  2.3444E-03  2.3086E-02  2.5753E-02
  4.2751E-03  2.3601E-03  2.3229E-02  2.5913E-02
  4.3037E-03  2.3759E-03  2.3374E-02  2.6074E-02
  4.3325E-03  2.3918E-03  2.3519E-02  2.6236E-02
  4.3615E-03  2.4078E-03  2.3665E-02  2.6398E-02
  4.3907E-03  2.4239E-03  2.3812E-02  2.6562E-02
  4.4200E-03  2.4401E-03  2.3959E-02  2.6726E-02
  4.4495E-03  2.4563E-03  2.4107E-02  2.6891E-02
  4.4792E-03  2.4727E-03  2.4256E-02  2.7057E-02
  4.5090E-03  2.4892E-03  2.4406E-02  2.7224E-02
  4.5391E-03  2.5058E-03  2.4556E-02  2.7392E-02
  4.5693E-03  2.5225E-03  2.4708E-02  2.7561E-02
  4.5998E-03  2.5393E-03  2.4860E-02  2.7730E-02
  4.6304E-03  2.5562E-03  2.5013E-02  2.7900E-02
  4.6612E-03  2.5732E-03  2.5166E-02  2.8072E-02
  4.6921E-03  2.5903E-03  2.5320E-02  2.8244E-02
  4.7233E-03  2.6075E-03  2.5476E-02  2.8417E-02
  4.7547E-03  2.6248E-03  2.5631E-02  2.8590E-02
  4.7862E-03  2.6422E-03  2.5788E-02  2.8765E-02
  4.8180E-03  2.6598E-03  2.5946E-02  2.8941E-02
  4.8499E-03  2.6774E-03  2.6104E-02  2.9117E-02
  4.8820E-03  2.6951E-03  2.6263E-02  2.9295E-02
  4.9144E-03  2.7130E-03  2.6423E-02  2.9473E-02
  4.9469E-03  2.7309E-03  2.6584E-02  2.9652E-02
  4.9796E-03  2.7490E-03  2.6745E-02  2.9832E-02
  5.0126E-03  2.7672E-03  2.6908E-02  3.0013E-02
  5.0457E-03  2.7855E-03  2.7071E-02  3.0195E-02
  5.0790E-03  2.8039E-03  2.7235E-02  3.0377E-02
  5.1126E-03  2.8224E-03  2.7399E-02  3.0561E-02
  5.1463E-03  2.8410E-03  2.7565E-02  3.0746E-02
  5.1802E-03  2.8597E-03  2.7731E-02  3.0931E-02
  5.2144E-03  2.8786E-03  2.7899E-02  3.1117E-02
  5.2488E-03  2.8976E-03  2.8067E-02  3.1305E-02
  5.2833E-03  2.9167E-03  2.8236E-02  3.1493E-02
  5.3181E-03  2.9359E-03  2.8405E-02  3.1682E-02
  5.3531E-03  2.9552E-03  2.8576E-02  3.1872E-02
  5.3883E-03  2.9746E-03  2.8747E-02  3.2063E-02
  5.4238E-03  2.9942E-03  2.8920E-02  3.2255E-02
  5.4594E-03  3.0139E-03  2.9093E-02  3.2448E-02
  5.4953E-03  3.0336E-03  2.9267E-02  3.2642E-02
  5.5314E-03  3.0536E-03  2.9442E-02  3.2837E-02
  5.5677E-03  3.0736E-03  2.9617E-02  3.3033E-02
  5.6042E-03  3.0938E-03  2.9794E-02  3.3230E-02
  5.6409E-03  3.1141E-03  2.9971E-02  3.3427E-02
  5.6779E-03  3.1345E-03  3.0150E-02  3.3626E-02
  5.7151E-03  3.1550E-03  3.0329E-02  3.3826E-02
  5.7525E-03  3.1757E-03  3.0509E-02  3.4026E-02
  5.7902E-03  3.1964E-03  3.0690E-02  3.4228E-02
  5.8281E-03  3.2174E-03  3.0871E-02  3.4430E-02
  5.8662E-03  3.2384E-03  3.1054E-02  3.4634E-02
  5.9045E-03  3.2596E-03  3.1238E-02  3.4838E-02
  5.9431E-03  3.2809E-03  3.1422E-02  3.5044E-02
  5.9819E-03  3.3023E-03  3.1607E-02  3.5250E-02
  6.0210E-03  3.3239E-03  3.1793E-02  3.5458E-02
  6.0603E-03  3.3455E-03  3.1981E-02  3.5666E-02
  6.0998E-03  3.3674E-03  3.2168E-02  3.5876E-02
  6.1396E-03  3.3893E-03  3.2357E-02  3.6086E-02
  6.1796E-03  3.4114E-03  3.2547E-02  3.6298E-02
  6.2199E-03  3.4336E-03  3.2738E-02  3.6510E-02
  6.2604E-03  3.4560E-03  3.2929E-02  3.6724E-02
  6.3011E-03  3.4785E-03  3.3122E-02  3.6938E-02
  6.3422E-03  3.5011E-03  3.3315E-02  3.7153E-02
  6.3834E-03  3.5239E-03  3.3510E-02  3.7370E-02
  6.4249E-03  3.5468E-03  3.3705E-02  3.7587E-02
  6.4667E-03  3.5699E-03  3.3901E-02  3.7806E-02
  6.5087E-03  3.5931E-03  3.4098E-02  3.8026E-02
  6.5510E-03  3.6164E-03  3.4296E-02  3.8246E-02
  6.5935E-03  3.6399E-03  3.4495E-02  3.8468E-02
  6.6363E-03  3.6635E-03  3.4695E-02  3.8690E-02
  6.6794E-03  3.6873E-03  3.4896E-02  3.8914E-02
  6.7227E-03  3.7112E-03  3.5097E-02  3.9139E-02
  6.7663E-03  3.7353E-03  3.5300E-02  3.9365E-02
  6.8101E-03  3.7595E-03  3.5504E-02  3.9591E-02
  6.8543E-03  3.7838E-03  3.5708E-02  3.9819E-02
  6.8986E-03  3.8083E-03  3.5914E-02  4.0048E-02
  6.9433E-03  3.8330E-03  3.6120E-02  4.0278E-02
  6.9882E-03  3.8578E-03  3.6327E-02  4.0509E-02
  7.0334E-03  3.8828E-03  3.6536E-02  4.0741E-02
  7.0789E-03  3.9079E-03  3.6745E-02  4.0974E-02
  7.1247E-03  3.9331E-03  3.6955E-02  4.1208E-02
  7.1707E-03  3.9585E-03  3.7166E-02  4.1444E-02
  7.2171E-03  3.9841E-03  3.7379E-02  4.1680E-02
  7.2637E-03  4.0098E-03  3.7592E-02  4.1917E-02
  7.3106E-03  4.0357E-03  3.7806E-02  4.2156E-02
  7.3577E-03  4.0618E-03  3.8021E-02  4.2395E-02
  7.4052E-03  4.0880E-03  3.8237E-02  4.2636E-02
  7.4530E-03  4.1143E-03  3.8454E-02  4.2878E-02
  7.5010E-03  4.1409E-03  3.8672E-02  4.3120E-02
  7.5494E-03  4.1675E-03  3.8891E-02  4.3364E-02
  7.5980E-03  4.1944E-03  3.9111E-02  4.3609E-02
  7.6469E-03  4.2214E-03  3.9331E-02  4.3855E-02
  7.6962E-03  4.2486E-03  3.9553E-02  4.4102E-02
  7.7457E-03  4.2759E-03  3.9776E-02  4.4350E-02
  7.7956E-03  4.3034E-03  4.0000E-02  4.4600E-02
  7.8457E-03  4.3311E-03  4.0225E-02  4.4850E-02
  7.8961E-03  4.3590E-03  4.0451E-02  4.5101E-02
  7.9469E-03  4.3870E-03  4.0677E-02  4.5354E-02
  7.9980E-03  4.4152E-03  4.0905E-02  4.5608E-02
  8.0494E-03  4.4435E-03  4.1134E-02  4.5862E-02
  8.1011E-03  4.4721E-03  4.1364E-02  4.6118E-02
  8.1531E-03  4.5008E-03  4.1594E-02  4.6375E-02
  8.2054E-03  4.5297E-03  4.1826E-02  4.6633E-02
  8.2580E-03  4.5587E-03  4.2059E-02  4.6892E-02
  8.3110E-03  4.5880E-03  4.2293E-02  4.7153E-02
  8.3643E-03  4.6174E-03  4.2527E-02  4.7414E-02
  8.4179E-03  4.6470E-03  4.2763E-02  4.7676E-02
  8.4719E-03  4.6768E-03  4.3000E-02  4.7940E-02
  8.5262E-03  4.7067E-03  4.3238E-02  4.8205E-02
  8.5808E-03  4.7369E-03  4.3476E-02  4.8471E-02
  8.6357E-03  4.7672E-03  4.3716E-02  4.8737E-02
  8.6910E-03  4.7977E-03  4.3957E-02  4.9006E-02
  8.7466E-03  4.8284E-03  4.4199E-02  4.9275E-02
  8.8026E-03  4.8593E-03  4.4442E-02  4.9545E-02
  8.8589E-03  4.8904E-03  4.4685E-02  4.9816E-02
  8.9155E-03  4.9217E-03  4.4930E-02  5.0089E-02
  8.9725E-03  4.9531E-03  4.5176E-02  5.0363E-02
  9.0299E-03  4.9848E-03  4.5423E-02  5.0637E-02
  9.0876E-03  5.0166E-03  4.5671E-02  5.0913E-02
  9.1456E-03  5.0487E-03  4.5920E-02  5.1190E-02
  9.2040E-03  5.0809E-03  4.6170E-02  5.1469E-02
  9.2628E-03  5.1133E-03  4.6420E-02  5.1748E-02
  9.3219E-03  5.1459E-03  4.6672E-02  5.2028E-02
  9.3813E-03  5.1788E-03  4.6925E-02  5.2310E-02
  9.4412E-03  5.2118E-03  4.7179E-02  5.2593E-02
  9.5014E-03  5.2450E-03  4.7434E-02  5.2876E-02
  9.5620E-03  5.2785E-03  4.7690E-02  5.3161E-02
  9.6229E-03  5.3121E-03  4.7947E-02  5.3447E-02
  9.6842E-03  5.3460E-03  4.8205E-02  5.3735E-02
  9.7459E-03  5.3800E-03  4.8465E-02  5.4023E-02
  9.8080E-03  5.4143E-03  4.8725E-02  5.4312E-02
  9.8704E-03  5.4487E-03  4.8986E-02  5.4603E-02
  9.9333E-03  5.4834E-03  4.9248E-02  5.4895E-02
  9.9965E-03  5.5183E-03  4.9511E-02  5.5188E-02
  1.0060E-02  5.5534E-03  4.9775E-02  5.5482E-02
  1.0124E-02  5.5887E-03  5.0040E-02  5.5777E-02
  1.0188E-02  5.6243E-03  5.0307E-02  5.6073E-02
  1.0253E-02  5.6600E-03  5.0574E-02  5.6370E-02
  1.0318E-02  5.6960E-03  5.0842E-02  5.6669E-02
  1.0384E-02  5.7322E-03  5.1111E-02  5.6968E-02
  1.0450E-02  5.7686E-03  5.1382E-02  5.7269E-02
  1.0516E-02  5.8052E-03  5.1653E-02  5.7571E-02
  1.0583E-02  5.8421E-03  5.1925E-02  5.7874E-02
  1.0650E-02  5.8792E-03  5.2199E-02  5.8178E-02
  1.0718E-02  5.9165E-03  5.2473E-02  5.8483E-02
  1.0786E-02  5.9540E-03  5.2749E-02  5.8790E-02
  1.0854E-02  5.9918E-03  5.3025E-02  5.9097E-02
  1.0923E-02  6.0298E-03  5.3302E-02  5.9406E-02
  1.0992E-02  6.0680E-03  5.3581E-02  5.9716E-02
  1.1062E-02  6.1065E-03  5.3860E-02  6.0026E-02
  1.1132E-02  6.1452E-03  5.4141E-02  6.0338E-02
  1.1203E-02  6.1841E-03  5.4422E-02  6.0651E-02
  1.1274E-02  6.2233E-03  5.4705E-02  6.0966E-02
  1.1345E-02  6.2627E-03  5.4988E-02  6.1281E-02
  1.1417E-02  6.3024E-03  5.5273E-02  6.1597E-02
  1.1489E-02  6.3423E-03  5.5558E-02  6.1915E-02
  1.1562E-02  6.3824E-03  5.5845E-02  6.2233E-02
  1.1635E-02  6.4228E-03  5.6132E-02  6.2553E-02
  1.1709E-02  6.4634E-03  5.6420E-02  6.2874E-02
  1.1783E-02  6.5043E-03  5.6710E-02  6.3196E-02
  1.1857E-02  6.5454E-03  5.7000E-02  6.3519E-02
  1.1932E-02  6.5868E-03  5.7292E-02  6.3843E-02
  1.2008E-02  6.6285E-03  5.7584E-02  6.4168E-02
  1.2084E-02  6.6703E-03  5.7878E-02  6.4494E-02
  1.2160E-02  6.7125E-03  5.8172E-02  6.4822E-02
  1.2237E-02  6.7549E-03  5.8467E-02  6.5150E-02
  1.2314E-02  6.7976E-03  5.8764E-02  6.5480E-02
  1.2392E-02  6.8405E-03  5.9061E-02  6.5810E-02
  1.2470E-02  6.8837E-03  5.9359E-02  6.6142E-02
  1.2549E-02  6.9271E-03  5.9659E-02  6.6475E-02
  1.2628E-02  6.9708E-03  5.9959E-02  6.6808E-02
  1.2708E-02  7.0148E-03  6.0260E-02  6.7143E-02
  1.2788E-02  7.0591E-03  6.0562E-02  6.7479E-02
  1.2869E-02  7.1036E-03  6.0866E-02  6.7816E-02
  1.2950E-02  7.1484E-03  6.1170E-02  6.8154E-02
  1.3031E-02  7.1934E-03  6.1475E-02  6.8493E-02
  1.3114E-02  7.2388E-03  6.1781E-02  6.8833E-02
  1.3196E-02  7.2844E-03  6.2087E-02  6.9174E-02
  1.3279E-02  7.3303E-03  6.2395E-02  6.9516E-02
  1.3363E-02  7.3765E-03  6.2704E-02  6.9859E-02
  1.3447E-02  7.4229E-03  6.3014E-02  7.0204E-02
  1.3532E-02  7.4697E-03  6.3324E-02  7.0549E-02
  1.3617E-02  7.5167E-03  6.3636E-02  7.0895E-02
  1.3703E-02  7.5640E-03  6.3948E-02  7.1242E-02
  1.3789E-02  7.6116E-03  6.4262E-02  7.1590E-02
  1.3876E-02  7.6595E-03  6.4576E-02  7.1940E-02
  1.3963E-02  7.7077E-03  6.4891E-02  7.2290E-02
  1.4051E-02  7.7562E-03  6.5207E-02  7.2641E-02
  1.4140E-02  7.8050E-03  6.5524E-02  7.2993E-02
  1.4229E-02  7.8541E-03  6.5842E-02  7.3346E-02
  1.4318E-02  7.9034E-03  6.6161E-02  7.3700E-02
  1.4408E-02  7.9531E-03  6.6480E-02  7.4055E-02
  1.4499E-02  8.0031E-03  6.6801E-02  7.4411E-02
  1.4590E-02  8.0534E-03  6.7122E-02  7.4768E-02
  1.4681E-02  8.1040E-03  6.7444E-02  7.5126E-02
  1.4774E-02  8.1549E-03  6.7767E-02  7.5485E-02
  1.4866E-02  8.2061E-03  6.8091E-02  7.5844E-02
  1.4960E-02  8.2576E-03  6.8416E-02  7.6205E-02
  1.5054E-02  8.3095E-03  6.8741E-02  7.6566E-02
  1.5148E-02  8.3616E-03  6.9068E-02  7.6929E-02
  1.5243E-02  8.4141E-03  6.9395E-02  7.7292E-02
  1.5339E-02  8.4669E-03  6.9723E-02  7.7656E-02
  1.5435E-02  8.5200E-03  7.0051E-02  7.8021E-02
  1.5532E-02  8.5735E-03  7.0381E-02  7.8387E-02
  1.5630E-02  8.6273E-03  7.0711E-02  7.8754E-02
  1.5728E-02  8.6814E-03  7.1042E-02  7.9121E-02
  1.5826E-02  8.7358E-03  7.1374E-02  7.9490E-02
  1.5926E-02  8.7906E-03  7.1707E-02  7.9859E-02
  1.6025E-02  8.8457E-03  7.2040E-02  8.0229E-02
  1.6126E-02  8.9011E-03  7.2374E-02  8.0600E-02
  1.6227E-02  8.9569E-03  7.2709E-02  8.0971E-02
  1.6329E-02  9.0130E-03  7.3045E-02  8.1344E-02
  1.6431E-02  9.0694E-03  7.3381E-02  8.1717E-02
  1.6534E-02  9.1262E-03  7.3718E-02  8.2091E-02
  1.6637E-02  9.1834E-03  7.4056E-02  8.2466E-02
  1.6742E-02  9.2409E-03  7.4394E-02  8.2841E-02
  1.6846E-02  9.2987E-03  7.4733E-02  8.3217E-02
  1.6952E-02  9.3570E-03  7.5073E-02  8.3594E-02
  1.7058E-02  9.4155E-03  7.5413E-02  8.3972E-02
  1.7165E-02  9.4744E-03  7.5754E-02  8.4350E-02
  1.7272E-02  9.5337E-03  7.6096E-02  8.4729E-02
  1.7380E-02  9.5933E-03  7.6438E-02  8.5109E-02
  1.7489E-02  9.6533E-03  7.6781E-02  8.5489E-02
  1.7599E-02  9.7137E-03  7.7125E-02  8.5870E-02
  1.7709E-02  9.7745E-03  7.7469E-02  8.6252E-02
  1.7819E-02  9.8356E-03  7.7813E-02  8.6634E-02
  1.7931E-02  9.8970E-03  7.8159E-02  8.7017E-02
  1.8043E-02  9.9589E-03  7.8505E-02  8.7400E-02
  1.8156E-02  1.0021E-02  7.8851E-02  8.7784E-02
  1.8269E-02  1.0084E-02  7.9198E-02  8.8169E-02
  1.8383E-02  1.0147E-02  7.9545E-02  8.8554E-02
  1.8498E-02  1.0210E-02  7.9893E-02  8.8940E-02
  1.8614E-02  1.0274E-02  8.0242E-02  8.9326E-02
  1.8730E-02  1.0338E-02  8.0590E-02  8.9713E-02
  1.8847E-02  1.0403E-02  8.0940E-02  9.0100E-02
  1.8965E-02  1.0468E-02  8.1290E-02  9.0488E-02
  1.9083E-02  1.0533E-02  8.1640E-02  9.0876E-02
  1.9202E-02  1.0599E-02  8.1991E-02  9.1265E-02
  1.9322E-02  1.0665E-02  8.2342E-02  9.1654E-02
  1.9443E-02  1.0731E-02  8.2693E-02  9.2043E-02
  1.9564E-02  1.0798E-02  8.3045E-02  9.2433E-02
  1.9686E-02  1.0866E-02  8.3397E-02  9.2823E-02
  1.9809E-02  1.0933E-02  8.3750E-02  9.3214E-02
  1.9933E-02  1.1002E-02  8.4103E-02  9.3605E-02
  2.0057E-02  1.1070E-02  8.4456E-02  9.3996E-02
  2.0182E-02  1.1139E-02  8.4810E-02  9.4387E-02
  2.0308E-02  1.1209E-02  8.5164E-02  9.4779E-02
  2.0435E-02  1.1279E-02  8.5518E-02  9.5171E-02
  2.0562E-02  1.1349E-02  8.5872E-02  9.5564E-02
  2.0690E-02  1.1420E-02  8.6227E-02  9.5956E-02
  2.0819E-02  1.1491E-02  8.6582E-02  9.6349E-02
  2.0949E-02  1.1562E-02  8.6937E-02  9.6742E-02
  2.1080E-02  1.1634E-02  8.7292E-02  9.7136E-02
  2.1211E-02  1.1707E-02  8.7648E-02  9.7529E-02
  2.1343E-02  1.1780E-02  8.8003E-02  9.7922E-02
  2.1476E-02  1.1853E-02  8.8359E-02  9.8316E-02
  2.1610E-02  1.1927E-02  8.8715E-02  9.8710E-02
  2.1745E-02  1.2001E-02  8.9071E-02  9.9103E-02
  2.1880E-02  1.2076E-02  8.9427E-02  9.9497E-02
  2.2016E-02  1.2151E-02  8.9783E-02  9.9891E-02
  2.2153E-02  1.2227E-02  9.0139E-02  1.0029E-01
  2.2291E-02  1.2303E-02  9.0495E-02  1.0068E-01
  2.2430E-02  1.2379E-02  9.0851E-02  1.0107E-01
  2.2570E-02  1.2456E-02  9.1207E-02  1.0147E-01
  2.2710E-02  1.2534E-02  9.1563E-02  1.0186E-01
  2.2851E-02  1.2612E-02  9.1919E-02  1.0225E-01
  2.2994E-02  1.2690E-02  9.2275E-02  1.0265E-01
  2.3137E-02  1.2769E-02  9.2631E-02  1.0304E-01
  2.3281E-02  1.2848E-02  9.2987E-02  1.0343E-01
  2.3425E-02  1.2928E-02  9.3342E-02  1.0383E-01
  2.3571E-02  1.3009E-02  9.3698E-02  1.0422E-01
  2.3718E-02  1.3089E-02  9.4053E-02  1.0461E-01
  2.3865E-02  1.3171E-02  9.4408E-02  1.0500E-01
  2.4014E-02  1.3253E-02  9.4762E-02  1.0539E-01
  2.4163E-02  1.3335E-02  9.5117E-02  1.0579E-01
  2.4313E-02  1.3418E-02  9.5471E-02  1.0618E-01
  2.4464E-02  1.3501E-02  9.5825E-02  1.0657E-01
  2.4616E-02  1.3585E-02  9.6178E-02  1.0696E-01
  2.4769E-02  1.3669E-02  9.6531E-02  1.0735E-01
  2.4923E-02  1.3754E-02  9.6884E-02  1.0774E-01
  2.5078E-02  1.3840E-02  9.7236E-02  1.0813E-01
  2.5234E-02  1.3926E-02  9.7588E-02  1.0851E-01
  2.5391E-02  1.4012E-02  9.7940E-02  1.0890E-01
  2.5548E-02  1.4099E-02  9.8291E-02  1.0929E-01
  2.5707E-02  1.4187E-02  9.8641E-02  1.0967E-01
  2.5867E-02  1.4275E-02  9.8991E-02  1.1006E-01
  2.6027E-02  1.4363E-02  9.9340E-02  1.1045E-01
  2.6189E-02  1.4452E-02  9.9689E-02  1.1083E-01
  2.6352E-02  1.4542E-02  1.0004E-01  1.1121E-01
  2.6515E-02  1.4632E-02  1.0038E-01  1.1160E-01
  2.6680E-02  1.4723E-02  1.0073E-01  1.1198E-01
  2.6845E-02  1.4814E-02  1.0108E-01  1.1236E-01
  2.7012E-02  1.4906E-02  1.0142E-01  1.1274E-01
  2.7180E-02  1.4999E-02  1.0177E-01  1.1312E-01
  2.7348E-02  1.5091E-02  1.0211E-01  1.1350E-01
  2.7518E-02  1.5185E-02  1.0245E-01  1.1387E-01
  2.7689E-02  1.5279E-02  1.0279E-01  1.1425E-01
  2.7860E-02  1.5374E-02  1.0314E-01  1.1463E-01
  2.8033E-02  1.5469E-02  1.0348E-01  1.1500E-01
  2.8207E-02  1.5565E-02  1.0381E-01  1.1537E-01
  2.8382E-02  1.5661E-02  1.0415E-01  1.1574E-01
  2.8558E-02  1.5759E-02  1.0449E-01  1.1611E-01
  2.8735E-02  1.5856E-02  1.0483E-01  1.1648E-01
  2.8913E-02  1.5954E-02  1.0516E-01  1.1685E-01
  2.9093E-02  1.6053E-02  1.0549E-01  1.1722E-01
  2.9273E-02  1.6153E-02  1.0583E-01  1.1758E-01
  2.9454E-02  1.6253E-02  1.0616E-01  1.1795E-01
  2.9637E-02  1.6353E-02  1.0649E-01  1.1831E-01
  2.9821E-02  1.6455E-02  1.0682E-01  1.1867E-01
  3.0005E-02  1.6556E-02  1.0714E-01  1.1903E-01
  3.0191E-02  1.6659E-02  1.0747E-01  1.1939E-01
  3.0378E-02  1.6762E-02  1.0780E-01  1.1975E-01
  3.0567E-02  1.6866E-02  1.0812E-01  1.2010E-01
  3.0756E-02  1.6970E-02  1.0844E-01  1.2045E-01
  3.0946E-02  1.7075E-02  1.0876E-01  1.2080E-01
  3.1138E-02  1.7181E-02  1.0908E-01  1.2115E-01
  3.1331E-02  1.7287E-02  1.0940E-01  1.2150E-01
  3.1525E-02  1.7394E-02  1.0971E-01  1.2185E-01
  3.1720E-02  1.7502E-02  1.1003E-01  1.2219E-01
  3.1917E-02  1.7610E-02  1.1034E-01  1.2253E-01
  3.2114E-02  1.7719E-02  1.1065E-01  1.2287E-01
  3.2313E-02  1.7828E-02  1.1096E-01  1.2321E-01
  3.2513E-02  1.7939E-02  1.1127E-01  1.2355E-01
  3.2714E-02  1.8049E-02  1.1157E-01  1.2388E-01
  3.2917E-02  1.8161E-02  1.1187E-01  1.2421E-01
  3.3121E-02  1.8273E-02  1.1218E-01  1.2454E-01
  3.3326E-02  1.8386E-02  1.1248E-01  1.2487E-01
  3.3532E-02  1.8500E-02  1.1277E-01  1.2519E-01
  3.3739E-02  1.8614E-02  1.1307E-01  1.2552E-01
  3.3948E-02  1.8729E-02  1.1336E-01  1.2584E-01
  3.4158E-02  1.8845E-02  1.1365E-01  1.2615E-01
  3.4369E-02  1.8961E-02  1.1394E-01  1.2647E-01
  3.4582E-02  1.9079E-02  1.1423E-01  1.2678E-01
  3.4796E-02  1.9196E-02  1.1451E-01  1.2709E-01
  3.5011E-02  1.9315E-02  1.1480E-01  1.2740E-01
  3.5228E-02  1.9434E-02  1.1508E-01  1.2770E-01
  3.5446E-02  1.9554E-02  1.1535E-01  1.2800E-01
  3.5665E-02  1.9675E-02  1.1563E-01  1.2830E-01
  3.5885E-02  1.9797E-02  1.1590E-01  1.2860E-01
  3.6107E-02  1.9919E-02  1.1617E-01  1.2889E-01
  3.6330E-02  2.0042E-02  1.1644E-01  1.2918E-01
  3.6555E-02  2.0166E-02  1.1670E-01  1.2947E-01
  3.6781E-02  2.0290E-02  1.1696E-01  1.2975E-01
  3.7008E-02  2.0415E-02  1.1722E-01  1.3003E-01
  3.7237E-02  2.0541E-02  1.1748E-01  1.3031E-01
  3.7467E-02  2.0668E-02  1.1773E-01  1.3058E-01
  3.7699E-02  2.0795E-02  1.1798E-01  1.3085E-01
  3.7932E-02  2.0924E-02  1.1823E-01  1.3112E-01
  3.8166E-02  2.1053E-02  1.1847E-01  1.3139E-01
  3.8402E-02  2.1183E-02  1.1872E-01  1.3165E-01
  3.8639E-02  2.1313E-02  1.1895E-01  1.3190E-01
  3.8878E-02  2.1445E-02  1.1919E-01  1.3216E-01
  3.9118E-02  2.1577E-02  1.1942E-01  1.3241E-01
  3.9360E-02  2.1710E-02  1.1965E-01  1.3265E-01
  3.9603E-02  2.1844E-02  1.1988E-01  1.3289E-01
  3.9847E-02  2.1979E-02  1.2010E-01  1.3313E-01
  4.0094E-02  2.2114E-02  1.2032E-01  1.3337E-01
  4.0341E-02  2.2251E-02  1.2053E-01  1.3360E-01
  4.0590E-02  2.2388E-02  1.2074E-01  1.3382E-01
  4.0841E-02  2.2526E-02  1.2095E-01  1.3405E-01
  4.1093E-02  2.2665E-02  1.2116E-01  1.3426E-01
  4.1347E-02  2.2804E-02  1.2136E-01  1.3448E-01
  4.1602E-02  2.2945E-02  1.2155E-01  1.3469E-01
  4.1859E-02  2.3086E-02  1.2175E-01  1.3489E-01
  4.2117E-02  2.3228E-02  1.2194E-01  1.3509E-01
  4.2377E-02  2.3371E-02  1.2212E-01  1.3529E-01
  4.2639E-02  2.3515E-02  1.2230E-01  1.3548E-01
  4.2902E-02  2.3660E-02  1.2248E-01  1.3567E-01
  4.3167E-02  2.3806E-02  1.2265E-01  1.3585E-01
  4.3433E-02  2.3953E-02  1.2282E-01  1.3603E-01
  4.3701E-02  2.4100E-02  1.2299E-01  1.3620E-01
  4.3971E-02  2.4248E-02  1.2315E-01  1.3637E-01
  4.4242E-02  2.4398E-02  1.2331E-01  1.3653E-01
  4.4515E-02  2.4548E-02  1.2346E-01  1.3669E-01
  4.4790E-02  2.4699E-02  1.2360E-01  1.3684E-01
  4.5066E-02  2.4851E-02  1.2375E-01  1.3699E-01
  4.5344E-02  2.5004E-02  1.2389E-01  1.3713E-01
  4.5624E-02  2.5158E-02  1.2402E-01  1.3727E-01
  4.5905E-02  2.5313E-02  1.2415E-01  1.3740E-01
  4.6188E-02  2.5469E-02  1.2427E-01  1.3753E-01
  4.6473E-02  2.5625E-02  1.2439E-01  1.3765E-01
  4.6760E-02  2.5783E-02  1.2451E-01  1.3776E-01
  4.7048E-02  2.5942E-02  1.2462E-01  1.3787E-01
  4.7338E-02  2.6101E-02  1.2472E-01  1.3798E-01
  4.7630E-02  2.6262E-02  1.2482E-01  1.3808E-01
  4.7924E-02  2.6423E-02  1.2491E-01  1.3817E-01
  4.8219E-02  2.6586E-02  1.2500E-01  1.3825E-01
  4.8517E-02  2.6749E-02  1.2509E-01  1.3834E-01
  4.8816E-02  2.6914E-02  1.2516E-01  1.3841E-01
  4.9117E-02  2.7079E-02  1.2524E-01  1.3848E-01
  4.9420E-02  2.7246E-02  1.2530E-01  1.3854E-01
  4.9724E-02  2.7413E-02  1.2537E-01  1.3859E-01
  5.0031E-02  2.7582E-02  1.2542E-01  1.3864E-01
  5.0339E-02  2.7751E-02  1.2547E-01  1.3869E-01
  5.0649E-02  2.7922E-02  1.2552E-01  1.3872E-01
  5.0961E-02  2.8093E-02  1.2556E-01  1.3875E-01
  5.1276E-02  2.8266E-02  1.2559E-01  1.3877E-01
  5.1591E-02  2.8440E-02  1.2562E-01  1.3879E-01
  5.1909E-02  2.8614E-02  1.2564E-01  1.3880E-01
  5.2229E-02  2.8790E-02  1.2565E-01  1.3880E-01
  5.2551E-02  2.8967E-02  1.2566E-01  1.3880E-01
  5.2875E-02  2.9145E-02  1.2566E-01  1.3878E-01
  5.3201E-02  2.9324E-02  1.2566E-01  1.3877E-01
  5.3528E-02  2.9504E-02  1.2565E-01  1.3874E-01
  5.3858E-02  2.9685E-02  1.2563E-01  1.3871E-01
  5.4190E-02  2.9867E-02  1.2561E-01  1.3866E-01
  5.4524E-02  3.0051E-02  1.2558E-01  1.3862E-01
  5.4859E-02  3.0235E-02  1.2555E-01  1.3856E-01
  5.5197E-02  3.0421E-02  1.2550E-01  1.3850E-01
  5.5537E-02  3.0607E-02  1.2545E-01  1.3842E-01
  5.5879E-02  3.0795E-02  1.2540E-01  1.3834E-01
  5.6223E-02  3.0984E-02  1.2533E-01  1.3826E-01
  5.6570E-02  3.1174E-02  1.2526E-01  1.3816E-01
  5.6918E-02  3.1366E-02  1.2518E-01  1.3806E-01
  5.7268E-02  3.1558E-02  1.2510E-01  1.3795E-01
  5.7621E-02  3.1752E-02  1.2501E-01  1.3783E-01
  5.7976E-02  3.1947E-02  1.2491E-01  1.3770E-01
  5.8333E-02  3.2142E-02  1.2480E-01  1.3756E-01
  5.8692E-02  3.2340E-02  1.2469E-01  1.3742E-01
  5.9053E-02  3.2538E-02  1.2457E-01  1.3727E-01
  5.9417E-02  3.2737E-02  1.2444E-01  1.3710E-01
  5.9782E-02  3.2938E-02  1.2430E-01  1.3693E-01
  6.0150E-02  3.3140E-02  1.2416E-01  1.3675E-01
  6.0521E-02  3.3343E-02  1.2400E-01  1.3657E-01
  6.0893E-02  3.3548E-02  1.2384E-01  1.3637E-01
  6.1268E-02  3.3753E-02  1.2368E-01  1.3616E-01
  6.1645E-02  3.3960E-02  1.2350E-01  1.3595E-01
  6.2024E-02  3.4168E-02  1.2331E-01  1.3572E-01
  6.2406E-02  3.4378E-02  1.2312E-01  1.3549E-01
  6.2790E-02  3.4588E-02  1.2292E-01  1.3525E-01
  6.3176E-02  3.4800E-02  1.2271E-01  1.3499E-01
  6.3565E-02  3.5013E-02  1.2250E-01  1.3473E-01
  6.3956E-02  3.5228E-02  1.2227E-01  1.3446E-01
  6.4350E-02  3.5444E-02  1.2204E-01  1.3418E-01
  6.4746E-02  3.5661E-02  1.2179E-01  1.3389E-01
  6.5144E-02  3.5879E-02  1.2154E-01  1.3359E-01
  6.5545E-02  3.6099E-02  1.2128E-01  1.3328E-01
  6.5948E-02  3.6320E-02  1.2101E-01  1.3296E-01
  6.6354E-02  3.6542E-02  1.2073E-01  1.3262E-01
  6.6762E-02  3.6766E-02  1.2045E-01  1.3228E-01
  6.7172E-02  3.6991E-02  1.2015E-01  1.3193E-01
  6.7586E-02  3.7217E-02  1.1985E-01  1.3157E-01
  6.8001E-02  3.7445E-02  1.1953E-01  1.3120E-01
  6.8420E-02  3.7674E-02  1.1921E-01  1.3082E-01
  6.8840E-02  3.7904E-02  1.1888E-01  1.3042E-01
  6.9264E-02  3.8136E-02  1.1853E-01  1.3002E-01
  6.9690E-02  3.8370E-02  1.1818E-01  1.2961E-01
  7.0118E-02  3.8604E-02  1.1782E-01  1.2918E-01
  7.0549E-02  3.8840E-02  1.1745E-01  1.2874E-01
  7.0983E-02  3.9078E-02  1.1707E-01  1.2830E-01
  7.1420E-02  3.9317E-02  1.1668E-01  1.2784E-01
  7.1859E-02  3.9557E-02  1.1628E-01  1.2737E-01
  7.2301E-02  3.9799E-02  1.1587E-01  1.2689E-01
  7.2745E-02  4.0042E-02  1.1545E-01  1.2640E-01
  7.3192E-02  4.0287E-02  1.1502E-01  1.2590E-01
  7.3642E-02  4.0533E-02  1.1458E-01  1.2538E-01
  7.4095E-02  4.0781E-02  1.1413E-01  1.2485E-01
  7.4550E-02  4.1030E-02  1.1367E-01  1.2432E-01
  7.5009E-02  4.1281E-02  1.1320E-01  1.2377E-01
  7.5470E-02  4.1533E-02  1.1272E-01  1.2321E-01
  7.5934E-02  4.1786E-02  1.1223E-01  1.2263E-01
  7.6400E-02  4.2042E-02  1.1173E-01  1.2205E-01
  7.6870E-02  4.2298E-02  1.1122E-01  1.2145E-01
  7.7342E-02  4.2557E-02  1.1070E-01  1.2085E-01
  7.7818E-02  4.2816E-02  1.1016E-01  1.2023E-01
  7.8296E-02  4.3078E-02  1.0962E-01  1.1959E-01
  7.8777E-02  4.3341E-02  1.0906E-01  1.1895E-01
  7.9261E-02  4.3605E-02  1.0850E-01  1.1829E-01
  7.9748E-02  4.3871E-02  1.0792E-01  1.1762E-01
  8.0238E-02  4.4139E-02  1.0734E-01  1.1694E-01
  8.0731E-02  4.4408E-02  1.0674E-01  1.1625E-01
  8.1228E-02  4.4679E-02  1.0613E-01  1.1554E-01
  8.1727E-02  4.4952E-02  1.0551E-01  1.1482E-01
  8.2229E-02  4.5226E-02  1.0488E-01  1.1409E-01
  8.2734E-02  4.5502E-02  1.0423E-01  1.1334E-01
  8.3242E-02  4.5779E-02  1.0358E-01  1.1258E-01
  8.3754E-02  4.6058E-02  1.0292E-01  1.1181E-01
  8.4268E-02  4.6339E-02  1.0224E-01  1.1103E-01
  8.4786E-02  4.6621E-02  1.0155E-01  1.1023E-01
  8.5307E-02  4.6905E-02  1.0085E-01  1.0942E-01
  8.5831E-02  4.7191E-02  1.0014E-01  1.0860E-01
  8.6358E-02  4.7479E-02  9.9417E-02  1.0777E-01
  8.6889E-02  4.7768E-02  9.8683E-02  1.0692E-01
  8.7422E-02  4.8059E-02  9.7937E-02  1.0606E-01
  8.7959E-02  4.8352E-02  9.7179E-02  1.0518E-01
  8.8499E-02  4.8646E-02  9.6410E-02  1.0429E-01
  8.9043E-02  4.8942E-02  9.5629E-02  1.0339E-01
  8.9590E-02  4.9240E-02  9.4836E-02  1.0247E-01
  9.0140E-02  4.9540E-02  9.4031E-02  1.0154E-01
  9.0694E-02  4.9841E-02  9.3214E-02  1.0060E-01
  9.1251E-02  5.0145E-02  9.2385E-02  9.9646E-02
  9.1811E-02  5.0450E-02  9.1544E-02  9.8676E-02
  9.2375E-02  5.0757E-02  9.0691E-02  9.7693E-02
  9.2942E-02  5.1065E-02  8.9826E-02  9.6695E-02
  9.3513E-02  5.1376E-02  8.8949E-02  9.5684E-02
  9.4087E-02  5.1688E-02  8.8059E-02  9.4660E-02
  9.4665E-02  5.2003E-02  8.7158E-02  9.3621E-02
  9.5246E-02  5.2319E-02  8.6244E-02  9.2568E-02
  9.5831E-02  5.2637E-02  8.5318E-02  9.1502E-02
  9.6419E-02  5.2957E-02  8.4380E-02  9.0422E-02
  9.7011E-02  5.3278E-02  8.3429E-02  8.9327E-02
  9.7607E-02  5.3602E-02  8.2466E-02  8.8219E-02
  9.8206E-02  5.3928E-02  8.1491E-02  8.7097E-02
  9.8809E-02  5.4255E-02  8.0504E-02  8.5961E-02
  9.9415E-02  5.4585E-02  7.9504E-02  8.4810E-02
  1.0003E-01  5.4916E-02  7.8491E-02  8.3646E-02
  1.0064E-01  5.5249E-02  7.7467E-02  8.2467E-02
  1.0126E-01  5.5585E-02  7.6430E-02  8.1275E-02
  1.0188E-01  5.5922E-02  7.5380E-02  8.0068E-02
  1.0250E-01  5.6261E-02  7.4318E-02  7.8847E-02
  1.0313E-01  5.6603E-02  7.3243E-02  7.7612E-02
  1.0377E-01  5.6946E-02  7.2156E-02  7.6363E-02
  1.0440E-01  5.7291E-02  7.1057E-02  7.5099E-02
  1.0504E-01  5.7639E-02  6.9945E-02  7.3822E-02
  1.0569E-01  5.7988E-02  6.8820E-02  7.2530E-02
  1.0634E-01  5.8340E-02  6.7683E-02  7.1224E-02
  1.0699E-01  5.8693E-02  6.6534E-02  6.9904E-02
  1.0765E-01  5.9049E-02  6.5372E-02  6.8570E-02
  1.0831E-01  5.9407E-02  6.4197E-02  6.7221E-02
  1.0897E-01  5.9766E-02  6.3011E-02  6.5858E-02
  1.0964E-01  6.0128E-02  6.1811E-02  6.4482E-02
  1.1031E-01  6.0492E-02  6.0599E-02  6.3091E-02
  1.1099E-01  6.0859E-02  5.9375E-02  6.1685E-02
  1.1167E-01  6.1227E-02  5.8138E-02  6.0266E-02
  1.1236E-01  6.1598E-02  5.6889E-02  5.8833E-02
  1.1305E-01  6.1970E-02  5.5628E-02  5.7386E-02
  1.1374E-01  6.2345E-02  5.4354E-02  5.5924E-02
  1.1444E-01  6.2722E-02  5.3068E-02  5.4449E-02
  1.1514E-01  6.3101E-02  5.1769E-02  5.2959E-02
  1.1585E-01  6.3483E-02  5.0458E-02  5.1456E-02
  1.1656E-01  6.3867E-02  4.9135E-02  4.9938E-02
  1.1727E-01  6.4253E-02  4.7800E-02  4.8407E-02
  1.1799E-01  6.4641E-02  4.6453E-02  4.6862E-02
  1.1872E-01  6.5031E-02  4.5093E-02  4.5303E-02
  1.1944E-01  6.5424E-02  4.3721E-02  4.3730E-02
  1.2018E-01  6.5819E-02  4.2337E-02  4.2144E-02
  1.2091E-01  6.6216E-02  4.0942E-02  4.0544E-02
  1.2166E-01  6.6616E-02  3.9534E-02  3.8930E-02
  1.2240E-01  6.7018E-02  3.8114E-02  3.7303E-02
  1.2315E-01  6.7422E-02  3.6683E-02  3.5662E-02
  1.2391E-01  6.7829E-02  3.5239E-02  3.4008E-02
  1.2467E-01  6.8238E-02  3.3784E-02  3.2340E-02
  1.2543E-01  6.8649E-02  3.2317E-02  3.0659E-02
  1.2620E-01  6.9063E-02  3.0838E-02  2.8965E-02
  1.2698E-01  6.9479E-02  2.9348E-02  2.7258E-02
  1.2775E-01  6.9898E-02  2.7847E-02  2.5537E-02
  1.2854E-01  7.0319E-02  2.6334E-02  2.3804E-02
  1.2933E-01  7.0742E-02  2.4809E-02  2.2058E-02
  1.3012E-01  7.1168E-02  2.3274E-02  2.0298E-02
  1.3092E-01  7.1596E-02  2.1727E-02  1.8527E-02
  1.3172E-01  7.2027E-02  2.0169E-02  1.6742E-02
  1.3253E-01  7.2460E-02  1.8600E-02  1.4945E-02
  1.3334E-01  7.2896E-02  1.7020E-02  1.3135E-02
  1.3416E-01  7.3334E-02  1.5429E-02  1.1313E-02
  1.3498E-01  7.3775E-02  1.3828E-02  9.4788E-03
  1.3581E-01  7.4219E-02  1.2215E-02  7.6323E-03
  1.3664E-01  7.4664E-02  1.0592E-02  5.7738E-03
  1.3748E-01  7.5113E-02  8.9592E-03  3.9034E-03
  1.3832E-01  7.5564E-02  7.3156E-03  2.0212E-03
  1.3917E-01  7.6017E-02  5.6617E-03  1.2731E-04
  1.4002E-01  7.6474E-02  3.9977E-03 -1.7782E-03
  1.4088E-01  7.6932E-02  2.3237E-03 -3.6951E-03
  1.4175E-01  7.7394E-02  6.3982E-04 -5.6233E-03
  1.4262E-01  7.7858E-02 -1.0539E-03 -7.5626E-03
  1.4349E-01  7.8325E-02 -2.7572E-03 -9.5130E-03
  1.4437E-01  7.8794E-02 -4.4701E-03 -1.1474E-02
  1.4526E-01  7.9266E-02 -6.1924E-03 -1.3446E-02
  1.4615E-01  7.9741E-02 -7.9239E-03 -1.5429E-02
  1.4704E-01  8.0218E-02 -9.6645E-03 -1.7422E-02
  1.4794E-01  8.0698E-02 -1.1414E-02 -1.9425E-02
  1.4885E-01  8.1181E-02 -1.3173E-02 -2.1439E-02
  1.4976E-01  8.1667E-02 -1.4940E-02 -2.3462E-02
  1.5068E-01  8.2155E-02 -1.6716E-02 -2.5495E-02
  1.5160E-01  8.2646E-02 -1.8500E-02 -2.7538E-02
  1.5253E-01  8.3140E-02 -2.0292E-02 -2.9590E-02
  1.5347E-01  8.3637E-02 -2.2092E-02 -3.1652E-02
  1.5441E-01  8.4136E-02 -2.3901E-02 -3.3722E-02
  1.5536E-01  8.4638E-02 -2.5717E-02 -3.5802E-02
  1.5631E-01  8.5144E-02 -2.7541E-02 -3.7890E-02
  1.5727E-01  8.5652E-02 -2.9372E-02 -3.9986E-02
  1.5823E-01  8.6162E-02 -3.1210E-02 -4.2091E-02
  1.5920E-01  8.6676E-02 -3.3055E-02 -4.4204E-02
  1.6018E-01  8.7193E-02 -3.4907E-02 -4.6325E-02
  1.6116E-01  8.7712E-02 -3.6766E-02 -4.8454E-02
  1.6215E-01  8.8234E-02 -3.8632E-02 -5.0590E-02
  1.6314E-01  8.8760E-02 -4.0503E-02 -5.2733E-02
  1.6414E-01  8.9288E-02 -4.2381E-02 -5.4884E-02
  1.6515E-01  8.9819E-02 -4.4265E-02 -5.7041E-02
  1.6616E-01  9.0353E-02 -4.6154E-02 -5.9205E-02
  1.6718E-01  9.0890E-02 -4.8049E-02 -6.1375E-02
  1.6820E-01  9.1430E-02 -4.9949E-02 -6.3551E-02
  1.6923E-01  9.1973E-02 -5.1854E-02 -6.5733E-02
  1.7027E-01  9.2519E-02 -5.3765E-02 -6.7921E-02
  1.7131E-01  9.3068E-02 -5.5679E-02 -7.0114E-02
  1.7236E-01  9.3620E-02 -5.7598E-02 -7.2313E-02
  1.7342E-01  9.4176E-02 -5.9522E-02 -7.4516E-02
  1.7448E-01  9.4734E-02 -6.1449E-02 -7.6724E-02
  1.7555E-01  9.5295E-02 -6.3380E-02 -7.8936E-02
  1.7663E-01  9.5859E-02 -6.5314E-02 -8.1153E-02
  1.7771E-01  9.6427E-02 -6.7252E-02 -8.3373E-02
  1.7880E-01  9.6997E-02 -6.9193E-02 -8.5597E-02
  1.7989E-01  9.7571E-02 -7.1136E-02 -8.7824E-02
  1.8099E-01  9.8148E-02 -7.3082E-02 -9.0054E-02
  1.8210E-01  9.8728E-02 -7.5030E-02 -9.2286E-02
  1.8322E-01  9.9311E-02 -7.6980E-02 -9.4522E-02
  1.8434E-01  9.9898E-02 -7.8932E-02 -9.6759E-02
  1.8547E-01  1.0049E-01 -8.0886E-02 -9.8998E-02
  1.8661E-01  1.0108E-01 -8.2840E-02 -1.0124E-01
  1.8775E-01  1.0168E-01 -8.4796E-02 -1.0348E-01
  1.8890E-01  1.0227E-01 -8.6752E-02 -1.0572E-01
  1.9006E-01  1.0288E-01 -8.8709E-02 -1.0797E-01
  1.9122E-01  1.0348E-01 -9.0665E-02 -1.1021E-01
  1.9240E-01  1.0409E-01 -9.2622E-02 -1.1246E-01
  1.9357E-01  1.0470E-01 -9.4578E-02 -1.1470E-01
  1.9476E-01  1.0532E-01 -9.6533E-02 -1.1694E-01
  1.9595E-01  1.0594E-01 -9.8487E-02 -1.1918E-01
  1.9715E-01  1.0656E-01 -1.0044E-01 -1.2142E-01
  1.9836E-01  1.0719E-01 -1.0239E-01 -1.2366E-01
  1.9958E-01  1.0781E-01 -1.0434E-01 -1.2590E-01
  2.0080E-01  1.0845E-01 -1.0629E-01 -1.2813E-01
  2.0203E-01  1.0908E-01 -1.0823E-01 -1.3037E-01
  2.0327E-01  1.0972E-01 -1.1017E-01 -1.3260E-01
  2.0451E-01  1.1036E-01 -1.1211E-01 -1.3482E-01
  2.0577E-01  1.1101E-01 -1.1405E-01 -1.3704E-01
  2.0703E-01  1.1166E-01 -1.1598E-01 -1.3926E-01
  2.0829E-01  1.1231E-01 -1.1791E-01 -1.4147E-01
  2.0957E-01  1.1297E-01 -1.1983E-01 -1.4368E-01
  2.1085E-01  1.1363E-01 -1.2175E-01 -1.4589E-01
  2.1215E-01  1.1429E-01 -1.2366E-01 -1.4808E-01
  2.1345E-01  1.1495E-01 -1.2557E-01 -1.5028E-01
  2.1475E-01  1.1562E-01 -1.2747E-01 -1.5246E-01
  2.1607E-01  1.1630E-01 -1.2936E-01 -1.5464E-01
  2.1739E-01  1.1697E-01 -1.3125E-01 -1.5681E-01
  2.1872E-01  1.1765E-01 -1.3313E-01 -1.5897E-01
  2.2006E-01  1.1834E-01 -1.3501E-01 -1.6113E-01
  2.2141E-01  1.1903E-01 -1.3687E-01 -1.6328E-01
  2.2277E-01  1.1972E-01 -1.3873E-01 -1.6542E-01
  2.2413E-01  1.2041E-01 -1.4058E-01 -1.6755E-01
  2.2550E-01  1.2111E-01 -1.4243E-01 -1.6967E-01
  2.2689E-01  1.2181E-01 -1.4426E-01 -1.7178E-01
  2.2827E-01  1.2251E-01 -1.4608E-01 -1.7388E-01
  2.2967E-01  1.2322E-01 -1.4790E-01 -1.7597E-01
  2.3108E-01  1.2394E-01 -1.4970E-01 -1.7805E-01
  2.3249E-01  1.2465E-01 -1.5150E-01 -1.8012E-01
  2.3392E-01  1.2537E-01 -1.5328E-01 -1.8217E-01
  2.3535E-01  1.2609E-01 -1.5505E-01 -1.8421E-01
  2.3679E-01  1.2682E-01 -1.5681E-01 -1.8624E-01
  2.3824E-01  1.2755E-01 -1.5856E-01 -1.8826E-01
  2.3970E-01  1.2829E-01 -1.6029E-01 -1.9026E-01
  2.4117E-01  1.2902E-01 -1.6202E-01 -1.9225E-01
  2.4265E-01  1.2976E-01 -1.6373E-01 -1.9423E-01
  2.4413E-01  1.3051E-01 -1.6542E-01 -1.9619E-01
  2.4563E-01  1.3126E-01 -1.6711E-01 -1.9813E-01
  2.4713E-01  1.3201E-01 -1.6878E-01 -2.0006E-01
  2.4865E-01  1.3277E-01 -1.7043E-01 -2.0197E-01
  2.5017E-01  1.3353E-01 -1.7207E-01 -2.0387E-01
  2.5170E-01  1.3429E-01 -1.7369E-01 -2.0575E-01
  2.5324E-01  1.3506E-01 -1.7530E-01 -2.0761E-01
  2.5479E-01  1.3583E-01 -1.7689E-01 -2.0945E-01
  2.5635E-01  1.3660E-01 -1.7847E-01 -2.1128E-01
  2.5792E-01  1.3738E-01 -1.8003E-01 -2.1308E-01
  2.5950E-01  1.3816E-01 -1.8157E-01 -2.1487E-01
  2.6109E-01  1.3895E-01 -1.8309E-01 -2.1663E-01
  2.6269E-01  1.3974E-01 -1.8460E-01 -2.1838E-01
  2.6430E-01  1.4053E-01 -1.8608E-01 -2.2011E-01
  2.6592E-01  1.4133E-01 -1.8755E-01 -2.2181E-01
  2.6754E-01  1.4213E-01 -1.8900E-01 -2.2350E-01
  2.6918E-01  1.4294E-01 -1.9043E-01 -2.2516E-01
  2.7083E-01  1.4375E-01 -1.9184E-01 -2.2680E-01
  2.7249E-01  1.4456E-01 -1.9322E-01 -2.2841E-01
  2.7416E-01  1.4538E-01 -1.9459E-01 -2.3001E-01
  2.7584E-01  1.4620E-01 -1.9594E-01 -2.3157E-01
  2.7752E-01  1.4702E-01 -1.9726E-01 -2.3312E-01
  2.7922E-01  1.4785E-01 -1.9856E-01 -2.3464E-01
  2.8093E-01  1.4868E-01 -1.9984E-01 -2.3614E-01
  2.8265E-01  1.4952E-01 -2.0110E-01 -2.3761E-01
  2.8438E-01  1.5035E-01 -2.0233E-01 -2.3905E-01
  2.8613E-01  1.5120E-01 -2.0354E-01 -2.4047E-01
  2.8788E-01  1.5205E-01 -2.0473E-01 -2.4186E-01
  2.8964E-01  1.5290E-01 -2.0589E-01 -2.4322E-01
  2.9141E-01  1.5375E-01 -2.0703E-01 -2.4456E-01
  2.9320E-01  1.5461E-01 -2.0814E-01 -2.4587E-01
  2.9499E-01  1.5547E-01 -2.0923E-01 -2.4715E-01
  2.9680E-01  1.5634E-01 -2.1029E-01 -2.4840E-01
  2.9862E-01  1.5721E-01 -2.1132E-01 -2.4962E-01
  3.0044E-01  1.5808E-01 -2.1233E-01 -2.5081E-01
  3.0228E-01  1.5896E-01 -2.1331E-01 -2.5197E-01
  3.0413E-01  1.5984E-01 -2.1426E-01 -2.5310E-01
  3.0600E-01  1.6073E-01 -2.1519E-01 -2.5420E-01
  3.0787E-01  1.6162E-01 -2.1608E-01 -2.5527E-01
  3.0975E-01  1.6251E-01 -2.1695E-01 -2.5630E-01
  3.1165E-01  1.6341E-01 -2.1779E-01 -2.5731E-01
  3.1356E-01  1.6431E-01 -2.1860E-01 -2.5828E-01
  3.1548E-01  1.6522E-01 -2.1938E-01 -2.5922E-01
  3.1741E-01  1.6612E-01 -2.2013E-01 -2.6012E-01
  3.1935E-01  1.6704E-01 -2.2085E-01 -2.6099E-01
  3.2131E-01  1.6795E-01 -2.2154E-01 -2.6183E-01
  3.2327E-01  1.6887E-01 -2.2220E-01 -2.6263E-01
  3.2525E-01  1.6980E-01 -2.2283E-01 -2.6340E-01
  3.2724E-01  1.7073E-01 -2.2343E-01 -2.6413E-01
  3.2925E-01  1.7166E-01 -2.2399E-01 -2.6483E-01
  3.3126E-01  1.7260E-01 -2.2452E-01 -2.6548E-01
  3.3329E-01  1.7354E-01 -2.2502E-01 -2.6611E-01
  3.3533E-01  1.7448E-01 -2.2549E-01 -2.6669E-01
  3.3738E-01  1.7543E-01 -2.2592E-01 -2.6724E-01
  3.3945E-01  1.7638E-01 -2.2632E-01 -2.6775E-01
  3.4152E-01  1.7733E-01 -2.2669E-01 -2.6823E-01
  3.4362E-01  1.7829E-01 -2.2702E-01 -2.6866E-01
  3.4572E-01  1.7925E-01 -2.2731E-01 -2.6906E-01
  3.4783E-01  1.8022E-01 -2.2757E-01 -2.6942E-01
  3.4996E-01  1.8119E-01 -2.2780E-01 -2.6973E-01
  3.5211E-01  1.8217E-01 -2.2799E-01 -2.7001E-01
  3.5426E-01  1.8314E-01 -2.2815E-01 -2.7025E-01
  3.5643E-01  1.8413E-01 -2.2827E-01 -2.7045E-01
  3.5861E-01  1.8511E-01 -2.2835E-01 -2.7061E-01
  3.6081E-01  1.8610E-01 -2.2840E-01 -2.7072E-01
  3.6301E-01  1.8709E-01 -2.2841E-01 -2.7080E-01
  3.6524E-01  1.8809E-01 -2.2838E-01 -2.7083E-01
  3.6747E-01  1.8909E-01 -2.2832E-01 -2.7082E-01
  3.6972E-01  1.9010E-01 -2.2821E-01 -2.7078E-01
  3.7198E-01  1.9110E-01 -2.2807E-01 -2.7068E-01
  3.7426E-01  1.9212E-01 -2.2790E-01 -2.7055E-01
  3.7655E-01  1.9313E-01 -2.2768E-01 -2.7037E-01
  3.7886E-01  1.9415E-01 -2.2743E-01 -2.7015E-01
  3.8117E-01  1.9517E-01 -2.2713E-01 -2.6989E-01
  3.8351E-01  1.9620E-01 -2.2680E-01 -2.6958E-01
  3.8585E-01  1.9723E-01 -2.2643E-01 -2.6923E-01
  3.8822E-01  1.9827E-01 -2.2602E-01 -2.6883E-01
  3.9059E-01  1.9930E-01 -2.2557E-01 -2.6839E-01
  3.9298E-01  2.0035E-01 -2.2508E-01 -2.6791E-01
  3.9539E-01  2.0139E-01 -2.2455E-01 -2.6738E-01
  3.9781E-01  2.0244E-01 -2.2398E-01 -2.6681E-01
  4.0024E-01  2.0349E-01 -2.2337E-01 -2.6619E-01
  4.0269E-01  2.0455E-01 -2.2272E-01 -2.6553E-01
  4.0516E-01  2.0561E-01 -2.2203E-01 -2.6482E-01
  4.0764E-01  2.0667E-01 -2.2130E-01 -2.6406E-01
  4.1013E-01  2.0774E-01 -2.2052E-01 -2.6326E-01
  4.1264E-01  2.0881E-01 -2.1971E-01 -2.6242E-01
  4.1517E-01  2.0988E-01 -2.1885E-01 -2.6152E-01
  4.1771E-01  2.1096E-01 -2.1796E-01 -2.6058E-01
  4.2026E-01  2.1204E-01 -2.1702E-01 -2.5960E-01
  4.2283E-01  2.1312E-01 -2.1604E-01 -2.5857E-01
  4.2542E-01  2.1421E-01 -2.1502E-01 -2.5749E-01
  4.2803E-01  2.1530E-01 -2.1396E-01 -2.5637E-01
  4.3064E-01  2.1640E-01 -2.1286E-01 -2.5520E-01
  4.3328E-01  2.1750E-01 -2.1171E-01 -2.5398E-01
  4.3593E-01  2.1860E-01 -2.1052E-01 -2.5271E-01
  4.3860E-01  2.1970E-01 -2.0929E-01 -2.5140E-01
  4.4128E-01  2.2081E-01 -2.0802E-01 -2.5004E-01
  4.4398E-01  2.2193E-01 -2.0671E-01 -2.4864E-01
  4.4670E-01  2.2304E-01 -2.0535E-01 -2.4718E-01
  4.4943E-01  2.2416E-01 -2.0395E-01 -2.4568E-01
  4.5218E-01  2.2528E-01 -2.0251E-01 -2.4414E-01
  4.5495E-01  2.2641E-01 -2.0103E-01 -2.4254E-01
  4.5774E-01  2.2754E-01 -1.9950E-01 -2.4090E-01
  4.6054E-01  2.2867E-01 -1.9794E-01 -2.3921E-01
  4.6335E-01  2.2981E-01 -1.9633E-01 -2.3748E-01
  4.6619E-01  2.3095E-01 -1.9468E-01 -2.3569E-01
  4.6904E-01  2.3209E-01 -1.9298E-01 -2.3386E-01
  4.7191E-01  2.3323E-01 -1.9124E-01 -2.3198E-01
  4.7480E-01  2.3438E-01 -1.8947E-01 -2.3006E-01
  4.7771E-01  2.3554E-01 -1.8764E-01 -2.2809E-01
  4.8063E-01  2.3669E-01 -1.8578E-01 -2.2607E-01
  4.8357E-01  2.3785E-01 -1.8388E-01 -2.2400E-01
  4.8653E-01  2.3901E-01 -1.8193E-01 -2.2189E-01
  4.8951E-01  2.4018E-01 -1.7994E-01 -2.1973E-01
  4.9250E-01  2.4135E-01 -1.7791E-01 -2.1752E-01
  4.9551E-01  2.4252E-01 -1.7583E-01 -2.1527E-01
  4.9855E-01  2.4370E-01 -1.7372E-01 -2.1297E-01
  5.0160E-01  2.4488E-01 -1.7156E-01 -2.1063E-01
  5.0467E-01  2.4606E-01 -1.6936E-01 -2.0823E-01
  5.0775E-01  2.4724E-01 -1.6712E-01 -2.0579E-01
  5.1086E-01  2.4843E-01 -1.6484E-01 -2.0331E-01
  5.1399E-01  2.4963E-01 -1.6252E-01 -2.0078E-01
  5.1713E-01  2.5082E-01 -1.6016E-01 -1.9820E-01
  5.2029E-01  2.5202E-01 -1.5775E-01 -1.9558E-01
  5.2348E-01  2.5322E-01 -1.5531E-01 -1.9292E-01
  5.2668E-01  2.5443E-01 -1.5282E-01 -1.9021E-01
  5.2990E-01  2.5564E-01 -1.5029E-01 -1.8745E-01
  5.3315E-01  2.5685E-01 -1.4772E-01 -1.8465E-01
  5.3641E-01  2.5806E-01 -1.4512E-01 -1.8180E-01
  5.3969E-01  2.5928E-01 -1.4247E-01 -1.7891E-01
  5.4299E-01  2.6051E-01 -1.3978E-01 -1.7598E-01
  5.4631E-01  2.6173E-01 -1.3705E-01 -1.7300E-01
  5.4966E-01  2.6296E-01 -1.3428E-01 -1.6998E-01
  5.5302E-01  2.6419E-01 -1.3148E-01 -1.6691E-01
  5.5640E-01  2.6543E-01 -1.2863E-01 -1.6380E-01
  5.5981E-01  2.6667E-01 -1.2575E-01 -1.6065E-01
  5.6323E-01  2.6791E-01 -1.2282E-01 -1.5746E-01
  5.6668E-01  2.6916E-01 -1.1986E-01 -1.5422E-01
  5.7015E-01  2.7041E-01 -1.1686E-01 -1.5094E-01
  5.7363E-01  2.7166E-01 -1.1382E-01 -1.4762E-01
  5.7714E-01  2.7292E-01 -1.1074E-01 -1.4426E-01
  5.8067E-01  2.7418E-01 -1.0763E-01 -1.4086E-01
  5.8423E-01  2.7545E-01 -1.0448E-01 -1.3741E-01
  5.8780E-01  2.7672E-01 -1.0129E-01 -1.3393E-01
  5.9140E-01  2.7799E-01 -9.8059E-02 -1.3040E-01
  5.9502E-01  2.7927E-01 -9.4796E-02 -1.2684E-01
  5.9866E-01  2.8055E-01 -9.1496E-02 -1.2323E-01
  6.0232E-01  2.8184E-01 -8.8160E-02 -1.1959E-01
  6.0600E-01  2.8313E-01 -8.4788E-02 -1.1590E-01
  6.0971E-01  2.8442E-01 -8.1380E-02 -1.1218E-01
  6.1344E-01  2.8572E-01 -7.7937E-02 -1.0842E-01
  6.1719E-01  2.8702E-01 -7.4459E-02 -1.0462E-01
  6.2097E-01  2.8833E-01 -7.0945E-02 -1.0079E-01
  6.2477E-01  2.8964E-01 -6.7397E-02 -9.6916E-02
  6.2859E-01  2.9096E-01 -6.3815E-02 -9.3006E-02
  6.3244E-01  2.9228E-01 -6.0198E-02 -8.9060E-02
  6.3631E-01  2.9361E-01 -5.6548E-02 -8.5078E-02
  6.4020E-01  2.9494E-01 -5.2864E-02 -8.1060E-02
  6.4411E-01  2.9628E-01 -4.9147E-02 -7.7006E-02
  6.4806E-01  2.9762E-01 -4.5397E-02 -7.2918E-02
  6.5202E-01  2.9897E-01 -4.1614E-02 -6.8795E-02
  6.5601E-01  3.0032E-01 -3.7798E-02 -6.4637E-02
  6.6002E-01  3.0168E-01 -3.3951E-02 -6.0446E-02
  6.6406E-01  3.0304E-01 -3.0071E-02 -5.6221E-02
  6.6812E-01  3.0441E-01 -2.6160E-02 -5.1964E-02
  6.7221E-01  3.0579E-01 -2.2218E-02 -4.7673E-02
  6.7632E-01  3.0717E-01 -1.8245E-02 -4.3350E-02
  6.8046E-01  3.0856E-01 -1.4241E-02 -3.8996E-02
  6.8462E-01  3.0996E-01 -1.0206E-02 -3.4609E-02
  6.8881E-01  3.1136E-01 -6.1413E-03 -3.0192E-02
  6.9302E-01  3.1277E-01 -2.0467E-03 -2.5744E-02
  6.9726E-01  3.1419E-01  2.0776E-03 -2.1265E-02
  7.0153E-01  3.1562E-01  6.2313E-03 -1.6757E-02
  7.0582E-01  3.1705E-01  1.0414E-02 -1.2219E-02
  7.1014E-01  3.1849E-01  1.4626E-02 -7.6516E-03
  7.1448E-01  3.1994E-01  1.8866E-02 -3.0555E-03
  7.1885E-01  3.2140E-01  2.3134E-02  1.5691E-03
  7.2325E-01  3.2287E-01  2.7431E-02  6.2217E-03
  7.2767E-01  3.2434E-01  3.1755E-02  1.0902E-02
  7.3212E-01  3.2583E-01  3.6108E-02  1.5610E-02
  7.3660E-01  3.2732E-01  4.0487E-02  2.0344E-02
  7.4111E-01  3.2883E-01  4.4893E-02  2.5106E-02
  7.4564E-01  3.3035E-01  4.9327E-02  2.9893E-02
  7.5020E-01  3.3187E-01  5.3787E-02  3.4707E-02
  7.5479E-01  3.3341E-01  5.8273E-02  3.9546E-02
  7.5941E-01  3.3496E-01  6.2786E-02  4.4410E-02
  7.6406E-01  3.3652E-01  6.7325E-02  4.9299E-02
  7.6873E-01  3.3809E-01  7.1889E-02  5.4213E-02
  7.7343E-01  3.3968E-01  7.6479E-02  5.9151E-02
  7.7816E-01  3.4128E-01  8.1095E-02  6.4113E-02
  7.8292E-01  3.4289E-01  8.5736E-02  6.9099E-02
  7.8771E-01  3.4451E-01  9.0402E-02  7.4108E-02
  7.9253E-01  3.4615E-01  9.5094E-02  7.9140E-02
  7.9738E-01  3.4781E-01  9.9809E-02  8.4195E-02
  8.0226E-01  3.4948E-01  1.0455E-01  8.9273E-02
  8.0716E-01  3.5116E-01  1.0932E-01  9.4373E-02
  8.1210E-01  3.5286E-01  1.1411E-01  9.9495E-02
  8.1707E-01  3.5458E-01  1.1892E-01  1.0464E-01
  8.2207E-01  3.5632E-01  1.2376E-01  1.0980E-01
  8.2709E-01  3.5807E-01  1.2862E-01  1.1499E-01
  8.3215E-01  3.5985E-01  1.3351E-01  1.2020E-01
  8.3724E-01  3.6164E-01  1.3842E-01  1.2543E-01
  8.4236E-01  3.6345E-01  1.4335E-01  1.3068E-01
  8.4752E-01  3.6528E-01  1.4831E-01  1.3595E-01
  8.5270E-01  3.6713E-01  1.5329E-01  1.4124E-01
  8.5792E-01  3.6901E-01  1.5830E-01  1.4655E-01
  8.6316E-01  3.7090E-01  1.6333E-01  1.5189E-01
  8.6844E-01  3.7282E-01  1.6839E-01  1.5724E-01
  8.7376E-01  3.7477E-01  1.7347E-01  1.6261E-01
  8.7910E-01  3.7674E-01  1.7857E-01  1.6800E-01
  8.8448E-01  3.7873E-01  1.8370E-01  1.7342E-01
  8.8989E-01  3.8075E-01  1.8885E-01  1.7885E-01
  8.9533E-01  3.8280E-01  1.9403E-01  1.8431E-01
  9.0081E-01  3.8487E-01  1.9923E-01  1.8978E-01
  9.0632E-01  3.8697E-01  2.0445E-01  1.9527E-01
  9.1186E-01  3.8911E-01  2.0970E-01  2.0079E-01
  9.1744E-01  3.9127E-01  2.1498E-01  2.0632E-01
  9.2305E-01  3.9347E-01  2.2028E-01  2.1188E-01
  9.2869E-01  3.9569E-01  2.2561E-01  2.1746E-01
  9.3438E-01  3.9795E-01  2.3096E-01  2.2306E-01
  9.4009E-01  4.0025E-01  2.3634E-01  2.2868E-01
  9.4584E-01  4.0258E-01  2.4175E-01  2.3432E-01
  9.5163E-01  4.0495E-01  2.4718E-01  2.3998E-01
  9.5745E-01  4.0735E-01  2.5264E-01  2.4567E-01
  9.6330E-01  4.0980E-01  2.5813E-01  2.5137E-01
  9.6919E-01  4.1228E-01  2.6364E-01  2.5710E-01
  9.7512E-01  4.1480E-01  2.6919E-01  2.6286E-01
  9.8109E-01  4.1737E-01  2.7476E-01  2.6864E-01
  9.8709E-01  4.1998E-01  2.8037E-01  2.7444E-01
  9.9312E-01  4.2264E-01  2.8600E-01  2.8027E-01
  9.9920E-01  4.2534E-01  2.9166E-01  2.8612E-01
  1.0053E+00  4.2809E-01  2.9736E-01  2.9200E-01
  1.0115E+00  4.3088E-01  3.0309E-01  2.9791E-01
  1.0176E+00  4.3373E-01  3.0885E-01  3.0384E-01
  1.0239E+00  4.3663E-01  3.1465E-01  3.0980E-01
  1.0301E+00  4.3958E-01  3.2048E-01  3.1579E-01
  1.0364E+00  4.4259E-01  3.2635E-01  3.2182E-01
  1.0428E+00  4.4565E-01  3.3225E-01  3.2787E-01
  1.0491E+00  4.4877E-01  3.3819E-01  3.3395E-01
  1.0556E+00  4.5195E-01  3.4417E-01  3.4007E-01
  1.0620E+00  4.5519E-01  3.5019E-01  3.4622E-01
  1.0685E+00  4.5849E-01  3.5625E-01  3.5241E-01
  1.0751E+00  4.6186E-01  3.6235E-01  3.5863E-01
  1.0816E+00  4.6529E-01  3.6849E-01  3.6489E-01
  1.0882E+00  4.6879E-01  3.7468E-01  3.7119E-01
  1.0949E+00  4.7236E-01  3.8091E-01  3.7753E-01
  1.1016E+00  4.7601E-01  3.8719E-01  3.8390E-01
  1.1083E+00  4.7972E-01  3.9351E-01  3.9032E-01
  1.1151E+00  4.8351E-01  3.9988E-01  3.9679E-01
  1.1219E+00  4.8738E-01  4.0630E-01  4.0330E-01
  1.1288E+00  4.9133E-01  4.1277E-01  4.0985E-01
  1.1357E+00  4.9535E-01  4.1930E-01  4.1645E-01
  1.1426E+00  4.9947E-01  4.2588E-01  4.2310E-01
  1.1496E+00  5.0366E-01  4.3251E-01  4.2980E-01
  1.1567E+00  5.0795E-01  4.3920E-01  4.3656E-01
  1.1637E+00  5.1233E-01  4.4595E-01  4.4337E-01
  1.1709E+00  5.1680E-01  4.5275E-01  4.5023E-01
  1.1780E+00  5.2136E-01  4.5962E-01  4.5715E-01
  1.1852E+00  5.2602E-01  4.6655E-01  4.6413E-01
  1.1925E+00  5.3078E-01  4.7354E-01  4.7117E-01
  1.1998E+00  5.3565E-01  4.8060E-01  4.7827E-01
  1.2071E+00  5.4062E-01  4.8773E-01  4.8544E-01
  1.2145E+00  5.4569E-01  4.9493E-01  4.9267E-01
  1.2219E+00  5.5088E-01  5.0220E-01  4.9997E-01
  1.2294E+00  5.5618E-01  5.0954E-01  5.0735E-01
  1.2369E+00  5.6160E-01  5.1696E-01  5.1480E-01
  1.2445E+00  5.6714E-01  5.2446E-01  5.2232E-01
  1.2521E+00  5.7280E-01  5.3204E-01  5.2992E-01
  1.2597E+00  5.7858E-01  5.3970E-01  5.3761E-01
  1.2674E+00  5.8450E-01  5.4745E-01  5.4537E-01
  1.2752E+00  5.9054E-01  5.5528E-01  5.5323E-01
  1.2830E+00  5.9672E-01  5.6321E-01  5.6117E-01
  1.2908E+00  6.0304E-01  5.7123E-01  5.6921E-01
  1.2987E+00  6.0950E-01  5.7935E-01  5.7734E-01
  1.3067E+00  6.1611E-01  5.8756E-01  5.8557E-01
  1.3147E+00  6.2286E-01  5.9589E-01  5.9390E-01
  1.3227E+00  6.2977E-01  6.0431E-01  6.0234E-01
  1.3308E+00  6.3683E-01  6.1285E-01  6.1089E-01
  1.3389E+00  6.4406E-01  6.2150E-01  6.1956E-01
  1.3471E+00  6.5145E-01  6.3027E-01  6.2834E-01
  1.3554E+00  6.5901E-01  6.3916E-01  6.3724E-01
  1.3636E+00  6.6674E-01  6.4818E-01  6.4626E-01
  1.3720E+00  6.7465E-01  6.5732E-01  6.5542E-01
  1.3804E+00  6.8274E-01  6.6660E-01  6.6471E-01
  1.3888E+00  6.9102E-01  6.7602E-01  6.7415E-01
  1.3973E+00  6.9948E-01  6.8559E-01  6.8372E-01
  1.4059E+00  7.0815E-01  6.9530E-01  6.9344E-01
  1.4145E+00  7.1701E-01  7.0516E-01  7.0332E-01
  1.4231E+00  7.2608E-01  7.1519E-01  7.1336E-01
  1.4318E+00  7.3536E-01  7.2538E-01  7.2357E-01
  1.4406E+00  7.4486E-01  7.3574E-01  7.3394E-01
  1.4494E+00  7.5458E-01  7.4627E-01  7.4449E-01
  1.4582E+00  7.6452E-01  7.5699E-01  7.5523E-01
  1.4672E+00  7.7470E-01  7.6789E-01  7.6615E-01
  1.4761E+00  7.8512E-01  7.7900E-01  7.7727E-01
  1.4852E+00  7.9578E-01  7.9030E-01  7.8860E-01
  1.4942E+00  8.0670E-01  8.0181E-01  8.0013E-01
  1.5034E+00  8.1787E-01  8.1354E-01  8.1188E-01
  1.5126E+00  8.2931E-01  8.2549E-01  8.2386E-01
  1.5218E+00  8.4102E-01  8.3767E-01  8.3607E-01
  1.5311E+00  8.5300E-01  8.5010E-01  8.4852E-01
  1.5405E+00  8.6527E-01  8.6277E-01  8.6122E-01
  1.5499E+00  8.7784E-01  8.7570E-01  8.7417E-01
  1.5594E+00  8.9071E-01  8.8889E-01  8.8740E-01
  1.5689E+00  9.0388E-01  9.0236E-01  9.0090E-01
  1.5785E+00  9.1737E-01  9.1611E-01  9.1469E-01
  1.5882E+00  9.3119E-01  9.3016E-01  9.2877E-01
  1.5979E+00  9.4534E-01  9.4451E-01  9.4316E-01
  1.6077E+00  9.5983E-01  9.5918E-01  9.5787E-01
  1.6175E+00  9.7468E-01  9.7418E-01  9.7290E-01
  1.6274E+00  9.8989E-01  9.8951E-01  9.8828E-01
  1.6373E+00  1.0055E+00  1.0052E+00  1.0040E+00
  1.6473E+00  1.0214E+00  1.0212E+00  1.0201E+00
  1.6574E+00  1.0378E+00  1.0377E+00  1.0366E+00
  1.6675E+00  1.0546E+00  1.0545E+00  1.0534E+00
  1.6777E+00  1.0717E+00  1.0717E+00  1.0707E+00
  1.6880E+00  1.0894E+00  1.0893E+00  1.0884E+00
  1.6983E+00  1.1074E+00  1.1074E+00  1.1065E+00
  1.7087E+00  1.1259E+00  1.1259E+00  1.1251E+00
  1.7192E+00  1.1449E+00  1.1449E+00  1.1441E+00
  1.7297E+00  1.1643E+00  1.1643E+00  1.1636E+00
  1.7403E+00  1.1843E+00  1.1843E+00  1.1836E+00
  1.7509E+00  1.2048E+00  1.2048E+00  1.2041E+00
  1.7616E+00  1.2258E+00  1.2258E+00  1.2252E+00
  1.7724E+00  1.2473E+00  1.2473E+00  1.2468E+00
  1.7832E+00  1.2695E+00  1.2695E+00  1.2690E+00
  1.7941E+00  1.2922E+00  1.2922E+00  1.2918E+00
  1.8051E+00  1.3156E+00  1.3156E+00  1.3152E+00
  1.8161E+00  1.3395E+00  1.3395E+00  1.3392E+00
  1.8272E+00  1.3642E+00  1.3642E+00  1.3639E+00
  1.8384E+00  1.3895E+00  1.3895E+00  1.3893E+00
  1.8497E+00  1.4156E+00  1.4156E+00  1.4154E+00
  1.8610E+00  1.4424E+00  1.4424E+00  1.4423E+00
  1.8723E+00  1.4699E+00  1.4699E+00  1.4699E+00
  1.8838E+00  1.4982E+00  1.4982E+00  1.4982E+00
  1.8953E+00  1.5274E+00  1.5274E+00  1.5275E+00
  1.9069E+00  1.5574E+00  1.5574E+00  1.5575E+00
  1.9186E+00  1.5883E+00  1.5883E+00  1.5885E+00
  1.9303E+00  1.6201E+00  1.6201E+00  1.6203E+00
  1.9421E+00  1.6529E+00  1.6529E+00  1.6532E+00
  1.9540E+00  1.6866E+00  1.6866E+00  1.6870E+00
  1.9659E+00  1.7214E+00  1.7214E+00  1.7218E+00
  1.9779E+00  1.7572E+00  1.7572E+00  1.7577E+00
  1.9900E+00  1.7942E+00  1.7942E+00  1.7947E+00
  2.0022E+00  1.8322E+00  1.8322E+00  1.8328E+00
