 # l=           1 energy=  -5.00000000000000     
  0.0000E+00  0.0000E+00  0.0000E+00  0.0000E+00
  2.4843E-06  2.4532E-12 -5.0187E-10 -7.3762E-10
  4.9838E-06  9.8730E-12 -1.6693E-09 -2.4645E-09
  7.4986E-06  2.2350E-11 -3.3742E-09 -5.0167E-09
  1.0029E-05  3.9978E-11 -5.5589E-09 -8.3449E-09
  1.2574E-05  6.2849E-11 -8.1896E-09 -1.2399E-08
  1.5136E-05  9.1059E-11 -1.1283E-08 -1.7117E-08
  1.7712E-05  1.2470E-10 -1.4811E-08 -2.2500E-08
  2.0305E-05  1.6388E-10 -1.8765E-08 -2.8533E-08
  2.2913E-05  2.0869E-10 -2.3143E-08 -3.5205E-08
  2.5538E-05  2.5923E-10 -2.7936E-08 -4.2512E-08
  2.8178E-05  3.1561E-10 -3.3144E-08 -5.0450E-08
  3.0835E-05  3.7793E-10 -3.8763E-08 -5.9017E-08
  3.3508E-05  4.4629E-10 -4.4794E-08 -6.8211E-08
  3.6197E-05  5.2080E-10 -5.1236E-08 -7.8032E-08
  3.8902E-05  6.0156E-10 -5.8089E-08 -8.8482E-08
  4.1625E-05  6.8869E-10 -6.5355E-08 -9.9562E-08
  4.4363E-05  7.8230E-10 -7.3036E-08 -1.1127E-07
  4.7119E-05  8.8250E-10 -8.1132E-08 -1.2362E-07
  4.9891E-05  9.8941E-10 -8.9647E-08 -1.3661E-07
  5.2681E-05  1.1031E-09 -9.8582E-08 -1.5024E-07
  5.5487E-05  1.2238E-09 -1.0794E-07 -1.6452E-07
  5.8310E-05  1.3515E-09 -1.1773E-07 -1.7945E-07
  6.1151E-05  1.4864E-09 -1.2794E-07 -1.9503E-07
  6.4009E-05  1.6286E-09 -1.3859E-07 -2.1128E-07
  6.6885E-05  1.7782E-09 -1.4968E-07 -2.2820E-07
  6.9778E-05  1.9354E-09 -1.6121E-07 -2.4580E-07
  7.2689E-05  2.1002E-09 -1.7318E-07 -2.6407E-07
  7.5618E-05  2.2729E-09 -1.8561E-07 -2.8304E-07
  7.8565E-05  2.4535E-09 -1.9849E-07 -3.0269E-07
  8.1529E-05  2.6421E-09 -2.1182E-07 -3.2305E-07
  8.4512E-05  2.8390E-09 -2.2562E-07 -3.4412E-07
  8.7513E-05  3.0442E-09 -2.3989E-07 -3.6591E-07
  9.0532E-05  3.2579E-09 -2.5464E-07 -3.8842E-07
  9.3570E-05  3.4802E-09 -2.6986E-07 -4.1166E-07
  9.6626E-05  3.7112E-09 -2.8557E-07 -4.3565E-07
  9.9701E-05  3.9512E-09 -3.0177E-07 -4.6039E-07
  1.0280E-04  4.2002E-09 -3.1846E-07 -4.8588E-07
  1.0591E-04  4.4585E-09 -3.3566E-07 -5.1214E-07
  1.0904E-04  4.7260E-09 -3.5336E-07 -5.3918E-07
  1.1219E-04  5.0031E-09 -3.7158E-07 -5.6700E-07
  1.1536E-04  5.2899E-09 -3.9031E-07 -5.9562E-07
  1.1855E-04  5.5864E-09 -4.0957E-07 -6.2505E-07
  1.2176E-04  5.8930E-09 -4.2937E-07 -6.5529E-07
  1.2499E-04  6.2097E-09 -4.4970E-07 -6.8635E-07
  1.2824E-04  6.5366E-09 -4.7058E-07 -7.1825E-07
  1.3151E-04  6.8741E-09 -4.9202E-07 -7.5099E-07
  1.3479E-04  7.2221E-09 -5.1401E-07 -7.8460E-07
  1.3810E-04  7.5810E-09 -5.3657E-07 -8.1907E-07
  1.4143E-04  7.9509E-09 -5.5970E-07 -8.5441E-07
  1.4478E-04  8.3319E-09 -5.8341E-07 -8.9065E-07
  1.4815E-04  8.7242E-09 -6.0772E-07 -9.2779E-07
  1.5154E-04  9.1280E-09 -6.3262E-07 -9.6584E-07
  1.5495E-04  9.5435E-09 -6.5812E-07 -1.0048E-06
  1.5838E-04  9.9709E-09 -6.8424E-07 -1.0447E-06
  1.6183E-04  1.0410E-08 -7.1097E-07 -1.0856E-06
  1.6531E-04  1.0862E-08 -7.3833E-07 -1.1274E-06
  1.6880E-04  1.1326E-08 -7.6633E-07 -1.1702E-06
  1.7232E-04  1.1803E-08 -7.9498E-07 -1.2140E-06
  1.7586E-04  1.2293E-08 -8.2427E-07 -1.2588E-06
  1.7942E-04  1.2795E-08 -8.5423E-07 -1.3046E-06
  1.8300E-04  1.3311E-08 -8.8486E-07 -1.3514E-06
  1.8660E-04  1.3841E-08 -9.1616E-07 -1.3993E-06
  1.9023E-04  1.4384E-08 -9.4816E-07 -1.4482E-06
  1.9387E-04  1.4940E-08 -9.8085E-07 -1.4982E-06
  1.9754E-04  1.5511E-08 -1.0143E-06 -1.5492E-06
  2.0123E-04  1.6097E-08 -1.0484E-06 -1.6014E-06
  2.0495E-04  1.6696E-08 -1.0832E-06 -1.6547E-06
  2.0869E-04  1.7311E-08 -1.1188E-06 -1.7091E-06
  2.1245E-04  1.7940E-08 -1.1551E-06 -1.7646E-06
  2.1623E-04  1.8585E-08 -1.1922E-06 -1.8213E-06
  2.2004E-04  1.9245E-08 -1.2300E-06 -1.8792E-06
  2.2387E-04  1.9921E-08 -1.2686E-06 -1.9382E-06
  2.2772E-04  2.0612E-08 -1.3080E-06 -1.9985E-06
  2.3160E-04  2.1320E-08 -1.3482E-06 -2.0599E-06
  2.3550E-04  2.2044E-08 -1.3892E-06 -2.1226E-06
  2.3942E-04  2.2785E-08 -1.4310E-06 -2.1866E-06
  2.4337E-04  2.3543E-08 -1.4737E-06 -2.2518E-06
  2.4734E-04  2.4317E-08 -1.5172E-06 -2.3184E-06
  2.5134E-04  2.5110E-08 -1.5615E-06 -2.3862E-06
  2.5536E-04  2.5919E-08 -1.6067E-06 -2.4553E-06
  2.5940E-04  2.6747E-08 -1.6528E-06 -2.5258E-06
  2.6347E-04  2.7593E-08 -1.6998E-06 -2.5976E-06
  2.6757E-04  2.8457E-08 -1.7476E-06 -2.6708E-06
  2.7169E-04  2.9341E-08 -1.7964E-06 -2.7454E-06
  2.7583E-04  3.0243E-08 -1.8461E-06 -2.8215E-06
  2.8000E-04  3.1164E-08 -1.8967E-06 -2.8989E-06
  2.8420E-04  3.2105E-08 -1.9483E-06 -2.9778E-06
  2.8842E-04  3.3066E-08 -2.0008E-06 -3.0582E-06
  2.9267E-04  3.4047E-08 -2.0543E-06 -3.1400E-06
  2.9694E-04  3.5049E-08 -2.1088E-06 -3.2234E-06
  3.0124E-04  3.6071E-08 -2.1643E-06 -3.3083E-06
  3.0557E-04  3.7115E-08 -2.2208E-06 -3.3947E-06
  3.0992E-04  3.8180E-08 -2.2783E-06 -3.4827E-06
  3.1430E-04  3.9266E-08 -2.3368E-06 -3.5723E-06
  3.1871E-04  4.0375E-08 -2.3965E-06 -3.6636E-06
  3.2314E-04  4.1506E-08 -2.4571E-06 -3.7564E-06
  3.2760E-04  4.2659E-08 -2.5189E-06 -3.8509E-06
  3.3209E-04  4.3836E-08 -2.5818E-06 -3.9471E-06
  3.3660E-04  4.5036E-08 -2.6457E-06 -4.0450E-06
  3.4114E-04  4.6260E-08 -2.7108E-06 -4.1447E-06
  3.4571E-04  4.7507E-08 -2.7771E-06 -4.2460E-06
  3.5031E-04  4.8779E-08 -2.8445E-06 -4.3492E-06
  3.5494E-04  5.0076E-08 -2.9130E-06 -4.4541E-06
  3.5959E-04  5.1398E-08 -2.9828E-06 -4.5609E-06
  3.6427E-04  5.2745E-08 -3.0537E-06 -4.6695E-06
  3.6899E-04  5.4119E-08 -3.1259E-06 -4.7799E-06
  3.7373E-04  5.5518E-08 -3.1993E-06 -4.8923E-06
  3.7850E-04  5.6944E-08 -3.2740E-06 -5.0066E-06
  3.8329E-04  5.8397E-08 -3.3499E-06 -5.1228E-06
  3.8812E-04  5.9877E-08 -3.4272E-06 -5.2410E-06
  3.9298E-04  6.1385E-08 -3.5057E-06 -5.3612E-06
  3.9787E-04  6.2922E-08 -3.5855E-06 -5.4834E-06
  4.0278E-04  6.4486E-08 -3.6667E-06 -5.6077E-06
  4.0773E-04  6.6080E-08 -3.7493E-06 -5.7341E-06
  4.1271E-04  6.7703E-08 -3.8332E-06 -5.8625E-06
  4.1771E-04  6.9356E-08 -3.9185E-06 -5.9931E-06
  4.2275E-04  7.1039E-08 -4.0052E-06 -6.1259E-06
  4.2782E-04  7.2753E-08 -4.0933E-06 -6.2608E-06
  4.3292E-04  7.4498E-08 -4.1829E-06 -6.3980E-06
  4.3805E-04  7.6274E-08 -4.2740E-06 -6.5374E-06
  4.4321E-04  7.8083E-08 -4.3666E-06 -6.6791E-06
  4.4841E-04  7.9924E-08 -4.4606E-06 -6.8231E-06
  4.5363E-04  8.1797E-08 -4.5562E-06 -6.9695E-06
  4.5889E-04  8.3704E-08 -4.6534E-06 -7.1182E-06
  4.6418E-04  8.5645E-08 -4.7521E-06 -7.2693E-06
  4.6950E-04  8.7620E-08 -4.8524E-06 -7.4229E-06
  4.7486E-04  8.9631E-08 -4.9543E-06 -7.5789E-06
  4.8025E-04  9.1676E-08 -5.0578E-06 -7.7374E-06
  4.8567E-04  9.3757E-08 -5.1630E-06 -7.8985E-06
  4.9112E-04  9.5874E-08 -5.2699E-06 -8.0621E-06
  4.9661E-04  9.8029E-08 -5.3784E-06 -8.2284E-06
  5.0213E-04  1.0022E-07 -5.4887E-06 -8.3973E-06
  5.0768E-04  1.0245E-07 -5.6007E-06 -8.5688E-06
  5.1327E-04  1.0472E-07 -5.7145E-06 -8.7431E-06
  5.1889E-04  1.0702E-07 -5.8301E-06 -8.9201E-06
  5.2455E-04  1.0937E-07 -5.9475E-06 -9.0998E-06
  5.3024E-04  1.1176E-07 -6.0668E-06 -9.2824E-06
  5.3597E-04  1.1418E-07 -6.1879E-06 -9.4679E-06
  5.4173E-04  1.1665E-07 -6.3108E-06 -9.6562E-06
  5.4752E-04  1.1916E-07 -6.4357E-06 -9.8475E-06
  5.5336E-04  1.2171E-07 -6.5626E-06 -1.0042E-05
  5.5922E-04  1.2431E-07 -6.6914E-06 -1.0239E-05
  5.6513E-04  1.2695E-07 -6.8221E-06 -1.0439E-05
  5.7107E-04  1.2963E-07 -6.9549E-06 -1.0643E-05
  5.7704E-04  1.3236E-07 -7.0898E-06 -1.0849E-05
  5.8305E-04  1.3513E-07 -7.2267E-06 -1.1059E-05
  5.8910E-04  1.3795E-07 -7.3657E-06 -1.1272E-05
  5.9519E-04  1.4081E-07 -7.5068E-06 -1.1488E-05
  6.0131E-04  1.4372E-07 -7.6500E-06 -1.1707E-05
  6.0747E-04  1.4668E-07 -7.7955E-06 -1.1930E-05
  6.1367E-04  1.4969E-07 -7.9431E-06 -1.2156E-05
  6.1991E-04  1.5275E-07 -8.0930E-06 -1.2386E-05
  6.2618E-04  1.5586E-07 -8.2452E-06 -1.2619E-05
  6.3249E-04  1.5902E-07 -8.3996E-06 -1.2855E-05
  6.3884E-04  1.6222E-07 -8.5564E-06 -1.3095E-05
  6.4523E-04  1.6549E-07 -8.7155E-06 -1.3339E-05
  6.5166E-04  1.6880E-07 -8.8770E-06 -1.3587E-05
  6.5813E-04  1.7217E-07 -9.0409E-06 -1.3838E-05
  6.6464E-04  1.7559E-07 -9.2073E-06 -1.4093E-05
  6.7119E-04  1.7907E-07 -9.3762E-06 -1.4351E-05
  6.7778E-04  1.8260E-07 -9.5475E-06 -1.4614E-05
  6.8440E-04  1.8619E-07 -9.7215E-06 -1.4880E-05
  6.9107E-04  1.8983E-07 -9.8979E-06 -1.5151E-05
  6.9778E-04  1.9354E-07 -1.0077E-05 -1.5425E-05
  7.0453E-04  1.9730E-07 -1.0259E-05 -1.5703E-05
  7.1132E-04  2.0112E-07 -1.0443E-05 -1.5986E-05
  7.1816E-04  2.0501E-07 -1.0630E-05 -1.6273E-05
  7.2503E-04  2.0895E-07 -1.0820E-05 -1.6564E-05
  7.3195E-04  2.1296E-07 -1.1013E-05 -1.6859E-05
  7.3891E-04  2.1702E-07 -1.1208E-05 -1.7158E-05
  7.4591E-04  2.2116E-07 -1.1407E-05 -1.7462E-05
  7.5295E-04  2.2535E-07 -1.1608E-05 -1.7770E-05
  7.6004E-04  2.2962E-07 -1.1812E-05 -1.8083E-05
  7.6717E-04  2.3395E-07 -1.2019E-05 -1.8401E-05
  7.7435E-04  2.3834E-07 -1.2230E-05 -1.8723E-05
  7.8157E-04  2.4281E-07 -1.2443E-05 -1.9049E-05
  7.8883E-04  2.4734E-07 -1.2659E-05 -1.9381E-05
  7.9614E-04  2.5194E-07 -1.2879E-05 -1.9717E-05
  8.0349E-04  2.5662E-07 -1.3101E-05 -2.0058E-05
  8.1088E-04  2.6136E-07 -1.3327E-05 -2.0404E-05
  8.1833E-04  2.6618E-07 -1.3556E-05 -2.0755E-05
  8.2581E-04  2.7108E-07 -1.3789E-05 -2.1111E-05
  8.3335E-04  2.7604E-07 -1.4024E-05 -2.1473E-05
  8.4093E-04  2.8109E-07 -1.4263E-05 -2.1839E-05
  8.4855E-04  2.8621E-07 -1.4506E-05 -2.2211E-05
  8.5622E-04  2.9141E-07 -1.4752E-05 -2.2588E-05
  8.6394E-04  2.9669E-07 -1.5002E-05 -2.2970E-05
  8.7171E-04  3.0204E-07 -1.5255E-05 -2.3358E-05
  8.7952E-04  3.0748E-07 -1.5511E-05 -2.3751E-05
  8.8738E-04  3.1300E-07 -1.5772E-05 -2.4150E-05
  8.9529E-04  3.1861E-07 -1.6036E-05 -2.4554E-05
  9.0325E-04  3.2430E-07 -1.6303E-05 -2.4965E-05
  9.1126E-04  3.3007E-07 -1.6575E-05 -2.5381E-05
  9.1931E-04  3.3593E-07 -1.6850E-05 -2.5803E-05
  9.2742E-04  3.4188E-07 -1.7130E-05 -2.6231E-05
  9.3557E-04  3.4792E-07 -1.7413E-05 -2.6665E-05
  9.4378E-04  3.5405E-07 -1.7700E-05 -2.7105E-05
  9.5203E-04  3.6027E-07 -1.7991E-05 -2.7552E-05
  9.6034E-04  3.6658E-07 -1.8287E-05 -2.8004E-05
  9.6869E-04  3.7299E-07 -1.8586E-05 -2.8463E-05
  9.7710E-04  3.7949E-07 -1.8890E-05 -2.8929E-05
  9.8556E-04  3.8609E-07 -1.9198E-05 -2.9401E-05
  9.9407E-04  3.9279E-07 -1.9510E-05 -2.9879E-05
  1.0026E-03  3.9958E-07 -1.9827E-05 -3.0365E-05
  1.0112E-03  4.0648E-07 -2.0148E-05 -3.0857E-05
  1.0199E-03  4.1348E-07 -2.0474E-05 -3.1356E-05
  1.0286E-03  4.2058E-07 -2.0804E-05 -3.1862E-05
  1.0374E-03  4.2778E-07 -2.1138E-05 -3.2375E-05
  1.0462E-03  4.3509E-07 -2.1478E-05 -3.2895E-05
  1.0551E-03  4.4251E-07 -2.1822E-05 -3.3422E-05
  1.0640E-03  4.5004E-07 -2.2171E-05 -3.3957E-05
  1.0730E-03  4.5767E-07 -2.2524E-05 -3.4499E-05
  1.0821E-03  4.6542E-07 -2.2883E-05 -3.5048E-05
  1.0912E-03  4.7328E-07 -2.3246E-05 -3.5605E-05
  1.1003E-03  4.8126E-07 -2.3615E-05 -3.6170E-05
  1.1095E-03  4.8935E-07 -2.3989E-05 -3.6743E-05
  1.1188E-03  4.9756E-07 -2.4367E-05 -3.7323E-05
  1.1281E-03  5.0589E-07 -2.4751E-05 -3.7912E-05
  1.1375E-03  5.1433E-07 -2.5141E-05 -3.8509E-05
  1.1470E-03  5.2290E-07 -2.5535E-05 -3.9114E-05
  1.1565E-03  5.3160E-07 -2.5935E-05 -3.9727E-05
  1.1660E-03  5.4042E-07 -2.6341E-05 -4.0348E-05
  1.1756E-03  5.4937E-07 -2.6752E-05 -4.0978E-05
  1.1853E-03  5.5844E-07 -2.7168E-05 -4.1617E-05
  1.1950E-03  5.6765E-07 -2.7591E-05 -4.2265E-05
  1.2048E-03  5.7699E-07 -2.8019E-05 -4.2921E-05
  1.2147E-03  5.8646E-07 -2.8453E-05 -4.3586E-05
  1.2246E-03  5.9607E-07 -2.8893E-05 -4.4260E-05
  1.2345E-03  6.0582E-07 -2.9339E-05 -4.4944E-05
  1.2446E-03  6.1571E-07 -2.9791E-05 -4.5637E-05
  1.2547E-03  6.2573E-07 -3.0249E-05 -4.6339E-05
  1.2648E-03  6.3590E-07 -3.0713E-05 -4.7051E-05
  1.2750E-03  6.4622E-07 -3.1184E-05 -4.7772E-05
  1.2853E-03  6.5668E-07 -3.1661E-05 -4.8504E-05
  1.2957E-03  6.6729E-07 -3.2144E-05 -4.9245E-05
  1.3061E-03  6.7805E-07 -3.2634E-05 -4.9996E-05
  1.3165E-03  6.8897E-07 -3.3131E-05 -5.0757E-05
  1.3271E-03  7.0003E-07 -3.3634E-05 -5.1529E-05
  1.3377E-03  7.1126E-07 -3.4145E-05 -5.2311E-05
  1.3483E-03  7.2264E-07 -3.4662E-05 -5.3104E-05
  1.3591E-03  7.3419E-07 -3.5186E-05 -5.3907E-05
  1.3699E-03  7.4590E-07 -3.5717E-05 -5.4721E-05
  1.3807E-03  7.5777E-07 -3.6255E-05 -5.5546E-05
  1.3916E-03  7.6981E-07 -3.6800E-05 -5.6382E-05
  1.4026E-03  7.8202E-07 -3.7353E-05 -5.7230E-05
  1.4137E-03  7.9440E-07 -3.7913E-05 -5.8088E-05
  1.4248E-03  8.0695E-07 -3.8481E-05 -5.8959E-05
  1.4360E-03  8.1968E-07 -3.9056E-05 -5.9841E-05
  1.4473E-03  8.3259E-07 -3.9639E-05 -6.0735E-05
  1.4586E-03  8.4568E-07 -4.0230E-05 -6.1640E-05
  1.4700E-03  8.5896E-07 -4.0829E-05 -6.2558E-05
  1.4815E-03  8.7242E-07 -4.1435E-05 -6.3488E-05
  1.4930E-03  8.8606E-07 -4.2050E-05 -6.4431E-05
  1.5046E-03  8.9990E-07 -4.2673E-05 -6.5386E-05
  1.5163E-03  9.1393E-07 -4.3304E-05 -6.6354E-05
  1.5281E-03  9.2815E-07 -4.3944E-05 -6.7335E-05
  1.5399E-03  9.4257E-07 -4.4592E-05 -6.8328E-05
  1.5518E-03  9.5720E-07 -4.5249E-05 -6.9335E-05
  1.5638E-03  9.7202E-07 -4.5915E-05 -7.0356E-05
  1.5758E-03  9.8706E-07 -4.6589E-05 -7.1390E-05
  1.5879E-03  1.0023E-06 -4.7272E-05 -7.2437E-05
  1.6001E-03  1.0177E-06 -4.7965E-05 -7.3499E-05
  1.6124E-03  1.0334E-06 -4.8666E-05 -7.4575E-05
  1.6247E-03  1.0493E-06 -4.9377E-05 -7.5665E-05
  1.6372E-03  1.0654E-06 -5.0097E-05 -7.6769E-05
  1.6497E-03  1.0817E-06 -5.0827E-05 -7.7888E-05
  1.6622E-03  1.0983E-06 -5.1566E-05 -7.9021E-05
  1.6749E-03  1.1150E-06 -5.2315E-05 -8.0170E-05
  1.6876E-03  1.1320E-06 -5.3074E-05 -8.1334E-05
  1.7004E-03  1.1493E-06 -5.3843E-05 -8.2513E-05
  1.7133E-03  1.1668E-06 -5.4622E-05 -8.3708E-05
  1.7262E-03  1.1845E-06 -5.5412E-05 -8.4918E-05
  1.7393E-03  1.2024E-06 -5.6212E-05 -8.6145E-05
  1.7524E-03  1.2206E-06 -5.7022E-05 -8.7387E-05
  1.7656E-03  1.2391E-06 -5.7843E-05 -8.8646E-05
  1.7789E-03  1.2578E-06 -5.8675E-05 -8.9921E-05
  1.7922E-03  1.2768E-06 -5.9517E-05 -9.1213E-05
  1.8057E-03  1.2960E-06 -6.0371E-05 -9.2522E-05
  1.8192E-03  1.3155E-06 -6.1236E-05 -9.3849E-05
  1.8328E-03  1.3352E-06 -6.2112E-05 -9.5192E-05
  1.8465E-03  1.3553E-06 -6.2999E-05 -9.6553E-05
  1.8603E-03  1.3755E-06 -6.3899E-05 -9.7932E-05
  1.8741E-03  1.3961E-06 -6.4810E-05 -9.9329E-05
  1.8881E-03  1.4170E-06 -6.5733E-05 -1.0074E-04
  1.9021E-03  1.4381E-06 -6.6668E-05 -1.0218E-04
  1.9162E-03  1.4595E-06 -6.7615E-05 -1.0363E-04
  1.9304E-03  1.4812E-06 -6.8574E-05 -1.0510E-04
  1.9447E-03  1.5032E-06 -6.9546E-05 -1.0659E-04
  1.9591E-03  1.5255E-06 -7.0531E-05 -1.0810E-04
  1.9735E-03  1.5481E-06 -7.1528E-05 -1.0963E-04
  1.9881E-03  1.5711E-06 -7.2538E-05 -1.1118E-04
  2.0027E-03  1.5943E-06 -7.3562E-05 -1.1275E-04
  2.0174E-03  1.6178E-06 -7.4599E-05 -1.1434E-04
  2.0323E-03  1.6417E-06 -7.5649E-05 -1.1595E-04
  2.0472E-03  1.6658E-06 -7.6713E-05 -1.1758E-04
  2.0622E-03  1.6903E-06 -7.7791E-05 -1.1924E-04
  2.0773E-03  1.7152E-06 -7.8882E-05 -1.2091E-04
  2.0924E-03  1.7403E-06 -7.9988E-05 -1.2261E-04
  2.1077E-03  1.7659E-06 -8.1108E-05 -1.2432E-04
  2.1231E-03  1.7917E-06 -8.2243E-05 -1.2606E-04
  2.1386E-03  1.8179E-06 -8.3392E-05 -1.2783E-04
  2.1541E-03  1.8444E-06 -8.4556E-05 -1.2961E-04
  2.1698E-03  1.8713E-06 -8.5735E-05 -1.3142E-04
  2.1855E-03  1.8986E-06 -8.6930E-05 -1.3325E-04
  2.2014E-03  1.9262E-06 -8.8139E-05 -1.3511E-04
  2.2173E-03  1.9542E-06 -8.9365E-05 -1.3699E-04
  2.2334E-03  1.9826E-06 -9.0606E-05 -1.3889E-04
  2.2495E-03  2.0114E-06 -9.1863E-05 -1.4082E-04
  2.2657E-03  2.0405E-06 -9.3136E-05 -1.4277E-04
  2.2821E-03  2.0701E-06 -9.4426E-05 -1.4475E-04
  2.2985E-03  2.1000E-06 -9.5732E-05 -1.4675E-04
  2.3150E-03  2.1303E-06 -9.7055E-05 -1.4878E-04
  2.3317E-03  2.1610E-06 -9.8395E-05 -1.5084E-04
  2.3484E-03  2.1922E-06 -9.9753E-05 -1.5292E-04
  2.3653E-03  2.2237E-06 -1.0113E-04 -1.5503E-04
  2.3822E-03  2.2557E-06 -1.0252E-04 -1.5716E-04
  2.3992E-03  2.2881E-06 -1.0393E-04 -1.5933E-04
  2.4164E-03  2.3209E-06 -1.0536E-04 -1.6152E-04
  2.4337E-03  2.3542E-06 -1.0680E-04 -1.6374E-04
  2.4510E-03  2.3879E-06 -1.0827E-04 -1.6598E-04
  2.4685E-03  2.4221E-06 -1.0975E-04 -1.6826E-04
  2.4861E-03  2.4567E-06 -1.1126E-04 -1.7056E-04
  2.5038E-03  2.4918E-06 -1.1278E-04 -1.7290E-04
  2.5215E-03  2.5273E-06 -1.1432E-04 -1.7526E-04
  2.5394E-03  2.5633E-06 -1.1588E-04 -1.7766E-04
  2.5575E-03  2.5998E-06 -1.1746E-04 -1.8008E-04
  2.5756E-03  2.6368E-06 -1.1906E-04 -1.8254E-04
  2.5938E-03  2.6742E-06 -1.2068E-04 -1.8502E-04
  2.6121E-03  2.7122E-06 -1.2233E-04 -1.8754E-04
  2.6306E-03  2.7507E-06 -1.2399E-04 -1.9009E-04
  2.6492E-03  2.7896E-06 -1.2567E-04 -1.9268E-04
  2.6679E-03  2.8291E-06 -1.2738E-04 -1.9529E-04
  2.6866E-03  2.8691E-06 -1.2911E-04 -1.9794E-04
  2.7056E-03  2.9096E-06 -1.3085E-04 -2.0063E-04
  2.7246E-03  2.9507E-06 -1.3263E-04 -2.0334E-04
  2.7437E-03  2.9923E-06 -1.3442E-04 -2.0610E-04
  2.7630E-03  3.0345E-06 -1.3624E-04 -2.0888E-04
  2.7824E-03  3.0772E-06 -1.3808E-04 -2.1170E-04
  2.8019E-03  3.1204E-06 -1.3994E-04 -2.1456E-04
  2.8215E-03  3.1643E-06 -1.4183E-04 -2.1746E-04
  2.8412E-03  3.2087E-06 -1.4374E-04 -2.2039E-04
  2.8611E-03  3.2537E-06 -1.4567E-04 -2.2336E-04
  2.8810E-03  3.2993E-06 -1.4763E-04 -2.2636E-04
  2.9011E-03  3.3455E-06 -1.4961E-04 -2.2940E-04
  2.9214E-03  3.3923E-06 -1.5162E-04 -2.3249E-04
  2.9417E-03  3.4397E-06 -1.5366E-04 -2.3561E-04
  2.9622E-03  3.4877E-06 -1.5572E-04 -2.3877E-04
  2.9828E-03  3.5364E-06 -1.5780E-04 -2.4197E-04
  3.0035E-03  3.5857E-06 -1.5992E-04 -2.4521E-04
  3.0243E-03  3.6357E-06 -1.6206E-04 -2.4849E-04
  3.0453E-03  3.6863E-06 -1.6422E-04 -2.5181E-04
  3.0664E-03  3.7375E-06 -1.6642E-04 -2.5518E-04
  3.0876E-03  3.7895E-06 -1.6864E-04 -2.5859E-04
  3.1090E-03  3.8421E-06 -1.7089E-04 -2.6204E-04
  3.1305E-03  3.8954E-06 -1.7316E-04 -2.6553E-04
  3.1521E-03  3.9494E-06 -1.7547E-04 -2.6907E-04
  3.1739E-03  4.0041E-06 -1.7780E-04 -2.7265E-04
  3.1958E-03  4.0595E-06 -1.8017E-04 -2.7628E-04
  3.2178E-03  4.1156E-06 -1.8256E-04 -2.7995E-04
  3.2399E-03  4.1725E-06 -1.8499E-04 -2.8367E-04
  3.2622E-03  4.2301E-06 -1.8744E-04 -2.8744E-04
  3.2847E-03  4.2885E-06 -1.8993E-04 -2.9125E-04
  3.3072E-03  4.3476E-06 -1.9244E-04 -2.9511E-04
  3.3299E-03  4.4075E-06 -1.9499E-04 -2.9902E-04
  3.3528E-03  4.4682E-06 -1.9757E-04 -3.0298E-04
  3.3758E-03  4.5297E-06 -2.0018E-04 -3.0699E-04
  3.3989E-03  4.5919E-06 -2.0283E-04 -3.1104E-04
  3.4221E-03  4.6550E-06 -2.0551E-04 -3.1515E-04
  3.4455E-03  4.7189E-06 -2.0822E-04 -3.1931E-04
  3.4691E-03  4.7836E-06 -2.1096E-04 -3.2353E-04
  3.4928E-03  4.8492E-06 -2.1374E-04 -3.2779E-04
  3.5166E-03  4.9156E-06 -2.1656E-04 -3.3211E-04
  3.5406E-03  4.9829E-06 -2.1941E-04 -3.3648E-04
  3.5647E-03  5.0511E-06 -2.2229E-04 -3.4091E-04
  3.5890E-03  5.1201E-06 -2.2521E-04 -3.4539E-04
  3.6134E-03  5.1900E-06 -2.2817E-04 -3.4993E-04
  3.6380E-03  5.2609E-06 -2.3117E-04 -3.5452E-04
  3.6628E-03  5.3326E-06 -2.3420E-04 -3.5917E-04
  3.6876E-03  5.4053E-06 -2.3727E-04 -3.6388E-04
  3.7127E-03  5.4789E-06 -2.4038E-04 -3.6865E-04
  3.7378E-03  5.5535E-06 -2.4352E-04 -3.7348E-04
  3.7632E-03  5.6290E-06 -2.4671E-04 -3.7837E-04
  3.7887E-03  5.7056E-06 -2.4993E-04 -3.8332E-04
  3.8143E-03  5.7831E-06 -2.5320E-04 -3.8833E-04
  3.8401E-03  5.8616E-06 -2.5650E-04 -3.9340E-04
  3.8661E-03  5.9411E-06 -2.5985E-04 -3.9854E-04
  3.8922E-03  6.0217E-06 -2.6324E-04 -4.0374E-04
  3.9185E-03  6.1032E-06 -2.6667E-04 -4.0900E-04
  3.9449E-03  6.1859E-06 -2.7014E-04 -4.1433E-04
  3.9715E-03  6.2696E-06 -2.7366E-04 -4.1973E-04
  3.9983E-03  6.3544E-06 -2.7722E-04 -4.2519E-04
  4.0252E-03  6.4403E-06 -2.8082E-04 -4.3072E-04
  4.0523E-03  6.5273E-06 -2.8447E-04 -4.3632E-04
  4.0796E-03  6.6154E-06 -2.8817E-04 -4.4199E-04
  4.1070E-03  6.7046E-06 -2.9191E-04 -4.4773E-04
  4.1346E-03  6.7950E-06 -2.9569E-04 -4.5353E-04
  4.1624E-03  6.8866E-06 -2.9952E-04 -4.5942E-04
  4.1903E-03  6.9793E-06 -3.0340E-04 -4.6537E-04
  4.2184E-03  7.0732E-06 -3.0733E-04 -4.7140E-04
  4.2467E-03  7.1684E-06 -3.1131E-04 -4.7750E-04
  4.2751E-03  7.2647E-06 -3.1533E-04 -4.8368E-04
  4.3037E-03  7.3623E-06 -3.1941E-04 -4.8993E-04
  4.3325E-03  7.4612E-06 -3.2353E-04 -4.9626E-04
  4.3615E-03  7.5613E-06 -3.2771E-04 -5.0267E-04
  4.3907E-03  7.6627E-06 -3.3194E-04 -5.0916E-04
  4.4200E-03  7.7654E-06 -3.3622E-04 -5.1573E-04
  4.4495E-03  7.8694E-06 -3.4055E-04 -5.2238E-04
  4.4792E-03  7.9748E-06 -3.4494E-04 -5.2911E-04
  4.5090E-03  8.0815E-06 -3.4938E-04 -5.3592E-04
  4.5391E-03  8.1896E-06 -3.5387E-04 -5.4282E-04
  4.5693E-03  8.2991E-06 -3.5842E-04 -5.4980E-04
  4.5998E-03  8.4099E-06 -3.6303E-04 -5.5687E-04
  4.6304E-03  8.5222E-06 -3.6769E-04 -5.6403E-04
  4.6612E-03  8.6360E-06 -3.7241E-04 -5.7127E-04
  4.6921E-03  8.7511E-06 -3.7719E-04 -5.7860E-04
  4.7233E-03  8.8678E-06 -3.8202E-04 -5.8603E-04
  4.7547E-03  8.9859E-06 -3.8692E-04 -5.9354E-04
  4.7862E-03  9.1056E-06 -3.9187E-04 -6.0114E-04
  4.8180E-03  9.2268E-06 -3.9689E-04 -6.0884E-04
  4.8499E-03  9.3495E-06 -4.0197E-04 -6.1664E-04
  4.8820E-03  9.4738E-06 -4.0711E-04 -6.2453E-04
  4.9144E-03  9.5997E-06 -4.1231E-04 -6.3251E-04
  4.9469E-03  9.7273E-06 -4.1758E-04 -6.4060E-04
  4.9796E-03  9.8564E-06 -4.2291E-04 -6.4878E-04
  5.0126E-03  9.9872E-06 -4.2831E-04 -6.5706E-04
  5.0457E-03  1.0120E-05 -4.3377E-04 -6.6544E-04
  5.0790E-03  1.0254E-05 -4.3930E-04 -6.7393E-04
  5.1126E-03  1.0390E-05 -4.4490E-04 -6.8252E-04
  5.1463E-03  1.0527E-05 -4.5056E-04 -6.9122E-04
  5.1802E-03  1.0667E-05 -4.5629E-04 -7.0002E-04
  5.2144E-03  1.0808E-05 -4.6210E-04 -7.0893E-04
  5.2488E-03  1.0951E-05 -4.6797E-04 -7.1794E-04
  5.2833E-03  1.1095E-05 -4.7392E-04 -7.2707E-04
  5.3181E-03  1.1242E-05 -4.7994E-04 -7.3631E-04
  5.3531E-03  1.1390E-05 -4.8603E-04 -7.4566E-04
  5.3883E-03  1.1541E-05 -4.9220E-04 -7.5513E-04
  5.4238E-03  1.1693E-05 -4.9844E-04 -7.6471E-04
  5.4594E-03  1.1847E-05 -5.0476E-04 -7.7441E-04
  5.4953E-03  1.2003E-05 -5.1115E-04 -7.8422E-04
  5.5314E-03  1.2161E-05 -5.1762E-04 -7.9416E-04
  5.5677E-03  1.2322E-05 -5.2418E-04 -8.0421E-04
  5.6042E-03  1.2484E-05 -5.3081E-04 -8.1439E-04
  5.6409E-03  1.2648E-05 -5.3752E-04 -8.2469E-04
  5.6779E-03  1.2814E-05 -5.4431E-04 -8.3512E-04
  5.7151E-03  1.2983E-05 -5.5119E-04 -8.4567E-04
  5.7525E-03  1.3153E-05 -5.5814E-04 -8.5635E-04
  5.7902E-03  1.3326E-05 -5.6519E-04 -8.6717E-04
  5.8281E-03  1.3501E-05 -5.7231E-04 -8.7811E-04
  5.8662E-03  1.3678E-05 -5.7953E-04 -8.8918E-04
  5.9045E-03  1.3858E-05 -5.8683E-04 -9.0039E-04
  5.9431E-03  1.4039E-05 -5.9422E-04 -9.1174E-04
  5.9819E-03  1.4223E-05 -6.0170E-04 -9.2322E-04
  6.0210E-03  1.4410E-05 -6.0927E-04 -9.3484E-04
  6.0603E-03  1.4598E-05 -6.1693E-04 -9.4660E-04
  6.0998E-03  1.4790E-05 -6.2469E-04 -9.5851E-04
  6.1396E-03  1.4983E-05 -6.3254E-04 -9.7056E-04
  6.1796E-03  1.5179E-05 -6.4048E-04 -9.8275E-04
  6.2199E-03  1.5377E-05 -6.4852E-04 -9.9509E-04
  6.2604E-03  1.5578E-05 -6.5666E-04 -1.0076E-03
  6.3011E-03  1.5782E-05 -6.6489E-04 -1.0202E-03
  6.3422E-03  1.5988E-05 -6.7322E-04 -1.0330E-03
  6.3834E-03  1.6197E-05 -6.8166E-04 -1.0460E-03
  6.4249E-03  1.6408E-05 -6.9019E-04 -1.0591E-03
  6.4667E-03  1.6622E-05 -6.9883E-04 -1.0723E-03
  6.5087E-03  1.6839E-05 -7.0757E-04 -1.0858E-03
  6.5510E-03  1.7058E-05 -7.1642E-04 -1.0993E-03
  6.5935E-03  1.7280E-05 -7.2538E-04 -1.1131E-03
  6.6363E-03  1.7505E-05 -7.3444E-04 -1.1270E-03
  6.6794E-03  1.7733E-05 -7.4361E-04 -1.1411E-03
  6.7227E-03  1.7964E-05 -7.5289E-04 -1.1553E-03
  6.7663E-03  1.8198E-05 -7.6228E-04 -1.1697E-03
  6.8101E-03  1.8434E-05 -7.7179E-04 -1.1843E-03
  6.8543E-03  1.8674E-05 -7.8141E-04 -1.1991E-03
  6.8986E-03  1.8917E-05 -7.9114E-04 -1.2141E-03
  6.9433E-03  1.9162E-05 -8.0099E-04 -1.2292E-03
  6.9882E-03  1.9411E-05 -8.1096E-04 -1.2445E-03
  7.0334E-03  1.9663E-05 -8.2105E-04 -1.2600E-03
  7.0789E-03  1.9918E-05 -8.3126E-04 -1.2757E-03
  7.1247E-03  2.0177E-05 -8.4159E-04 -1.2915E-03
  7.1707E-03  2.0438E-05 -8.5205E-04 -1.3076E-03
  7.2171E-03  2.0703E-05 -8.6263E-04 -1.3238E-03
  7.2637E-03  2.0972E-05 -8.7334E-04 -1.3403E-03
  7.3106E-03  2.1243E-05 -8.8417E-04 -1.3569E-03
  7.3577E-03  2.1518E-05 -8.9514E-04 -1.3737E-03
  7.4052E-03  2.1797E-05 -9.0623E-04 -1.3908E-03
  7.4530E-03  2.2079E-05 -9.1746E-04 -1.4080E-03
  7.5010E-03  2.2364E-05 -9.2883E-04 -1.4255E-03
  7.5494E-03  2.2654E-05 -9.4032E-04 -1.4431E-03
  7.5980E-03  2.2947E-05 -9.5196E-04 -1.4610E-03
  7.6469E-03  2.3243E-05 -9.6373E-04 -1.4791E-03
  7.6962E-03  2.3543E-05 -9.7565E-04 -1.4974E-03
  7.7457E-03  2.3847E-05 -9.8770E-04 -1.5159E-03
  7.7956E-03  2.4155E-05 -9.9990E-04 -1.5346E-03
  7.8457E-03  2.4467E-05 -1.0122E-03 -1.5536E-03
  7.8961E-03  2.4783E-05 -1.0247E-03 -1.5728E-03
  7.9469E-03  2.5102E-05 -1.0374E-03 -1.5922E-03
  7.9980E-03  2.5426E-05 -1.0502E-03 -1.6118E-03
  8.0494E-03  2.5754E-05 -1.0631E-03 -1.6317E-03
  8.1011E-03  2.6086E-05 -1.0762E-03 -1.6518E-03
  8.1531E-03  2.6422E-05 -1.0895E-03 -1.6721E-03
  8.2054E-03  2.6762E-05 -1.1029E-03 -1.6927E-03
  8.2580E-03  2.7106E-05 -1.1164E-03 -1.7136E-03
  8.3110E-03  2.7455E-05 -1.1302E-03 -1.7347E-03
  8.3643E-03  2.7808E-05 -1.1441E-03 -1.7560E-03
  8.4179E-03  2.8166E-05 -1.1581E-03 -1.7776E-03
  8.4719E-03  2.8528E-05 -1.1723E-03 -1.7994E-03
  8.5262E-03  2.8895E-05 -1.1867E-03 -1.8215E-03
  8.5808E-03  2.9266E-05 -1.2013E-03 -1.8439E-03
  8.6357E-03  2.9642E-05 -1.2160E-03 -1.8665E-03
  8.6910E-03  3.0023E-05 -1.2309E-03 -1.8894E-03
  8.7466E-03  3.0409E-05 -1.2460E-03 -1.9126E-03
  8.8026E-03  3.0799E-05 -1.2613E-03 -1.9360E-03
  8.8589E-03  3.1194E-05 -1.2767E-03 -1.9597E-03
  8.9155E-03  3.1594E-05 -1.2923E-03 -1.9837E-03
  8.9725E-03  3.2000E-05 -1.3081E-03 -2.0080E-03
  9.0299E-03  3.2410E-05 -1.3241E-03 -2.0326E-03
  9.0876E-03  3.2825E-05 -1.3403E-03 -2.0574E-03
  9.1456E-03  3.3246E-05 -1.3567E-03 -2.0826E-03
  9.2040E-03  3.3672E-05 -1.3732E-03 -2.1080E-03
  9.2628E-03  3.4103E-05 -1.3900E-03 -2.1338E-03
  9.3219E-03  3.4540E-05 -1.4070E-03 -2.1598E-03
  9.3813E-03  3.4982E-05 -1.4241E-03 -2.1862E-03
  9.4412E-03  3.5430E-05 -1.4415E-03 -2.2128E-03
  9.5014E-03  3.5883E-05 -1.4590E-03 -2.2398E-03
  9.5620E-03  3.6342E-05 -1.4768E-03 -2.2671E-03
  9.6229E-03  3.6807E-05 -1.4948E-03 -2.2947E-03
  9.6842E-03  3.7277E-05 -1.5130E-03 -2.3226E-03
  9.7459E-03  3.7753E-05 -1.5314E-03 -2.3509E-03
  9.8080E-03  3.8236E-05 -1.5500E-03 -2.3795E-03
  9.8704E-03  3.8724E-05 -1.5688E-03 -2.4084E-03
  9.9333E-03  3.9219E-05 -1.5879E-03 -2.4377E-03
  9.9965E-03  3.9720E-05 -1.6072E-03 -2.4673E-03
  1.0060E-02  4.0227E-05 -1.6267E-03 -2.4973E-03
  1.0124E-02  4.0740E-05 -1.6464E-03 -2.5276E-03
  1.0188E-02  4.1260E-05 -1.6663E-03 -2.5583E-03
  1.0253E-02  4.1786E-05 -1.6865E-03 -2.5893E-03
  1.0318E-02  4.2319E-05 -1.7070E-03 -2.6207E-03
  1.0384E-02  4.2858E-05 -1.7276E-03 -2.6524E-03
  1.0450E-02  4.3405E-05 -1.7485E-03 -2.6845E-03
  1.0516E-02  4.3958E-05 -1.7697E-03 -2.7170E-03
  1.0583E-02  4.4518E-05 -1.7911E-03 -2.7499E-03
  1.0650E-02  4.5085E-05 -1.8127E-03 -2.7832E-03
  1.0718E-02  4.5659E-05 -1.8346E-03 -2.8168E-03
  1.0786E-02  4.6240E-05 -1.8568E-03 -2.8508E-03
  1.0854E-02  4.6829E-05 -1.8792E-03 -2.8853E-03
  1.0923E-02  4.7425E-05 -1.9019E-03 -2.9201E-03
  1.0992E-02  4.8028E-05 -1.9248E-03 -2.9554E-03
  1.1062E-02  4.8639E-05 -1.9480E-03 -2.9910E-03
  1.1132E-02  4.9257E-05 -1.9715E-03 -3.0271E-03
  1.1203E-02  4.9884E-05 -1.9952E-03 -3.0635E-03
  1.1274E-02  5.0518E-05 -2.0192E-03 -3.1005E-03
  1.1345E-02  5.1160E-05 -2.0435E-03 -3.1378E-03
  1.1417E-02  5.1810E-05 -2.0681E-03 -3.1755E-03
  1.1489E-02  5.2468E-05 -2.0930E-03 -3.2138E-03
  1.1562E-02  5.3134E-05 -2.1181E-03 -3.2524E-03
  1.1635E-02  5.3809E-05 -2.1436E-03 -3.2915E-03
  1.1709E-02  5.4492E-05 -2.1693E-03 -3.3310E-03
  1.1783E-02  5.5183E-05 -2.1953E-03 -3.3710E-03
  1.1857E-02  5.5883E-05 -2.2217E-03 -3.4115E-03
  1.1932E-02  5.6592E-05 -2.2483E-03 -3.4524E-03
  1.2008E-02  5.7310E-05 -2.2752E-03 -3.4938E-03
  1.2084E-02  5.8037E-05 -2.3025E-03 -3.5357E-03
  1.2160E-02  5.8773E-05 -2.3301E-03 -3.5781E-03
  1.2237E-02  5.9518E-05 -2.3579E-03 -3.6209E-03
  1.2314E-02  6.0272E-05 -2.3861E-03 -3.6643E-03
  1.2392E-02  6.1035E-05 -2.4147E-03 -3.7081E-03
  1.2470E-02  6.1809E-05 -2.4435E-03 -3.7524E-03
  1.2549E-02  6.2591E-05 -2.4727E-03 -3.7973E-03
  1.2628E-02  6.3384E-05 -2.5022E-03 -3.8427E-03
  1.2708E-02  6.4186E-05 -2.5321E-03 -3.8886E-03
  1.2788E-02  6.4999E-05 -2.5623E-03 -3.9350E-03
  1.2869E-02  6.5821E-05 -2.5928E-03 -3.9819E-03
  1.2950E-02  6.6654E-05 -2.6237E-03 -4.0294E-03
  1.3031E-02  6.7497E-05 -2.6550E-03 -4.0774E-03
  1.3114E-02  6.8351E-05 -2.6866E-03 -4.1260E-03
  1.3196E-02  6.9215E-05 -2.7186E-03 -4.1752E-03
  1.3279E-02  7.0091E-05 -2.7509E-03 -4.2249E-03
  1.3363E-02  7.0977E-05 -2.7836E-03 -4.2751E-03
  1.3447E-02  7.1874E-05 -2.8167E-03 -4.3260E-03
  1.3532E-02  7.2782E-05 -2.8501E-03 -4.3774E-03
  1.3617E-02  7.3701E-05 -2.8840E-03 -4.4294E-03
  1.3703E-02  7.4632E-05 -2.9182E-03 -4.4820E-03
  1.3789E-02  7.5575E-05 -2.9528E-03 -4.5352E-03
  1.3876E-02  7.6529E-05 -2.9878E-03 -4.5890E-03
  1.3963E-02  7.7495E-05 -3.0232E-03 -4.6434E-03
  1.4051E-02  7.8473E-05 -3.0590E-03 -4.6985E-03
  1.4140E-02  7.9464E-05 -3.0952E-03 -4.7541E-03
  1.4229E-02  8.0466E-05 -3.1318E-03 -4.8104E-03
  1.4318E-02  8.1481E-05 -3.1689E-03 -4.8674E-03
  1.4408E-02  8.2509E-05 -3.2063E-03 -4.9250E-03
  1.4499E-02  8.3550E-05 -3.2442E-03 -4.9832E-03
  1.4590E-02  8.4603E-05 -3.2825E-03 -5.0421E-03
  1.4681E-02  8.5670E-05 -3.3213E-03 -5.1016E-03
  1.4774E-02  8.6749E-05 -3.3604E-03 -5.1619E-03
  1.4866E-02  8.7843E-05 -3.4001E-03 -5.2228E-03
  1.4960E-02  8.8949E-05 -3.4401E-03 -5.2844E-03
  1.5054E-02  9.0070E-05 -3.4807E-03 -5.3467E-03
  1.5148E-02  9.1205E-05 -3.5216E-03 -5.4097E-03
  1.5243E-02  9.2353E-05 -3.5631E-03 -5.4734E-03
  1.5339E-02  9.3516E-05 -3.6050E-03 -5.5379E-03
  1.5435E-02  9.4693E-05 -3.6474E-03 -5.6030E-03
  1.5532E-02  9.5885E-05 -3.6902E-03 -5.6689E-03
  1.5630E-02  9.7092E-05 -3.7335E-03 -5.7355E-03
  1.5728E-02  9.8314E-05 -3.7774E-03 -5.8029E-03
  1.5826E-02  9.9551E-05 -3.8217E-03 -5.8711E-03
  1.5926E-02  1.0080E-04 -3.8665E-03 -5.9400E-03
  1.6025E-02  1.0207E-04 -3.9118E-03 -6.0096E-03
  1.6126E-02  1.0335E-04 -3.9576E-03 -6.0801E-03
  1.6227E-02  1.0465E-04 -4.0040E-03 -6.1514E-03
  1.6329E-02  1.0597E-04 -4.0508E-03 -6.2234E-03
  1.6431E-02  1.0730E-04 -4.0982E-03 -6.2963E-03
  1.6534E-02  1.0865E-04 -4.1461E-03 -6.3699E-03
  1.6637E-02  1.1002E-04 -4.1945E-03 -6.4444E-03
  1.6742E-02  1.1140E-04 -4.2435E-03 -6.5197E-03
  1.6846E-02  1.1280E-04 -4.2930E-03 -6.5959E-03
  1.6952E-02  1.1421E-04 -4.3431E-03 -6.6729E-03
  1.7058E-02  1.1565E-04 -4.3937E-03 -6.7508E-03
  1.7165E-02  1.1710E-04 -4.4449E-03 -6.8295E-03
  1.7272E-02  1.1857E-04 -4.4967E-03 -6.9091E-03
  1.7380E-02  1.2006E-04 -4.5490E-03 -6.9896E-03
  1.7489E-02  1.2157E-04 -4.6020E-03 -7.0710E-03
  1.7599E-02  1.2309E-04 -4.6555E-03 -7.1533E-03
  1.7709E-02  1.2464E-04 -4.7096E-03 -7.2365E-03
  1.7819E-02  1.2620E-04 -4.7643E-03 -7.3207E-03
  1.7931E-02  1.2778E-04 -4.8196E-03 -7.4057E-03
  1.8043E-02  1.2939E-04 -4.8755E-03 -7.4917E-03
  1.8156E-02  1.3101E-04 -4.9320E-03 -7.5787E-03
  1.8269E-02  1.3265E-04 -4.9891E-03 -7.6666E-03
  1.8383E-02  1.3431E-04 -5.0469E-03 -7.7555E-03
  1.8498E-02  1.3600E-04 -5.1054E-03 -7.8454E-03
  1.8614E-02  1.3770E-04 -5.1644E-03 -7.9362E-03
  1.8730E-02  1.3943E-04 -5.2241E-03 -8.0281E-03
  1.8847E-02  1.4117E-04 -5.2845E-03 -8.1210E-03
  1.8965E-02  1.4294E-04 -5.3455E-03 -8.2149E-03
  1.9083E-02  1.4473E-04 -5.4072E-03 -8.3098E-03
  1.9202E-02  1.4655E-04 -5.4696E-03 -8.4058E-03
  1.9322E-02  1.4838E-04 -5.5327E-03 -8.5028E-03
  1.9443E-02  1.5024E-04 -5.5964E-03 -8.6009E-03
  1.9564E-02  1.5212E-04 -5.6609E-03 -8.7000E-03
  1.9686E-02  1.5403E-04 -5.7260E-03 -8.8003E-03
  1.9809E-02  1.5595E-04 -5.7919E-03 -8.9016E-03
  1.9933E-02  1.5791E-04 -5.8585E-03 -9.0041E-03
  2.0057E-02  1.5988E-04 -5.9258E-03 -9.1076E-03
  2.0182E-02  1.6188E-04 -5.9938E-03 -9.2123E-03
  2.0308E-02  1.6391E-04 -6.0626E-03 -9.3182E-03
  2.0435E-02  1.6596E-04 -6.1321E-03 -9.4252E-03
  2.0562E-02  1.6803E-04 -6.2024E-03 -9.5333E-03
  2.0690E-02  1.7013E-04 -6.2735E-03 -9.6427E-03
  2.0819E-02  1.7226E-04 -6.3453E-03 -9.7532E-03
  2.0949E-02  1.7442E-04 -6.4179E-03 -9.8649E-03
  2.1080E-02  1.7660E-04 -6.4912E-03 -9.9778E-03
  2.1211E-02  1.7880E-04 -6.5654E-03 -1.0092E-02
  2.1343E-02  1.8104E-04 -6.6404E-03 -1.0207E-02
  2.1476E-02  1.8330E-04 -6.7162E-03 -1.0324E-02
  2.1610E-02  1.8559E-04 -6.7928E-03 -1.0442E-02
  2.1745E-02  1.8791E-04 -6.8702E-03 -1.0561E-02
  2.1880E-02  1.9026E-04 -6.9485E-03 -1.0682E-02
  2.2016E-02  1.9263E-04 -7.0276E-03 -1.0803E-02
  2.2153E-02  1.9504E-04 -7.1075E-03 -1.0926E-02
  2.2291E-02  1.9748E-04 -7.1883E-03 -1.1051E-02
  2.2430E-02  1.9994E-04 -7.2700E-03 -1.1176E-02
  2.2570E-02  2.0244E-04 -7.3525E-03 -1.1304E-02
  2.2710E-02  2.0497E-04 -7.4360E-03 -1.1432E-02
  2.2851E-02  2.0752E-04 -7.5203E-03 -1.1562E-02
  2.2994E-02  2.1011E-04 -7.6055E-03 -1.1693E-02
  2.3137E-02  2.1274E-04 -7.6917E-03 -1.1826E-02
  2.3281E-02  2.1539E-04 -7.7787E-03 -1.1960E-02
  2.3425E-02  2.1808E-04 -7.8667E-03 -1.2095E-02
  2.3571E-02  2.2080E-04 -7.9556E-03 -1.2232E-02
  2.3718E-02  2.2355E-04 -8.0455E-03 -1.2370E-02
  2.3865E-02  2.2634E-04 -8.1363E-03 -1.2510E-02
  2.4014E-02  2.2916E-04 -8.2281E-03 -1.2651E-02
  2.4163E-02  2.3202E-04 -8.3208E-03 -1.2794E-02
  2.4313E-02  2.3492E-04 -8.4145E-03 -1.2939E-02
  2.4464E-02  2.3784E-04 -8.5093E-03 -1.3084E-02
  2.4616E-02  2.4081E-04 -8.6050E-03 -1.3232E-02
  2.4769E-02  2.4381E-04 -8.7017E-03 -1.3381E-02
  2.4923E-02  2.4685E-04 -8.7995E-03 -1.3531E-02
  2.5078E-02  2.4993E-04 -8.8983E-03 -1.3683E-02
  2.5234E-02  2.5304E-04 -8.9981E-03 -1.3837E-02
  2.5391E-02  2.5619E-04 -9.0989E-03 -1.3993E-02
  2.5548E-02  2.5939E-04 -9.2009E-03 -1.4150E-02
  2.5707E-02  2.6262E-04 -9.3039E-03 -1.4308E-02
  2.5867E-02  2.6589E-04 -9.4079E-03 -1.4468E-02
  2.6027E-02  2.6920E-04 -9.5131E-03 -1.4630E-02
  2.6189E-02  2.7255E-04 -9.6194E-03 -1.4794E-02
  2.6352E-02  2.7595E-04 -9.7267E-03 -1.4960E-02
  2.6515E-02  2.7938E-04 -9.8352E-03 -1.5127E-02
  2.6680E-02  2.8286E-04 -9.9448E-03 -1.5295E-02
  2.6845E-02  2.8638E-04 -1.0056E-02 -1.5466E-02
  2.7012E-02  2.8995E-04 -1.0168E-02 -1.5638E-02
  2.7180E-02  2.9356E-04 -1.0281E-02 -1.5813E-02
  2.7348E-02  2.9721E-04 -1.0395E-02 -1.5989E-02
  2.7518E-02  3.0091E-04 -1.0510E-02 -1.6166E-02
  2.7689E-02  3.0465E-04 -1.0627E-02 -1.6346E-02
  2.7860E-02  3.0844E-04 -1.0745E-02 -1.6528E-02
  2.8033E-02  3.1228E-04 -1.0864E-02 -1.6711E-02
  2.8207E-02  3.1616E-04 -1.0984E-02 -1.6896E-02
  2.8382E-02  3.2010E-04 -1.1105E-02 -1.7084E-02
  2.8558E-02  3.2408E-04 -1.1228E-02 -1.7273E-02
  2.8735E-02  3.2811E-04 -1.1352E-02 -1.7464E-02
  2.8913E-02  3.3219E-04 -1.1477E-02 -1.7657E-02
  2.9093E-02  3.3632E-04 -1.1604E-02 -1.7852E-02
  2.9273E-02  3.4050E-04 -1.1732E-02 -1.8049E-02
  2.9454E-02  3.4473E-04 -1.1861E-02 -1.8248E-02
  2.9637E-02  3.4902E-04 -1.1992E-02 -1.8449E-02
  2.9821E-02  3.5336E-04 -1.2123E-02 -1.8652E-02
  3.0005E-02  3.5775E-04 -1.2256E-02 -1.8857E-02
  3.0191E-02  3.6219E-04 -1.2391E-02 -1.9065E-02
  3.0378E-02  3.6669E-04 -1.2527E-02 -1.9274E-02
  3.0567E-02  3.7125E-04 -1.2664E-02 -1.9486E-02
  3.0756E-02  3.7586E-04 -1.2803E-02 -1.9699E-02
  3.0946E-02  3.8053E-04 -1.2943E-02 -1.9915E-02
  3.1138E-02  3.8526E-04 -1.3084E-02 -2.0133E-02
  3.1331E-02  3.9004E-04 -1.3227E-02 -2.0353E-02
  3.1525E-02  3.9489E-04 -1.3371E-02 -2.0576E-02
  3.1720E-02  3.9979E-04 -1.3517E-02 -2.0801E-02
  3.1917E-02  4.0476E-04 -1.3664E-02 -2.1028E-02
  3.2114E-02  4.0978E-04 -1.3813E-02 -2.1257E-02
  3.2313E-02  4.1487E-04 -1.3963E-02 -2.1488E-02
  3.2513E-02  4.2002E-04 -1.4115E-02 -2.1722E-02
  3.2714E-02  4.2523E-04 -1.4268E-02 -2.1958E-02
  3.2917E-02  4.3051E-04 -1.4423E-02 -2.2197E-02
  3.3121E-02  4.3586E-04 -1.4579E-02 -2.2438E-02
  3.3326E-02  4.4127E-04 -1.4737E-02 -2.2681E-02
  3.3532E-02  4.4674E-04 -1.4896E-02 -2.2927E-02
  3.3739E-02  4.5229E-04 -1.5057E-02 -2.3175E-02
  3.3948E-02  4.5790E-04 -1.5220E-02 -2.3426E-02
  3.4158E-02  4.6358E-04 -1.5384E-02 -2.3679E-02
  3.4369E-02  4.6933E-04 -1.5549E-02 -2.3935E-02
  3.4582E-02  4.7515E-04 -1.5717E-02 -2.4193E-02
  3.4796E-02  4.8104E-04 -1.5886E-02 -2.4454E-02
  3.5011E-02  4.8701E-04 -1.6056E-02 -2.4717E-02
  3.5228E-02  4.9305E-04 -1.6229E-02 -2.4983E-02
  3.5446E-02  4.9917E-04 -1.6403E-02 -2.5251E-02
  3.5665E-02  5.0535E-04 -1.6579E-02 -2.5522E-02
  3.5885E-02  5.1162E-04 -1.6756E-02 -2.5796E-02
  3.6107E-02  5.1796E-04 -1.6935E-02 -2.6072E-02
  3.6330E-02  5.2439E-04 -1.7116E-02 -2.6352E-02
  3.6555E-02  5.3089E-04 -1.7299E-02 -2.6633E-02
  3.6781E-02  5.3747E-04 -1.7483E-02 -2.6918E-02
  3.7008E-02  5.4413E-04 -1.7669E-02 -2.7205E-02
  3.7237E-02  5.5087E-04 -1.7857E-02 -2.7496E-02
  3.7467E-02  5.5770E-04 -1.8047E-02 -2.7788E-02
  3.7699E-02  5.6461E-04 -1.8239E-02 -2.8084E-02
  3.7932E-02  5.7160E-04 -1.8432E-02 -2.8383E-02
  3.8166E-02  5.7869E-04 -1.8628E-02 -2.8684E-02
  3.8402E-02  5.8586E-04 -1.8825E-02 -2.8989E-02
  3.8639E-02  5.9311E-04 -1.9024E-02 -2.9296E-02
  3.8878E-02  6.0046E-04 -1.9225E-02 -2.9606E-02
  3.9118E-02  6.0790E-04 -1.9428E-02 -2.9920E-02
  3.9360E-02  6.1543E-04 -1.9633E-02 -3.0236E-02
  3.9603E-02  6.2305E-04 -1.9840E-02 -3.0555E-02
  3.9847E-02  6.3077E-04 -2.0048E-02 -3.0877E-02
  4.0094E-02  6.3858E-04 -2.0259E-02 -3.1202E-02
  4.0341E-02  6.4648E-04 -2.0472E-02 -3.1531E-02
  4.0590E-02  6.5449E-04 -2.0686E-02 -3.1862E-02
  4.0841E-02  6.6259E-04 -2.0903E-02 -3.2197E-02
  4.1093E-02  6.7079E-04 -2.1122E-02 -3.2535E-02
  4.1347E-02  6.7910E-04 -2.1343E-02 -3.2876E-02
  4.1602E-02  6.8750E-04 -2.1565E-02 -3.3220E-02
  4.1859E-02  6.9601E-04 -2.1790E-02 -3.3567E-02
  4.2117E-02  7.0462E-04 -2.2017E-02 -3.3918E-02
  4.2377E-02  7.1334E-04 -2.2246E-02 -3.4272E-02
  4.2639E-02  7.2217E-04 -2.2478E-02 -3.4629E-02
  4.2902E-02  7.3111E-04 -2.2711E-02 -3.4989E-02
  4.3167E-02  7.4015E-04 -2.2946E-02 -3.5353E-02
  4.3433E-02  7.4931E-04 -2.3184E-02 -3.5720E-02
  4.3701E-02  7.5858E-04 -2.3424E-02 -3.6091E-02
  4.3971E-02  7.6796E-04 -2.3666E-02 -3.6465E-02
  4.4242E-02  7.7746E-04 -2.3910E-02 -3.6842E-02
  4.4515E-02  7.8708E-04 -2.4157E-02 -3.7223E-02
  4.4790E-02  7.9681E-04 -2.4406E-02 -3.7607E-02
  4.5066E-02  8.0667E-04 -2.4657E-02 -3.7995E-02
  4.5344E-02  8.1664E-04 -2.4910E-02 -3.8387E-02
  4.5624E-02  8.2674E-04 -2.5165E-02 -3.8782E-02
  4.5905E-02  8.3696E-04 -2.5423E-02 -3.9180E-02
  4.6188E-02  8.4731E-04 -2.5683E-02 -3.9582E-02
  4.6473E-02  8.5779E-04 -2.5946E-02 -3.9988E-02
  4.6760E-02  8.6839E-04 -2.6211E-02 -4.0397E-02
  4.7048E-02  8.7913E-04 -2.6478E-02 -4.0811E-02
  4.7338E-02  8.8999E-04 -2.6748E-02 -4.1227E-02
  4.7630E-02  9.0099E-04 -2.7020E-02 -4.1648E-02
  4.7924E-02  9.1213E-04 -2.7294E-02 -4.2072E-02
  4.8219E-02  9.2340E-04 -2.7571E-02 -4.2500E-02
  4.8517E-02  9.3481E-04 -2.7850E-02 -4.2932E-02
  4.8816E-02  9.4636E-04 -2.8132E-02 -4.3368E-02
  4.9117E-02  9.5806E-04 -2.8416E-02 -4.3808E-02
  4.9420E-02  9.6989E-04 -2.8703E-02 -4.4251E-02
  4.9724E-02  9.8188E-04 -2.8992E-02 -4.4698E-02
  5.0031E-02  9.9401E-04 -2.9284E-02 -4.5150E-02
  5.0339E-02  1.0063E-03 -2.9578E-02 -4.5605E-02
  5.0649E-02  1.0187E-03 -2.9875E-02 -4.6064E-02
  5.0961E-02  1.0313E-03 -3.0175E-02 -4.6527E-02
  5.1276E-02  1.0440E-03 -3.0477E-02 -4.6995E-02
  5.1591E-02  1.0569E-03 -3.0781E-02 -4.7466E-02
  5.1909E-02  1.0700E-03 -3.1089E-02 -4.7941E-02
  5.2229E-02  1.0832E-03 -3.1399E-02 -4.8421E-02
  5.2551E-02  1.0966E-03 -3.1711E-02 -4.8904E-02
  5.2875E-02  1.1101E-03 -3.2026E-02 -4.9392E-02
  5.3201E-02  1.1238E-03 -3.2344E-02 -4.9884E-02
  5.3528E-02  1.1377E-03 -3.2665E-02 -5.0380E-02
  5.3858E-02  1.1517E-03 -3.2988E-02 -5.0880E-02
  5.4190E-02  1.1659E-03 -3.3314E-02 -5.1385E-02
  5.4524E-02  1.1803E-03 -3.3643E-02 -5.1894E-02
  5.4859E-02  1.1949E-03 -3.3974E-02 -5.2407E-02
  5.5197E-02  1.2097E-03 -3.4308E-02 -5.2924E-02
  5.5537E-02  1.2246E-03 -3.4645E-02 -5.3446E-02
  5.5879E-02  1.2397E-03 -3.4985E-02 -5.3972E-02
  5.6223E-02  1.2550E-03 -3.5328E-02 -5.4503E-02
  5.6570E-02  1.2705E-03 -3.5673E-02 -5.5038E-02
  5.6918E-02  1.2862E-03 -3.6021E-02 -5.5577E-02
  5.7268E-02  1.3020E-03 -3.6373E-02 -5.6121E-02
  5.7621E-02  1.3181E-03 -3.6727E-02 -5.6669E-02
  5.7976E-02  1.3343E-03 -3.7084E-02 -5.7222E-02
  5.8333E-02  1.3508E-03 -3.7443E-02 -5.7779E-02
  5.8692E-02  1.3675E-03 -3.7806E-02 -5.8341E-02
  5.9053E-02  1.3843E-03 -3.8172E-02 -5.8908E-02
  5.9417E-02  1.4014E-03 -3.8540E-02 -5.9479E-02
  5.9782E-02  1.4187E-03 -3.8912E-02 -6.0055E-02
  6.0150E-02  1.4362E-03 -3.9286E-02 -6.0635E-02
  6.0521E-02  1.4539E-03 -3.9664E-02 -6.1220E-02
  6.0893E-02  1.4718E-03 -4.0044E-02 -6.1810E-02
  6.1268E-02  1.4900E-03 -4.0428E-02 -6.2404E-02
  6.1645E-02  1.5083E-03 -4.0814E-02 -6.3003E-02
  6.2024E-02  1.5269E-03 -4.1204E-02 -6.3607E-02
  6.2406E-02  1.5458E-03 -4.1596E-02 -6.4215E-02
  6.2790E-02  1.5648E-03 -4.1992E-02 -6.4829E-02
  6.3176E-02  1.5841E-03 -4.2391E-02 -6.5447E-02
  6.3565E-02  1.6036E-03 -4.2792E-02 -6.6070E-02
  6.3956E-02  1.6234E-03 -4.3197E-02 -6.6698E-02
  6.4350E-02  1.6434E-03 -4.3605E-02 -6.7331E-02
  6.4746E-02  1.6636E-03 -4.4016E-02 -6.7968E-02
  6.5144E-02  1.6841E-03 -4.4430E-02 -6.8611E-02
  6.5545E-02  1.7049E-03 -4.4848E-02 -6.9258E-02
  6.5948E-02  1.7259E-03 -4.5268E-02 -6.9911E-02
  6.6354E-02  1.7472E-03 -4.5692E-02 -7.0568E-02
  6.6762E-02  1.7687E-03 -4.6119E-02 -7.1230E-02
  6.7172E-02  1.7905E-03 -4.6549E-02 -7.1898E-02
  6.7586E-02  1.8125E-03 -4.6982E-02 -7.2570E-02
  6.8001E-02  1.8349E-03 -4.7419E-02 -7.3247E-02
  6.8420E-02  1.8575E-03 -4.7858E-02 -7.3930E-02
  6.8840E-02  1.8803E-03 -4.8301E-02 -7.4617E-02
  6.9264E-02  1.9035E-03 -4.8747E-02 -7.5310E-02
  6.9690E-02  1.9269E-03 -4.9197E-02 -7.6008E-02
  7.0118E-02  1.9507E-03 -4.9650E-02 -7.6711E-02
  7.0549E-02  1.9747E-03 -5.0105E-02 -7.7418E-02
  7.0983E-02  1.9990E-03 -5.0565E-02 -7.8132E-02
  7.1420E-02  2.0236E-03 -5.1027E-02 -7.8850E-02
  7.1859E-02  2.0485E-03 -5.1493E-02 -7.9573E-02
  7.2301E-02  2.0737E-03 -5.1962E-02 -8.0302E-02
  7.2745E-02  2.0993E-03 -5.2434E-02 -8.1036E-02
  7.3192E-02  2.1251E-03 -5.2910E-02 -8.1775E-02
  7.3642E-02  2.1512E-03 -5.3389E-02 -8.2519E-02
  7.4095E-02  2.1777E-03 -5.3871E-02 -8.3269E-02
  7.4550E-02  2.2045E-03 -5.4357E-02 -8.4023E-02
  7.5009E-02  2.2317E-03 -5.4846E-02 -8.4783E-02
  7.5470E-02  2.2591E-03 -5.5338E-02 -8.5549E-02
  7.5934E-02  2.2869E-03 -5.5834E-02 -8.6319E-02
  7.6400E-02  2.3150E-03 -5.6333E-02 -8.7095E-02
  7.6870E-02  2.3435E-03 -5.6835E-02 -8.7876E-02
  7.7342E-02  2.3724E-03 -5.7341E-02 -8.8663E-02
  7.7818E-02  2.4015E-03 -5.7850E-02 -8.9455E-02
  7.8296E-02  2.4311E-03 -5.8363E-02 -9.0252E-02
  7.8777E-02  2.4610E-03 -5.8879E-02 -9.1054E-02
  7.9261E-02  2.4913E-03 -5.9398E-02 -9.1862E-02
  7.9748E-02  2.5219E-03 -5.9921E-02 -9.2675E-02
  8.0238E-02  2.5529E-03 -6.0447E-02 -9.3494E-02
  8.0731E-02  2.5843E-03 -6.0976E-02 -9.4318E-02
  8.1228E-02  2.6161E-03 -6.1509E-02 -9.5147E-02
  8.1727E-02  2.6482E-03 -6.2045E-02 -9.5982E-02
  8.2229E-02  2.6808E-03 -6.2585E-02 -9.6822E-02
  8.2734E-02  2.7138E-03 -6.3128E-02 -9.7667E-02
  8.3242E-02  2.7471E-03 -6.3674E-02 -9.8518E-02
  8.3754E-02  2.7809E-03 -6.4224E-02 -9.9374E-02
  8.4268E-02  2.8151E-03 -6.4777E-02 -1.0024E-01
  8.4786E-02  2.8497E-03 -6.5334E-02 -1.0110E-01
  8.5307E-02  2.8847E-03 -6.5894E-02 -1.0197E-01
  8.5831E-02  2.9201E-03 -6.6457E-02 -1.0285E-01
  8.6358E-02  2.9560E-03 -6.7024E-02 -1.0374E-01
  8.6889E-02  2.9924E-03 -6.7594E-02 -1.0462E-01
  8.7422E-02  3.0291E-03 -6.8167E-02 -1.0552E-01
  8.7959E-02  3.0663E-03 -6.8744E-02 -1.0642E-01
  8.8499E-02  3.1040E-03 -6.9324E-02 -1.0732E-01
  8.9043E-02  3.1421E-03 -6.9908E-02 -1.0823E-01
  8.9590E-02  3.1807E-03 -7.0495E-02 -1.0915E-01
  9.0140E-02  3.2198E-03 -7.1085E-02 -1.1007E-01
  9.0694E-02  3.2593E-03 -7.1679E-02 -1.1099E-01
  9.1251E-02  3.2994E-03 -7.2276E-02 -1.1192E-01
  9.1811E-02  3.3399E-03 -7.2876E-02 -1.1286E-01
  9.2375E-02  3.3809E-03 -7.3479E-02 -1.1380E-01
  9.2942E-02  3.4224E-03 -7.4086E-02 -1.1475E-01
  9.3513E-02  3.4644E-03 -7.4697E-02 -1.1570E-01
  9.4087E-02  3.5070E-03 -7.5310E-02 -1.1666E-01
  9.4665E-02  3.5500E-03 -7.5927E-02 -1.1762E-01
  9.5246E-02  3.5936E-03 -7.6547E-02 -1.1859E-01
  9.5831E-02  3.6377E-03 -7.7170E-02 -1.1956E-01
  9.6419E-02  3.6824E-03 -7.7797E-02 -1.2054E-01
  9.7011E-02  3.7276E-03 -7.8426E-02 -1.2152E-01
  9.7607E-02  3.7733E-03 -7.9059E-02 -1.2251E-01
  9.8206E-02  3.8196E-03 -7.9696E-02 -1.2351E-01
  9.8809E-02  3.8665E-03 -8.0335E-02 -1.2451E-01
  9.9415E-02  3.9139E-03 -8.0977E-02 -1.2551E-01
  1.0003E-01  3.9619E-03 -8.1623E-02 -1.2652E-01
  1.0064E-01  4.0106E-03 -8.2272E-02 -1.2753E-01
  1.0126E-01  4.0597E-03 -8.2924E-02 -1.2855E-01
  1.0188E-01  4.1095E-03 -8.3579E-02 -1.2958E-01
  1.0250E-01  4.1600E-03 -8.4237E-02 -1.3061E-01
  1.0313E-01  4.2110E-03 -8.4898E-02 -1.3164E-01
  1.0377E-01  4.2626E-03 -8.5562E-02 -1.3268E-01
  1.0440E-01  4.3149E-03 -8.6230E-02 -1.3373E-01
  1.0504E-01  4.3678E-03 -8.6900E-02 -1.3477E-01
  1.0569E-01  4.4213E-03 -8.7573E-02 -1.3583E-01
  1.0634E-01  4.4755E-03 -8.8249E-02 -1.3689E-01
  1.0699E-01  4.5304E-03 -8.8928E-02 -1.3795E-01
  1.0765E-01  4.5859E-03 -8.9610E-02 -1.3902E-01
  1.0831E-01  4.6422E-03 -9.0295E-02 -1.4009E-01
  1.0897E-01  4.6991E-03 -9.0983E-02 -1.4117E-01
  1.0964E-01  4.7566E-03 -9.1673E-02 -1.4225E-01
  1.1031E-01  4.8149E-03 -9.2367E-02 -1.4334E-01
  1.1099E-01  4.8739E-03 -9.3063E-02 -1.4443E-01
  1.1167E-01  4.9336E-03 -9.3761E-02 -1.4552E-01
  1.1236E-01  4.9941E-03 -9.4463E-02 -1.4662E-01
  1.1305E-01  5.0553E-03 -9.5167E-02 -1.4773E-01
  1.1374E-01  5.1172E-03 -9.5874E-02 -1.4884E-01
  1.1444E-01  5.1799E-03 -9.6583E-02 -1.4995E-01
  1.1514E-01  5.2433E-03 -9.7295E-02 -1.5107E-01
  1.1585E-01  5.3075E-03 -9.8010E-02 -1.5219E-01
  1.1656E-01  5.3725E-03 -9.8727E-02 -1.5331E-01
  1.1727E-01  5.4383E-03 -9.9446E-02 -1.5444E-01
  1.1799E-01  5.5049E-03 -1.0017E-01 -1.5558E-01
  1.1872E-01  5.5723E-03 -1.0089E-01 -1.5672E-01
  1.1944E-01  5.6405E-03 -1.0162E-01 -1.5786E-01
  1.2018E-01  5.7095E-03 -1.0235E-01 -1.5900E-01
  1.2091E-01  5.7794E-03 -1.0308E-01 -1.6015E-01
  1.2166E-01  5.8501E-03 -1.0381E-01 -1.6131E-01
  1.2240E-01  5.9217E-03 -1.0455E-01 -1.6246E-01
  1.2315E-01  5.9942E-03 -1.0529E-01 -1.6362E-01
  1.2391E-01  6.0675E-03 -1.0603E-01 -1.6479E-01
  1.2467E-01  6.1417E-03 -1.0677E-01 -1.6596E-01
  1.2543E-01  6.2169E-03 -1.0751E-01 -1.6713E-01
  1.2620E-01  6.2929E-03 -1.0826E-01 -1.6830E-01
  1.2698E-01  6.3699E-03 -1.0901E-01 -1.6948E-01
  1.2775E-01  6.4478E-03 -1.0976E-01 -1.7066E-01
  1.2854E-01  6.5266E-03 -1.1051E-01 -1.7184E-01
  1.2933E-01  6.6064E-03 -1.1126E-01 -1.7303E-01
  1.3012E-01  6.6872E-03 -1.1201E-01 -1.7422E-01
  1.3092E-01  6.7689E-03 -1.1277E-01 -1.7541E-01
  1.3172E-01  6.8517E-03 -1.1353E-01 -1.7661E-01
  1.3253E-01  6.9354E-03 -1.1429E-01 -1.7781E-01
  1.3334E-01  7.0202E-03 -1.1505E-01 -1.7901E-01
  1.3416E-01  7.1060E-03 -1.1581E-01 -1.8021E-01
  1.3498E-01  7.1928E-03 -1.1658E-01 -1.8142E-01
  1.3581E-01  7.2807E-03 -1.1734E-01 -1.8262E-01
  1.3664E-01  7.3696E-03 -1.1811E-01 -1.8384E-01
  1.3748E-01  7.4596E-03 -1.1888E-01 -1.8505E-01
  1.3832E-01  7.5507E-03 -1.1964E-01 -1.8626E-01
  1.3917E-01  7.6429E-03 -1.2041E-01 -1.8748E-01
  1.4002E-01  7.7363E-03 -1.2118E-01 -1.8870E-01
  1.4088E-01  7.8307E-03 -1.2196E-01 -1.8992E-01
  1.4175E-01  7.9263E-03 -1.2273E-01 -1.9114E-01
  1.4262E-01  8.0231E-03 -1.2350E-01 -1.9237E-01
  1.4349E-01  8.1210E-03 -1.2428E-01 -1.9359E-01
  1.4437E-01  8.2201E-03 -1.2505E-01 -1.9482E-01
  1.4526E-01  8.3204E-03 -1.2583E-01 -1.9605E-01
  1.4615E-01  8.4219E-03 -1.2660E-01 -1.9728E-01
  1.4704E-01  8.5247E-03 -1.2738E-01 -1.9851E-01
  1.4794E-01  8.6287E-03 -1.2815E-01 -1.9974E-01
  1.4885E-01  8.7339E-03 -1.2893E-01 -2.0097E-01
  1.4976E-01  8.8404E-03 -1.2971E-01 -2.0221E-01
  1.5068E-01  8.9482E-03 -1.3049E-01 -2.0344E-01
  1.5160E-01  9.0573E-03 -1.3126E-01 -2.0467E-01
  1.5253E-01  9.1678E-03 -1.3204E-01 -2.0591E-01
  1.5347E-01  9.2795E-03 -1.3282E-01 -2.0714E-01
  1.5441E-01  9.3926E-03 -1.3359E-01 -2.0838E-01
  1.5536E-01  9.5071E-03 -1.3437E-01 -2.0961E-01
  1.5631E-01  9.6229E-03 -1.3515E-01 -2.1085E-01
  1.5727E-01  9.7402E-03 -1.3592E-01 -2.1208E-01
  1.5823E-01  9.8588E-03 -1.3670E-01 -2.1332E-01
  1.5920E-01  9.9789E-03 -1.3747E-01 -2.1455E-01
  1.6018E-01  1.0100E-02 -1.3825E-01 -2.1579E-01
  1.6116E-01  1.0223E-02 -1.3902E-01 -2.1702E-01
  1.6215E-01  1.0348E-02 -1.3979E-01 -2.1825E-01
  1.6314E-01  1.0474E-02 -1.4056E-01 -2.1948E-01
  1.6414E-01  1.0601E-02 -1.4133E-01 -2.2071E-01
  1.6515E-01  1.0730E-02 -1.4210E-01 -2.2194E-01
  1.6616E-01  1.0861E-02 -1.4287E-01 -2.2317E-01
  1.6718E-01  1.0993E-02 -1.4364E-01 -2.2439E-01
  1.6820E-01  1.1127E-02 -1.4440E-01 -2.2561E-01
  1.6923E-01  1.1262E-02 -1.4516E-01 -2.2684E-01
  1.7027E-01  1.1399E-02 -1.4592E-01 -2.2806E-01
  1.7131E-01  1.1538E-02 -1.4668E-01 -2.2927E-01
  1.7236E-01  1.1678E-02 -1.4744E-01 -2.3049E-01
  1.7342E-01  1.1820E-02 -1.4820E-01 -2.3170E-01
  1.7448E-01  1.1964E-02 -1.4895E-01 -2.3291E-01
  1.7555E-01  1.2109E-02 -1.4970E-01 -2.3412E-01
  1.7663E-01  1.2256E-02 -1.5045E-01 -2.3532E-01
  1.7771E-01  1.2405E-02 -1.5120E-01 -2.3652E-01
  1.7880E-01  1.2556E-02 -1.5195E-01 -2.3772E-01
  1.7989E-01  1.2708E-02 -1.5269E-01 -2.3892E-01
  1.8099E-01  1.2863E-02 -1.5343E-01 -2.4011E-01
  1.8210E-01  1.3019E-02 -1.5416E-01 -2.4129E-01
  1.8322E-01  1.3177E-02 -1.5490E-01 -2.4248E-01
  1.8434E-01  1.3337E-02 -1.5563E-01 -2.4366E-01
  1.8547E-01  1.3499E-02 -1.5636E-01 -2.4483E-01
  1.8661E-01  1.3663E-02 -1.5708E-01 -2.4600E-01
  1.8775E-01  1.3828E-02 -1.5780E-01 -2.4717E-01
  1.8890E-01  1.3996E-02 -1.5852E-01 -2.4833E-01
  1.9006E-01  1.4166E-02 -1.5923E-01 -2.4948E-01
  1.9122E-01  1.4338E-02 -1.5994E-01 -2.5063E-01
  1.9240E-01  1.4511E-02 -1.6065E-01 -2.5178E-01
  1.9357E-01  1.4687E-02 -1.6135E-01 -2.5292E-01
  1.9476E-01  1.4865E-02 -1.6205E-01 -2.5405E-01
  1.9595E-01  1.5045E-02 -1.6274E-01 -2.5518E-01
  1.9715E-01  1.5228E-02 -1.6343E-01 -2.5630E-01
  1.9836E-01  1.5412E-02 -1.6412E-01 -2.5742E-01
  1.9958E-01  1.5599E-02 -1.6480E-01 -2.5853E-01
  2.0080E-01  1.5788E-02 -1.6547E-01 -2.5963E-01
  2.0203E-01  1.5979E-02 -1.6614E-01 -2.6072E-01
  2.0327E-01  1.6172E-02 -1.6681E-01 -2.6181E-01
  2.0451E-01  1.6368E-02 -1.6747E-01 -2.6289E-01
  2.0577E-01  1.6566E-02 -1.6812E-01 -2.6397E-01
  2.0703E-01  1.6766E-02 -1.6877E-01 -2.6503E-01
  2.0829E-01  1.6969E-02 -1.6942E-01 -2.6609E-01
  2.0957E-01  1.7174E-02 -1.7006E-01 -2.6714E-01
  2.1085E-01  1.7382E-02 -1.7069E-01 -2.6818E-01
  2.1215E-01  1.7592E-02 -1.7132E-01 -2.6921E-01
  2.1345E-01  1.7804E-02 -1.7194E-01 -2.7024E-01
  2.1475E-01  1.8020E-02 -1.7255E-01 -2.7125E-01
  2.1607E-01  1.8237E-02 -1.7316E-01 -2.7226E-01
  2.1739E-01  1.8457E-02 -1.7376E-01 -2.7325E-01
  2.1872E-01  1.8680E-02 -1.7436E-01 -2.7424E-01
  2.2006E-01  1.8906E-02 -1.7494E-01 -2.7522E-01
  2.2141E-01  1.9134E-02 -1.7553E-01 -2.7619E-01
  2.2277E-01  1.9365E-02 -1.7610E-01 -2.7714E-01
  2.2413E-01  1.9598E-02 -1.7667E-01 -2.7809E-01
  2.2550E-01  1.9835E-02 -1.7723E-01 -2.7902E-01
  2.2689E-01  2.0074E-02 -1.7778E-01 -2.7995E-01
  2.2827E-01  2.0316E-02 -1.7832E-01 -2.8086E-01
  2.2967E-01  2.0561E-02 -1.7886E-01 -2.8176E-01
  2.3108E-01  2.0808E-02 -1.7939E-01 -2.8265E-01
  2.3249E-01  2.1059E-02 -1.7991E-01 -2.8353E-01
  2.3392E-01  2.1313E-02 -1.8042E-01 -2.8440E-01
  2.3535E-01  2.1569E-02 -1.8092E-01 -2.8525E-01
  2.3679E-01  2.1829E-02 -1.8141E-01 -2.8609E-01
  2.3824E-01  2.2092E-02 -1.8190E-01 -2.8692E-01
  2.3970E-01  2.2357E-02 -1.8238E-01 -2.8774E-01
  2.4117E-01  2.2626E-02 -1.8285E-01 -2.8854E-01
  2.4265E-01  2.2898E-02 -1.8330E-01 -2.8933E-01
  2.4413E-01  2.3173E-02 -1.8375E-01 -2.9010E-01
  2.4563E-01  2.3452E-02 -1.8419E-01 -2.9086E-01
  2.4713E-01  2.3734E-02 -1.8462E-01 -2.9161E-01
  2.4865E-01  2.4019E-02 -1.8504E-01 -2.9234E-01
  2.5017E-01  2.4307E-02 -1.8545E-01 -2.9306E-01
  2.5170E-01  2.4599E-02 -1.8585E-01 -2.9376E-01
  2.5324E-01  2.4894E-02 -1.8624E-01 -2.9445E-01
  2.5479E-01  2.5193E-02 -1.8662E-01 -2.9512E-01
  2.5635E-01  2.5495E-02 -1.8699E-01 -2.9578E-01
  2.5792E-01  2.5801E-02 -1.8735E-01 -2.9642E-01
  2.5950E-01  2.6110E-02 -1.8769E-01 -2.9704E-01
  2.6109E-01  2.6423E-02 -1.8803E-01 -2.9765E-01
  2.6269E-01  2.6740E-02 -1.8835E-01 -2.9824E-01
  2.6430E-01  2.7060E-02 -1.8867E-01 -2.9882E-01
  2.6592E-01  2.7384E-02 -1.8897E-01 -2.9937E-01
  2.6754E-01  2.7711E-02 -1.8926E-01 -2.9991E-01
  2.6918E-01  2.8043E-02 -1.8953E-01 -3.0044E-01
  2.7083E-01  2.8379E-02 -1.8980E-01 -3.0094E-01
  2.7249E-01  2.8718E-02 -1.9005E-01 -3.0143E-01
  2.7416E-01  2.9061E-02 -1.9029E-01 -3.0190E-01
  2.7584E-01  2.9408E-02 -1.9052E-01 -3.0235E-01
  2.7752E-01  2.9760E-02 -1.9074E-01 -3.0278E-01
  2.7922E-01  3.0115E-02 -1.9094E-01 -3.0319E-01
  2.8093E-01  3.0475E-02 -1.9113E-01 -3.0359E-01
  2.8265E-01  3.0838E-02 -1.9131E-01 -3.0396E-01
  2.8438E-01  3.1206E-02 -1.9147E-01 -3.0432E-01
  2.8613E-01  3.1578E-02 -1.9162E-01 -3.0465E-01
  2.8788E-01  3.1955E-02 -1.9176E-01 -3.0496E-01
  2.8964E-01  3.2336E-02 -1.9188E-01 -3.0526E-01
  2.9141E-01  3.2721E-02 -1.9199E-01 -3.0553E-01
  2.9320E-01  3.3111E-02 -1.9208E-01 -3.0579E-01
  2.9499E-01  3.3505E-02 -1.9216E-01 -3.0602E-01
  2.9680E-01  3.3904E-02 -1.9223E-01 -3.0623E-01
  2.9862E-01  3.4307E-02 -1.9228E-01 -3.0642E-01
  3.0044E-01  3.4715E-02 -1.9232E-01 -3.0658E-01
  3.0228E-01  3.5127E-02 -1.9234E-01 -3.0673E-01
  3.0413E-01  3.5545E-02 -1.9235E-01 -3.0685E-01
  3.0600E-01  3.5967E-02 -1.9234E-01 -3.0696E-01
  3.0787E-01  3.6394E-02 -1.9232E-01 -3.0703E-01
  3.0975E-01  3.6826E-02 -1.9228E-01 -3.0709E-01
  3.1165E-01  3.7263E-02 -1.9222E-01 -3.0712E-01
  3.1356E-01  3.7705E-02 -1.9215E-01 -3.0713E-01
  3.1548E-01  3.8152E-02 -1.9207E-01 -3.0712E-01
  3.1741E-01  3.8604E-02 -1.9197E-01 -3.0708E-01
  3.1935E-01  3.9061E-02 -1.9185E-01 -3.0702E-01
  3.2131E-01  3.9524E-02 -1.9171E-01 -3.0694E-01
  3.2327E-01  3.9991E-02 -1.9156E-01 -3.0683E-01
  3.2525E-01  4.0464E-02 -1.9140E-01 -3.0669E-01
  3.2724E-01  4.0943E-02 -1.9121E-01 -3.0654E-01
  3.2925E-01  4.1427E-02 -1.9101E-01 -3.0635E-01
  3.3126E-01  4.1916E-02 -1.9080E-01 -3.0615E-01
  3.3329E-01  4.2411E-02 -1.9056E-01 -3.0591E-01
  3.3533E-01  4.2912E-02 -1.9031E-01 -3.0565E-01
  3.3738E-01  4.3418E-02 -1.9004E-01 -3.0537E-01
  3.3945E-01  4.3930E-02 -1.8975E-01 -3.0506E-01
  3.4152E-01  4.4448E-02 -1.8945E-01 -3.0473E-01
  3.4362E-01  4.4972E-02 -1.8913E-01 -3.0436E-01
  3.4572E-01  4.5501E-02 -1.8879E-01 -3.0398E-01
  3.4783E-01  4.6037E-02 -1.8843E-01 -3.0356E-01
  3.4996E-01  4.6579E-02 -1.8805E-01 -3.0312E-01
  3.5211E-01  4.7126E-02 -1.8766E-01 -3.0265E-01
  3.5426E-01  4.7680E-02 -1.8725E-01 -3.0216E-01
  3.5643E-01  4.8240E-02 -1.8682E-01 -3.0164E-01
  3.5861E-01  4.8807E-02 -1.8637E-01 -3.0109E-01
  3.6081E-01  4.9380E-02 -1.8590E-01 -3.0051E-01
  3.6301E-01  4.9959E-02 -1.8541E-01 -2.9991E-01
  3.6524E-01  5.0545E-02 -1.8491E-01 -2.9928E-01
  3.6747E-01  5.1137E-02 -1.8438E-01 -2.9862E-01
  3.6972E-01  5.1736E-02 -1.8384E-01 -2.9793E-01
  3.7198E-01  5.2342E-02 -1.8327E-01 -2.9721E-01
  3.7426E-01  5.2954E-02 -1.8269E-01 -2.9647E-01
  3.7655E-01  5.3573E-02 -1.8209E-01 -2.9570E-01
  3.7886E-01  5.4200E-02 -1.8147E-01 -2.9490E-01
  3.8117E-01  5.4833E-02 -1.8083E-01 -2.9407E-01
  3.8351E-01  5.5473E-02 -1.8016E-01 -2.9321E-01
  3.8585E-01  5.6120E-02 -1.7948E-01 -2.9232E-01
  3.8822E-01  5.6775E-02 -1.7878E-01 -2.9140E-01
  3.9059E-01  5.7437E-02 -1.7806E-01 -2.9046E-01
  3.9298E-01  5.8106E-02 -1.7732E-01 -2.8948E-01
  3.9539E-01  5.8782E-02 -1.7656E-01 -2.8848E-01
  3.9781E-01  5.9466E-02 -1.7577E-01 -2.8744E-01
  4.0024E-01  6.0158E-02 -1.7497E-01 -2.8638E-01
  4.0269E-01  6.0857E-02 -1.7415E-01 -2.8529E-01
  4.0516E-01  6.1564E-02 -1.7331E-01 -2.8416E-01
  4.0764E-01  6.2279E-02 -1.7244E-01 -2.8301E-01
  4.1013E-01  6.3001E-02 -1.7156E-01 -2.8183E-01
  4.1264E-01  6.3732E-02 -1.7065E-01 -2.8062E-01
  4.1517E-01  6.4470E-02 -1.6972E-01 -2.7937E-01
  4.1771E-01  6.5217E-02 -1.6877E-01 -2.7810E-01
  4.2026E-01  6.5972E-02 -1.6780E-01 -2.7680E-01
  4.2283E-01  6.6735E-02 -1.6681E-01 -2.7546E-01
  4.2542E-01  6.7507E-02 -1.6580E-01 -2.7410E-01
  4.2803E-01  6.8286E-02 -1.6477E-01 -2.7270E-01
  4.3064E-01  6.9075E-02 -1.6371E-01 -2.7128E-01
  4.3328E-01  6.9872E-02 -1.6264E-01 -2.6982E-01
  4.3593E-01  7.0678E-02 -1.6154E-01 -2.6833E-01
  4.3860E-01  7.1492E-02 -1.6042E-01 -2.6682E-01
  4.4128E-01  7.2316E-02 -1.5928E-01 -2.6527E-01
  4.4398E-01  7.3148E-02 -1.5811E-01 -2.6369E-01
  4.4670E-01  7.3989E-02 -1.5693E-01 -2.6208E-01
  4.4943E-01  7.4840E-02 -1.5572E-01 -2.6044E-01
  4.5218E-01  7.5699E-02 -1.5449E-01 -2.5877E-01
  4.5495E-01  7.6568E-02 -1.5324E-01 -2.5707E-01
  4.5774E-01  7.7447E-02 -1.5197E-01 -2.5533E-01
  4.6054E-01  7.8334E-02 -1.5067E-01 -2.5357E-01
  4.6335E-01  7.9232E-02 -1.4936E-01 -2.5177E-01
  4.6619E-01  8.0139E-02 -1.4802E-01 -2.4995E-01
  4.6904E-01  8.1056E-02 -1.4665E-01 -2.4809E-01
  4.7191E-01  8.1982E-02 -1.4527E-01 -2.4620E-01
  4.7480E-01  8.2919E-02 -1.4386E-01 -2.4428E-01
  4.7771E-01  8.3866E-02 -1.4243E-01 -2.4233E-01
  4.8063E-01  8.4822E-02 -1.4098E-01 -2.4035E-01
  4.8357E-01  8.5790E-02 -1.3950E-01 -2.3834E-01
  4.8653E-01  8.6767E-02 -1.3801E-01 -2.3629E-01
  4.8951E-01  8.7755E-02 -1.3649E-01 -2.3422E-01
  4.9250E-01  8.8753E-02 -1.3494E-01 -2.3212E-01
  4.9551E-01  8.9762E-02 -1.3338E-01 -2.2998E-01
  4.9855E-01  9.0782E-02 -1.3179E-01 -2.2781E-01
  5.0160E-01  9.1813E-02 -1.3018E-01 -2.2562E-01
  5.0467E-01  9.2854E-02 -1.2854E-01 -2.2339E-01
  5.0775E-01  9.3907E-02 -1.2688E-01 -2.2113E-01
  5.1086E-01  9.4971E-02 -1.2520E-01 -2.1884E-01
  5.1399E-01  9.6046E-02 -1.2350E-01 -2.1652E-01
  5.1713E-01  9.7132E-02 -1.2177E-01 -2.1417E-01
  5.2029E-01  9.8230E-02 -1.2002E-01 -2.1178E-01
  5.2348E-01  9.9340E-02 -1.1825E-01 -2.0937E-01
  5.2668E-01  1.0046E-01 -1.1645E-01 -2.0693E-01
  5.2990E-01  1.0159E-01 -1.1463E-01 -2.0446E-01
  5.3315E-01  1.0274E-01 -1.1279E-01 -2.0195E-01
  5.3641E-01  1.0390E-01 -1.1092E-01 -1.9942E-01
  5.3969E-01  1.0507E-01 -1.0903E-01 -1.9686E-01
  5.4299E-01  1.0625E-01 -1.0712E-01 -1.9426E-01
  5.4631E-01  1.0744E-01 -1.0518E-01 -1.9164E-01
  5.4966E-01  1.0865E-01 -1.0322E-01 -1.8899E-01
  5.5302E-01  1.0987E-01 -1.0124E-01 -1.8630E-01
  5.5640E-01  1.1110E-01 -9.9227E-02 -1.8359E-01
  5.5981E-01  1.1235E-01 -9.7195E-02 -1.8085E-01
  5.6323E-01  1.1360E-01 -9.5139E-02 -1.7807E-01
  5.6668E-01  1.1487E-01 -9.3060E-02 -1.7527E-01
  5.7015E-01  1.1616E-01 -9.0956E-02 -1.7244E-01
  5.7363E-01  1.1746E-01 -8.8829E-02 -1.6958E-01
  5.7714E-01  1.1877E-01 -8.6678E-02 -1.6669E-01
  5.8067E-01  1.2009E-01 -8.4503E-02 -1.6377E-01
  5.8423E-01  1.2143E-01 -8.2303E-02 -1.6082E-01
  5.8780E-01  1.2279E-01 -8.0080E-02 -1.5784E-01
  5.9140E-01  1.2415E-01 -7.7832E-02 -1.5484E-01
  5.9502E-01  1.2553E-01 -7.5560E-02 -1.5180E-01
  5.9866E-01  1.2693E-01 -7.3264E-02 -1.4874E-01
  6.0232E-01  1.2834E-01 -7.0944E-02 -1.4565E-01
  6.0600E-01  1.2977E-01 -6.8599E-02 -1.4253E-01
  6.0971E-01  1.3121E-01 -6.6230E-02 -1.3938E-01
  6.1344E-01  1.3266E-01 -6.3836E-02 -1.3620E-01
  6.1719E-01  1.3413E-01 -6.1418E-02 -1.3300E-01
  6.2097E-01  1.3562E-01 -5.8975E-02 -1.2977E-01
  6.2477E-01  1.3712E-01 -5.6507E-02 -1.2651E-01
  6.2859E-01  1.3864E-01 -5.4015E-02 -1.2322E-01
  6.3244E-01  1.4017E-01 -5.1497E-02 -1.1990E-01
  6.3631E-01  1.4172E-01 -4.8955E-02 -1.1656E-01
  6.4020E-01  1.4328E-01 -4.6388E-02 -1.1319E-01
  6.4411E-01  1.4486E-01 -4.3796E-02 -1.0979E-01
  6.4806E-01  1.4646E-01 -4.1178E-02 -1.0637E-01
  6.5202E-01  1.4807E-01 -3.8535E-02 -1.0291E-01
  6.5601E-01  1.4971E-01 -3.5867E-02 -9.9434E-02
  6.6002E-01  1.5135E-01 -3.3173E-02 -9.5928E-02
  6.6406E-01  1.5302E-01 -3.0454E-02 -9.2396E-02
  6.6812E-01  1.5470E-01 -2.7710E-02 -8.8836E-02
  6.7221E-01  1.5640E-01 -2.4939E-02 -8.5251E-02
  6.7632E-01  1.5812E-01 -2.2143E-02 -8.1638E-02
  6.8046E-01  1.5986E-01 -1.9320E-02 -7.8000E-02
  6.8462E-01  1.6161E-01 -1.6472E-02 -7.4335E-02
  6.8881E-01  1.6338E-01 -1.3597E-02 -7.0644E-02
  6.9302E-01  1.6518E-01 -1.0696E-02 -6.6927E-02
  6.9726E-01  1.6699E-01 -7.7684E-03 -6.3184E-02
  7.0153E-01  1.6882E-01 -4.8143E-03 -5.9415E-02
  7.0582E-01  1.7067E-01 -1.8334E-03 -5.5620E-02
  7.1014E-01  1.7253E-01  1.1744E-03 -5.1799E-02
  7.1448E-01  1.7442E-01  4.2092E-03 -4.7953E-02
  7.1885E-01  1.7633E-01  7.2713E-03 -4.4081E-02
  7.2325E-01  1.7826E-01  1.0361E-02 -4.0184E-02
  7.2767E-01  1.8021E-01  1.3478E-02 -3.6261E-02
  7.3212E-01  1.8218E-01  1.6622E-02 -3.2312E-02
  7.3660E-01  1.8417E-01  1.9795E-02 -2.8338E-02
  7.4111E-01  1.8619E-01  2.2996E-02 -2.4339E-02
  7.4564E-01  1.8822E-01  2.6225E-02 -2.0314E-02
  7.5020E-01  1.9028E-01  2.9482E-02 -1.6264E-02
  7.5479E-01  1.9236E-01  3.2768E-02 -1.2189E-02
  7.5941E-01  1.9446E-01  3.6083E-02 -8.0882E-03
  7.6406E-01  1.9658E-01  3.9427E-02 -3.9621E-03
  7.6873E-01  1.9873E-01  4.2801E-02  1.8934E-04
  7.7343E-01  2.0090E-01  4.6204E-02  4.3661E-03
  7.7816E-01  2.0309E-01  4.9637E-02  8.5683E-03
  7.8292E-01  2.0531E-01  5.3100E-02  1.2796E-02
  7.8771E-01  2.0756E-01  5.6593E-02  1.7049E-02
  7.9253E-01  2.0982E-01  6.0117E-02  2.1328E-02
  7.9738E-01  2.1212E-01  6.3672E-02  2.5632E-02
  8.0226E-01  2.1444E-01  6.7258E-02  2.9962E-02
  8.0716E-01  2.1678E-01  7.0876E-02  3.4318E-02
  8.1210E-01  2.1915E-01  7.4525E-02  3.8699E-02
  8.1707E-01  2.2155E-01  7.8207E-02  4.3107E-02
  8.2207E-01  2.2397E-01  8.1921E-02  4.7541E-02
  8.2709E-01  2.2643E-01  8.5668E-02  5.2000E-02
  8.3215E-01  2.2891E-01  8.9448E-02  5.6487E-02
  8.3724E-01  2.3142E-01  9.3261E-02  6.1000E-02
  8.4236E-01  2.3395E-01  9.7108E-02  6.5539E-02
  8.4752E-01  2.3652E-01  1.0099E-01  7.0106E-02
  8.5270E-01  2.3912E-01  1.0491E-01  7.4700E-02
  8.5792E-01  2.4175E-01  1.0886E-01  7.9321E-02
  8.6316E-01  2.4441E-01  1.1284E-01  8.3970E-02
  8.6844E-01  2.4710E-01  1.1687E-01  8.8647E-02
  8.7376E-01  2.4982E-01  1.2093E-01  9.3352E-02
  8.7910E-01  2.5257E-01  1.2502E-01  9.8085E-02
  8.8448E-01  2.5536E-01  1.2916E-01  1.0285E-01
  8.8989E-01  2.5818E-01  1.3333E-01  1.0764E-01
  8.9533E-01  2.6104E-01  1.3754E-01  1.1246E-01
  9.0081E-01  2.6393E-01  1.4179E-01  1.1731E-01
  9.0632E-01  2.6685E-01  1.4607E-01  1.2219E-01
  9.1186E-01  2.6981E-01  1.5040E-01  1.2710E-01
  9.1744E-01  2.7281E-01  1.5477E-01  1.3205E-01
  9.2305E-01  2.7585E-01  1.5918E-01  1.3702E-01
  9.2869E-01  2.7893E-01  1.6363E-01  1.4203E-01
  9.3438E-01  2.8204E-01  1.6813E-01  1.4707E-01
  9.4009E-01  2.8519E-01  1.7266E-01  1.5214E-01
  9.4584E-01  2.8839E-01  1.7724E-01  1.5725E-01
  9.5163E-01  2.9162E-01  1.8187E-01  1.6239E-01
  9.5745E-01  2.9490E-01  1.8654E-01  1.6756E-01
  9.6330E-01  2.9822E-01  1.9126E-01  1.7278E-01
  9.6919E-01  3.0159E-01  1.9602E-01  1.7803E-01
  9.7512E-01  3.0500E-01  2.0083E-01  1.8331E-01
  9.8109E-01  3.0845E-01  2.0569E-01  1.8864E-01
  9.8709E-01  3.1196E-01  2.1060E-01  1.9400E-01
  9.9312E-01  3.1551E-01  2.1557E-01  1.9940E-01
  9.9920E-01  3.1911E-01  2.2058E-01  2.0485E-01
  1.0053E+00  3.2276E-01  2.2564E-01  2.1033E-01
  1.0115E+00  3.2646E-01  2.3076E-01  2.1586E-01
  1.0176E+00  3.3021E-01  2.3593E-01  2.2143E-01
  1.0239E+00  3.3402E-01  2.4116E-01  2.2705E-01
  1.0301E+00  3.3788E-01  2.4645E-01  2.3271E-01
  1.0364E+00  3.4180E-01  2.5179E-01  2.3842E-01
  1.0428E+00  3.4577E-01  2.5719E-01  2.4418E-01
  1.0491E+00  3.4981E-01  2.6266E-01  2.4999E-01
  1.0556E+00  3.5390E-01  2.6818E-01  2.5585E-01
  1.0620E+00  3.5805E-01  2.7377E-01  2.6176E-01
  1.0685E+00  3.6227E-01  2.7942E-01  2.6772E-01
  1.0751E+00  3.6655E-01  2.8514E-01  2.7374E-01
  1.0816E+00  3.7090E-01  2.9093E-01  2.7982E-01
  1.0882E+00  3.7531E-01  2.9678E-01  2.8595E-01
  1.0949E+00  3.7980E-01  3.0271E-01  2.9215E-01
  1.1016E+00  3.8435E-01  3.0870E-01  2.9840E-01
  1.1083E+00  3.8898E-01  3.1477E-01  3.0472E-01
  1.1151E+00  3.9368E-01  3.2092E-01  3.1110E-01
  1.1219E+00  3.9846E-01  3.2714E-01  3.1755E-01
  1.1288E+00  4.0332E-01  3.3344E-01  3.2407E-01
  1.1357E+00  4.0826E-01  3.3982E-01  3.3066E-01
  1.1426E+00  4.1328E-01  3.4628E-01  3.3732E-01
  1.1496E+00  4.1838E-01  3.5283E-01  3.4405E-01
  1.1567E+00  4.2357E-01  3.5946E-01  3.5086E-01
  1.1637E+00  4.2886E-01  3.6617E-01  3.5774E-01
  1.1709E+00  4.3423E-01  3.7298E-01  3.6471E-01
  1.1780E+00  4.3970E-01  3.7988E-01  3.7176E-01
  1.1852E+00  4.4526E-01  3.8687E-01  3.7889E-01
  1.1925E+00  4.5092E-01  3.9395E-01  3.8611E-01
  1.1998E+00  4.5669E-01  4.0114E-01  3.9342E-01
  1.2071E+00  4.6256E-01  4.0842E-01  4.0082E-01
  1.2145E+00  4.6854E-01  4.1580E-01  4.0831E-01
  1.2219E+00  4.7463E-01  4.2329E-01  4.1590E-01
  1.2294E+00  4.8083E-01  4.3089E-01  4.2359E-01
  1.2369E+00  4.8715E-01  4.3859E-01  4.3139E-01
  1.2445E+00  4.9359E-01  4.4641E-01  4.3928E-01
  1.2521E+00  5.0016E-01  4.5434E-01  4.4729E-01
  1.2597E+00  5.0685E-01  4.6239E-01  4.5541E-01
  1.2674E+00  5.1367E-01  4.7056E-01  4.6364E-01
  1.2752E+00  5.2063E-01  4.7886E-01  4.7199E-01
  1.2830E+00  5.2773E-01  4.8728E-01  4.8046E-01
  1.2908E+00  5.3497E-01  4.9583E-01  4.8906E-01
  1.2987E+00  5.4236E-01  5.0452E-01  4.9779E-01
  1.3067E+00  5.4989E-01  5.1334E-01  5.0665E-01
  1.3147E+00  5.5759E-01  5.2231E-01  5.1565E-01
  1.3227E+00  5.6544E-01  5.3142E-01  5.2479E-01
  1.3308E+00  5.7346E-01  5.4068E-01  5.3407E-01
  1.3389E+00  5.8165E-01  5.5009E-01  5.4351E-01
  1.3471E+00  5.9001E-01  5.5967E-01  5.5309E-01
  1.3554E+00  5.9855E-01  5.6940E-01  5.6284E-01
  1.3636E+00  6.0728E-01  5.7930E-01  5.7276E-01
  1.3720E+00  6.1619E-01  5.8938E-01  5.8284E-01
  1.3804E+00  6.2531E-01  5.9963E-01  5.9310E-01
  1.3888E+00  6.3462E-01  6.1006E-01  6.0354E-01
  1.3973E+00  6.4415E-01  6.2068E-01  6.1416E-01
  1.4059E+00  6.5388E-01  6.3150E-01  6.2498E-01
  1.4145E+00  6.6384E-01  6.4251E-01  6.3599E-01
  1.4231E+00  6.7402E-01  6.5373E-01  6.4721E-01
  1.4318E+00  6.8444E-01  6.6516E-01  6.5864E-01
  1.4406E+00  6.9510E-01  6.7680E-01  6.7029E-01
  1.4494E+00  7.0600E-01  6.8867E-01  6.8216E-01
  1.4582E+00  7.1716E-01  7.0078E-01  6.9427E-01
  1.4672E+00  7.2859E-01  7.1312E-01  7.0662E-01
  1.4761E+00  7.4028E-01  7.2570E-01  7.1921E-01
  1.4852E+00  7.5225E-01  7.3854E-01  7.3206E-01
  1.4942E+00  7.6451E-01  7.5164E-01  7.4517E-01
  1.5034E+00  7.7706E-01  7.6501E-01  7.5855E-01
  1.5126E+00  7.8992E-01  7.7865E-01  7.7222E-01
  1.5218E+00  8.0309E-01  7.9258E-01  7.8618E-01
  1.5311E+00  8.1658E-01  8.0681E-01  8.0044E-01
  1.5405E+00  8.3041E-01  8.2134E-01  8.1500E-01
  1.5499E+00  8.4458E-01  8.3619E-01  8.2989E-01
  1.5594E+00  8.5910E-01  8.5136E-01  8.4511E-01
  1.5689E+00  8.7398E-01  8.6687E-01  8.6067E-01
  1.5785E+00  8.8924E-01  8.8272E-01  8.7659E-01
  1.5882E+00  9.0489E-01  8.9894E-01  8.9287E-01
  1.5979E+00  9.2093E-01  9.1552E-01  9.0953E-01
  1.6077E+00  9.3738E-01  9.3248E-01  9.2658E-01
  1.6175E+00  9.5425E-01  9.4984E-01  9.4404E-01
  1.6274E+00  9.7157E-01  9.6760E-01  9.6191E-01
  1.6373E+00  9.8933E-01  9.8579E-01  9.8022E-01
  1.6473E+00  1.0076E+00  1.0044E+00  9.9897E-01
  1.6574E+00  1.0263E+00  1.0235E+00  1.0182E+00
  1.6675E+00  1.0454E+00  1.0430E+00  1.0379E+00
  1.6777E+00  1.0652E+00  1.0630E+00  1.0581E+00
  1.6880E+00  1.0854E+00  1.0836E+00  1.0788E+00
  1.6983E+00  1.1062E+00  1.1046E+00  1.1000E+00
  1.7087E+00  1.1275E+00  1.1262E+00  1.1218E+00
  1.7192E+00  1.1494E+00  1.1483E+00  1.1441E+00
  1.7297E+00  1.1719E+00  1.1710E+00  1.1670E+00
  1.7403E+00  1.1951E+00  1.1943E+00  1.1906E+00
  1.7509E+00  1.2188E+00  1.2183E+00  1.2147E+00
  1.7616E+00  1.2433E+00  1.2428E+00  1.2396E+00
  1.7724E+00  1.2684E+00  1.2681E+00  1.2650E+00
  1.7832E+00  1.2942E+00  1.2940E+00  1.2912E+00
  1.7941E+00  1.3208E+00  1.3206E+00  1.3182E+00
  1.8051E+00  1.3481E+00  1.3480E+00  1.3458E+00
  1.8161E+00  1.3762E+00  1.3761E+00  1.3743E+00
  1.8272E+00  1.4051E+00  1.4051E+00  1.4035E+00
  1.8384E+00  1.4349E+00  1.4349E+00  1.4336E+00
  1.8497E+00  1.4655E+00  1.4655E+00  1.4645E+00
  1.8610E+00  1.4970E+00  1.4970E+00  1.4964E+00
  1.8723E+00  1.5295E+00  1.5295E+00  1.5291E+00
  1.8838E+00  1.5629E+00  1.5629E+00  1.5629E+00
  1.8953E+00  1.5973E+00  1.5973E+00  1.5976E+00
  1.9069E+00  1.6327E+00  1.6327E+00  1.6334E+00
  1.9186E+00  1.6692E+00  1.6692E+00  1.6702E+00
  1.9303E+00  1.7068E+00  1.7068E+00  1.7082E+00
  1.9421E+00  1.7456E+00  1.7456E+00  1.7473E+00
  1.9540E+00  1.7856E+00  1.7856E+00  1.7876E+00
  1.9659E+00  1.8268E+00  1.8268E+00  1.8291E+00
  1.9779E+00  1.8693E+00  1.8693E+00  1.8720E+00
  1.9900E+00  1.9132E+00  1.9132E+00  1.9162E+00
  2.0022E+00  1.9584E+00  1.9584E+00  1.9618E+00
