   1.84254940775372       2.107218725475498E-003 -0.403931221886434     
 -5.171644362755856E-017 -0.409036967283391       1.402256571869315E-003
  1.485484031247229E-019  1.185279308415340E-003  2.779188358424022E-005
  5.210249849365531E-003  6.454391058077769E-019  5.154108986932141E-003
  3.379801914977857E-005  3.622223902369708E-021  2.935812487187605E-005
   1.11215452263576      -1.757874891817143E-015  0.263993280425835     
  1.140227362619494E-002 -1.086071680119448E-017 -1.351054940443750E-003
   1.02483447699136      -9.003938750942392E-016 -1.086406607537014E-017
  1.221940320895462E-002 -5.865483507966885E-018   1.17596299275296     
 -1.384841390791676E-003 -5.871632390366810E-018  1.016851120998788E-002
  4.689519382338002E-005 -9.405416640729066E-020 -2.187667697146105E-005
  5.214313607431223E-005 -5.105321512886770E-020  3.926580470982902E-005
   1.84254940775372       2.107218725475498E-003 -0.403931221886434     
  6.250425524378933E-017  0.409036967283391       1.402256571869315E-003
 -1.846531825014375E-019 -1.185279308415340E-003  2.779188358424023E-005
  5.210249849365531E-003 -7.860465750519907E-019 -5.154108986932141E-003
  3.379801914977857E-005 -4.526332311890167E-021 -2.935812487187605E-005
   1.11215452263576      -1.831473975890202E-015 -0.263993280425835     
  1.140227362619494E-002 -1.048569170128088E-017  1.351054940443752E-003
   1.02483447699136      -8.930651809369094E-016 -1.048067483765215E-017
  1.221940320895462E-002 -5.895770455794073E-018   1.17596299275296     
  1.384841390791678E-003 -5.895349312889930E-018  1.016851120998788E-002
  4.689519382338002E-005 -8.798973894762382E-020  2.187667697146106E-005
  5.214313607431224E-005 -5.168346740403698E-020  3.926580470982902E-005
   1.84254940775372       2.107218725475498E-003  0.403931221886434     
 -6.212478448341940E-017 -0.409036967283391      -1.402256571869315E-003
  1.846531825014375E-019  1.185279308415341E-003  2.779188358424023E-005
 -5.210249849365530E-003  7.877406409464993E-019  5.154108986932141E-003
 -3.379801914977857E-005  4.526332311890167E-021  2.935812487187605E-005
   1.11215452263576      -1.831473975684558E-015 -0.263993280425835     
  1.140227362619494E-002 -1.048547994469865E-017  1.351054940443752E-003
   1.02483447699136      -8.930109706923378E-016 -1.048067483765804E-017
  1.221940320895462E-002 -5.899158588641465E-018   1.17596299275296     
  1.384841390791678E-003 -5.897043378784439E-018  1.016851120998788E-002
  4.689519382338001E-005 -8.798973896016830E-020  2.187667697146105E-005
  5.214313607431223E-005 -5.167023252233642E-020  3.926580470982903E-005
   1.84254940775372       2.107218725475498E-003  0.403931221886434     
  5.149960319306146E-017  0.409036967283391      -1.402256571869315E-003
 -1.494483756311806E-019 -1.185279308415341E-003  2.779188358424022E-005
 -5.210249849365531E-003 -6.437450399132683E-019 -5.154108986932141E-003
 -3.379801914977857E-005 -3.628014166657579E-021 -2.935812487187605E-005
   1.11215452263576      -1.757820681899152E-015  0.263993280425835     
  1.140227362619494E-002 -1.086071679967760E-017 -1.351054940443750E-003
   1.02483447699136      -9.002854550042329E-016 -1.086406607535421E-017
  1.221940320895462E-002 -5.862095375187399E-018   1.17596299275296     
 -1.384841390791676E-003 -5.869938324472301E-018  1.016851120998788E-002
  4.689519382338002E-005 -9.405416639664210E-020 -2.187667697146104E-005
  5.214313607431224E-005 -5.103998023221326E-020  3.926580470982903E-005
