2.13040811263	1.84725503872	2.03544091942	1.91336985045	2.28667753003	2.09484303505	2.00831265268	2.21164727953	2.36218834406	0.00490287275083	0.00097316580189	0.00021630419622
2.130432	1.843597	2.053915	1.960474	2.292822	2.0931	1.998215	2.244153	2.610004	0.00437214639266	0.00102516815089	0.000118886809993
2.130432	1.850327	2.053915	1.962522	2.292822	2.06834979834	2.008873	2.26583142337	2.362196	0.00453295339302	0.000860458023042	0.000407743758093
2.130432	1.850335	2.052539	1.962518	2.287702	2.07684	2.008873	2.220096	2.52426	0.00460662529671	0.000631641923822	0.00064015662976
2.130432	1.850335	2.052539	1.962518	2.287702	2.08511762402	2.008873	2.220096	2.52426	0.00465429923051	0.000705117910343	0.000409009945015
2.133408	1.808279	2.054235	2.184031	2.223184	2.041265	1.927671	2.20385	2.37758	0.00319329553042	0.000408313623454	0.000871267969386
2.13368495695	1.850335	2.052539	1.962518	2.287702	2.07684	2.008873	2.220096	2.52426	0.00460662529671	0.000631641923822	0.00064015662976
2.16160763407	1.847255	2.052619	1.91337	2.199126	2.093352	2.027769	2.228372	2.444236	0.0046678058217	0.000687942293827	0.000491501295264
2.191081	1.85695	2.029671	2.10998	2.077841	2.074888	1.910264	1.941837	1.313628	0.00363250234173	0.000405306243813	0.000825743455699
2.193897	1.861238	1.964479	2.174956	2.078865	2.132226	1.937704	1.957009	1.3983	0.0045403164295	0.000294230807235	0.00102410650271
2.199097	1.861236	1.964123	2.10622	2.079873	2.110898	1.931768	1.965201	1.8323	0.00402953603243	0.000190261102705	0.00108182716169
2.199097	1.861238	1.964391	2.107372	2.06322780047	2.099458	1.91948	1.940625	1.39446	0.00411432776188	0.000404375829304	0.000937571254986
2.199097	1.861238	1.964391	2.107372	2.079889	2.099458	1.91948	1.940625	1.39446	0.00384427510833	0.000416250964932	0.000936086759974
2.207578	1.963508	2.029998	2.061118	1.936952	2.090762	2.048336	1.98287	1.337041	0.0082037414222	0.00033537283112	0.000858269281974
2.212343	2.080931	1.897438	2.06315	1.977936	2.05401449788	2.064337	1.982785	1.860351	0.0102785374088	0.00107929686756	6.80750822798e-05
2.213049	1.985997	1.924175	2.25774	2.124186	2.107401	1.933297	2.204106	0.7493	0.00526398745305	0.000579732204587	0.000633293439237
2.21310918942	1.98598884101	1.924175	2.1875	2.128026	2.107409	1.927681	2.204042	0.749278	0.00494825555264	0.000574750781772	0.000654849803775
2.21383363079	1.844857	1.964127	2.190259	2.063002	2.110993	2.030081	2.18441	0.782038	0.00570860674137	0.0006031387165	0.000599112629728
2.22137	1.857021	1.84571	2.169068	1.925261	2.098241	1.931713	2.18879309235	1.560277	0.0061080103085	0.000397434772389	0.000858452244944
2.228709	1.985989	1.924027	2.175212	2.123862	2.108049	1.927685	2.20385	0.748398	0.00460557130505	0.000582272318535	0.000683003230877
2.23096938987	1.84895028074	1.89161938816	1.9975185594	2.10524443425	2.04620992679	1.92511247603	1.97559707006	1.39296405269	0.00238797836506	0.000581435395147	0.00181213633363
2.23096938987	1.84895028074	1.89936730219	1.9975185594	2.10524443425	2.04620992679	1.92511247603	1.97559707006	1.39296405269	0.00238797836506	0.000581472447052	0.00181156457434
2.23096938987	1.84895028074	1.89936730219	1.9975185594	2.10524443425	2.04620992679	1.93575800392	1.97559707006	1.39296405269	0.00249105428271	0.000522255268729	0.00176103768671
2.231865	1.844854	1.898855	1.995471	2.068049	2.12697149366	1.933304	1.982865	1.394396	0.00365258578218	9.38485489959e-06	0.00139000749443
2.231865	1.858558	1.900391	1.995503	2.068633	2.097922	1.919424	1.981585	1.396444	0.00350826508674	5.41920976061e-05	0.00117357269583
2.231867	1.975907	2.021695	1.994971	2.068053	2.102394	1.933047	1.982785	1.328844	0.00474062155831	0.000536994890337	0.000732471844056
2.232675	1.941891	2.021759	1.994863	2.068053	2.110586	1.931767	1.982787	1.570588	0.00450676343405	1.55304929322e-05	0.00121633197371
2.232708	1.859981	1.845726	2.16766	1.924237	2.098209	1.931733	2.202724	1.562389	0.00586830544478	0.00121402994563	2.65466462005e-05
2.234425	1.84489	1.890663	2.06022518061	2.073297	2.270331	1.943544	1.982865	1.341036	0.00438205111507	5.94520303019e-06	0.00153546721432
2.234425	1.9918681011	1.899695	1.995487	2.237089	2.091262	1.91692	1.982789	1.34103	0.00258767977503	0.000423019112955	0.000808393160361
2.234497	1.975484	1.890207	1.992095	2.239761	2.094846	1.916904	1.982677	1.312358	0.00275186662975	0.000417564249128	0.000849102421322
2.23453	1.891451	2.05411	2.089013	2.030816	2.029357	2.066219	2.007509	1.865431	0.00672986187935	0.000339010093151	0.000942947871372
2.23453	1.892763	1.924062	2.056245	1.974944	2.011567	2.074995	2.007363	1.865319	0.00721290659912	0.000272989773339	0.000958258545413
2.23453	1.892763	1.924062	2.056245	1.974944	2.01729384614	2.074995	2.007363	1.865319	0.00721290659912	0.000272989773339	0.000958258545413
2.23453	1.892763	1.924062	2.056245	1.974944	2.02540627349	2.074995	2.007363	1.865319	0.00720185090324	0.000395368099453	0.000866643996129
2.23453	1.925531	1.899566	2.055733	1.935008	2.017546	2.081139	1.978819	1.867239	0.00767506367238	2.43167727095e-05	0.00124331901187
2.23486306555	1.892763	1.924062	2.056245	1.974944	2.011567	2.074995	2.007363	1.865319	0.00721290659912	0.000272989773339	0.000958258545413
2.23552	1.859995	2.053083	1.918458	2.284198	2.089644	2.009481	2.163776	2.444486	0.00533777392161	0.000812963655848	0.000378754522875
2.236739	2.070003	1.93123	2.062618	1.980486	2.029075	2.07781453233	1.938637	1.860319	0.00964925569858	0.000447458961336	0.000748318932261
2.236739	2.070003	1.93123	2.062618	1.980486	2.029075	2.079235	1.938637	1.860319	0.00964925569858	0.000447458961336	0.000748318932261
2.236919	2.089371	1.922014	2.056437	1.97495	2.027951	2.074995	2.007361	1.860295	0.00996022115528	0.00123854389782	5.2002732547e-06
2.236919	2.089371	1.922014	2.056437	1.97495	2.027951	2.074995	2.00896907708	1.860295	0.00996022115528	0.00123854389782	5.2002732547e-06
2.236919	2.089371	1.922014	2.06324984468	1.97495	2.027951	2.074995	2.007361	1.32652262048	0.0101567172911	5.12096600021e-06	0.0012937024399
2.236919	2.089371	1.922014	2.06324984468	1.97495	2.027951	2.09574646211	2.007361	1.32652262048	0.0105667185478	2.2515638427e-05	0.00122244875847
2.236942	1.969728	1.924351	2.08574	2.180253	2.012657	1.931541	1.983643	6.321695	0.00184650005232	0.0130985261579	0.0106057151018
2.239161	1.84767	1.934567	1.993423	2.073121	2.1534901773	1.92364	2.003345	1.393028	0.00369859762705	3.11713751778e-05	0.00136138626428
2.239161	1.84767	1.934567	1.993423	2.073121	2.177282	1.92364	2.003345	1.393028	0.00393436383109	9.95298411306e-06	0.00148506923241
2.240057	1.83527804272	1.898799	1.995599	2.066809	2.099466	1.933304	1.978833	1.342964	0.00331464087044	0.000119063808356	0.00108394786885
2.240057	1.844854	1.898799	1.995599	2.066809	2.099466	1.933304	1.978833	1.31787900786	0.00343733580711	0.000235198888438	0.00101080010485
2.240057	1.844854	1.898799	1.995599	2.066809	2.099466	1.933304	1.978833	1.342964	0.00343733580711	0.000124907717187	0.00115221384813
2.240057	1.958172	1.924063	1.995999	2.106745	2.08283	1.92716	2.007365	1.34103	0.00399706142323	3.61322136012e-05	0.00129448834903
2.240117	1.83527	1.898799	1.925359	2.070649	2.099474	1.927688	1.978769	1.342942	0.00336237937188	4.2166695918e-05	0.00118467937979
2.240117	1.84154568591	1.898799	1.925359	2.070649	2.099474	1.927688	1.978769	1.342942	0.00349569152089	5.6526367636e-05	0.00121499509655
2.244281	1.83551	1.895727	1.995599	2.066809	2.099466	1.912312	1.978805	1.08082	0.00313342134276	0.00122677785947	2.0095122362e-05
2.244992	1.858559	2.052715	1.963514	2.251918	2.065452	1.931733	2.200784	2.4445	0.00450396330168	0.00111212279716	8.49929196872e-05
2.244992	1.858559	2.052715	1.963514	2.251918	2.065452	1.93329827079	2.200784	2.1577416863	0.00450396330168	0.000933122984527	0.000291930276821
2.244992	1.858559	2.052715	1.963514	2.251918	2.065452	1.93329827079	2.200784	2.4445	0.00450396330168	0.00111212279716	8.49929196872e-05
2.245986	1.842145	2.00873628087	2.036176	1.904217	2.13602715299	1.933249	2.245004	1.470173	0.00473754047887	0.000958293578816	0.000234276149833
2.24626389193	1.83527804272	1.898799	1.995599	2.066809	2.099466	1.933304	1.978833	1.342964	0.00318291689721	0.000119107035579	0.00108670270903
2.251873	1.988131	2.022283	1.995595	2.066705	2.09857	1.902855	1.940913	1.311964	0.0045615017994	0.00122884453241	1.83673697646e-05
2.251919	1.876383	1.924478	2.049481	2.022176	2.012327	2.074619	2.011037	3.048679	0.00639580154798	7.44409638174e-05	0.00116292549841
2.252431	2.089371	1.922014	2.053109	1.975462	2.012591	2.074995	2.030657	1.860199	0.00953096391774	0.00135054974891	1.4281124866e-05
2.2554261668	1.850337	1.832776	2.106776	1.91075000481	2.135481	1.902529	2.227348	1.469773	0.0052208824367	0.000247057556552	0.00105740784249
2.2554261668	1.850337	1.832776	2.106776	1.916049	2.135481	1.902529	2.227348	1.469773	0.0052208824367	0.000247057556552	0.00105740784249
2.259106	2.0939802201	1.923966	2.04184849652	1.97536	2.027966	2.075139	1.958221	1.35252655989	0.00903994140388	0.000481114441925	0.000701320319185
2.259428	1.859981	1.847006	2.166892	1.959189	2.092705	2.003529	2.16686	1.562133	0.00585625696583	7.64726432877e-05	0.00119079616456
2.260324	1.850337	1.832776	2.106776	1.916049	2.135481	1.902529	2.227348	1.469773	0.00502030414948	0.000248245275959	0.00105769268256
2.260324	1.86638617108	1.832776	2.106776	1.916049	2.135481	1.902529	2.227348	1.469773	0.00516213910204	0.000314990166362	0.00103168699124
2.261491	1.909151	1.920382	2.049449	2.02223	2.012345	2.074619	2.010989	3.047655	0.00648497513329	1.54213956555e-05	0.00127092147094
2.261519	1.874903	1.927038	2.057673	2.02192	2.015527	2.074611	2.012733	3.017557	0.00617668068256	2.70392263861e-05	0.00128165183334
2.26316123925	1.857021	1.84571	2.169068	1.925261	2.098241	1.931713	2.18879309235	1.560277	0.00542964223807	0.000496548618894	0.000748512290854
2.264198	1.843601	1.963387	2.180494	2.05041	2.135281	1.910061	2.222516	0.683508	0.00406835820502	0.000936260045837	0.000355202198658
2.26482174823	1.842017	1.964123	2.180508	2.063498	2.135473	1.902549	2.227082	0.683342	0.00388520877488	0.00100014370578	0.000315802786237
2.265463	1.810817	1.964127	2.184044	2.061466	2.110961	1.915635	2.202762	0.784158	0.00321947389966	0.000127186409359	0.00108276484691
2.277065	1.992227	1.887407	2.08902	2.070585	2.132234	1.910063	2.010317	1.056156	0.00454031292786	0.0014514441453	1.47031871732e-05
2.277211	1.992227	1.887279	2.08911580825	2.066489	2.099466	1.912151	2.015665	1.056156	0.00455498734916	0.0011959239146	5.06865977681e-05
2.277211	1.992227	1.887279	2.08911580825	2.066489	2.099466	1.92100847811	2.015665	1.056156	0.00455498734916	0.0011959239146	5.06865977681e-05
2.277211	1.992227	1.90588768533	2.08911580825	2.066489	2.099466	1.912151	2.015665	1.056156	0.00455498734916	0.00119581893421	5.22812863871e-05
2.28632700692	1.810817	1.964127	2.184044	2.061466	2.110961	1.91563549556	2.202762	0.784158	0.00297700798123	0.000213286803369	0.00112461970556
2.28632700692	1.810817	1.964127	2.2319656798	2.061466	2.110961	1.91563549556	2.202762	0.784158	0.00324857050122	0.000146103465421	0.00118233412717
2.28632700692	1.81218727062	1.964127	2.184044	2.061466	2.110961	1.91563549556	2.202762	0.784158	0.00297700798123	0.000213286803369	0.00112461970556
2.28632700692	1.96354081126	1.964127	2.184044	2.061466	2.110961	1.91563549556	2.202762	0.784158	0.00498769253732	0.000415462582726	0.000881740520329
2.286345	1.810945	1.952959	2.184044	2.061466	2.107633	1.916203	2.272394	0.728862	0.00288494376044	0.000170455662275	0.001563930431
2.296974	2.003355	1.924479	2.049388	2.063138	2.110641	1.964565	2.273178	0.689438	0.00465681707806	0.000545632101135	0.000785138150971
2.297252	1.808282	1.964123	2.184044	2.063498	2.102705	1.92456000469	2.228362	0.781678	0.00292732153189	8.79122511677e-05	0.00130978654832
2.297252	1.808282	1.964123	2.184044	2.063498	2.102705	1.927701	2.228362	0.781678	0.00292732153189	8.79122511677e-05	0.00130978654832
2.297402	1.844833	1.964063	2.184152	2.082758	2.102769	1.933077	2.20276	0.542414	0.0031232845043	0.00188241543949	0.000653235638104
2.29769989233	1.81081662665	1.96412279795	2.18407596978	2.06145025443	2.08199410125	1.931797212	2.22733845074	0.783726482086	0.00275422289023	0.000360783065713	0.00156036265307
2.29769989233	1.97971410695	1.96412279795	2.18407596978	2.06145025443	2.11089741933	1.931797212	2.22733845074	0.783726482086	0.00519202724755	0.000209812158034	0.00107606590724
2.29809	1.817503	1.954911	2.220908	2.07452911541	2.110641	1.915625	2.203978	0.78339	0.00306371185034	0.000183997272281	0.0011698365088
2.29821	1.810817	1.964127	2.184044	2.061466	2.110961	1.91563549556	2.202762	0.784158	0.00297700798123	0.000122338785091	0.0011413795295
2.29821	1.810817	1.964127	2.184044	2.061466	2.110961	1.931797	2.202762	0.784158	0.0030199971616	0.000176568365281	0.00108766742287
2.29821	1.810817	1.964127	2.184044	2.061466	2.110961	1.931797	2.21274152951	0.784158	0.0030199971616	0.000176568365281	0.00108766742287
2.29821	1.810817	1.964127	2.184044	2.08275755847	2.110961	1.94073518286	2.202762	0.784158	0.00283135570234	0.000249832332567	0.0011061633159
2.29821	1.810817	1.964127	2.184044	2.08275755847	2.14282316379	1.94073518286	2.202762	0.784158	0.00300155007149	0.000277312495616	0.00102317089661
2.298218	1.846231	1.954399	2.171756	2.081946	2.110497	1.917225	2.20405	0.805588	0.00309344065279	4.51534911678e-05	0.00128003219523
2.298594	1.807857	1.964111	2.185452	2.05974931405	2.110993	1.931777	2.202762	0.782046	0.0030199971616	0.000218811654128	0.00112502097662
2.298594	1.807857	1.964111	2.185452	2.06249	2.110993	1.931777	2.202762	0.782046	0.0030199971616	0.000218811654128	0.00112502097662
2.298594	1.807857	1.964111	2.19026742672	2.06249	2.110993	1.931777	2.20048966665	0.782046	0.00309399551324	0.000378892352258	0.000939781364505
2.298594	1.807857	1.964111	2.19026742672	2.06249	2.110993	1.931777	2.202762	0.782046	0.00309399551324	0.000234418739989	0.00109182359308