2.055671	1.855082	1.566021	2.09441	1.715428	1.773413	1.731255	0.253487	2.841496	0.000567434396712	0.000771412518504	0.000230805521597
2.080482	1.658637	1.603549	1.83431	1.796027	1.922781	1.911542	4.008451	4.586442	0.000620350499983	3.13996921317e-05	0.000559018408733
2.083066	1.734345	1.609197	1.857372	1.796563	1.865501	1.953526	3.589469	4.378122	0.000630301049648	0.000339403055008	0.000425558541716
2.09659568237	1.639316	1.668781	1.935044	1.818875	1.897501	1.75721	3.188107	4.228074	0.000631280642708	0.000163868237749	0.000451486850552
2.099426	1.639316	1.668781	1.935044	1.818875	1.897501	1.75721	3.188107	4.228074	0.000631280642708	0.000163868237749	0.000451486850552
2.099122	1.734201	1.606141	1.856972	1.776083	1.86164416347	1.829622	3.113309	4.14384827764	0.000635464129917	0.00036522668337	0.000405617495034
2.088694	1.621864	1.660797	1.94394	1.835575	1.968013	1.910804	3.686219	4.627178	0.00063558105295	4.63834882248e-05	0.000532741667629
1.964731	1.867447	1.558	1.955314	2.035426	2.021074	1.763973	4.166082	2.874716	0.000638933873776	0.000737534749884	0.000252944371811
1.963955	1.877453	1.640556	1.933806	2.014166	1.974034	1.724107	4.189362	2.857664	0.000638950347805	0.00103832527783	4.48581477127e-05
2.054391	1.855082	1.53973695169	2.073502	1.731812	1.810277	1.862327	0.253103	2.833304	0.000639598510815	0.000641951927558	0.000316897155828
2.054391	1.855082	1.558637	2.073502	1.731812	1.810277	1.862327	0.253103	2.833304	0.000639598510815	0.000699906504668	0.000273489505204
2.091234	1.64162	1.662125	1.933308	1.808207	1.897501	1.757178	3.277135	4.227818	0.000642204142823	0.000190447559157	0.000443646093674
2.098422	1.622656	1.660773	1.95777	1.820599	1.955597	1.921044	3.702603	4.627178	0.000643245997429	3.48752215849e-05	0.000541745239885
2.09612196088	1.64807348333	1.609197	1.87323717313	1.796539	1.847101	1.90717163725	4.053901	4.681226	0.000644267301253	9.09110658456e-06	0.000565343794508
2.09612196088	1.64807348333	1.609197	1.87323717313	1.79909288354	1.847101	1.945846	4.053901	4.681226	0.000646021204678	1.11260447202e-05	0.000560768816987
2.080266	1.742665	1.609149	1.890048	1.787795	1.849117	1.911538	3.611543	4.364648	0.000646671833612	0.000331312694168	0.000433454965288
2.091638	1.621672	1.665957	1.921412	1.830408	1.968397	1.91074	3.13286	4.496106	0.000649092446033	0.000103863904993	0.000486991892416
2.088694	1.621864	1.660797	1.94394	1.81299971977	1.968013	1.910804	3.686219	4.627178	0.000650842069252	3.42512397455e-05	0.000538862942194
2.099426	1.639316	1.687981	1.930436	1.822459	1.922911	1.759706	3.186699	4.555754	0.000652713575221	0.000177681450497	0.000447503589366
2.063903	1.739498	1.566005	2.09441	1.715356	1.781193	1.731035	0.253487	3.120024	0.000653195174149	0.00029152438517	0.000431840631174
2.088694	1.621864	1.660797	1.95773028824	1.835575	1.968013	1.910804	3.686219	4.627178	0.000653619845373	2.97944618065e-05	0.000544254364555
2.09612196088	1.64807348333	1.609197	1.87323717313	1.796539	1.847101	1.945846	4.053901	4.681226	0.000653777047731	7.32123725145e-06	0.000564646929974
2.085966	1.623572	1.675133	1.875204	1.776305	1.848485	1.904888	3.328587	4.256362	0.000654725642898	0.000191697169225	0.000408870904015
2.096882	1.626408	1.657981	1.968308	1.761847	1.869773	1.911156	3.915611	4.373322	0.000655822526465	7.50751281016e-05	0.000506157728846
2.09516	1.856006	1.641912	1.778958	1.721035	1.755115	1.839249	3.658473	4.361564	0.000655988010161	0.000925119496118	0.000145827221238
1.968051	1.885033	1.640248	1.935726	2.041866	1.97813	1.822451	2.943538	2.849484	0.000660183434738	0.00104661649826	4.0213071392e-05
2.08837	1.753033	1.658365	1.862428	1.795979	1.847053	1.943574	3.686153	4.627082	0.00066088886148	0.000507096116328	0.000320698984827
2.091638	1.621672	1.665957	1.93973255444	1.830408	1.968397	1.91074	3.13286	4.496106	0.000662534337141	9.2044470628e-05	0.000495280044572
2.094322	1.679521	1.579611	1.859084	1.802163	1.858141	1.911286	4.130507	4.90019	0.00066625894471	2.51594346025e-06	0.000608376210383
2.099834	1.725189	1.697757	1.73441	1.767483	1.849077	1.91071	4.553879	4.521834	0.000667689237768	0.000554507211384	0.000263323117571
2.085102	1.625272	1.653621	1.95297	1.773491	1.853501	1.773818	3.605835	4.47987682775	0.000668924421724	7.78690520627e-05	0.000505512407546
2.088182	1.621624	1.660713	1.940296	1.804304	1.947533	1.908948	3.637579	4.700906	0.000669202455167	3.37441516017e-05	0.000542462721713
2.09589	1.659749	1.608656	1.93473	1.805803	1.890434	1.909366	4.051853	4.70793	0.000669477416002	3.45932497455e-06	0.000596236747721
2.092022	1.724117	1.660845	1.857262	1.812347	1.848205	1.893766	3.633501	4.922102	0.000671218434969	0.000410779004028	0.000370044416101
2.082018	1.64807348333	1.609197	1.87323717313	1.796539	1.847101	1.945846	4.053901	4.681226	0.000673029107994	6.75158628478e-06	0.000565547905718
2.084792	1.626264	1.641005	1.939844	1.798711	1.859089	1.911476	3.637579	4.602538	0.000674686570904	2.7871478196e-05	0.000537856818251
2.095758	1.65866	1.691141	1.791772	1.725491	1.786077	1.764086	4.178189	4.708362	0.000675240181417	0.000283338533706	0.000380204618546
2.08479	1.625816	1.660717	1.939844	1.798711	1.848205	1.909428	3.637579	4.602602	0.000678960811685	8.96506194557e-05	0.000493261611497
2.08479	1.63243730765	1.660717	1.939844	1.798711	1.848205	1.909428	3.637579	4.602602	0.000679587443477	0.000119689006416	0.000481872618335
2.08479	1.63458979299	1.660717	1.939844	1.798711	1.848205	1.909428	3.637579	4.602602	0.000679587443477	0.000119689006416	0.000481872618335
2.082018	1.64807348333	1.609197	1.87323717313	1.78512410607	1.847101	1.945846	4.053901	4.681226	0.000679951363317	4.18651054445e-06	0.000568261141598
2.086136	1.872646	1.74024	1.778954	1.837003	1.755739	1.881407	3.603807	4.87472	0.000681703871665	0.00121762045003	2.80899616429e-05
2.08869	1.626408	1.657981	1.968004	1.770039	1.968077	1.911284	3.915595	4.630346	0.000683414016222	9.41544542986e-06	0.000561964620034
2.06772999166	1.64807348333	1.609197	1.87323717313	1.796539	1.847101	1.90717163725	4.053901	4.681226	0.000684138449792	6.57871532677e-06	0.000567887968578
1.968051	1.884009	1.640316	1.968494	2.00961	1.972114	1.822411	3.132594	2.857676	0.000687463076852	0.00102676761949	7.59655207826e-05
2.066274	1.610544	1.665397	1.862932	1.773807	1.849181	1.802874	3.397779	4.50088	0.000687935721416	8.99535552299e-05	0.00047174746529
2.088694	1.621864	1.660797	1.94394	1.81299971977	1.968013	1.910804	3.13286219806	4.627178	0.00068819125395	4.93683934349e-05	0.000527987319651
2.084862	1.658756	1.690117	1.791164	1.725491	1.789245	1.781366	3.571981	4.708362	0.000693177459053	0.000294680514949	0.000371015490644
2.090082	1.625904	1.661301	1.93755546744	1.800655	1.848317	1.90937	3.293515	3.82160174477	0.000695508356058	0.000153428478269	0.000431947841102
2.067182	1.734325	1.706045	1.857308	1.79025213698	1.86731971423	1.953206	4.187715	4.677194	0.000695678158722	0.000595582997421	0.000259234708186
2.067182	1.734325	1.706045	1.857308	1.796059	1.86731971423	1.953206	4.187715	4.677194	0.000695678158722	0.000595582997421	0.000259234708186
2.084862	1.658756	1.690117	1.791164	1.725491	1.789245	1.80600731211	3.571981	4.708362	0.000696073834787	0.000295314375128	0.000369671243081
2.071778	1.658629	1.609181	1.93998	1.796027	1.89045186659	1.908982	4.037517	4.586218	0.000697117790867	2.07089929522e-06	0.000591606103506
2.071778	1.658629	1.60852762628	1.93998	1.796027	1.89045186659	1.908982	4.037517	4.586218	0.000697117790867	2.07089929522e-06	0.000591606103506
2.082018	1.724165	1.669085	1.93921	1.796019	1.849085	1.91103	4.037517	4.58737	0.000699666542763	0.000426017990583	0.000363954067476
2.07165	1.659749	1.608528	1.934858	1.796235	1.890444	1.90943	4.031373	4.623706	0.000702208612272	1.21858807929e-06	0.000594313154198
2.07165	1.659749	1.608528	1.934858	1.796235	1.8946402097	1.90943	4.031373	4.623706	0.000702208612272	1.21858807929e-06	0.000594313154198
2.067182	1.734325	1.706045	1.857308	1.796059	1.844591	1.953206	4.187715	4.677194	0.000702238339865	0.000607361272034	0.000248921937766
2.055194	1.560508	1.675515	1.933836	1.829015	1.85564	1.90738	3.49787473361	4.643558	0.000703912428873	3.9225503013e-05	0.000525665812355
2.082018	1.724165	1.674734	1.953052	1.796019	1.849149	1.920758	4.041613	4.583018	0.000706356731925	0.000449126721708	0.000348530269893
2.064562	1.732997	1.696253	1.784004	1.790011	1.849951	1.781174	4.186947	2.575946	0.000713141300571	0.000725815745314	0.000120861740028
2.089522	1.627124	1.657269	1.86558	1.822189	1.855613	1.763986	4.510027	5.089258	0.000718514390728	6.93703864837e-05	0.000514656177401
2.06296	1.789108	1.756476	1.79906	1.838647	1.947088	2.005494	3.92034	5.089249	0.000721815255758	0.000887575216796	0.000118237158511
2.090082	1.60178162784	1.661301	1.92743046604	1.800655	1.848317	1.90937	3.293515	4.856554	0.000721905532239	2.26194938498e-05	0.000512561460338
2.090082	1.60178162784	1.661301	1.928468	1.800655	1.848317	1.90937	3.293515	4.856554	0.000721905532239	2.26194938498e-05	0.000512561460338
2.090114	1.626416	1.661249	1.92852	1.80849490938	1.848381	1.91321	3.343691	4.92209	0.000723428724498	7.70853703859e-05	0.000502438369022
2.066354	1.734365	1.70844073016	1.857308	1.796155	1.847071	1.953206	4.186691	4.673098	0.000724100571976	0.000608176235122	0.000248208579397
2.090082	1.625904	1.66079583099	1.928468	1.800655	1.848317	1.90237688266	3.293515	4.856554	0.00072424969608	8.35112308574e-05	0.000499613799755
2.090082	1.625904	1.66079583099	1.928468	1.800655	1.848317	1.90937	3.293515	4.856554	0.00072424969608	8.35112308574e-05	0.000499613799755
2.090082	1.60178162784	1.661301	1.928468	1.800655	1.848317	1.90937	3.293515	4.87338109421	0.000724427263373	2.12266478441e-05	0.000513810868349
1.951667	1.877453	1.640556	1.966062	2.014986	1.974034	1.822411	4.168882	2.857676	0.000727522562713	0.00102174119058	7.8311768831e-05
2.089506	1.627032	1.653621	1.946772	1.799631	1.848509	1.90872073933	3.385675	4.851946	0.000728626154	7.14234349102e-05	0.000509988422057
2.089506	1.627032	1.653621	1.946772	1.799631	1.848509	1.904826	3.385675	4.851946	0.000728626154	7.14234349102e-05	0.000509988422057
2.092126	1.741588	1.698501	1.783804	1.725501	1.782813	1.953122	3.590979	4.498026	0.000733483382	0.000585885759866	0.000236553623142
2.047326	1.879942	1.64396	1.780102	1.719243	1.756533	1.839261	3.501065	4.320732	0.000735820486384	0.00102145471871	0.000106025535321
2.085214	1.741492	1.698309	1.785148	1.770041	1.781149	1.94621	3.591883	4.500234	0.000738196574073	0.000598039411417	0.000228477829113
2.095096	1.872646	1.740216	1.778958	1.773003	1.755227	1.878673	3.603753	4.970572	0.000738345175849	0.0011740866036	2.94731262758e-06
2.04565874836	1.64807348333	1.609197	1.87323717313	1.796539	1.847101	1.945846	4.053901	4.681226	0.000739073159335	3.47362364102e-06	0.000569479623669
2.085096	1.871274	1.740256	1.778842	1.829323	1.772123	1.881279	3.833183	5.10672	0.000740583748207	0.001171631836	9.05209335786e-06
2.061044	1.831548	1.7495	1.791276	1.714215	1.863496	1.978908	3.013743	4.417473	0.000740736682362	0.00110497608733	1.8958306375e-06
2.085096	1.871274	1.740256	1.778842	1.829323	1.74937496654	1.881279	3.833183	5.10672	0.000741364436191	0.00118463337844	1.12047946332e-06
2.056178	1.619072	1.726837	1.8701	1.800655	1.845501	1.909626	3.293559	4.867674	0.000742222437911	0.000278452047957	0.000352163037082
2.09013	1.627824	1.640769	1.928456	1.808523	1.848465	1.912698	3.351883	5.041898	0.000742997388267	8.85731919371e-06	0.000554029023604
2.092342	1.625688	1.64686047679	1.957396	1.733327	1.865021	1.910974	4.489603	4.678378	0.000743266107217	2.90024075507e-07	0.000567166363291
2.085982	1.741492	1.698309	1.78502	1.725497	1.783101	1.953378	3.590723	4.49793	0.000752650749653	0.000586221623442	0.000236217561252
2.062322	1.618952	1.726837	1.857812	1.801039	1.796349	1.908604	3.646211	4.867684	0.000758644806098	0.000301572303812	0.000329197433382
2.05235	1.625764	1.675485	1.948364	1.796023	1.892576	1.905396	3.081548	4.593386	0.000762580834028	0.000130533777855	0.00046489221506
2.022646	1.621612	1.642873	1.943624	1.787824	1.919373	1.913044	2.989903	4.34985494422	0.000766417624242	6.61385227621e-05	0.000510033780103
1.914811	1.804983	1.615096	1.968612	2.02781	1.9988163871	1.817221	4.16609	2.873404	0.000771223315946	0.000701220323949	0.000198762123383
1.914811	1.804983	1.615096	1.968612	2.02781	2.021202	1.817221	4.16609	2.873404	0.000771223315946	0.000701220323949	0.000198762123383
1.914811	1.804983	1.615096	1.968612	2.02781	2.026867353	1.817221	4.16609	2.873404	0.000771223315946	0.000701220323949	0.000198762123383
1.915579	1.790263	1.624184	1.968612	2.033602	1.982323	1.817221	4.166142	2.873436	0.000771370869977	0.000691318934025	0.000178790150761
1.914827	1.789463	1.620852	1.968114	2.015952	2.01429	1.773701	4.18273	2.873436	0.000772055031944	0.000653899780348	0.000210903647774
1.914811	1.789623	1.630456	1.968626	2.035426	2.014418	1.763973	4.16609	2.87342	0.000772752655734	0.000684043536273	0.00018629072229
1.914811	1.789623	1.630456	1.968626	2.02067180868	2.014418	1.763973	4.16609	2.87342	0.000772752655734	0.000684043536273	0.00018629072229
1.92813490269	1.790521	1.62035296461	1.965262	2.093818	2.053842	1.760881	3.395794	2.596183	0.000773668495119	0.000670034403106	0.000195321097028
1.914115	1.866551	1.614004	1.86544	2.033602	1.982355	1.817221	4.051454	2.873564	0.000774009817993	0.000961927839076	9.13625158837e-05
1.914787	1.790647	1.615128	1.968964	2.027118	2.020914	1.765765	4.035018	2.824252	0.000775134561806	0.000661138957518	0.000208037843919
2.055422	1.62586	1.659101	1.94074	1.796055	1.89253	1.819316	3.122812	2.489066	0.000787270172538	0.000255656130947	0.00035674832325
2.095742	1.626136	1.661429	1.956124	1.797199	1.796093	1.90941	4.515915	4.859626	0.000789612418946	7.49187210443e-05	0.000507712272807
2.066168	1.838392	1.688898	1.797456	1.820546	1.840904	2.027732	3.005157	4.86189	0.000799787575129	0.00093880099766	9.91393591511e-05
2.055422	1.62586	1.675485	1.939972	1.796055	1.89253576626	1.909428	2.69682835168	4.586218	0.000801678111151	0.00015302840548	0.000452158974334
2.06665085933	1.758901	1.64190741924	1.921822	1.86718883583	1.873303	1.894788	2.431325	4.517866	0.000802557467038	0.000524626877871	0.000317808440219
2.054654	1.741876	1.698021	1.918908	1.831643	1.782869	1.953378	3.397955	4.468274	0.000803790213767	0.000570426157041	0.000250103308708
1.899097	1.786181	1.627184	1.934062	2.034646	1.987234	1.763989	3.378346	3.104064	0.000808924770181	0.000634470731046	0.000216567218414
2.055422	1.617924	1.675481	1.956356	1.796055	1.889088	1.909396	2.687688	4.586218	0.000809228035121	0.000123268258444	0.000466813746854
1.898585	1.786181	1.624176	1.934062	2.03055	1.985938	1.723029	3.402922	3.099968	0.000810530671017	0.000630300424981	0.000219789701454
1.902601	1.786053	1.624172	1.936494	2.031682	1.98268	1.769333	4.049066	2.85984	0.000811393325942	0.000654286682017	0.00019751683883
2.04867	1.74538	1.673517	1.785116	1.750393	1.783025	1.84893	4.132553	5.022218	0.000811499562203	0.000549564748371	0.00029487582419
2.062072	1.823544	1.7075704692	1.79786	1.837186	1.83932	2.02774	3.005125	4.873026	0.000812673537406	0.000949649061879	7.25657290146e-05
2.054782	1.62586	1.675517	1.905988	1.837911	1.897796	1.912788	2.688888	4.900842	0.00081280976097	0.00014662888725	0.000458511162592
2.06028	1.823544	1.709746	1.81626	1.834522	1.840792	2.028188	2.939589	4.873042	0.000819271764615	0.000946283840561	7.42151125285e-05
2.055422	1.62586	1.66741755551	1.939972	1.796055	1.848597	1.909428	2.69682835168	4.586218	0.000819869913095	0.000138128575281	0.00045604121078
1.899123	1.790589	1.624172	1.967982	2.035434	1.98677	1.81653603552	3.07966012969	2.861004	0.0008235777488	0.000706956346979	0.00017862315068
1.899123	1.790589	1.624172	1.967982	2.035434	1.98677	1.763985	4.1759530456	2.67348444816	0.00082575476941	0.000709919849118	0.000176421223689
2.07999	1.58884	1.700281	1.942344	1.722384	1.806168	1.915092	2.989899	4.501338	0.000826017209596	6.99548549614e-05	0.000450387948786
2.05545	1.560324	1.675483	1.923588	1.796247	1.839032	1.909428	2.696412	4.586222	0.00082841775489	3.20110216945e-05	0.000508293680496
1.899123	1.880168	1.622124	1.869134	2.00265	1.994562	1.716473	3.570122	2.860236	0.000830218382422	0.00102683512148	7.08648022662e-05
2.00509	1.628976	1.6856078984	1.793556	1.73506598721	1.848061	1.92061511001	3.914815	4.856554	0.000830285811768	0.000187770528891	0.000426498690318
2.00509	1.628976	1.72793881166	1.793556	1.73506598721	1.848061	1.92061511001	3.914815	4.856554	0.000830285811768	0.00030151797294	0.00034575724386
1.899117	1.791417	1.622401	1.965222	2.095546	2.04304385196	1.760369	3.395794	2.596183	0.000832198658565	0.000721217377828	0.000173392543212
1.899123	1.790521	1.62354	1.965262	2.093818	2.053842	1.760881	3.395794	2.596183	0.000832198658565	0.000721217377828	0.000173392543212
1.899117	1.791417	1.622401	1.965222	2.095546	2.059138	1.760369	3.395794	2.596183	0.000832198658565	0.000721217377828	0.000173392543212
2.00497	1.745791	1.674675	1.778972	1.773018	1.853501	1.94636	4.128043	4.904972	0.000832206169826	0.00054462557814	0.000300906382662
1.899123	1.790521	1.62354	1.965262	2.093818	2.053842	1.75046108927	3.395794	2.596183	0.000832462049197	0.000719791604021	0.000174905852586
1.899123	1.790521	1.62354	1.965262	2.093818	2.053842	1.741813572	3.395794	2.596183	0.000832920908609	0.000718148506724	0.000176326384137
1.904287	1.790523	1.623556	1.964998	2.095242	2.037586	1.769073	3.360978	2.596183	0.000832939738215	0.000723453175553	0.000172967826957
2.037289	1.758901	1.64190741924	1.921822	1.86718883583	1.873303	1.894788	2.431325	4.517866	0.000833449001108	0.000523398670873	0.000318511489942
1.898651	1.790769	1.641468	1.965582	1.997202	2.085074	1.763941	4.176906	2.562124	0.000835866951205	0.00079243033423	0.000119748406156
2.082914	1.627864	1.654837	1.953004	1.828755	1.725709	1.872122	3.389771	5.097314	0.000843775844013	6.64793255082e-05	0.00050400528336
1.915195	1.789279	1.65221	1.968916	2.03055	1.748336	1.784453	4.189192	3.624398	0.000844784990155	0.00079924968193	0.000101054705756
2.00497	1.745791	1.674675	1.81488482023	1.773018	1.853501	1.94636	4.128043	4.904972	0.000845477689492	0.000535786109815	0.000310320239067
2.01533	1.593648	1.665043	1.7933	1.735066	1.824132	1.912509	3.802927	4.856554	0.000851302000717	4.90852143416e-05	0.000489991708681
2.05069	1.725109	1.682341	1.922846	1.830739	1.873681	1.934275	2.431029	4.517722	0.000851859186472	0.000540600154401	0.000277254223074
2.013114	1.61572	1.644413	1.94394	1.817096	1.968077	1.910808	2.59603	4.627178	0.00086543095731	6.92826886726e-06	0.000553290924481
1.907003	1.789279	1.65196	1.968612	2.020642	1.82368461877	1.833605	4.165962	3.037216	0.000865974518187	0.000806674901179	9.72322594632e-05
2.082562	1.733493	1.677181	1.953566	1.723219	1.873293	1.961475	2.431031	4.652026	0.000871600617043	0.000520049913456	0.000302446494518
2.072908	1.834808	1.74482	1.797796	1.824386	1.863384	2.048472	2.840397	4.99593	0.000881910924037	0.00107089251995	2.1554676181e-06
2.00317	1.628976	1.663313	1.793554	1.769914	1.848085	1.904231	3.914687	4.750394	0.000883027424972	0.000130594694287	0.000440662771243
2.050994	1.723789	1.609053	1.864862	1.764499	1.861557	1.81836	4.162013	2.271552	0.000883492941137	0.000450315415343	0.000320740219415
1.903347	1.869867	1.6362651867	1.933678	2.017722	1.986768	1.759597	3.684482	2.562371	0.000888572699806	0.00102432766939	6.95391102671e-05
2.047746	1.725301	1.677181	1.945374	1.813331	1.873297	1.934339	2.431031	4.648794	0.000895503703065	0.000484929120328	0.00031957121885
1.884385	1.792753	1.679286	1.865024	1.998802	1.988366	1.765009	3.12929	3.10721	0.000895711097001	0.000863984093379	8.96079841709e-05
2.095148	1.7118	1.704252	1.834548	1.730234	1.857264	2.03228	3.000643	5.668409	0.000903937593842	0.000458598403822	0.000307842040337
2.052834	1.650437	1.609784	1.947521	1.779763	1.891156	1.77791	2.562957	2.357994	0.000904478979397	0.000191104468797	0.00042042071207
2.095966	1.659572	1.620485	1.784942	1.773273	1.783093	1.944194	3.594819	4.49793	0.000906884222376	7.3311155921e-06	0.000536788842426
1.882739	1.7752082209	1.620076	1.869678	2.035418	1.986802	1.714833	3.43905	2.861004	0.000928234892616	0.000582879451585	0.0002373432655
1.874617	1.774205	1.63854	1.966718	2.014954	1.989746	1.718987	3.64121	2.758604	0.000932413553384	0.00067716327214	0.000180940534517
1.907003	1.789279	1.65196	1.968612	2.020642	1.79180386108	1.833605	4.165962	3.037216	0.000949222864334	0.000796217031408	9.89414331295e-05
1.903203	1.774399	1.563876	1.961606	1.970906	1.992824	1.772529	3.266378	2.034524	0.000951727375182	0.000499911270031	0.000299481727652
1.904227	1.77444	1.648868	1.961482	1.970906	1.99436	1.772453	3.253322	2.034516	0.0009519574319	0.000767474353439	9.79414943743e-05
1.890363	1.789263	1.651956	1.968612	2.020482	1.791804	1.765605	2.429258	3.045408	0.000960346150784	0.00084526628459	9.7009592689e-05
1.874619	1.734525	1.638924	1.966094	2.014954	1.989846	1.718987	3.644594	2.759372	0.000964157376887	0.000549617432854	0.000210967561385
2.050738	1.740213	1.605981	1.859318	1.773379	1.861813	1.849988	2.425181	2.534428	0.000978727360083	0.000500001821485	0.000284204312856
1.903219	1.76265092692	1.620852	1.928838	2.032346	1.986776	1.773153	3.26689	2.0345	0.000981736971893	0.000603377008047	0.000186626784181
2.052428	1.831736	1.73898	1.797808	1.823362	1.845464	2.048508	2.839885	4.995906	0.000983200626859	0.00100930929911	2.95498069755e-05
1.91689640048	1.838221	1.620852	1.935694	2.032346	1.986896	1.764837	3.63849	1.754823	0.000987377633583	0.000911498911009	8.93605766438e-05
1.9108867979	1.838221	1.620852	1.935694	2.032346	1.986896	1.764837	3.63849	1.754823	0.000987377633583	0.000911498911009	8.93605766438e-05
1.899145	1.790221	1.640548	1.963046	2.076278	1.977278	1.829527	3.39315	1.896028	0.000988731232873	0.0008218365074	8.99131201209e-05
2.053713	1.726133	1.663485	1.824542	1.822547	1.872721	1.895036	2.430009	4.516842	0.00101024195843	0.000496493364231	0.000295727318429
1.894459	1.789391	1.651956	1.967588	2.027522	1.791356	1.771237	2.45793	2.586656	0.00101143960978	0.000884784585615	6.52342192959e-05
2.067034	1.814136	1.765476	1.797772	1.771458	1.862968	2.029676	2.612101	5.757921	0.00101389932131	0.00100244714527	6.40920212128e-05
1.897075	1.790489	1.64338	1.942918	2.032242	1.988824	1.773153	3.511626	1.821508	0.00102613455213	0.000858119651923	6.75928377207e-05
2.004577	1.634072	1.576287	2.008561	1.709632	1.962357	1.745394	1.905974	2.391008	0.00102618517587	2.11509139006e-05	0.000535706434495
1.903215	1.856049	1.629044	1.862936	1.98321	1.97936	1.769771	3.659997	1.706257	0.00103111545721	0.00104741993662	5.66015179603e-07
2.085502	1.623828	1.675805	1.92538	1.774417	1.839325	1.924206	2.02697950003	4.222314	0.00103320400276	0.000184018405905	0.000406244260769
2.01082144122	1.63576	1.575391	2.008561	1.709634	1.962101	1.75638514868	0.374311204328	2.533312	0.00104177826178	1.97234937035e-05	0.000530830444482
2.01082144122	1.63576	1.575391	2.05213391357	1.709634	1.962101	1.74949	0.374311204328	2.533312	0.00104263402612	1.83306476982e-05	0.000531700494286
2.01082144122	1.63576	1.575391	2.008561	1.709634	1.962101	1.74949	0.374311204328	2.533312	0.00104263402612	1.83306476982e-05	0.000531700494286
2.01082144122	1.63576	1.575391	2.02641134536	1.709634	1.962101	1.74949	0.374311204328	2.533312	0.00104263402612	1.83306476982e-05	0.000531700494286
1.954968	1.790945	1.62253	1.967978	1.994218	1.988226	1.766067	2.970058	1.476948	0.00104507285724	0.000765190810402	9.04367993865e-05
1.899123	1.837197	1.62354	1.968462	2.031386	1.986896	1.818085	3.638786	1.711431	0.00105139337554	0.000960442795226	5.58306715382e-05
1.886129	1.786185	1.624164	1.861486	1.99457	1.97813	1.822357	3.39985	2.82656	0.00105843661953	0.000618813561412	0.000172081283319
1.886129	1.77883791004	1.624164	1.861486	1.99457	1.97813	1.822357	3.39985	2.82656	0.00105843661953	0.000618813561412	0.000172081283319
2.005244	1.642254	1.577171	2.054657	1.713856	1.848549	1.748924	0.165694	2.130634	0.00106836360022	0.000125691744637	0.000415218968814
2.005026	1.629308	1.662483	1.791764	1.773402	1.725284	1.920659	3.899903	4.99677978395	0.00107589869549	9.75220104152e-05	0.000433483829499
1.897075	1.790489	1.64338	1.942918	2.032242	1.988824	1.773153	2.59774623475	1.821508	0.00108083247816	0.000866379590941	6.19065880568e-05
1.897395	1.735464	1.648882	1.968138	2.033546	1.971848	1.767993	2.385114	2.754516	0.00108686192086	0.000583210375991	0.000186698944709
1.901283	1.8136601626	1.649628	1.964362	2.057146	1.971954	1.764967	3.398602	1.54721	0.00108791374827	0.000947940108979	2.53624345799e-05
1.903439	1.83174575981	1.620852	1.88034433054	1.983194	1.992864	1.76977342106	3.64822140825	1.52603305145	0.00108813093259	0.000944933800698	5.15732003432e-05
1.898931	1.80106686273	1.623808	1.934862	2.093834	2.037384	1.760641	3.515602	1.477975	0.00111085632417	0.000853723790417	7.57139897967e-05
2.005026	1.629308	1.662483	1.791764	1.773402	1.725284	1.920659	3.899903	4.905706	0.00111733887447	7.05920079212e-05	0.00044186063602
1.897075	1.790489	1.643508	1.870922	1.977138	1.989464	1.748577	3.511562	1.95258	0.00112278995897	0.000786106549943	6.14901187196e-05
2.092024	1.646701	1.239916	1.85728	1.812361	1.719834	2.059618	3.656194	0.727379	0.00112566171157	0.000175066983055	0.000406200964452
2.005216	1.636082	1.557019	2.055697	1.70976	1.902813	1.749084	1.781566	2.130634	0.00113132979595	1.70497562183e-05	0.000533217927119
1.903203	1.757648	1.620848	1.912518	2.032378	1.986768	1.740903	3.363026	1.547604	0.00113510472828	0.000633961996513	0.000156265757151
2.005472	1.63576	1.575391	2.008561	1.709634	1.962101	1.74949	0.66079	2.533312	0.00114845183868	1.79684418812e-05	0.000530826321024
1.810147	1.800949	1.694243	1.963214	1.89741309183	2.054738	1.764929	3.382666	3.000151	0.00115142838457	0.000996371965882	1.67815168493e-05
1.904947	1.791933	1.640956	1.922828	2.091262	1.987224	1.833601	3.479898	1.503204	0.00115226956378	0.000855679701829	5.33236085971e-05
1.906995	1.789885	1.632504	1.933836	2.091306	1.986712	1.833601	4.179162	1.497828	0.00115657481362	0.000852138316773	6.1339612474e-05
1.906995	1.789885	1.632504	1.933836	2.09560001065	1.986712	1.833601	4.179162	1.497828	0.00115657481362	0.000852138316773	6.1339612474e-05
1.891155	1.790509	1.64882	1.963278	2.06249	1.97926	1.804166	3.388864	1.514068	0.00115720775142	0.000889638143563	3.49886491122e-05
2.066688	1.625974	1.579357	2.063513	1.773357	1.878869	1.751684	1.812302	2.535452	0.00116720610647	3.44615385391e-06	0.000545382130533
1.944351	1.856029	1.620132	1.910638	1.982938	1.992864	1.822971	2.841873	1.215756	0.00116722318815	0.00104644856647	3.5778051099e-07
2.01082144122	1.63576	1.575391	2.008561	1.709634	1.962101	1.74949	0.974349839725	2.533312	0.0011710608499	2.07393163814e-05	0.000530337691158
2.006524	1.592942	1.576915	2.054665	1.713856	1.848165	1.749692	0.167742	2.13289	0.00117374975993	1.58780453272e-05	0.000491742116935
1.811063	1.806209	1.699331	2.032749	1.945048	1.9506171792	2.077563	3.293559	3.381339	0.00117738063869	0.000968575962208	2.2366741773e-05
1.891081	1.668521	1.62378	2.095301	1.82593	2.052819	2.044505	4.534039	2.59587	0.00119126233587	0.00023463008327	0.00039857462743
1.92020906568	1.790493	1.635828	1.91363	2.030554	1.992912	1.78186	3.042317	1.26498	0.00119548582105	0.000858909919161	5.22412006664e-05
1.903219	1.789725	1.642172	1.928902	2.024154	1.980172	1.765153	3.398474	1.297748	0.00119690701772	0.00088958381269	3.33969940212e-05
2.005472	1.635166	1.57078251949	2.055665	1.709762	1.968229	1.7495	0.663358	2.27612033066	0.00119847610561	1.1636425644e-05	0.000531572667064
1.897971	1.780829	1.6485	1.928558	2.032346	1.987122	1.764229	3.396314	1.3717	0.00119886783782	0.000852194294035	5.01712243564e-05
2.032044	1.593758	1.595835	2.04767990706	1.899838	1.888855	1.748896	3.601418	1.3487	0.00120467664282	4.26725249908e-05	0.00047924185163
2.005472	1.635166	1.57078251949	2.055665	1.709762	1.968229	1.7495	1.08765655932	2.27612033066	0.00121181317091	1.02386404686e-05	0.000535644582613
2.059495	1.62448725394	1.23178	1.928703	1.755067	1.724864	2.02858012923	4.561794	0.916195	0.00121264668981	6.63850421354e-06	0.00050573507432
2.062568	1.633118	1.570847	2.055665	1.726146	1.968229	1.749372	0.676446	2.27612	0.00121797696972	3.98166976531e-07	0.000542091610423
2.062568	1.633118	1.56693358917	2.055665	1.726146	1.968229	1.749372	0.676446	2.27612	0.00121797696972	3.98166976531e-07	0.000542091610423
1.870451	1.791005	1.673588	1.96007	1.973962	1.91112470786	1.748513	3.49101	1.50306	0.00121876586903	0.000981959467146	1.83008704886e-05
1.903596	1.849213	1.638452	1.965382	2.09925815389	1.988428	1.747355	4.184354	1.331383	0.00122266133297	0.00103818533467	1.2458070314e-05
1.810719	1.772377	1.712059	2.061637	1.94172	1.979695	2.040473	3.565315	2.80419	0.00122511956773	0.000918235939205	2.17791488962e-05
1.815839	1.772377	1.712043	2.036037	1.955288	1.979735	2.011097	3.589891	2.803288	0.00122565652494	0.000917934649821	2.2414161549e-05
1.815839	1.772377	1.712043	2.036037	1.955288	1.98943438676	2.011097	3.589891	2.803288	0.00122565652494	0.000917934649821	2.2414161549e-05
1.815839	1.772377	1.712043	2.036037	1.955288	1.9978558424	2.011097	3.589891	2.803288	0.00122565652494	0.000917934649821	2.2414161549e-05
1.903315	1.790493	1.635828	1.91363	2.030554	1.992912	1.78186	3.042317	1.26498	0.0012301554799	0.000867708227734	4.91094337196e-05
1.818911	1.758921	1.709891	2.036061	1.92812	1.979343	2.076597	3.589451	2.805258	0.00123418968321	0.000878019568787	3.60360076433e-05
1.810719	1.756889	1.709883	2.036037	1.944504	1.979727	2.076597	3.589899	2.803454	0.00123445057506	0.000878141401653	3.59287977149e-05
1.810719	1.756889	1.709883	2.036037	1.944504	1.979727	2.09563259833	3.589899	2.803454	0.00123445057506	0.000878141401653	3.59287977149e-05
2.050028	1.649293	1.234084	1.895584	1.821115	1.731468	2.021048	4.578202	0.497891	0.00124602327992	0.000168252574525	0.000400197208462
1.903219	1.77403247514	1.620852	1.92890156691	2.032346	1.986768	1.74074282206	3.395802	1.21582806358	0.0012471929899	0.000711385136287	0.000125222297692
1.820959	1.717127	1.663475	1.943369	1.94453	2.087187	2.080377	3.589443	2.79279	0.00125802828381	0.000587538735504	0.000163265328437
2.06706	1.725101	1.184244	1.857035	1.821363	1.72629	2.053698	3.395802	1.215855	0.0012649135046	0.000168703685406	0.000394018205473
1.886907	1.791613	1.64542	1.969862	2.032346	1.987794	1.764963	3.641562	1.21582	0.0012700956636	0.000898642250895	2.62036201718e-05
2.047724	1.652137	1.229988	1.895584	1.821115	1.731468	2.020504	4.578138	0.497891	0.00127809264935	0.000197663686865	0.000390300907379
1.903219	1.758111	1.65362	1.935626	2.042801	1.996016	1.81727	3.676991	1.34684233421	0.0012786774023	0.000753514611974	2.80528505137e-05
2.063964	1.674509	1.17193	1.864967	1.810147	1.717662	2.079138	2.756802	0.667613	0.00128277657159	5.34185130252e-05	0.000394611983538
1.819903	1.705733	1.663443	1.944393	1.94453	2.021711	2.078457	3.589187	2.810338	0.00129120001693	0.000537732142886	0.000173145135685
1.820959	1.705863	1.663483	1.94439267379	1.94453	2.087247	2.078329	3.589443	2.805262	0.00129245208065	0.000540223131073	0.000170060788514
1.820959	1.705863	1.663483	1.94786332116	1.94453	2.087247	2.078329	3.589443	2.805262	0.00129245208065	0.000540223131073	0.000170060788514
2.006268	1.624926	1.547283	2.055665	1.70924032983	1.902693	1.745596	1.648254	1.747612	0.00129725068902	3.18012706998e-07	0.000530255221982
1.885418	1.789709	1.669368	1.95327562124	2.08273	1.986712	1.838881	4.192474	1.497956	0.00129799014027	0.000951980350229	1.75549211603e-06
1.885418	1.789709	1.669368	1.922828	2.08273	1.986712	1.838881	4.192474	1.497956	0.00129799014027	0.000951980350229	1.75549211603e-06
1.894323	1.744434	1.648738	1.933194	2.091786	1.97812	1.773221	2.46601	1.486164	0.00129815871286	0.000747429554248	0.000101215520649
2.082044	1.721765	1.1573	1.858749	1.807419	1.726256	2.01885	3.591498	1.036143	0.00130766796413	1.52864724455e-05	0.000474908096448
2.006268	1.624926	1.547283	2.055665	1.72260840108	1.902693	1.745596	1.648254	1.747612	0.00130790214872	4.67974807639e-09	0.000530469641839
1.804959	1.692369	1.708031	2.095876	1.737528	2.035923	2.087385	3.137458	3.183966	0.00131079579622	0.000626981302585	0.000148336345908
1.815587	1.739293	1.62354	2.090949	1.753037	1.992869	2.072825	3.920603	2.871479	0.00131377002735	0.000522647916998	0.000278724236131
1.804287	1.706897	1.708059	1.745165	1.711032	2.035931	2.021849	3.589955	3.19651	0.00131685358957	0.000659444822129	0.000143303664462
2.004592	1.631578	1.620851	2.000986	1.770114	1.896665	1.749612	1.956158	1.595908	0.00132159603189	0.00023995615517	0.000366646686062
2.080508	1.721891	1.163772	1.850557	1.807819	1.726294	2.014754	3.624266	1.036143	0.00132231664594	3.97468898235e-05	0.000462867596797
1.890211	1.790259	1.661186	1.935198	2.092654	1.971772	1.765797	2.458842	1.252308	0.00133043373053	0.000940595562844	1.37981944188e-05
2.001162	1.724863	1.149244	1.829141	1.711347	1.701248	1.978044	4.327202	1.03998501992	0.00133044565444	1.87991804637e-06	0.000513689226316
1.810719	1.706841	1.69899314343	2.037061	1.944536	1.979727	2.076633	3.589891	2.803294	0.00133314484145	0.000644926954427	0.000122422469178
1.810719	1.706841	1.712059	2.037061	1.944536	1.979727	2.08855436555	3.589891	2.803294	0.00133314484145	0.000674883021883	8.39980184945e-05
1.810719	1.70381529924	1.712059	2.037061	1.944536	1.979727	2.076633	3.589891	2.803294	0.00133314484145	0.000674883021883	8.39980184945e-05
1.810719	1.706841	1.712059	2.037061	1.944536	1.979727	2.076633	3.589891	2.803294	0.00133314484145	0.000674883021883	8.39980184945e-05
1.810719	1.70381529924	1.712059	2.037061	1.95294924174	1.979727	2.076633	3.589891	2.803294	0.00133314484145	0.000674883021883	8.39980184945e-05
1.810719	1.70381529924	1.712059	2.037061	1.93212448071	1.979727	2.076633	3.589891	2.803294	0.00133314484145	0.000674883021883	8.39980184945e-05
1.810719	1.70381529924	1.712059	2.037061	1.944536	1.99441901738	2.076633	3.589891	2.803294	0.00133314484145	0.000674883021883	8.39980184945e-05
1.810719	1.70381529924	1.712059	2.037061	1.944536	1.99110217679	2.076633	3.589891	2.803294	0.00133314484145	0.000674883021883	8.39980184945e-05
1.88504	1.856029	1.621524	1.921902	1.982938	1.987312	1.716283	2.95813	1.215838	0.0013335669374	0.00108197931073	5.66270969509e-08
1.816507	1.730219	1.638927	1.797247	1.70059	2.037141	2.011545	3.873219	2.848963	0.00133700831935	0.000519119703063	0.000270578343302
1.816703	1.706847	1.712055	1.9017329826	1.946805	1.980239	2.071921	3.458819	2.803038	0.00133975885297	0.000675735851943	8.21507089591e-05
1.838159	1.716461	1.640987	2.058268	1.720274	1.988343	2.042523	2.956175	2.497902	0.00134651676303	0.000500940263829	0.000264838488674
1.890355	1.789709	1.65155890447	1.93998	2.090938	1.971856	1.765605	1.99144296852	1.440484	0.00134657226664	0.000932712647154	1.88020116538e-05
2.085935	1.725119	1.17402	1.829141	1.72982551833	1.70126	2.08454	4.325954	0.651235	0.00136818984639	0.000197158245111	0.000357340039586
2.085935	1.725119	1.17402	1.829141	1.727731	1.70126	2.08454	4.325954	0.651235	0.00136818984639	0.000197158245111	0.000357340039586
1.899123	1.723257	1.648884	2.09770461808	1.737466	1.988299	2.071205	0.905465	3.575134	0.00137059450606	0.000489183392288	0.000290713192547
1.899123	1.723257	1.648884	2.098893	1.737466	1.988299	2.071205	0.905465	3.575134	0.00137059450606	0.000489183392288	0.000290713192547
2.087529	1.716489	1.15058	1.935627	1.836499	1.724624	2.080352	4.44501	0.679255	0.00137273778469	3.9521334383e-05	0.000472374231025
2.071804	1.721765	1.15314	1.842365	1.787899	1.739568	2.017314	3.591498	0.733570403264	0.00137437716788	3.03410633119e-05	0.000474198861537
1.798735	1.721423	1.623268	1.975049	1.778298	2.052741	2.080057	4.488835	2.983787	0.00137922289479	0.000445124347429	0.000299859024131
1.904287	1.723259	1.6489	2.098629	1.73889	1.972043	2.079397	0.870649	3.575134	0.00137970969116	0.000488482030115	0.000291121414966
1.808611	1.695623	1.663355	1.90189417647	1.94452	1.995871	2.082425	3.597059	2.803294	0.00138241358417	0.000504193530622	0.000186556685381
1.810719	1.6938087553	1.712059	2.037061	1.95294924174	1.979727	2.076633	3.589891	2.803294	0.00138316630305	0.000627699128659	8.90183295646e-05
1.983738	1.711877	1.184442	1.898251	1.715464	1.723404	2.026922	2.949386	0.744931	0.00140027196772	0.00013512062061	0.000389913302254
1.838159	1.6899439738	1.661211	2.06518	1.720338	2.033551	2.042523	3.22495902879	2.498026	0.00140166221331	0.000456115647585	0.000265442575386
2.083468	1.70713057363	1.148644	1.857291	1.821139	1.726184	1.98555130751	3.25040922984	0.683857	0.00141812155955	1.03917547457e-05	0.000484565236921
1.78935163973	1.70381529924	1.712059	2.037061	1.93212448071	1.979727	2.076633	3.589891	2.803294	0.00142963290229	0.000692398965915	7.93673742796e-05
1.774319	1.756889	1.709883	2.064709	1.94476	1.986783	2.054673	3.588299	2.803422	0.00144529493501	0.000907368118305	1.72371590451e-05
2.085743	1.715037	1.150388	1.963531	1.797587	1.727156	2.078674	4.556626	0.679803	0.00144936957436	9.60971945915e-06	0.000500403442112
2.083256	1.760725	1.215739	1.862145	1.743801	1.710906	2.013722	4.162386	0.829019	0.00145373392382	0.000400303023966	0.000314456068228
2.053104	1.721001	1.184276	1.857039	1.819347	1.724658	2.04413	2.98894	0.424303	0.00146012689848	0.00029471179636	0.000281740546232
2.072156	1.740045	1.176026	1.864967	1.808347	1.726302	2.079138	2.75683	0.683869	0.00146068994624	0.000269487453986	0.000315117883363
2.083468	1.70713057363	1.148644	1.857291	1.83234509542	1.726184	1.98555130751	2.926646	0.683857	0.00146968216203	1.4618038074e-05	0.000478769715599
1.809647	1.682181	1.664819	1.944301	1.927058	2.021519	2.081529	3.589187	2.810346	0.0014807039928	0.000441362346103	0.000187540130301
1.810719	1.69147209879	1.712059	2.037061	1.944536	1.979727	2.076633	3.589891	2.803294	0.00148244965179	0.000567979621386	8.2297091746e-05
2.083468	1.70713057363	1.148644	1.857291	1.821139	1.726184	1.97533	2.926646	0.683857	0.00148340625281	9.85338519031e-06	0.00048355292779
2.053104	1.719797	1.183764	1.857033	1.820897	1.763058	2.036258	2.989646	0.399599	0.00150138932949	0.000263190011941	0.000298337467839
2.0857366065	1.715977	1.16626462591	1.963787	1.822163	1.729296	2.026914	4.555602	0.679779	0.00150168687127	3.648045191e-05	0.000467343611308
2.053116	1.725097	1.184276	1.857035	1.820595	1.726194	2.04445	2.961174	0.399727	0.00150459131506	0.000340924319439	0.000258772880803
2.053116	1.725097	1.184276	1.857035	1.81631617722	1.726194	2.04445	2.961174	0.399727	0.00151154188618	0.000338275277805	0.000264780760251
1.817119	1.66852	1.62336	1.832134	1.972235	2.052674	2.079378	5.299797	2.871326	0.00151754619082	0.000227840370592	0.000300339407079
1.82442839361	1.652646	1.675317	1.832266	1.972275	2.060098	2.076922	6.750925	2.871646	0.00152876829083	0.000358315137825	0.000218715540441
2.05208	1.727989	1.1621	1.857033	1.821001	1.765148	2.036262	2.989406	0.399599	0.00154195278834	0.000186827147377	0.000356490607076
2.053852	1.725097	1.179836	1.861131	1.816304	1.726194	2.04445	3.133206	0.305095	0.00154563469862	0.000340155455273	0.000256028718982
1.983778	1.725101	1.174016	1.868551	1.738344	1.73428	2.03536	2.425525	0.687331	0.00154577083137	0.000153354390716	0.0003837858425
1.811807	1.703811	1.712059	2.038601	1.944412	1.978975	2.077433	3.604995	2.344542	0.00154684865474	0.000706004733514	7.54851378342e-05
2.053116	1.725097	1.184276	1.866269	1.779635	1.726194	2.038306	2.961166	0.399711	0.00155258276749	0.000319605214329	0.000276654259821
2.045276	1.676963	1.181732	1.906443	1.755703	1.733996	1.970958	4.59725	0.302643	0.00157602378904	4.08483247853e-05	0.000419259958422
1.808399	1.656791	1.682171	2.037259	1.796956	1.979023	2.077401	3.590003	2.721374	0.00158759211775	0.000426215557392	0.000176874804155
1.819903	1.705733	1.661859	1.944393	1.952722	2.021615	2.078441	2.540611	2.78101	0.00161816685961	0.000552989239732	0.000164304440051
1.818143	1.65277377914	1.66788818603	1.832266	1.972275	2.07418434857	2.076642	6.807125	2.871646	0.00164095148804	0.000331757219489	0.000269714478687
1.752223	1.739569	1.709428	2.096469	1.739994	2.048971	2.040281	3.293449	2.595566	0.00164251431215	0.000860625457621	2.59500274566e-05
1.752223	1.743601	1.7125	1.81591949338	1.739954	2.037067	2.040035	3.398921	2.595506	0.00164412635601	0.000888186027514	9.16961193325e-06
1.792795	1.669909	1.708067	2.0539	1.738384	1.994127	2.043425	3.817231	2.522846	0.00165959262486	0.000555822677055	0.000152531965221
1.893659	1.791005	1.64679503838	1.934916	2.09093	1.98004	1.765533	2.458842	0.655188	0.0016862747188	0.000943101368542	6.08938822137e-06
1.893659	1.791005	1.641986	1.934916	2.09093	1.98004	1.765533	2.458842	0.655188	0.0016862747188	0.000943101368542	6.08938822137e-06
1.790479	1.618052	1.675344	1.91163	2.070382	1.999239	1.860862	6.750427	3.426654	0.00172980613377	0.000202718104403	0.000274477073583
1.791103	1.618052	1.675352	1.923406	2.071022	1.999233	1.960382	6.750939	3.852638	0.00173106409854	0.000180854044176	0.000294449046206
1.791103	1.617444	1.675348	1.923182	2.071278	2.001089	1.95219	6.767963	3.909982	0.00173573387391	0.000177895481207	0.000302728951445
1.791087	1.617636	1.675832	1.907022	2.079182	1.999889	1.960638	6.758091	3.926782	0.00173680640672	0.000176840145168	0.0003062050272
1.768063	1.659697	1.706372	2.096341	1.739962	2.053835	2.039409	3.391697	2.603698	0.00175130058871	0.000537086757976	0.000157174979813
1.796895	1.641244	1.712261	1.79067	2.082265	2.08623	1.978234	6.293292	2.906718	0.0017599267256	0.000396272661057	0.000186395870489
1.796851	1.64022	1.663109	1.802958	2.080755	2.087766	1.980026	6.29271637839	2.906462	0.00176005941459	0.000271519099342	0.000269935083732
1.752223	1.736881	1.709684	2.095445	1.757458	2.048947	2.03666488215	3.344009	2.300382	0.00178885212343	0.000884534334323	4.43381951933e-06
1.752223	1.736881	1.709684	2.095445	1.757458	2.048947	2.040281	3.344009	2.300382	0.00178885212343	0.000884534334323	4.43381951933e-06
2.009397	1.637808	1.59178541057	1.77735	1.774341	1.960837	1.755258	4.330814	0.509888	0.00179480769617	0.000142623220192	0.000389016449968
1.796851	1.62956247149	1.663109	1.802958	2.080755	2.087766	1.980026	6.29271637839	2.906462	0.00181059506775	0.000223910437477	0.000253785557403
1.790223	1.62534	1.712071	1.807694	2.078195	2.07855	1.97833	6.767675	2.906462	0.00183184016484	0.000357694448766	0.000203539150385
1.793887	1.618052	1.660472	1.922378	2.041907	1.989186	1.978338	6.807123	2.928915	0.00184853427502	0.000161946900529	0.000301506345915
1.790223	1.618404	1.661487	1.948366	2.06970061834	2.09892391054	1.980058	6.758091	2.906462	0.0018565085066	0.000193733753751	0.000270780392783
1.790223	1.618404	1.661487	1.948366	2.076547	2.08250319793	1.980058	6.758091	2.906462	0.0018565085066	0.000193733753751	0.000270780392783
1.790223	1.618404	1.661487	1.948366	2.076547	2.09892391054	1.980058	6.758091	2.906462	0.0018565085066	0.000193733753751	0.000270780392783
1.790223	1.618404	1.661487	1.948366	2.076547	2.08751	1.980058	6.758091	2.906462	0.0018565085066	0.000193733753751	0.000270780392783
1.790223	1.618404	1.661487	1.948366	2.076547	2.08751	1.99275589648	6.758091	2.906462	0.0018565085066	0.000193733753751	0.000270780392783
1.791171	1.58120370772	1.697071	1.955199	1.750393	2.092278	1.980034	4.656843	2.754782	0.00186455219721	0.000186846904058	0.000283422917416
1.790815	1.617924	1.67532	1.922378	2.041907	1.994562	1.978618	6.74329262314	2.84370485998	0.00188920880461	0.000228561489445	0.000240495649741
1.802591	1.614644	1.675264	1.9407605645	2.097977	1.773787	1.987034	7.284427	3.492715	0.00189288835526	0.000139771672578	0.00031000273274
1.802591	1.614644	1.675264	1.938698	2.097977	1.773787	1.987034	7.284427	3.492715	0.00189288835526	0.000139771672578	0.00031000273274
1.791091	1.618544	1.664303	1.942382	1.946797	2.087414	1.914035	6.773939	2.819934	0.00190458822374	0.000198290961485	0.000264457068737
1.791075	1.61864	1.64610685858	1.948378	1.9470010496	2.087414	1.96650488719	6.753995	2.754398	0.00194740715677	0.000135673807676	0.000325191493173
1.791075	1.61864	1.664303	1.948378	1.9470010496	2.087414	1.93656330169	6.753995	2.754398	0.00194740715677	0.000200269922358	0.000263580833745
1.791075	1.61864	1.664303	1.948378	1.9470010496	2.087414	1.96650488719	6.753995	2.754398	0.00194740715677	0.000200269922358	0.000263580833745
1.791075	1.61864	1.664303	1.95559489684	1.9470010496	2.087414	1.980058	6.753995	2.754398	0.00194740715677	0.000200269922358	0.000263580833745
1.791075	1.61864	1.664303	1.948378	1.9470010496	2.087414	1.980058	6.753995	2.754398	0.00194740715677	0.000200269922358	0.000263580833745
1.791075	1.61864	1.664303	1.948378	1.9470010496	2.087414	1.93861088165	6.753995	2.754398	0.00194740715677	0.000200269922358	0.000263580833745
1.791075	1.61864	1.664303	1.90620730594	1.9470010496	2.087414	1.980058	6.753995	2.754398	0.00194740715677	0.000200269922358	0.000263580833745
1.791075	1.61431536757	1.664303	1.90620730594	1.9470010496	2.087414	1.980058	6.753995	2.754398	0.00194740715677	0.000200269922358	0.000263580833745
1.790287	1.613988	1.64170390264	1.906271	1.934713	2.08751	1.980058	6.751947	2.752862	0.00194855944567	0.000135724845768	0.000324292579158
1.790287	1.613988	1.664303	1.906271	1.934713	2.08751	1.980058	6.751947	2.752862	0.00194855944567	0.000200228762605	0.000263888031425
1.790287	1.613988	1.664303	1.906271	1.934713	2.06238392067	1.980058	6.751947	2.752862	0.00194855944567	0.000200228762605	0.000263888031425
1.790287	1.613988	1.664303	1.906271	1.934713	2.08751	1.97863737241	6.751947	2.752862	0.00194855944567	0.000200228762605	0.000263888031425
1.790287	1.613988	1.664303	1.906271	1.934713	2.08751	1.97131233171	6.751947	2.752862	0.00194855944567	0.000200228762605	0.000263888031425
1.781447	1.742257	1.704123	2.041329	1.711648	2.093173	2.013601	1.037617	2.40224	0.00201176013764	0.000876068596546	1.84350238219e-05
1.790235	1.613732	1.674689	1.95514	2.043355	2.01253124833	2.04393	6.784339	2.674692	0.00201392777482	0.000237162231209	0.000235250610167
1.790235	1.613732	1.674689	1.95514	2.043355	1.992646	2.04393	6.784339	2.674692	0.00201392777482	0.000237162231209	0.000235250610167
1.774691	1.618612	1.706287	1.948314	1.947089	2.087318	1.938595	6.753995	2.944862	0.00203553093281	0.000331748987538	0.000227449026147
1.780711	1.742257	1.708563	2.037233	1.71166	2.093173	2.013601	0.865585	2.496872	0.00204455646366	0.000868406297126	2.29502111909e-05
1.810767	1.64328874058	1.694263	1.963722	2.060211	1.986566	1.978906	6.750595	2.330462	0.00204977887005	0.000420031716262	0.000161378846044
1.793259	1.616916	1.61381	1.960796	2.047923	1.99395	2.045174	6.783307	2.633574	0.00205394539906	4.92317430586e-05	0.000405388643071
1.792111	1.615198	1.70293	1.94834	2.062737	1.988158	2.048666	7.404607	2.759406	0.0020554492667	0.000320347736253	0.000233077547387
1.790731	1.616804	1.671154	1.954506	2.035635	1.99407	2.044698	6.784331	2.62979764759	0.00205775079285	0.000206466934608	0.000258296621313
1.791211	1.616804	1.703922	1.954652	2.035635	1.994078	2.08786800437	6.783307	2.62263	0.00206494092767	0.000331115127359	0.00018154049777
1.791211	1.616804	1.703922	1.954652	2.035635	1.994078	2.044698	6.783307	2.62263	0.00206494092767	0.000331115127359	0.00018154049777
1.744541	1.738621	1.688571	2.096085	1.71164	2.052319	2.081497	1.649155	2.24956	0.00207137609481	0.000853941113907	2.77375468398e-05
2.031938	1.585176	1.673537	1.943124	1.786479	1.738977	1.922938	0.362059	4.979426	0.00208572577531	4.67834204067e-07	0.000498673651152
1.790671	1.62552	1.712095	1.807694	2.078275	2.07679	2.011098	6.665763	2.533214	0.00210086058476	0.000376394147264	0.000178383990071
1.802511	1.60877175727	1.663431	1.809102	2.058291	1.978142	1.98617	8.381499	3.10307	0.00210634030243	0.000113235157313	0.000386435164769
1.791071	1.711785	1.708571	2.062876	1.715352	2.051471	2.038233	0.802575	2.502366	0.0021088584878	0.000742082079277	7.39738901897e-05
1.791071	1.711779	1.708571	2.05280700052	1.715122	2.050447	2.038233	0.790287	2.496862	0.00211814962025	0.000742613863272	7.34790751354e-05
1.791071	1.711779	1.708571	2.06643218198	1.715122	2.050447	2.038233	0.790287	2.496862	0.00211814962025	0.000742613863272	7.34790751354e-05
1.791071	1.711779	1.708571	2.062876	1.715122	2.050447	2.038233	0.790287	2.496862	0.00211814962025	0.000742613863272	7.34790751354e-05
1.791055	1.711785	1.708571	2.0639	1.715122	2.050447	2.044443	0.790287	2.496862	0.00211814962025	0.000742613863272	7.34790751354e-05
1.791311	1.613988	1.67559	1.948362	2.097585	1.988182	2.019866	6.764635	2.562398	0.0021329729257	0.000241793526496	0.000227611902768
1.791311	1.613988	1.67559	1.948362	2.097585	1.95749063069	2.019866	6.764635	2.562398	0.0021329729257	0.000241793526496	0.000227611902768
1.790703	1.618844	1.67404	1.914314	2.049971	2.00072532813	2.05102955436	6.783947	2.546014	0.00215517816302	0.000243081003537	0.000225005876817
1.794143	1.655497	1.708731	2.002716	1.714104	2.051935	2.046369	0.836747	2.584022	0.00222155294868	0.000552388307354	0.000142909874148
1.793567	1.712393	1.708571	2.09564364999	1.737432	2.035935	2.087385	0.802607	2.403678	0.00224335676964	0.000753376315207	6.44404534801e-05
1.793567	1.712393	1.708571	2.08985416948	1.737432	2.035935	2.087385	0.802607	2.403678	0.00224335676964	0.000753376315207	6.44404534801e-05
1.793871	1.617892	1.660095	1.944398	2.082739	2.099948	1.980226	6.750923	2.480478	0.00224770765665	0.000181321618958	0.000276272839884
1.793823	1.615516	1.658863	1.944398	2.011883	1.989328	2.008898	6.757579	2.480476	0.00224800204199	0.000181417109583	0.000275101777589
1.790287	1.613988	1.664303	1.906271	1.934713	2.08751	1.97131233171	6.751947	2.42034921568	0.00235149626542	0.000215347562685	0.000231685880048
2.016549	1.593104	1.575823	2.004745	1.71205	1.962613	1.749494	0.629644	0.391104	0.00239724299754	2.39777656633e-05	0.000463040782066
1.833587	1.65906	1.62559	1.996693	1.969702	1.9745	2.025978	0.250313	5.089134	0.00250712663467	7.79233829355e-05	0.000333914670231
1.834227	1.65906	1.625558	1.989125	1.928742	1.974456	2.026042	0.250317	5.110382	0.00251220371416	7.60547301976e-05	0.000336318646703
1.82470467386	1.65906	1.62559	1.996693	1.969702	1.97045192582	2.025978	0.250313	5.089134	0.00253529934679	9.14962227324e-05	0.000317558970963
1.82470467386	1.65906	1.62559	1.996693	1.969702	1.9745	2.025978	0.250313	5.089134	0.00253529934679	9.14962227324e-05	0.000317558970963
1.83037198944	1.65906	1.625558	1.989125	1.928742	1.974456	2.026042	0.250317	5.110382	0.00254035542575	8.96374483351e-05	0.000320068095633
1.816671	1.740569	1.686629	2.090749	1.72025	2.053783	2.027745	2.468355	1.456872	0.00258669836478	0.000860087088066	2.74468429954e-05
1.817327	1.742517	1.706021	2.053897	1.828824	2.004335	1.984553	1.21880162876	2.399794	0.00261129808446	0.000861139131325	4.2565107916e-06
1.817327	1.742517	1.706021	2.053897	1.828824	2.004335	1.99491480522	1.21880162876	2.399794	0.00261129808446	0.000861139131325	4.2565107916e-06
1.816607	1.724185	1.698009	2.054653	1.730858	2.035671	2.027649	2.738691	1.456872	0.00271486117224	0.000832133030944	2.75066331477e-05
1.833587	1.65906	1.62559	1.996693	1.969702	1.9745	2.025978	0.250313	5.78084604681	0.0027184804974	1.14256877144e-05	0.000371440206899
1.817579	1.741769	1.687525	2.090845	1.723352	2.053983	2.045601	0.764419	1.593512	0.00280822983092	0.000860855952232	1.60413559975e-05
1.768063	1.740511	1.699317	2.085881	1.722824	2.053775	1.970033	3.449603	1.452368	0.00282343752184	0.000902354860519	3.82134496715e-06
1.838239	1.741565	1.686043	2.092693	1.711282	2.045783	2.077169	0.682163	1.484126	0.00284061791259	0.00084759757294	2.24450874896e-05
1.77841848052	1.604356	1.7165178437	1.906122	2.082739	1.987158	1.94573555979	6.776523	2.301278	0.00296773114579	0.000348655767242	0.000147377641741
2.050579	1.77145405462	1.667043	1.955592	1.710137	1.988335	1.959534	1.08421927692	0.175441	0.00297755629366	0.000920870163329	4.89590269336e-07
1.833631	1.741693	1.687499	2.094277	1.733714	2.053719	2.08486	0.714755	1.434974	0.00300944285844	0.000854915776833	1.66990476738e-05
1.786975	1.725189	1.699773	2.08299869573	1.820728	2.053983	1.953566	1.341523	2.402158	0.00306474735267	0.000806974544173	2.61025954316e-05
1.786975	1.725189	1.699773	2.041589	1.820728	2.053983	1.953566	1.341523	2.402158	0.00306474735267	0.000806974544173	2.61025954316e-05
1.793375	1.616644	1.667896	1.911626	2.04926143598	1.994562	1.978618	6.744701	2.169694	0.00309783446584	0.000228591124467	0.000221643196178
1.793375	1.616644	1.667896	1.911626	2.041907	1.994562	1.978618	6.744701	2.169694	0.00309783446584	0.000228591124467	0.000221643196178
1.797471	1.616644	1.667608	1.91009	2.072083	1.988418	1.98089	6.727805	2.166622	0.00311138305967	0.00022802805906	0.000216699169096
1.833631	1.741693	1.688011	2.08916477107	1.711602	2.053975	2.08015438435	0.681987	1.353054	0.00313162558696	0.00085974299254	1.24848727962e-05
1.833631	1.741693	1.688011	2.094021	1.711602	2.053975	2.08644386745	0.681987	1.353054	0.00313162558696	0.00085974299254	1.24848727962e-05
1.833631	1.741693	1.688011	2.08916477107	1.711602	2.053975	2.079193	0.681987	1.353054	0.00313162558696	0.00085974299254	1.24848727962e-05
1.833631	1.741693	1.688011	2.094021	1.711602	2.053975	2.079193	0.681987	1.353054	0.00313162558696	0.00085974299254	1.24848727962e-05
1.833631	1.74159934807	1.688011	2.094021	1.711602	2.053975	2.079193	0.681987	1.353054	0.00313162558696	0.00085974299254	1.24848727962e-05
1.833631	1.741693	1.688011	2.08916477107	1.711602	2.053975	1.99831559411	0.681987	1.353054	0.00313162558696	0.00085974299254	1.24848727962e-05
1.833631	1.741693	1.688011	2.08680103131	1.711602	2.053975	2.079193	0.681987	1.353054	0.00313162558696	0.00085974299254	1.24848727962e-05
1.805663	1.741495	1.704187	2.041329	2.07576607688	2.045791	2.079137	1.047729	2.403648	0.00313535126717	0.000872558492901	2.71831974217e-06
1.750281	1.630372	1.585735	1.92685603349	2.043067	1.989212	1.991196	7.096858	2.304224	0.00315115942755	4.29967232158e-07	0.000519594019295
1.750281	1.630372	1.585735	1.928526	2.043067	1.989212	1.991196	7.096858	2.304224	0.00315115942755	4.29967232158e-07	0.000519594019295
1.750345	1.630372	1.585735	1.97028318586	2.094931	1.989212	1.972764	7.09685800422	2.300382	0.0031627190631	1.83008720787e-07	0.000519455883426
1.750345	1.630372	1.585735	1.94785	2.094931	1.989212	1.972764	7.09685800422	2.300382	0.0031627190631	1.83008720787e-07	0.000519455883426
1.75854699142	1.604356	1.74187697933	1.906122	2.082739	1.987158	1.94573555979	6.776523	2.301278	0.00333755350337	0.000424351843825	0.000143532516424
1.833215	1.739613	1.677227	2.055653	1.73049	1.989303	2.076637	0.681731	1.223326	0.00352561688997	0.000847113534257	2.02246049344e-05
1.790987	1.616804	1.681938	1.95705	2.035635	1.979734	2.051738	6.784331	2.081284	0.00359323405616	0.000298419466814	0.000193486157868
1.833209	1.740553	1.677323	2.055909	1.755066	1.991443	2.076637	0.680707	1.223302	0.00360403577834	0.000851598300827	1.77031098878e-05
1.804927	1.675805	1.697723	2.03658263302	1.76748	2.045587	2.059681	1.169559	1.70889471557	0.00369605127187	0.000662627294148	7.2025555914e-05
1.817327	1.742517	1.706021	2.053897	1.828824	2.004335	1.984553	0.858627	2.399794	0.00371388808889	0.000895145318371	4.83546004103e-07
1.837343	1.705871	1.663479	1.919817	1.932606	2.085431	2.027129	3.396931	1.241766	0.00378263894872	0.000646654017618	6.02592662727e-05
1.817695	1.7285575514	1.686373	2.090745	1.72284	2.053983	1.975969	0.993795	1.224018	0.00384243403027	0.000853705680126	5.60488181408e-06
1.817695	1.7285575514	1.68704165572	2.090745	1.72284	2.053983	1.975969	0.993795	1.224018	0.00384243403027	0.000853705680126	5.60488181408e-06
1.793555	1.712393	1.702427	2.086814	1.79324	2.052575	2.091481	2.899759	1.322334	0.0039618726789	0.000820402501643	1.60927583093e-05
1.791071	1.692937	1.708567	2.064124	1.715352	2.045583	2.045659	0.993795	1.45379	0.00412021824202	0.000788026240774	1.12313413257e-05
1.790191	1.613988	1.64792925405	1.948362	2.068403	1.98452161778	1.979162	6.751563	1.9717317552	0.00461446282287	0.000176617882507	0.000282299274897
1.790191	1.61498210619	1.6756	1.948362	2.068403	1.98371782935	1.979162	6.751563	1.9717317552	0.00461446282287	0.000274548457084	0.000201784618672
1.790191	1.613988	1.6756	1.95005474467	2.068403	1.989206	1.979162	6.751563	1.9717317552	0.00461446282287	0.000274548457084	0.000201784618672
1.790191	1.613988	1.6756	1.948362	2.068403	1.989206	1.979162	6.751563	1.9717317552	0.00461446282287	0.000274548457084	0.000201784618672
1.790191	1.613988	1.6756	1.948362	2.068403	1.98371782935	1.979162	6.751563	1.9717317552	0.00461446282287	0.000274548457084	0.000201784618672
1.790191	1.613988	1.6756	1.948362	2.068403	1.98452161778	1.979162	6.751563	1.9717317552	0.00461446282287	0.000274548457084	0.000201784618672
1.790303	1.61362	1.675776	1.937674	2.097585	1.79753054702	1.978842	6.719179	1.919851	0.0054275382032	0.000277943313423	0.000176546989182
1.791071	1.61362	1.675776	1.937546	2.053041	1.799483	1.98601	6.718019	1.917547	0.00547213383775	0.00027809478131	0.000175660445543
1.790223	1.618456	1.667901	1.915594	2.043779	1.991846	1.972634	6.758091	1.857886	0.00710174357998	0.000250619823701	0.000214237464201
1.837695	1.693995544	1.688951	2.045265	1.787858	2.053888	2.011745	1.096545	0.667584	0.0103391178923	0.000795971719287	8.07071016727e-06
1.829151	1.703687	1.666859	2.036981	1.81436	1.983949	2.076761	3.160213	0.40327	0.0123367825821	0.000780136739523	2.12468260013e-06
1.830175	1.703815	1.660715	2.037069	1.945432	1.983951	2.076633	3.601411	0.403038	0.0123674448891	0.00073043222309	1.47197874572e-05
1.800467	1.720179	1.66098	2.055909	1.730454	2.090893	2.009809	2.849083	0.0152959878291	0.0195314076755	0.000839387025624	1.39483039534e-06
1.797247	1.617848	1.664699	1.923402	2.079253	1.98712	2.091446	6.750939	1.747294	0.0218264656853	0.000259622284643	0.000199877518984
1.837695	1.674599	1.688951	2.045265	1.787858	2.053888	2.011745	1.096545	0.667584	0.0242250802815	0.000720497905364	2.85828558905e-05
1.790207	1.614084	1.663443	1.907402	1.984467	1.99303	1.980154	6.735051	1.71043	0.0325856457076	0.000262343767441	0.000198256999682
1.793871	1.617944	1.668157	1.911626	2.05010550053	1.99287	1.978618	6.750923	1.6713007738	0.0446462023487	0.000266825241231	0.000196692147073
1.793799	1.63711	1.717308	1.93057	2.050627	1.992966	2.02777	6.675659	1.431902	0.0462483327926	0.000528923955973	9.63828269536e-05
1.805067	1.675805	1.698107	2.042135	1.710136	2.045315	2.059937	1.148695	0.556374	0.0576012787039	0.000773990765365	8.73444610881e-06
1.803519	1.674623	1.688903	2.049361	1.787858	2.053896	2.014657	1.096545	0.667584	0.0600196787515	0.000747312660553	8.79423626115e-06
1.794083	1.6298	1.715707	1.910028	2.075139	1.923187	1.982654	7.242443	1.477598	0.0678028862058	0.000477693235938	0.000128789089541
1.789999	1.62534	1.701181	1.817718	1.95652165052	2.08879	2.031482	6.6866400298	1.472862	0.0689823246205	0.000423456207623	0.000124595531957
1.790799	1.617944	1.675333	1.922378	2.066355	1.988774	1.982242	6.751445	1.562974	0.077844913878	0.000309560588467	0.000175314075005
1.790799	1.617944	1.675333	1.89232262257	2.066355	1.988774	1.982242	6.751445	1.562974	0.077844913878	0.000309560588467	0.000175314075005
1.793871	1.62149394074	1.71730841539	1.911626	2.01586009844	1.99287	1.978618	6.750923	1.431902	0.0799262678972	0.000490449466257	9.5696271066e-05
1.793871	1.62149394074	1.71730841539	1.911626	2.049971	1.99287	1.978618	6.750923	1.431902	0.0799262678972	0.000490449466257	9.5696271066e-05
1.818211	1.652774	1.680704	1.92545	2.058355	2.054386	2.081442	6.806413	0.774494	0.0809688161817	0.000546808691382	9.25253312608e-05
1.794347	1.617368	1.709883	1.904962	2.04882713085	1.992844	1.98263	7.176715	1.524062	0.0893430099686	0.000406210271563	0.000136479340174
1.794347	1.617368	1.709883	1.904962	2.042803	1.992844	1.98263	7.176715	1.524062	0.0893430099686	0.000406210271563	0.000136479340174
1.789562	1.618828	1.711355	1.905052	2.066867	1.921163	1.97859	7.133995	1.44061	0.112649269829	0.000415621037245	0.000126201619153
1.78959377787	1.618792	1.711483	1.905052	2.058163	1.921163	1.97907	7.176747	1.437694	0.11343914197	0.000415433348776	0.000130028188905
1.794227	1.618792	1.711483	1.89492109325	2.058163	1.921163	1.97907	7.176747	1.437694	0.11343914197	0.000415433348776	0.000130028188905
1.794227	1.618792	1.711483	1.905052	2.058163	1.921163	1.97907	7.176747	1.437694	0.11343914197	0.000415433348776	0.000130028188905
1.794227	1.618792	1.711611	1.904988	2.058163	1.92324320405	1.982654	7.176747	1.43667	0.11371359827	0.000415546949692	0.000129894176495
1.794339	1.617768	1.715707	1.911174	2.075139	1.923189	1.982654	7.176907	1.436638	0.11372195758	0.000446899155933	0.000109330487537
1.793871	1.617944	1.62700276661	1.911626	2.049971	1.99287	1.978618	6.750923	1.431902	0.11492807364	0.000158532287509	0.00030033734535
1.793871	1.617944	1.67560298734	1.911626	2.049971	1.99287	1.99131569353	6.750923	1.431902	0.11492807364	0.000323554904124	0.000165195107148
1.793871	1.617944	1.67401393638	1.911626	2.049971	1.99287	1.99131569353	6.750923	1.431902	0.11492807364	0.000323554904124	0.000165195107148
1.793871	1.617944	1.675923	1.91747485656	2.049971	1.98919	1.963252	6.751563	1.431888	0.11493206722	0.000323546672173	0.000165254897301
1.793871	1.617944	1.675923	1.948362	2.049971	1.98919	1.963252	6.751563	1.431888	0.11493206722	0.000323546672173	0.000165254897301
1.793775	1.617944	1.675571	1.948362	2.04458327075	1.98919	1.96345991705	6.751563	1.40884819748	0.120993685752	0.000326105162353	0.000163366353178
1.793775	1.617944	1.675571	1.948362	2.049971	1.98919	1.96345991705	6.751563	1.40884819748	0.120993685752	0.000326105162353	0.000163366353178
1.793579	1.617944	1.625629	1.911626	2.050106	2.00374546111	1.979454	6.750979	1.366366	0.131785837566	0.00016602336236	0.000291387378058
1.793579	1.617944	1.625629	1.911626	2.050106	1.992822	1.979454	6.750979	1.366366	0.131785837566	0.00016602336236	0.000291387378058
1.794891	1.619224	1.704771	1.911626	2.066355	1.9883	1.973926	7.176787	1.334102	0.139698739793	0.000427694015681	0.000121797765171
1.794227	1.61018963225	1.711611	1.904988	2.058163	1.92324320405	1.982654	7.23303533284	1.43667	0.149022962544	0.00037672836445	0.000121253468612
1.793887	1.61792	1.675315	1.955146	2.041907	1.99559	1.962244	6.750923	1.251678	0.158349172769	0.000345275728413	0.000152971113582
1.793887	1.61792	1.675315	1.955146	2.05487446627	1.99559	1.962244	6.750923	1.251678	0.158349172769	0.000345275728413	0.000152971113582
1.793871	1.62149394074	1.71730841539	1.911626	2.049971	1.99287	1.978618	6.750923	0.835586296505	0.191453945141	0.000564818552437	4.46890859027e-05
1.750249	1.630468	1.621431	1.95169	2.017755	1.989208	1.976568	4.577739	2.263226	0.195426407505	5.33872316137e-05	0.000366663179897
1.789983	1.625368	1.699893	1.817934	1.94347	2.08878	2.034042	6.807099	0.659486	0.207629899206	0.000528718157213	6.87247271572e-05
1.793887	1.61792	1.675315	1.955146	2.04254866261	1.99559	1.962244	6.750923	0.914395401469	0.214732718671	0.000391738502784	0.000115146626152
1.793887	1.61792	1.675315	1.955146	2.041907	1.99559	1.962244	6.750923	0.914395401469	0.214732718671	0.000391738502784	0.000115146626152
1.787143	1.620724	1.675316	1.865024	2.041939	1.98683	1.99421	6.792667	0.903038	0.21609715475	0.000394664137951	0.000111550970092
1.797263	1.625832	1.661501	1.911118	2.062799	2.04495	2.040486	6.758095	0.387838	0.221031813496	0.0004758081193	0.000101933002477
1.794815	1.621478	1.716284	1.911626	2.082739	1.987238	1.978618	6.776523	0.203778	0.224114071451	0.000647472273487	8.08087789137e-06
1.786979	1.618704	1.669301	1.94945	1.947603	2.086646	1.980042	6.762187	0.68387	0.236351964507	0.000391359833066	0.000115915651216
1.797391	1.617688	1.587517	1.954182	2.06510516515	1.994134	1.984166	6.562506	0.387422	0.248472937847	0.00017113704994	0.000278784026284
1.796159	1.524004	1.699772	1.968882	1.734656	2.018139	2.011802	3.160213	1.812446	0.40596632606	3.86569795924e-05	0.000323492628154
1.71934160423	1.642942	1.562907	2.086801	1.740379	1.880021	1.782396	2.77148	1.743632	0.530725783279	6.56719059624e-06	0.000475582281959
2.082032	1.73183194825	1.174708	1.919067	1.819267	1.896608	2.011682	1.902646	0.674671	0.556573454045	4.9487891502e-06	0.000418517735841
2.082032	1.732842	1.174708	1.919067	1.819267	1.896608	2.011682	1.902646	0.674671	0.556573454045	4.9487891502e-06	0.000418517735841
1.721695	1.669895	1.664215	2.045705	1.722848	2.045783	2.011385	0.456785	1.694046	0.678609050592	0.000607288830871	1.61774301375e-05
1.899123	1.659173	1.625196	1.968022	2.03549	1.97461	1.763835	0.250314	2.860876	0.689830153877	0.000199557035454	0.00024144610699
1.899123	1.656605	1.625196	1.95067056367	2.015482	1.970514	1.763707	0.250314	1.288012	0.690227029915	0.000334473763116	0.000110250018846
1.899123	1.656605	1.625196	1.966438	2.015482	1.970514	1.763707	0.250314	1.288012	0.690227029915	0.000334473763116	0.000110250018846