 -5.0000E+00  1.9640E+00  1.9594E+00  1.0998E+00  1.0989E+00
 -4.9500E+00  1.9510E+00  1.9464E+00  1.0971E+00  1.0962E+00
 -4.9000E+00  1.9378E+00  1.9333E+00  1.0944E+00  1.0935E+00
 -4.8500E+00  1.9246E+00  1.9202E+00  1.0916E+00  1.0907E+00
 -4.8000E+00  1.9113E+00  1.9070E+00  1.0888E+00  1.0878E+00
 -4.7500E+00  1.8980E+00  1.8936E+00  1.0859E+00  1.0849E+00
 -4.7000E+00  1.8845E+00  1.8802E+00  1.0829E+00  1.0820E+00
 -4.6500E+00  1.8709E+00  1.8667E+00  1.0799E+00  1.0790E+00
 -4.6000E+00  1.8573E+00  1.8531E+00  1.0769E+00  1.0759E+00
 -4.5500E+00  1.8435E+00  1.8393E+00  1.0738E+00  1.0728E+00
 -4.5000E+00  1.8296E+00  1.8255E+00  1.0706E+00  1.0697E+00
 -4.4500E+00  1.8157E+00  1.8116E+00  1.0674E+00  1.0664E+00
 -4.4000E+00  1.8016E+00  1.7976E+00  1.0641E+00  1.0631E+00
 -4.3500E+00  1.7874E+00  1.7835E+00  1.0607E+00  1.0598E+00
 -4.3000E+00  1.7731E+00  1.7692E+00  1.0573E+00  1.0563E+00
 -4.2500E+00  1.7588E+00  1.7549E+00  1.0538E+00  1.0529E+00
 -4.2000E+00  1.7443E+00  1.7404E+00  1.0502E+00  1.0493E+00
 -4.1500E+00  1.7296E+00  1.7259E+00  1.0466E+00  1.0456E+00
 -4.1000E+00  1.7149E+00  1.7112E+00  1.0429E+00  1.0419E+00
 -4.0500E+00  1.7000E+00  1.6964E+00  1.0391E+00  1.0381E+00
 -4.0000E+00  1.6851E+00  1.6814E+00  1.0352E+00  1.0343E+00
 -3.9500E+00  1.6700E+00  1.6664E+00  1.0312E+00  1.0303E+00
 -3.9000E+00  1.6547E+00  1.6512E+00  1.0272E+00  1.0263E+00
 -3.8500E+00  1.6394E+00  1.6359E+00  1.0231E+00  1.0221E+00
 -3.8000E+00  1.6239E+00  1.6204E+00  1.0188E+00  1.0179E+00
 -3.7500E+00  1.6082E+00  1.6048E+00  1.0145E+00  1.0136E+00
 -3.7000E+00  1.5925E+00  1.5891E+00  1.0101E+00  1.0091E+00
 -3.6500E+00  1.5765E+00  1.5732E+00  1.0055E+00  1.0046E+00
 -3.6000E+00  1.5605E+00  1.5572E+00  1.0009E+00  9.9995E-01
 -3.5500E+00  1.5442E+00  1.5411E+00  9.9613E-01  9.9519E-01
 -3.5000E+00  1.5279E+00  1.5247E+00  9.9126E-01  9.9032E-01
 -3.4500E+00  1.5113E+00  1.5082E+00  9.8626E-01  9.8532E-01
 -3.4000E+00  1.4946E+00  1.4916E+00  9.8114E-01  9.8020E-01
 -3.3500E+00  1.4778E+00  1.4748E+00  9.7589E-01  9.7494E-01
 -3.3000E+00  1.4607E+00  1.4578E+00  9.7049E-01  9.6955E-01
 -3.2500E+00  1.4435E+00  1.4406E+00  9.6496E-01  9.6402E-01
 -3.2000E+00  1.4261E+00  1.4233E+00  9.5927E-01  9.5833E-01
 -3.1500E+00  1.4086E+00  1.4058E+00  9.5343E-01  9.5249E-01
 -3.1000E+00  1.3908E+00  1.3881E+00  9.4742E-01  9.4649E-01
 -3.0500E+00  1.3728E+00  1.3701E+00  9.4125E-01  9.4032E-01
 -3.0000E+00  1.3547E+00  1.3520E+00  9.3490E-01  9.3397E-01
 -2.9500E+00  1.3363E+00  1.3337E+00  9.2836E-01  9.2743E-01
 -2.9000E+00  1.3177E+00  1.3152E+00  9.2163E-01  9.2070E-01
 -2.8500E+00  1.2989E+00  1.2964E+00  9.1470E-01  9.1377E-01
 -2.8000E+00  1.2799E+00  1.2775E+00  9.0755E-01  9.0663E-01
 -2.7500E+00  1.2606E+00  1.2582E+00  9.0018E-01  8.9926E-01
 -2.7000E+00  1.2411E+00  1.2388E+00  8.9258E-01  8.9166E-01
 -2.6500E+00  1.2214E+00  1.2191E+00  8.8473E-01  8.8382E-01
 -2.6000E+00  1.2014E+00  1.1992E+00  8.7662E-01  8.7572E-01
 -2.5500E+00  1.1811E+00  1.1790E+00  8.6825E-01  8.6734E-01
 -2.5000E+00  1.1606E+00  1.1585E+00  8.5959E-01  8.5869E-01
 -2.4500E+00  1.1398E+00  1.1377E+00  8.5063E-01  8.4973E-01
 -2.4000E+00  1.1187E+00  1.1167E+00  8.4135E-01  8.4047E-01
 -2.3500E+00  1.0973E+00  1.0953E+00  8.3175E-01  8.3087E-01
 -2.3000E+00  1.0756E+00  1.0737E+00  8.2179E-01  8.2092E-01
 -2.2500E+00  1.0535E+00  1.0517E+00  8.1147E-01  8.1060E-01
 -2.2000E+00  1.0312E+00  1.0294E+00  8.0076E-01  7.9989E-01
 -2.1500E+00  1.0085E+00  1.0068E+00  7.8963E-01  7.8878E-01
 -2.1000E+00  9.8545E-01  9.8379E-01  7.7807E-01  7.7723E-01
 -2.0500E+00  9.6204E-01  9.6043E-01  7.6605E-01  7.6522E-01
 -2.0000E+00  9.3824E-01  9.3670E-01  7.5355E-01  7.5272E-01
 -1.9500E+00  9.1405E-01  9.1257E-01  7.4053E-01  7.3972E-01
 -1.9000E+00  8.8946E-01  8.8803E-01  7.2696E-01  7.2616E-01
 -1.8500E+00  8.6443E-01  8.6306E-01  7.1281E-01  7.1203E-01
 -1.8000E+00  8.3897E-01  8.3766E-01  6.9805E-01  6.9729E-01
 -1.7500E+00  8.1305E-01  8.1180E-01  6.8265E-01  6.8189E-01
 -1.7000E+00  7.8664E-01  7.8545E-01  6.6654E-01  6.6581E-01
 -1.6500E+00  7.5975E-01  7.5861E-01  6.4971E-01  6.4899E-01
 -1.6000E+00  7.3233E-01  7.3126E-01  6.3210E-01  6.3140E-01
 -1.5500E+00  7.0437E-01  7.0336E-01  6.1365E-01  6.1298E-01
 -1.5000E+00  6.7585E-01  6.7490E-01  5.9433E-01  5.9368E-01
 -1.4500E+00  6.4674E-01  6.4585E-01  5.7408E-01  5.7345E-01
 -1.4000E+00  6.1701E-01  6.1618E-01  5.5284E-01  5.5223E-01
 -1.3500E+00  5.8665E-01  5.8587E-01  5.3054E-01  5.2996E-01
 -1.3000E+00  5.5560E-01  5.5489E-01  5.0713E-01  5.0659E-01
 -1.2500E+00  5.2386E-01  5.2320E-01  4.8255E-01  4.8203E-01
 -1.2000E+00  4.9137E-01  4.9076E-01  4.5672E-01  4.5623E-01
 -1.1500E+00  4.5810E-01  4.5756E-01  4.2957E-01  4.2912E-01
 -1.1000E+00  4.2403E-01  4.2353E-01  4.0105E-01  4.0063E-01
 -1.0500E+00  3.8909E-01  3.8865E-01  3.7107E-01  3.7069E-01
 -1.0000E+00  3.5326E-01  3.5287E-01  3.3957E-01  3.3923E-01
 -9.5000E-01  3.1647E-01  3.1613E-01  3.0650E-01  3.0619E-01
 -9.0000E-01  2.7868E-01  2.7839E-01  2.7179E-01  2.7152E-01
 -8.5000E-01  2.3984E-01  2.3960E-01  2.3539E-01  2.3516E-01
 -8.0000E-01  1.9988E-01  1.9968E-01  1.9728E-01  1.9709E-01
 -7.5000E-01  1.5874E-01  1.5858E-01  1.5743E-01  1.5727E-01
 -7.0000E-01  1.1635E-01  1.1622E-01  1.1583E-01  1.1570E-01
 -6.5000E-01  7.2633E-02  7.2536E-02  7.2506E-02  7.2410E-02
 -6.0000E-01  2.7507E-02  2.7437E-02  2.7500E-02  2.7430E-02
 -5.5000E-01 -1.9116E-02 -1.9167E-02 -1.9114E-02 -1.9164E-02
 -5.0000E-01 -6.7334E-02 -6.7371E-02 -6.7233E-02 -6.7270E-02
 -4.5000E-01 -1.1725E-01 -1.1728E-01 -1.1672E-01 -1.1675E-01
 -4.0000E-01 -1.6899E-01 -1.6902E-01 -1.6741E-01 -1.6744E-01
 -3.5000E-01 -2.2266E-01 -2.2271E-01 -2.1909E-01 -2.1913E-01
 -3.0000E-01 -2.7842E-01 -2.7849E-01 -2.7155E-01 -2.7161E-01
 -2.5000E-01 -3.3642E-01 -3.3652E-01 -3.2452E-01 -3.2462E-01
 -2.0000E-01 -3.9681E-01 -3.9697E-01 -3.7775E-01 -3.7789E-01
 -1.5000E-01 -4.5979E-01 -4.6002E-01 -4.3097E-01 -4.3115E-01
 -1.0000E-01 -5.2557E-01 -5.2588E-01 -4.8389E-01 -4.8414E-01
 -5.0000E-02 -5.9437E-01 -5.9479E-01 -5.3627E-01 -5.3658E-01
  0.0000E+00 -6.6645E-01 -6.6701E-01 -5.8785E-01 -5.8824E-01
  5.0000E-02 -7.4208E-01 -7.4282E-01 -6.3842E-01 -6.3889E-01
  1.0000E-01 -8.2160E-01 -8.2254E-01 -6.8778E-01 -6.8833E-01
  1.5000E-01 -9.0536E-01 -9.0654E-01 -7.3577E-01 -7.3642E-01
  2.0000E-01 -9.9377E-01 -9.9524E-01 -7.8227E-01 -7.8301E-01
  2.5000E-01 -1.0873E+00 -1.0891E+00 -8.2719E-01 -8.2802E-01
  3.0000E-01 -1.1864E+00 -1.1886E+00 -8.7045E-01 -8.7138E-01
  3.5000E-01 -1.2918E+00 -1.2945E+00 -9.1203E-01 -9.1305E-01
  4.0000E-01 -1.4040E+00 -1.4073E+00 -9.5190E-01 -9.5302E-01
  4.5000E-01 -1.5240E+00 -1.5280E+00 -9.9009E-01 -9.9129E-01
  5.0000E-01 -1.6525E+00 -1.6574E+00 -1.0266E+00 -1.0279E+00
  5.5000E-01 -1.7908E+00 -1.7966E+00 -1.0615E+00 -1.0629E+00
  6.0000E-01 -1.9400E+00 -1.9470E+00 -1.0948E+00 -1.0963E+00
  6.5000E-01 -2.1016E+00 -2.1099E+00 -1.1267E+00 -1.1282E+00
  7.0000E-01 -2.2773E+00 -2.2874E+00 -1.1570E+00 -1.1587E+00
  7.5000E-01 -2.4694E+00 -2.4815E+00 -1.1860E+00 -1.1877E+00
  8.0000E-01 -2.6802E+00 -2.6949E+00 -1.2137E+00 -1.2155E+00
  8.5000E-01 -2.9131E+00 -2.9307E+00 -1.2401E+00 -1.2420E+00
  9.0000E-01 -3.1718E+00 -3.1932E+00 -1.2654E+00 -1.2673E+00
  9.5000E-01 -3.4611E+00 -3.4871E+00 -1.2895E+00 -1.2915E+00
  1.0000E+00 -3.7871E+00 -3.8190E+00 -1.3126E+00 -1.3147E+00
  1.0500E+00 -4.1577E+00 -4.1970E+00 -1.3348E+00 -1.3369E+00
  1.1000E+00 -4.5831E+00 -4.6320E+00 -1.3560E+00 -1.3582E+00
  1.1500E+00 -5.0770E+00 -5.1384E+00 -1.3763E+00 -1.3786E+00
  1.2000E+00 -5.6578E+00 -5.7360E+00 -1.3959E+00 -1.3982E+00
  1.2500E+00 -6.3517E+00 -6.4527E+00 -1.4146E+00 -1.4170E+00
  1.3000E+00 -7.1960E+00 -7.3290E+00 -1.4327E+00 -1.4352E+00
  1.3500E+00 -8.2469E+00 -8.4264E+00 -1.4501E+00 -1.4527E+00
  1.4000E+00 -9.5924E+00 -9.8421E+00 -1.4669E+00 -1.4695E+00
  1.4500E+00 -1.1379E+01 -1.1741E+01 -1.4831E+00 -1.4858E+00
  1.5000E+00 -1.3868E+01 -1.4424E+01 -1.4988E+00 -1.5016E+00
  1.5500E+00 -1.7582E+01 -1.8512E+01 -1.5140E+00 -1.5168E+00
  1.6000E+00 -2.3728E+01 -2.5505E+01 -1.5287E+00 -1.5316E+00
  1.6500E+00 -3.5880E+01 -4.0245E+01 -1.5429E+00 -1.5460E+00
  1.7000E+00 -7.1334E+01 -9.1708E+01 -1.5568E+00 -1.5599E+00
  1.7500E+00 -1.8013E+03  3.7616E+02 -1.5702E+00 -1.5735E+00
  1.8000E+00  7.9675E+01  6.3002E+01 -1.5833E+00 -1.5867E+00
  1.8500E+00  3.9481E+01  3.4761E+01 -1.5961E+00 -1.5996E+00
  1.9000E+00  2.6451E+01  2.4169E+01 -1.6086E+00 -1.6121E+00
  1.9500E+00  1.9998E+01  1.8615E+01 -1.6208E+00 -1.6245E+00
  2.0000E+00  1.6141E+01  1.5191E+01 -1.6327E+00 -1.6365E+00
  2.0500E+00  1.3574E+01  1.2866E+01 -1.6443E+00 -1.6484E+00
  2.1000E+00  1.1740E+01  1.1181E+01 -1.6558E+00 -1.6600E+00
  2.1500E+00  1.0363E+01  9.9014E+00 -1.6670E+00 -1.6715E+00
  2.2000E+00  9.2905E+00  8.8951E+00 -1.6780E+00 -1.6827E+00
  2.2500E+00  8.4298E+00  8.0811E+00 -1.6889E+00 -1.6939E+00
  2.3000E+00  7.7232E+00  7.4072E+00 -1.6996E+00 -1.7050E+00
  2.3500E+00  7.1321E+00  6.8382E+00 -1.7101E+00 -1.7160E+00
  2.4000E+00  6.6296E+00  6.3489E+00 -1.7205E+00 -1.7270E+00
  2.4500E+00  6.1968E+00  5.9207E+00 -1.7308E+00 -1.7381E+00
  2.5000E+00  5.8196E+00  5.5386E+00 -1.7410E+00 -1.7494E+00
  2.5500E+00  5.4875E+00  5.1884E+00 -1.7510E+00 -1.7612E+00
  2.6000E+00  5.1926E+00  4.8526E+00 -1.7610E+00 -1.7740E+00
  2.6500E+00  4.9286E+00  4.4963E+00 -1.7710E+00 -1.7896E+00
  2.7000E+00  4.6907E+00  3.9821E+00 -1.7808E+00 -1.8168E+00
  2.7500E+00  4.4748E+00 -1.1959E+00 -1.7907E+00 -4.0160E+00
  2.8000E+00  4.2778E+00  4.9610E+00 -1.8004E+00 -4.9113E+00
  2.8500E+00  4.0971E+00  4.3750E+00 -1.8102E+00 -4.9371E+00
  2.9000E+00  3.9305E+00  4.0882E+00 -1.8199E+00 -4.9523E+00
  2.9500E+00  3.7764E+00  3.8781E+00 -1.8297E+00 -4.9648E+00
  3.0000E+00  3.6331E+00  3.7032E+00 -1.8394E+00 -4.9761E+00
  3.0500E+00  3.4994E+00  3.5497E+00 -1.8491E+00 -4.9870E+00
  3.1000E+00  3.3742E+00  3.4113E+00 -1.8589E+00 -4.9975E+00
  3.1500E+00  3.2566E+00  3.2844E+00 -1.8687E+00 -5.0079E+00
  3.2000E+00  3.1457E+00  3.1669E+00 -1.8786E+00 -5.0182E+00
  3.2500E+00  3.0410E+00  3.0571E+00 -1.8885E+00 -5.0285E+00
  3.3000E+00  2.9417E+00  2.9541E+00 -1.8985E+00 -5.0388E+00
  3.3500E+00  2.8474E+00  2.8569E+00 -1.9085E+00 -5.0491E+00
  3.4000E+00  2.7576E+00  2.7649E+00 -1.9187E+00 -5.0594E+00
  3.4500E+00  2.6719E+00  2.6774E+00 -1.9289E+00 -5.0698E+00
  3.5000E+00  2.5899E+00  2.5940E+00 -1.9393E+00 -5.0803E+00
  3.5500E+00  2.5113E+00  2.5143E+00 -1.9498E+00 -5.0909E+00
  3.6000E+00  2.4358E+00  2.4380E+00 -1.9604E+00 -5.1016E+00
  3.6500E+00  2.3631E+00  2.3646E+00 -1.9711E+00 -5.1125E+00
  3.7000E+00  2.2930E+00  2.2941E+00 -1.9820E+00 -5.1235E+00
  3.7500E+00  2.2254E+00  2.2260E+00 -1.9931E+00 -5.1346E+00
  3.8000E+00  2.1600E+00  2.1603E+00 -2.0044E+00 -5.1459E+00
  3.8500E+00  2.0966E+00  2.0967E+00 -2.0159E+00 -5.1574E+00
  3.9000E+00  2.0350E+00  2.0351E+00 -2.0275E+00 -5.1691E+00
  3.9500E+00  1.9753E+00  1.9753E+00 -2.0394E+00 -5.1810E+00
  4.0000E+00  1.9171E+00  1.9171E+00 -2.0516E+00 -5.1932E+00
  4.0500E+00  1.8605E+00  1.8605E+00 -2.0640E+00 -5.2056E+00
  4.1000E+00  1.8052E+00  1.8053E+00 -2.0767E+00 -5.2182E+00
  4.1500E+00  1.7512E+00  1.7514E+00 -2.0896E+00 -5.2312E+00
  4.2000E+00  1.6984E+00  1.6987E+00 -2.1029E+00 -5.2444E+00
  4.2500E+00  1.6467E+00  1.6472E+00 -2.1165E+00 -5.2580E+00
  4.3000E+00  1.5961E+00  1.5967E+00 -2.1305E+00 -5.2719E+00
  4.3500E+00  1.5464E+00  1.5472E+00 -2.1448E+00 -5.2862E+00
  4.4000E+00  1.4976E+00  1.4986E+00 -2.1595E+00 -5.3008E+00
  4.4500E+00  1.4496E+00  1.4508E+00 -2.1747E+00 -5.3159E+00
  4.5000E+00  1.4024E+00  1.4038E+00 -2.1902E+00 -5.3313E+00
  4.5500E+00  1.3559E+00  1.3576E+00 -2.2063E+00 -5.3473E+00
  4.6000E+00  1.3100E+00  1.3120E+00 -2.2228E+00 -5.3637E+00
  4.6500E+00  1.2648E+00  1.2670E+00 -2.2398E+00 -5.3806E+00
  4.7000E+00  1.2201E+00  1.2226E+00 -2.2574E+00 -5.3980E+00
  4.7500E+00  1.1759E+00  1.1787E+00 -2.2755E+00 -5.4159E+00
  4.8000E+00  1.1323E+00  1.1353E+00 -2.2942E+00 -5.4345E+00
  4.8500E+00  1.0890E+00  1.0924E+00 -2.3136E+00 -5.4537E+00
  4.9000E+00  1.0462E+00  1.0499E+00 -2.3336E+00 -5.4735E+00
  4.9500E+00  1.0038E+00  1.0077E+00 -2.3543E+00 -5.4939E+00
