  0.0000000E+00 -6.0000000E+01  0.0000000E+00  0.0000000E+00
  2.3518700E-06 -5.9999578E+01  6.7857372E-04 -2.5676777E-04
  4.7235366E-06 -5.9999208E+01  1.3628593E-03 -5.7131207E-04
  7.1151665E-06 -5.9998809E+01  2.0529047E-03 -8.6215374E-04
  9.5269277E-06 -5.9998217E+01  2.7487585E-03 -9.6591133E-04
  1.1958990E-05 -5.9998614E+01  3.4504695E-03 -2.0643896E-03
  1.4411523E-05 -5.9999034E+01  4.1580870E-03 -3.1919722E-03
  1.6884701E-05 -5.9998186E+01  4.8716608E-03 -3.0581228E-03
  1.9378696E-05 -5.9998767E+01  5.5912410E-03 -4.3582357E-03
  2.1893684E-05 -5.9999500E+01  6.3168781E-03 -5.8168948E-03
  2.4429842E-05 -6.0000024E+01  7.0486230E-03 -7.0726501E-03
  2.6987348E-05 -6.0000959E+01  7.7865273E-03 -8.7459257E-03
  2.9566381E-05 -6.0002092E+01  8.5306426E-03 -1.0622454E-02
  3.2167123E-05 -6.0003423E+01  9.2810214E-03 -1.2704347E-02
  3.4789757E-05 -6.0004983E+01  1.0037716E-02 -1.5021070E-02
  3.7434466E-05 -6.0006760E+01  1.0800780E-02 -1.7560367E-02
  4.0101437E-05 -6.0008747E+01  1.1570267E-02 -2.0316944E-02
  4.2790857E-05 -6.0010937E+01  1.2346231E-02 -2.3283281E-02
  4.5502915E-05 -6.0013320E+01  1.3128726E-02 -2.6448569E-02
  4.8237801E-05 -6.0015882E+01  1.3917808E-02 -2.9800068E-02
  5.0995708E-05 -6.0018610E+01  1.4713531E-02 -3.3323201E-02
  5.3776829E-05 -6.0021486E+01  1.5515952E-02 -3.7001831E-02
  5.6581360E-05 -6.0024493E+01  1.6325127E-02 -4.0818580E-02
  5.9409498E-05 -6.0027614E+01  1.7141113E-02 -4.4755135E-02
  6.2261442E-05 -6.0030829E+01  1.7963967E-02 -4.8792541E-02
  6.5137391E-05 -6.0034118E+01  1.8793747E-02 -5.2911485E-02
  6.8037549E-05 -6.0037462E+01  1.9630512E-02 -5.7092562E-02
  7.0962118E-05 -6.0040842E+01  2.0474319E-02 -6.1316523E-02
  7.3911305E-05 -6.0044239E+01  2.1325228E-02 -6.5564490E-02
  7.6885316E-05 -6.0047635E+01  2.2183300E-02 -6.9818156E-02
  7.9884360E-05 -6.0051011E+01  2.3048594E-02 -7.4059956E-02
  8.2908649E-05 -6.0054352E+01  2.3921171E-02 -7.8273207E-02
  8.5958394E-05 -6.0057641E+01  2.4801092E-02 -8.2442230E-02
  8.9033811E-05 -6.0060864E+01  2.5688420E-02 -8.6552434E-02
  9.2135114E-05 -6.0064007E+01  2.6583216E-02 -9.0590394E-02
  9.5262522E-05 -6.0067058E+01  2.7485543E-02 -9.4543889E-02
  9.8416255E-05 -6.0070006E+01  2.8395465E-02 -9.8401932E-02
  1.0159653E-04 -6.0072842E+01  2.9313045E-02 -1.0215478E-01
  1.0480358E-04 -6.0075556E+01  3.0238349E-02 -1.0579390E-01
  1.0803763E-04 -6.0078141E+01  3.1171440E-02 -1.0931200E-01
  1.1129889E-04 -6.0080591E+01  3.2112385E-02 -1.1270292E-01
  1.1458761E-04 -6.0082900E+01  3.3061250E-02 -1.1596167E-01
  1.1790401E-04 -6.0085066E+01  3.4018100E-02 -1.1908428E-01
  1.2124832E-04 -6.0087085E+01  3.4983005E-02 -1.2206785E-01
  1.2462079E-04 -6.0088954E+01  3.5956030E-02 -1.2491038E-01
  1.2802164E-04 -6.0090674E+01  3.6937244E-02 -1.2761078E-01
  1.3145112E-04 -6.0092242E+01  3.7926718E-02 -1.3016874E-01
  1.3490947E-04 -6.0093660E+01  3.8924518E-02 -1.3258473E-01
  1.3839693E-04 -6.0094929E+01  3.9930717E-02 -1.3485985E-01
  1.4191374E-04 -6.0096050E+01  4.0945385E-02 -1.3699583E-01
  1.4546015E-04 -6.0097026E+01  4.1968592E-02 -1.3899491E-01
  1.4903642E-04 -6.0097859E+01  4.3000410E-02 -1.4085982E-01
  1.5264279E-04 -6.0098553E+01  4.4040913E-02 -1.4259369E-01
  1.5627952E-04 -6.0099110E+01  4.5090173E-02 -1.4419997E-01
  1.5994685E-04 -6.0099534E+01  4.6148264E-02 -1.4568246E-01
  1.6364506E-04 -6.0099830E+01  4.7215260E-02 -1.4704514E-01
  1.6737440E-04 -6.0100001E+01  4.8291235E-02 -1.4829223E-01
  1.7113512E-04 -6.0100052E+01  4.9376266E-02 -1.4942807E-01
  1.7492751E-04 -6.0099987E+01  5.0470429E-02 -1.5045714E-01
  1.7875181E-04 -6.0099810E+01  5.1573801E-02 -1.5138395E-01
  1.8260831E-04 -6.0099527E+01  5.2686458E-02 -1.5221310E-01
  1.8649726E-04 -6.0099141E+01  5.3808479E-02 -1.5294916E-01
  1.9041896E-04 -6.0098657E+01  5.4939943E-02 -1.5359671E-01
  1.9437366E-04 -6.0098079E+01  5.6080930E-02 -1.5416027E-01
  1.9836165E-04 -6.0097413E+01  5.7231518E-02 -1.5464434E-01
  2.0238321E-04 -6.0096662E+01  5.8391790E-02 -1.5505329E-01
  2.0643862E-04 -6.0095830E+01  5.9561826E-02 -1.5539145E-01
  2.1052817E-04 -6.0094921E+01  6.0741709E-02 -1.5566301E-01
  2.1465214E-04 -6.0093941E+01  6.1931521E-02 -1.5587208E-01
  2.1881082E-04 -6.0092891E+01  6.3131346E-02 -1.5602261E-01
  2.2300451E-04 -6.0091777E+01  6.4341269E-02 -1.5611844E-01
  2.2723350E-04 -6.0090602E+01  6.5561373E-02 -1.5616330E-01
  2.3149808E-04 -6.0089369E+01  6.6791745E-02 -1.5616073E-01
  2.3579856E-04 -6.0088082E+01  6.8032471E-02 -1.5611418E-01
  2.4013524E-04 -6.0086743E+01  6.9283638E-02 -1.5602694E-01
  2.4450843E-04 -6.0085357E+01  7.0545334E-02 -1.5590213E-01
  2.4891842E-04 -6.0083925E+01  7.1817648E-02 -1.5574279E-01
  2.5336554E-04 -6.0082451E+01  7.3100668E-02 -1.5555176E-01
  2.5785009E-04 -6.0080937E+01  7.4394485E-02 -1.5533177E-01
  2.6237239E-04 -6.0079386E+01  7.5699189E-02 -1.5508543E-01
  2.6693275E-04 -6.0077800E+01  7.7014873E-02 -1.5481519E-01
  2.7153150E-04 -6.0076182E+01  7.8341627E-02 -1.5452338E-01
  2.7616896E-04 -6.0074533E+01  7.9679546E-02 -1.5421221E-01
  2.8084545E-04 -6.0072855E+01  8.1028724E-02 -1.5388376E-01
  2.8556131E-04 -6.0071151E+01  8.2389254E-02 -1.5354001E-01
  2.9031687E-04 -6.0069422E+01  8.3761233E-02 -1.5318281E-01
  2.9511245E-04 -6.0067669E+01  8.5144756E-02 -1.5281390E-01
  2.9994840E-04 -6.0065895E+01  8.6539921E-02 -1.5243492E-01
  3.0482506E-04 -6.0064101E+01  8.7946826E-02 -1.5204743E-01
  3.0974276E-04 -6.0062287E+01  8.9365569E-02 -1.5165286E-01
  3.1470186E-04 -6.0060456E+01  9.0796249E-02 -1.5125257E-01
  3.1970270E-04 -6.0058609E+01  9.2238968E-02 -1.5084782E-01
  3.2474564E-04 -6.0056746E+01  9.3693826E-02 -1.5043981E-01
  3.2983102E-04 -6.0054869E+01  9.5160925E-02 -1.5002964E-01
  3.3495921E-04 -6.0052978E+01  9.6640368E-02 -1.4961835E-01
  3.4013057E-04 -6.0051075E+01  9.8132260E-02 -1.4920688E-01
  3.4534545E-04 -6.0049159E+01  9.9636704E-02 -1.4879614E-01
  3.5060423E-04 -6.0047233E+01  1.0115381E-01 -1.4838695E-01
  3.5590728E-04 -6.0045296E+01  1.0268367E-01 -1.4798009E-01
  3.6125496E-04 -6.0043350E+01  1.0422641E-01 -1.4757627E-01
  3.6664766E-04 -6.0041394E+01  1.0578213E-01 -1.4717615E-01
  3.7208575E-04 -6.0039429E+01  1.0735093E-01 -1.4678034E-01
  3.7756962E-04 -6.0037456E+01  1.0893294E-01 -1.4638940E-01
  3.8309964E-04 -6.0035476E+01  1.1052826E-01 -1.4600385E-01
  3.8867621E-04 -6.0033487E+01  1.1213699E-01 -1.4562417E-01
  3.9429973E-04 -6.0031492E+01  1.1375926E-01 -1.4525078E-01
  3.9997058E-04 -6.0029489E+01  1.1539518E-01 -1.4488411E-01
  4.0568916E-04 -6.0027480E+01  1.1704487E-01 -1.4452450E-01
  4.1145588E-04 -6.0025464E+01  1.1870843E-01 -1.4417229E-01
  4.1727114E-04 -6.0023442E+01  1.2038598E-01 -1.4382780E-01
  4.2313535E-04 -6.0021414E+01  1.2207765E-01 -1.4349128E-01
  4.2904892E-04 -6.0019379E+01  1.2378355E-01 -1.4316300E-01
  4.3501226E-04 -6.0017339E+01  1.2550380E-01 -1.4284317E-01
  4.4102580E-04 -6.0015293E+01  1.2723852E-01 -1.4253200E-01
  4.4708997E-04 -6.0013242E+01  1.2898784E-01 -1.4222967E-01
  4.5320517E-04 -6.0011184E+01  1.3075186E-01 -1.4193633E-01
  4.5937185E-04 -6.0009121E+01  1.3253073E-01 -1.4165214E-01
  4.6559044E-04 -6.0007053E+01  1.3432456E-01 -1.4137722E-01
  4.7186137E-04 -6.0004978E+01  1.3613348E-01 -1.4111167E-01
  4.7818508E-04 -6.0002898E+01  1.3795762E-01 -1.4085559E-01
  4.8456203E-04 -6.0000812E+01  1.3979710E-01 -1.4060907E-01
  4.9099265E-04 -5.9998720E+01  1.4165205E-01 -1.4037216E-01
  4.9747740E-04 -5.9996622E+01  1.4352261E-01 -1.4014494E-01
  5.0401674E-04 -5.9994519E+01  1.4540890E-01 -1.3992744E-01
  5.1061112E-04 -5.9992409E+01  1.4731105E-01 -1.3971970E-01
  5.1726101E-04 -5.9990293E+01  1.4922920E-01 -1.3952175E-01
  5.2396687E-04 -5.9988170E+01  1.5116349E-01 -1.3933361E-01
  5.3072918E-04 -5.9986041E+01  1.5311404E-01 -1.3915529E-01
  5.3754841E-04 -5.9983906E+01  1.5508100E-01 -1.3898680E-01
  5.4442504E-04 -5.9981764E+01  1.5706450E-01 -1.3882812E-01
  5.5135956E-04 -5.9979615E+01  1.5906469E-01 -1.3867927E-01
  5.5835244E-04 -5.9977459E+01  1.6108169E-01 -1.3854022E-01
  5.6540419E-04 -5.9975295E+01  1.6311566E-01 -1.3841095E-01
  5.7251529E-04 -5.9973125E+01  1.6516673E-01 -1.3829145E-01
  5.7968625E-04 -5.9970947E+01  1.6723505E-01 -1.3818169E-01
  5.8691757E-04 -5.9968761E+01  1.6932076E-01 -1.3808164E-01
  5.9420976E-04 -5.9966567E+01  1.7142401E-01 -1.3799127E-01
  6.0156334E-04 -5.9964366E+01  1.7354495E-01 -1.3791054E-01
  6.0897880E-04 -5.9962156E+01  1.7568373E-01 -1.3783941E-01
  6.1645669E-04 -5.9959937E+01  1.7784048E-01 -1.3777785E-01
  6.2399753E-04 -5.9957710E+01  1.8001538E-01 -1.3772582E-01
  6.3160183E-04 -5.9955475E+01  1.8220855E-01 -1.3768327E-01
  6.3927015E-04 -5.9953230E+01  1.8442018E-01 -1.3765016E-01
  6.4700301E-04 -5.9950976E+01  1.8665039E-01 -1.3762644E-01
  6.5480097E-04 -5.9948713E+01  1.8889936E-01 -1.3761206E-01
  6.6266456E-04 -5.9946440E+01  1.9116723E-01 -1.3760698E-01
  6.7059434E-04 -5.9944157E+01  1.9345417E-01 -1.3761116E-01
  6.7859087E-04 -5.9941864E+01  1.9576034E-01 -1.3762453E-01
  6.8665471E-04 -5.9939561E+01  1.9808590E-01 -1.3764706E-01
  6.9478643E-04 -5.9937248E+01  2.0043101E-01 -1.3767869E-01
  7.0298660E-04 -5.9934924E+01  2.0279583E-01 -1.3771938E-01
  7.1125579E-04 -5.9932589E+01  2.0518053E-01 -1.3776908E-01
  7.1959458E-04 -5.9930242E+01  2.0758528E-01 -1.3782774E-01
  7.2800357E-04 -5.9927885E+01  2.1001024E-01 -1.3789531E-01
  7.3648334E-04 -5.9925516E+01  2.1245559E-01 -1.3797174E-01
  7.4503448E-04 -5.9923136E+01  2.1492149E-01 -1.3805699E-01
  7.5365761E-04 -5.9920743E+01  2.1740811E-01 -1.3815100E-01
  7.6235331E-04 -5.9918338E+01  2.1991564E-01 -1.3825374E-01
  7.7112222E-04 -5.9915921E+01  2.2244424E-01 -1.3836516E-01
  7.7996493E-04 -5.9913491E+01  2.2499410E-01 -1.3848521E-01
  7.8888208E-04 -5.9911048E+01  2.2756538E-01 -1.3861385E-01
  7.9787429E-04 -5.9908593E+01  2.3015827E-01 -1.3875103E-01
  8.0694218E-04 -5.9906124E+01  2.3277296E-01 -1.3889672E-01
  8.1608641E-04 -5.9903641E+01  2.3540961E-01 -1.3905086E-01
  8.2530760E-04 -5.9901145E+01  2.3806843E-01 -1.3921343E-01
  8.3460642E-04 -5.9898635E+01  2.4074958E-01 -1.3938438E-01
  8.4398351E-04 -5.9896110E+01  2.4345327E-01 -1.3956367E-01
  8.5343952E-04 -5.9893572E+01  2.4617967E-01 -1.3975126E-01
  8.6297514E-04 -5.9891018E+01  2.4892898E-01 -1.3994713E-01
  8.7259101E-04 -5.9888450E+01  2.5170139E-01 -1.4015122E-01
  8.8228783E-04 -5.9885866E+01  2.5449709E-01 -1.4036351E-01
  8.9206627E-04 -5.9883268E+01  2.5731628E-01 -1.4058397E-01
  9.0192702E-04 -5.9880653E+01  2.6015916E-01 -1.4081256E-01
  9.1187077E-04 -5.9878023E+01  2.6302592E-01 -1.4104924E-01
  9.2189822E-04 -5.9875377E+01  2.6591676E-01 -1.4129400E-01
  9.3201008E-04 -5.9872715E+01  2.6883188E-01 -1.4154680E-01
  9.4220705E-04 -5.9870036E+01  2.7177149E-01 -1.4180760E-01
  9.5248986E-04 -5.9867341E+01  2.7473579E-01 -1.4207640E-01
  9.6285922E-04 -5.9864628E+01  2.7772499E-01 -1.4235315E-01
  9.7331586E-04 -5.9861899E+01  2.8073930E-01 -1.4263783E-01
  9.8386052E-04 -5.9859152E+01  2.8377892E-01 -1.4293043E-01
  9.9449394E-04 -5.9856387E+01  2.8684407E-01 -1.4323091E-01
  1.0052169E-03 -5.9853604E+01  2.8993496E-01 -1.4353926E-01
  1.0160300E-03 -5.9850804E+01  2.9305181E-01 -1.4385545E-01
  1.0269342E-03 -5.9847985E+01  2.9619483E-01 -1.4417946E-01
  1.0379302E-03 -5.9845147E+01  2.9936424E-01 -1.4451128E-01
  1.0490188E-03 -5.9842291E+01  3.0256026E-01 -1.4485089E-01
  1.0602007E-03 -5.9839415E+01  3.0578311E-01 -1.4519827E-01
  1.0714767E-03 -5.9836520E+01  3.0903303E-01 -1.4555341E-01
  1.0828476E-03 -5.9833606E+01  3.1231023E-01 -1.4591628E-01
  1.0943142E-03 -5.9830672E+01  3.1561493E-01 -1.4628689E-01
  1.1058774E-03 -5.9827718E+01  3.1894739E-01 -1.4666521E-01
  1.1175378E-03 -5.9824743E+01  3.2230781E-01 -1.4705124E-01
  1.1292965E-03 -5.9821749E+01  3.2569644E-01 -1.4744496E-01
  1.1411541E-03 -5.9818733E+01  3.2911351E-01 -1.4784636E-01
  1.1531115E-03 -5.9815696E+01  3.3255926E-01 -1.4825544E-01
  1.1651696E-03 -5.9812638E+01  3.3603393E-01 -1.4867218E-01
  1.1773292E-03 -5.9809559E+01  3.3953776E-01 -1.4909659E-01
  1.1895911E-03 -5.9806458E+01  3.4307099E-01 -1.4952865E-01
  1.2019562E-03 -5.9803334E+01  3.4663386E-01 -1.4996836E-01
  1.2144254E-03 -5.9800189E+01  3.5022664E-01 -1.5041572E-01
  1.2269996E-03 -5.9797021E+01  3.5384955E-01 -1.5087072E-01
  1.2396796E-03 -5.9793831E+01  3.5750286E-01 -1.5133336E-01
  1.2524664E-03 -5.9790617E+01  3.6118682E-01 -1.5180365E-01
  1.2653607E-03 -5.9787380E+01  3.6490168E-01 -1.5228157E-01
  1.2783637E-03 -5.9784119E+01  3.6864770E-01 -1.5276713E-01
  1.2914760E-03 -5.9780835E+01  3.7242515E-01 -1.5326033E-01
  1.3046988E-03 -5.9777527E+01  3.7623427E-01 -1.5376117E-01
  1.3180328E-03 -5.9774194E+01  3.8007534E-01 -1.5426966E-01
  1.3314791E-03 -5.9770837E+01  3.8394862E-01 -1.5478580E-01
  1.3450386E-03 -5.9767455E+01  3.8785438E-01 -1.5530960E-01
  1.3587122E-03 -5.9764048E+01  3.9179289E-01 -1.5584105E-01
  1.3725009E-03 -5.9760616E+01  3.9576442E-01 -1.5638017E-01
  1.3864056E-03 -5.9757158E+01  3.9976925E-01 -1.5692696E-01
  1.4004274E-03 -5.9753674E+01  4.0380765E-01 -1.5748143E-01
  1.4145672E-03 -5.9750164E+01  4.0787990E-01 -1.5804359E-01
  1.4288261E-03 -5.9746627E+01  4.1198629E-01 -1.5861345E-01
  1.4432050E-03 -5.9743064E+01  4.1612709E-01 -1.5919101E-01
  1.4577049E-03 -5.9739474E+01  4.2030260E-01 -1.5977629E-01
  1.4723268E-03 -5.9735856E+01  4.2451310E-01 -1.6036930E-01
  1.4870719E-03 -5.9732211E+01  4.2875888E-01 -1.6097006E-01
  1.5019410E-03 -5.9728538E+01  4.3304023E-01 -1.6157856E-01
  1.5169353E-03 -5.9724837E+01  4.3735746E-01 -1.6219484E-01
  1.5320558E-03 -5.9721108E+01  4.4171085E-01 -1.6281890E-01
  1.5473036E-03 -5.9717350E+01  4.4610071E-01 -1.6345075E-01
  1.5626798E-03 -5.9713563E+01  4.5052734E-01 -1.6409041E-01
  1.5781854E-03 -5.9709747E+01  4.5499104E-01 -1.6473790E-01
  1.5938214E-03 -5.9705901E+01  4.5949213E-01 -1.6539324E-01
  1.6095892E-03 -5.9702026E+01  4.6403091E-01 -1.6605644E-01
  1.6254896E-03 -5.9698120E+01  4.6860769E-01 -1.6672752E-01
  1.6415238E-03 -5.9694184E+01  4.7322280E-01 -1.6740649E-01
  1.6576931E-03 -5.9690217E+01  4.7787654E-01 -1.6809339E-01
  1.6739984E-03 -5.9686219E+01  4.8256923E-01 -1.6878822E-01
  1.6904410E-03 -5.9682190E+01  4.8730121E-01 -1.6949101E-01
  1.7070220E-03 -5.9678129E+01  4.9207278E-01 -1.7020177E-01
  1.7237426E-03 -5.9674036E+01  4.9688429E-01 -1.7092054E-01
  1.7406039E-03 -5.9669911E+01  5.0173606E-01 -1.7164733E-01
  1.7576071E-03 -5.9665754E+01  5.0662843E-01 -1.7238217E-01
  1.7747534E-03 -5.9661563E+01  5.1156172E-01 -1.7312507E-01
  1.7920441E-03 -5.9657340E+01  5.1653629E-01 -1.7387606E-01
  1.8094803E-03 -5.9653083E+01  5.2155246E-01 -1.7463517E-01
  1.8270633E-03 -5.9648792E+01  5.2661058E-01 -1.7540243E-01
  1.8447943E-03 -5.9644467E+01  5.3171101E-01 -1.7617785E-01
  1.8626746E-03 -5.9640107E+01  5.3685408E-01 -1.7696146E-01
  1.8807053E-03 -5.9635713E+01  5.4204015E-01 -1.7775329E-01
  1.8988878E-03 -5.9631284E+01  5.4726958E-01 -1.7855337E-01
  1.9172234E-03 -5.9626819E+01  5.5254271E-01 -1.7936172E-01
  1.9357133E-03 -5.9622318E+01  5.5785992E-01 -1.8017837E-01
  1.9543589E-03 -5.9617782E+01  5.6322157E-01 -1.8100335E-01
  1.9731614E-03 -5.9613209E+01  5.6862801E-01 -1.8183669E-01
  1.9921221E-03 -5.9608599E+01  5.7407963E-01 -1.8267842E-01
  2.0112425E-03 -5.9603952E+01  5.7957678E-01 -1.8352857E-01
  2.0305238E-03 -5.9599267E+01  5.8511986E-01 -1.8438716E-01
  2.0499674E-03 -5.9594545E+01  5.9070922E-01 -1.8525423E-01
  2.0695746E-03 -5.9589785E+01  5.9634527E-01 -1.8612982E-01
  2.0893470E-03 -5.9584986E+01  6.0202836E-01 -1.8701394E-01
  2.1092857E-03 -5.9580148E+01  6.0775891E-01 -1.8790664E-01
  2.1293923E-03 -5.9575271E+01  6.1353729E-01 -1.8880794E-01
  2.1496681E-03 -5.9570354E+01  6.1936389E-01 -1.8971789E-01
  2.1701146E-03 -5.9565397E+01  6.2523912E-01 -1.9063651E-01
  2.1907332E-03 -5.9560400E+01  6.3116337E-01 -1.9156383E-01
  2.2115253E-03 -5.9555363E+01  6.3713704E-01 -1.9249989E-01
  2.2324925E-03 -5.9550284E+01  6.4316054E-01 -1.9344473E-01
  2.2536361E-03 -5.9545164E+01  6.4923427E-01 -1.9439838E-01
  2.2749578E-03 -5.9540002E+01  6.5535866E-01 -1.9536088E-01
  2.2964589E-03 -5.9534798E+01  6.6153410E-01 -1.9633226E-01
  2.3181409E-03 -5.9529552E+01  6.6776103E-01 -1.9731255E-01
  2.3400055E-03 -5.9524262E+01  6.7403986E-01 -1.9830180E-01
  2.3620542E-03 -5.9518929E+01  6.8037101E-01 -1.9930004E-01
  2.3842884E-03 -5.9513552E+01  6.8675491E-01 -2.0030730E-01
  2.4067098E-03 -5.9508132E+01  6.9319200E-01 -2.0132363E-01
  2.4293199E-03 -5.9502666E+01  6.9968270E-01 -2.0234907E-01
  2.4521203E-03 -5.9497156E+01  7.0622746E-01 -2.0338365E-01
  2.4751127E-03 -5.9491601E+01  7.1282672E-01 -2.0442740E-01
  2.4982986E-03 -5.9485999E+01  7.1948091E-01 -2.0548038E-01
  2.5216796E-03 -5.9480352E+01  7.2619049E-01 -2.0654262E-01
  2.5452575E-03 -5.9474658E+01  7.3295591E-01 -2.0761415E-01
  2.5690338E-03 -5.9468917E+01  7.3977763E-01 -2.0869502E-01
  2.5930102E-03 -5.9463129E+01  7.4665609E-01 -2.0978527E-01
  2.6171885E-03 -5.9457293E+01  7.5359176E-01 -2.1088493E-01
  2.6415703E-03 -5.9451409E+01  7.6058511E-01 -2.1199406E-01
  2.6661573E-03 -5.9445476E+01  7.6763660E-01 -2.1311268E-01
  2.6909513E-03 -5.9439494E+01  7.7474671E-01 -2.1424085E-01
  2.7159540E-03 -5.9433463E+01  7.8191591E-01 -2.1537860E-01
  2.7411671E-03 -5.9427381E+01  7.8914468E-01 -2.1652598E-01
  2.7665925E-03 -5.9421250E+01  7.9643351E-01 -2.1768302E-01
  2.7922319E-03 -5.9415067E+01  8.0378287E-01 -2.1884977E-01
  2.8180871E-03 -5.9408833E+01  8.1119327E-01 -2.2002628E-01
  2.8441600E-03 -5.9402547E+01  8.1866518E-01 -2.2121257E-01
  2.8704523E-03 -5.9396210E+01  8.2619912E-01 -2.2240871E-01
  2.8969659E-03 -5.9389819E+01  8.3379558E-01 -2.2361473E-01
  2.9237027E-03 -5.9383376E+01  8.4145506E-01 -2.2483067E-01
  2.9506645E-03 -5.9376879E+01  8.4917807E-01 -2.2605658E-01
  2.9778533E-03 -5.9370327E+01  8.5696514E-01 -2.2729251E-01
  3.0052710E-03 -5.9363722E+01  8.6481676E-01 -2.2853849E-01
  3.0329194E-03 -5.9357061E+01  8.7273346E-01 -2.2979457E-01
  3.0608006E-03 -5.9350345E+01  8.8071577E-01 -2.3106080E-01
  3.0889164E-03 -5.9343573E+01  8.8876421E-01 -2.3233722E-01
  3.1172689E-03 -5.9336745E+01  8.9687932E-01 -2.3362387E-01
  3.1458601E-03 -5.9329859E+01  9.0506162E-01 -2.3492081E-01
  3.1746919E-03 -5.9322916E+01  9.1331166E-01 -2.3622807E-01
  3.2037665E-03 -5.9315916E+01  9.2162998E-01 -2.3754570E-01
  3.2330857E-03 -5.9308857E+01  9.3001713E-01 -2.3887375E-01
  3.2626518E-03 -5.9301739E+01  9.3847365E-01 -2.4021226E-01
  3.2924667E-03 -5.9294561E+01  9.4700011E-01 -2.4156128E-01
  3.3225326E-03 -5.9287324E+01  9.5559706E-01 -2.4292086E-01
  3.3528515E-03 -5.9280026E+01  9.6426506E-01 -2.4429103E-01
  3.3834257E-03 -5.9272667E+01  9.7300468E-01 -2.4567185E-01
  3.4142572E-03 -5.9265247E+01  9.8181650E-01 -2.4706337E-01
  3.4453483E-03 -5.9257765E+01  9.9070108E-01 -2.4846562E-01
  3.4767010E-03 -5.9250220E+01  9.9965901E-01 -2.4987866E-01
  3.5083177E-03 -5.9242612E+01  1.0086909E+00 -2.5130253E-01
  3.5402004E-03 -5.9234940E+01  1.0177972E+00 -2.5273728E-01
  3.5723516E-03 -5.9227204E+01  1.0269787E+00 -2.5418296E-01
  3.6047734E-03 -5.9219404E+01  1.0362359E+00 -2.5563960E-01
  3.6374681E-03 -5.9211538E+01  1.0455694E+00 -2.5710727E-01
  3.6704380E-03 -5.9203606E+01  1.0549798E+00 -2.5858600E-01
  3.7036854E-03 -5.9195608E+01  1.0644677E+00 -2.6007585E-01
  3.7372127E-03 -5.9187543E+01  1.0740338E+00 -2.6157686E-01
  3.7710222E-03 -5.9179411E+01  1.0836785E+00 -2.6308907E-01
  3.8051162E-03 -5.9171210E+01  1.0934027E+00 -2.6461253E-01
  3.8394973E-03 -5.9162940E+01  1.1032068E+00 -2.6614730E-01
  3.8741677E-03 -5.9154602E+01  1.1130916E+00 -2.6769341E-01
  3.9091300E-03 -5.9146193E+01  1.1230576E+00 -2.6925091E-01
  3.9443866E-03 -5.9137714E+01  1.1331055E+00 -2.7081986E-01
  3.9799400E-03 -5.9129164E+01  1.1432360E+00 -2.7240029E-01
  4.0157926E-03 -5.9120543E+01  1.1534496E+00 -2.7399226E-01
  4.0519470E-03 -5.9111849E+01  1.1637470E+00 -2.7559581E-01
  4.0884057E-03 -5.9103082E+01  1.1741290E+00 -2.7721098E-01
  4.1251713E-03 -5.9094242E+01  1.1845961E+00 -2.7883783E-01
  4.1622464E-03 -5.9085327E+01  1.1951490E+00 -2.8047640E-01
  4.1996336E-03 -5.9076338E+01  1.2057884E+00 -2.8212673E-01
  4.2373355E-03 -5.9067274E+01  1.2165149E+00 -2.8378887E-01
  4.2753547E-03 -5.9058134E+01  1.2273293E+00 -2.8546287E-01
  4.3136939E-03 -5.9048917E+01  1.2382322E+00 -2.8714878E-01
  4.3523559E-03 -5.9039622E+01  1.2492243E+00 -2.8884663E-01
  4.3913433E-03 -5.9030250E+01  1.2603062E+00 -2.9055648E-01
  4.4306589E-03 -5.9020800E+01  1.2714788E+00 -2.9227837E-01
  4.4703054E-03 -5.9011270E+01  1.2827427E+00 -2.9401234E-01
  4.5102856E-03 -5.9001660E+01  1.2940985E+00 -2.9575844E-01
  4.5506023E-03 -5.8991970E+01  1.3055471E+00 -2.9751672E-01
  4.5912584E-03 -5.8982198E+01  1.3170891E+00 -2.9928721E-01
  4.6322568E-03 -5.8972345E+01  1.3287252E+00 -3.0106997E-01
  4.6736002E-03 -5.8962409E+01  1.3404561E+00 -3.0286504E-01
  4.7152916E-03 -5.8952390E+01  1.3522827E+00 -3.0467245E-01
  4.7573340E-03 -5.8942287E+01  1.3642056E+00 -3.0649226E-01
  4.7997303E-03 -5.8932099E+01  1.3762255E+00 -3.0832451E-01
  4.8424834E-03 -5.8921826E+01  1.3883432E+00 -3.1016923E-01
  4.8855964E-03 -5.8911467E+01  1.4005595E+00 -3.1202648E-01
  4.9290723E-03 -5.8901021E+01  1.4128750E+00 -3.1389629E-01
  4.9729141E-03 -5.8890488E+01  1.4252906E+00 -3.1577870E-01
  5.0171250E-03 -5.8879867E+01  1.4378070E+00 -3.1767377E-01
  5.0617080E-03 -5.8869157E+01  1.4504250E+00 -3.1958152E-01
  5.1066663E-03 -5.8858357E+01  1.4631453E+00 -3.2150199E-01
  5.1520030E-03 -5.8847467E+01  1.4759687E+00 -3.2343524E-01
  5.1977214E-03 -5.8836485E+01  1.4888960E+00 -3.2538130E-01
  5.2438246E-03 -5.8825412E+01  1.5019280E+00 -3.2734020E-01
  5.2903158E-03 -5.8814247E+01  1.5150654E+00 -3.2931199E-01
  5.3371984E-03 -5.8802988E+01  1.5283091E+00 -3.3129670E-01
  5.3844756E-03 -5.8791635E+01  1.5416599E+00 -3.3329438E-01
  5.4321508E-03 -5.8780187E+01  1.5551185E+00 -3.3530506E-01
  5.4802272E-03 -5.8768643E+01  1.5686857E+00 -3.3732877E-01
  5.5287083E-03 -5.8757003E+01  1.5823624E+00 -3.3936555E-01
  5.5775976E-03 -5.8745266E+01  1.5961494E+00 -3.4141545E-01
  5.6268983E-03 -5.8733431E+01  1.6100475E+00 -3.4347848E-01
  5.6766140E-03 -5.8721497E+01  1.6240575E+00 -3.4555470E-01
  5.7267482E-03 -5.8709464E+01  1.6381803E+00 -3.4764412E-01
  5.7773045E-03 -5.8697330E+01  1.6524166E+00 -3.4974680E-01
  5.8282862E-03 -5.8685095E+01  1.6667674E+00 -3.5186274E-01
  5.8796971E-03 -5.8672759E+01  1.6812334E+00 -3.5399200E-01
  5.9315407E-03 -5.8660319E+01  1.6958156E+00 -3.5613460E-01
  5.9838208E-03 -5.8647776E+01  1.7105147E+00 -3.5829057E-01
  6.0365408E-03 -5.8635128E+01  1.7253317E+00 -3.6045994E-01
  6.0897047E-03 -5.8622375E+01  1.7402673E+00 -3.6264274E-01
  6.1433161E-03 -5.8609517E+01  1.7553225E+00 -3.6483900E-01
  6.1973787E-03 -5.8596551E+01  1.7704981E+00 -3.6704874E-01
  6.2518964E-03 -5.8583477E+01  1.7857949E+00 -3.6927200E-01
  6.3068730E-03 -5.8570295E+01  1.8012140E+00 -3.7150879E-01
  6.3623123E-03 -5.8557003E+01  1.8167561E+00 -3.7375915E-01
  6.4182183E-03 -5.8543601E+01  1.8324221E+00 -3.7602309E-01
  6.4745949E-03 -5.8530088E+01  1.8482130E+00 -3.7830064E-01
  6.5314460E-03 -5.8516462E+01  1.8641296E+00 -3.8059182E-01
  6.5887757E-03 -5.8502724E+01  1.8801728E+00 -3.8289666E-01
  6.6465879E-03 -5.8488872E+01  1.8963436E+00 -3.8521517E-01
  6.7048868E-03 -5.8474905E+01  1.9126428E+00 -3.8754737E-01
  6.7636764E-03 -5.8460822E+01  1.9290714E+00 -3.8989328E-01
  6.8229608E-03 -5.8446623E+01  1.9456302E+00 -3.9225292E-01
  6.8827443E-03 -5.8432306E+01  1.9623203E+00 -3.9462631E-01
  6.9430310E-03 -5.8417871E+01  1.9791424E+00 -3.9701345E-01
  7.0038251E-03 -5.8403317E+01  1.9960976E+00 -3.9941437E-01
  7.0651310E-03 -5.8388642E+01  2.0131869E+00 -4.0182907E-01
  7.1269529E-03 -5.8373847E+01  2.0304110E+00 -4.0425757E-01
  7.1892952E-03 -5.8358929E+01  2.0477710E+00 -4.0669987E-01
  7.2521622E-03 -5.8343888E+01  2.0652679E+00 -4.0915600E-01
  7.3155585E-03 -5.8328723E+01  2.0829025E+00 -4.1162595E-01
  7.3794883E-03 -5.8313434E+01  2.1006758E+00 -4.1410973E-01
  7.4439563E-03 -5.8298018E+01  2.1185889E+00 -4.1660734E-01
  7.5089669E-03 -5.8282476E+01  2.1366425E+00 -4.1911880E-01
  7.5745248E-03 -5.8266806E+01  2.1548378E+00 -4.2164410E-01
  7.6406345E-03 -5.8251008E+01  2.1731757E+00 -4.2418324E-01
  7.7073006E-03 -5.8235079E+01  2.1916572E+00 -4.2673623E-01
  7.7745279E-03 -5.8219020E+01  2.2102832E+00 -4.2930306E-01
  7.8423211E-03 -5.8202829E+01  2.2290547E+00 -4.3188373E-01
  7.9106849E-03 -5.8186505E+01  2.2479728E+00 -4.3447824E-01
  7.9796242E-03 -5.8170048E+01  2.2670383E+00 -4.3708658E-01
  8.0491438E-03 -5.8153456E+01  2.2862524E+00 -4.3970873E-01
  8.1192485E-03 -5.8136729E+01  2.3056159E+00 -4.4234470E-01
  8.1899434E-03 -5.8119865E+01  2.3251299E+00 -4.4499447E-01
  8.2612333E-03 -5.8102863E+01  2.3447955E+00 -4.4765803E-01
  8.3331232E-03 -5.8085722E+01  2.3646135E+00 -4.5033537E-01
  8.4056183E-03 -5.8068441E+01  2.3845851E+00 -4.5302646E-01
  8.4787237E-03 -5.8051020E+01  2.4047112E+00 -4.5573129E-01
  8.5524444E-03 -5.8033457E+01  2.4249929E+00 -4.5844984E-01
  8.6267856E-03 -5.8015751E+01  2.4454311E+00 -4.6118210E-01
  8.7017526E-03 -5.7997901E+01  2.4660269E+00 -4.6392803E-01
  8.7773506E-03 -5.7979906E+01  2.4867814E+00 -4.6668761E-01
  8.8535849E-03 -5.7961765E+01  2.5076955E+00 -4.6946082E-01
  8.9304610E-03 -5.7943477E+01  2.5287703E+00 -4.7224762E-01
  9.0079841E-03 -5.7925041E+01  2.5500069E+00 -4.7504799E-01
  9.0861598E-03 -5.7906456E+01  2.5714062E+00 -4.7786189E-01
  9.1649935E-03 -5.7887720E+01  2.5929693E+00 -4.8068929E-01
  9.2444908E-03 -5.7868833E+01  2.6146972E+00 -4.8353014E-01
  9.3246572E-03 -5.7849793E+01  2.6365911E+00 -4.8638442E-01
  9.4054985E-03 -5.7830600E+01  2.6586519E+00 -4.8925208E-01
  9.4870202E-03 -5.7811252E+01  2.6808807E+00 -4.9213307E-01
  9.5692281E-03 -5.7791749E+01  2.7032786E+00 -4.9502736E-01
  9.6521280E-03 -5.7772088E+01  2.7258466E+00 -4.9793489E-01
  9.7357257E-03 -5.7752270E+01  2.7485857E+00 -5.0085560E-01
  9.8200271E-03 -5.7732292E+01  2.7714971E+00 -5.0378946E-01
  9.9050381E-03 -5.7712155E+01  2.7945818E+00 -5.0673640E-01
  9.9907646E-03 -5.7691855E+01  2.8178409E+00 -5.0969637E-01
  1.0077213E-02 -5.7671394E+01  2.8412754E+00 -5.1266931E-01
  1.0164389E-02 -5.7650769E+01  2.8648864E+00 -5.1565515E-01
  1.0252298E-02 -5.7629979E+01  2.8886750E+00 -5.1865383E-01
  1.0340948E-02 -5.7609023E+01  2.9126422E+00 -5.2166528E-01
  1.0430344E-02 -5.7587900E+01  2.9367892E+00 -5.2468943E-01
  1.0520492E-02 -5.7566609E+01  2.9611170E+00 -5.2772621E-01
  1.0611399E-02 -5.7545149E+01  2.9856266E+00 -5.3077554E-01
  1.0703071E-02 -5.7523518E+01  3.0103192E+00 -5.3383735E-01
  1.0795515E-02 -5.7501716E+01  3.0351959E+00 -5.3691155E-01
  1.0888737E-02 -5.7479740E+01  3.0602577E+00 -5.3999806E-01
  1.0982744E-02 -5.7457591E+01  3.0855057E+00 -5.4309680E-01
  1.1077542E-02 -5.7435267E+01  3.1109410E+00 -5.4620767E-01
  1.1173138E-02 -5.7412766E+01  3.1365646E+00 -5.4933058E-01
  1.1269538E-02 -5.7390088E+01  3.1623777E+00 -5.5246543E-01
  1.1366751E-02 -5.7367231E+01  3.1883814E+00 -5.5561213E-01
  1.1464781E-02 -5.7344194E+01  3.2145767E+00 -5.5877058E-01
  1.1563636E-02 -5.7320976E+01  3.2409648E+00 -5.6194067E-01
  1.1663324E-02 -5.7297576E+01  3.2675467E+00 -5.6512228E-01
  1.1763851E-02 -5.7273992E+01  3.2943234E+00 -5.6831532E-01
  1.1865224E-02 -5.7250223E+01  3.3212962E+00 -5.7151967E-01
  1.1967450E-02 -5.7226269E+01  3.3484661E+00 -5.7473521E-01
  1.2070537E-02 -5.7202128E+01  3.3758341E+00 -5.7796181E-01
  1.2174491E-02 -5.7177798E+01  3.4034014E+00 -5.8119936E-01
  1.2279320E-02 -5.7153279E+01  3.4311691E+00 -5.8444773E-01
  1.2385032E-02 -5.7128569E+01  3.4591382E+00 -5.8770678E-01
  1.2491634E-02 -5.7103667E+01  3.4873098E+00 -5.9097638E-01
  1.2599133E-02 -5.7078571E+01  3.5156851E+00 -5.9425640E-01
  1.2707537E-02 -5.7053282E+01  3.5442650E+00 -5.9754669E-01
  1.2816853E-02 -5.7027796E+01  3.5730508E+00 -6.0084710E-01
  1.2927089E-02 -5.7002114E+01  3.6020434E+00 -6.0415749E-01
  1.3038254E-02 -5.6976234E+01  3.6312441E+00 -6.0747770E-01
  1.3150354E-02 -5.6950154E+01  3.6606538E+00 -6.1080758E-01
  1.3263398E-02 -5.6923873E+01  3.6902736E+00 -6.1414697E-01
  1.3377393E-02 -5.6897391E+01  3.7201046E+00 -6.1749570E-01
  1.3492348E-02 -5.6870706E+01  3.7501480E+00 -6.2085360E-01
  1.3608270E-02 -5.6843816E+01  3.7804047E+00 -6.2422051E-01
  1.3725168E-02 -5.6816720E+01  3.8108760E+00 -6.2759625E-01
  1.3843050E-02 -5.6789418E+01  3.8415627E+00 -6.3098064E-01
  1.3961924E-02 -5.6761907E+01  3.8724661E+00 -6.3437349E-01
  1.4081799E-02 -5.6734187E+01  3.9035872E+00 -6.3777461E-01
  1.4202683E-02 -5.6706257E+01  3.9349270E+00 -6.4118382E-01
  1.4324585E-02 -5.6678114E+01  3.9664866E+00 -6.4460092E-01
  1.4447513E-02 -5.6649758E+01  3.9982672E+00 -6.4802571E-01
  1.4571475E-02 -5.6621188E+01  4.0302698E+00 -6.5145798E-01
  1.4696481E-02 -5.6592402E+01  4.0624953E+00 -6.5489753E-01
  1.4822539E-02 -5.6563399E+01  4.0949450E+00 -6.5834413E-01
  1.4949658E-02 -5.6534178E+01  4.1276198E+00 -6.6179759E-01
  1.5077847E-02 -5.6504737E+01  4.1605209E+00 -6.6525766E-01
  1.5207115E-02 -5.6475075E+01  4.1936492E+00 -6.6872413E-01
  1.5337472E-02 -5.6445191E+01  4.2270058E+00 -6.7219676E-01
  1.5468925E-02 -5.6415084E+01  4.2605918E+00 -6.7567533E-01
  1.5601485E-02 -5.6384751E+01  4.2944082E+00 -6.7915958E-01
  1.5735161E-02 -5.6354193E+01  4.3284560E+00 -6.8264928E-01
  1.5869962E-02 -5.6323408E+01  4.3627364E+00 -6.8614418E-01
  1.6005898E-02 -5.6292394E+01  4.3972502E+00 -6.8964402E-01
  1.6142978E-02 -5.6261150E+01  4.4319987E+00 -6.9314855E-01
  1.6281211E-02 -5.6229675E+01  4.4669827E+00 -6.9665750E-01
  1.6420609E-02 -5.6197967E+01  4.5022033E+00 -7.0017061E-01
  1.6561179E-02 -5.6166026E+01  4.5376616E+00 -7.0368760E-01
  1.6702933E-02 -5.6133850E+01  4.5733586E+00 -7.0720819E-01
  1.6845881E-02 -5.6101437E+01  4.6092952E+00 -7.1073211E-01
  1.6990031E-02 -5.6068787E+01  4.6454726E+00 -7.1425907E-01
  1.7135395E-02 -5.6035897E+01  4.6818916E+00 -7.1778877E-01
  1.7281982E-02 -5.6002768E+01  4.7185533E+00 -7.2132093E-01
  1.7429803E-02 -5.5969396E+01  4.7554588E+00 -7.2485523E-01
  1.7578869E-02 -5.5935782E+01  4.7926089E+00 -7.2839137E-01
  1.7729189E-02 -5.5901924E+01  4.8300048E+00 -7.3192905E-01
  1.7880775E-02 -5.5867821E+01  4.8676473E+00 -7.3546795E-01
  1.8033636E-02 -5.5833470E+01  4.9055376E+00 -7.3900774E-01
  1.8187784E-02 -5.5798872E+01  4.9436765E+00 -7.4254810E-01
  1.8343230E-02 -5.5764024E+01  4.9820650E+00 -7.4608870E-01
  1.8499984E-02 -5.5728925E+01  5.0207041E+00 -7.4962921E-01
  1.8658058E-02 -5.5693574E+01  5.0595949E+00 -7.5316928E-01
  1.8817462E-02 -5.5657970E+01  5.0987381E+00 -7.5670857E-01
  1.8978208E-02 -5.5622112E+01  5.1381349E+00 -7.6024672E-01
  1.9140307E-02 -5.5585997E+01  5.1777862E+00 -7.6378339E-01
  1.9303771E-02 -5.5549625E+01  5.2176929E+00 -7.6731822E-01
  1.9468610E-02 -5.5512995E+01  5.2578559E+00 -7.7085083E-01
  1.9634837E-02 -5.5476105E+01  5.2982763E+00 -7.7438086E-01
  1.9802463E-02 -5.5438953E+01  5.3389550E+00 -7.7790793E-01
  1.9971500E-02 -5.5401539E+01  5.3798928E+00 -7.8143167E-01
  2.0141960E-02 -5.5363861E+01  5.4210908E+00 -7.8495169E-01
  2.0313855E-02 -5.5325918E+01  5.4625499E+00 -7.8846760E-01
  2.0487197E-02 -5.5287708E+01  5.5042709E+00 -7.9197901E-01
  2.0661998E-02 -5.5249231E+01  5.5462549E+00 -7.9548552E-01
  2.0838270E-02 -5.5210484E+01  5.5885027E+00 -7.9898672E-01
  2.1016026E-02 -5.5171467E+01  5.6310153E+00 -8.0248220E-01
  2.1195278E-02 -5.5132178E+01  5.6737935E+00 -8.0597157E-01
  2.1376039E-02 -5.5092616E+01  5.7168383E+00 -8.0945439E-01
  2.1558322E-02 -5.5052780E+01  5.7601506E+00 -8.1293024E-01
  2.1742138E-02 -5.5012667E+01  5.8037313E+00 -8.1639871E-01
  2.1927503E-02 -5.4972278E+01  5.8475813E+00 -8.1985936E-01
  2.2114427E-02 -5.4931610E+01  5.8917014E+00 -8.2331175E-01
  2.2302925E-02 -5.4890663E+01  5.9360926E+00 -8.2675545E-01
  2.2493009E-02 -5.4849434E+01  5.9807558E+00 -8.3019001E-01
  2.2684694E-02 -5.4807923E+01  6.0256918E+00 -8.3361499E-01
  2.2877992E-02 -5.4766128E+01  6.0709015E+00 -8.3702994E-01
  2.3072917E-02 -5.4724049E+01  6.1163859E+00 -8.4043440E-01
  2.3269483E-02 -5.4681682E+01  6.1621457E+00 -8.4382792E-01
  2.3467703E-02 -5.4639028E+01  6.2081819E+00 -8.4721003E-01
  2.3667592E-02 -5.4596085E+01  6.2544954E+00 -8.5058027E-01
  2.3869164E-02 -5.4552851E+01  6.3010870E+00 -8.5393816E-01
  2.4072432E-02 -5.4509326E+01  6.3479576E+00 -8.5728325E-01
  2.4277411E-02 -5.4465507E+01  6.3951080E+00 -8.6061505E-01
  2.4484116E-02 -5.4421394E+01  6.4425393E+00 -8.6393309E-01
  2.4692560E-02 -5.4376985E+01  6.4902521E+00 -8.6723688E-01
  2.4902759E-02 -5.4332279E+01  6.5382474E+00 -8.7052595E-01
  2.5114728E-02 -5.4287274E+01  6.5865260E+00 -8.7379981E-01
  2.5328480E-02 -5.4241969E+01  6.6350889E+00 -8.7705798E-01
  2.5544032E-02 -5.4196363E+01  6.6839368E+00 -8.8029995E-01
  2.5761398E-02 -5.4150455E+01  6.7330707E+00 -8.8352526E-01
  2.5980594E-02 -5.4104242E+01  6.7824914E+00 -8.8673339E-01
  2.6201635E-02 -5.4057724E+01  6.8321998E+00 -8.8992387E-01
  2.6424537E-02 -5.4010899E+01  6.8821968E+00 -8.9309620E-01
  2.6649314E-02 -5.3963767E+01  6.9324833E+00 -8.9624987E-01
  2.6875984E-02 -5.3916324E+01  6.9830600E+00 -8.9938441E-01
  2.7104562E-02 -5.3868571E+01  7.0339280E+00 -9.0249931E-01
  2.7335064E-02 -5.3820506E+01  7.0850880E+00 -9.0559407E-01
  2.7567506E-02 -5.3772127E+01  7.1365410E+00 -9.0866821E-01
  2.7801905E-02 -5.3723433E+01  7.1882879E+00 -9.1172123E-01
  2.8038276E-02 -5.3674423E+01  7.2403295E+00 -9.1475264E-01
  2.8276638E-02 -5.3625095E+01  7.2926667E+00 -9.1776194E-01
  2.8517005E-02 -5.3575448E+01  7.3453005E+00 -9.2074866E-01
  2.8759396E-02 -5.3525481E+01  7.3982317E+00 -9.2371229E-01
  2.9003827E-02 -5.3475191E+01  7.4514613E+00 -9.2665237E-01
  2.9250316E-02 -5.3424578E+01  7.5049901E+00 -9.2956840E-01
  2.9498880E-02 -5.3373641E+01  7.5588192E+00 -9.3245991E-01
  2.9749535E-02 -5.3322377E+01  7.6129493E+00 -9.3532642E-01
  3.0002301E-02 -5.3270786E+01  7.6673815E+00 -9.3816748E-01
  3.0257194E-02 -5.3218866E+01  7.7221167E+00 -9.4098261E-01
  3.0514233E-02 -5.3166616E+01  7.7771558E+00 -9.4377135E-01
  3.0773435E-02 -5.3114033E+01  7.8324999E+00 -9.4653325E-01
  3.1034820E-02 -5.3061118E+01  7.8881498E+00 -9.4926787E-01
  3.1298404E-02 -5.3007868E+01  7.9441065E+00 -9.5197476E-01
  3.1564207E-02 -5.2954282E+01  8.0003711E+00 -9.5465349E-01
  3.1832248E-02 -5.2900359E+01  8.0569445E+00 -9.5730363E-01
  3.2102544E-02 -5.2846097E+01  8.1138278E+00 -9.5992478E-01
  3.2375116E-02 -5.2791495E+01  8.1710219E+00 -9.6251652E-01
  3.2649982E-02 -5.2736551E+01  8.2285279E+00 -9.6507846E-01
  3.2927162E-02 -5.2681263E+01  8.2863468E+00 -9.6761020E-01
  3.3206675E-02 -5.2625632E+01  8.3444797E+00 -9.7011137E-01
  3.3488541E-02 -5.2569654E+01  8.4029276E+00 -9.7258161E-01
  3.3772779E-02 -5.2513329E+01  8.4616917E+00 -9.7502057E-01
  3.4059410E-02 -5.2456655E+01  8.5207730E+00 -9.7742789E-01
  3.4348454E-02 -5.2399631E+01  8.5801726E+00 -9.7980327E-01
  3.4639930E-02 -5.2342255E+01  8.6398917E+00 -9.8214637E-01
  3.4933860E-02 -5.2284526E+01  8.6999314E+00 -9.8445691E-01
  3.5230264E-02 -5.2226442E+01  8.7602928E+00 -9.8673460E-01
  3.5529163E-02 -5.2168002E+01  8.8209772E+00 -9.8897917E-01
  3.5830579E-02 -5.2109205E+01  8.8819857E+00 -9.9119037E-01
  3.6134531E-02 -5.2050048E+01  8.9433196E+00 -9.9336798E-01
  3.6441041E-02 -5.1990532E+01  9.0049799E+00 -9.9551177E-01
  3.6750132E-02 -5.1930653E+01  9.0669681E+00 -9.9762154E-01
  3.7061825E-02 -5.1870412E+01  9.1292854E+00 -9.9969713E-01
  3.7376141E-02 -5.1809805E+01  9.1919330E+00 -1.0017384E+00
  3.7693103E-02 -5.1748833E+01  9.2549123E+00 -1.0037451E+00
  3.8012732E-02 -5.1687493E+01  9.3182246E+00 -1.0057172E+00
  3.8335053E-02 -5.1625784E+01  9.3818711E+00 -1.0076547E+00
  3.8660086E-02 -5.1563704E+01  9.4458534E+00 -1.0095573E+00
  3.8987855E-02 -5.1501252E+01  9.5101728E+00 -1.0114252E+00
  3.9318384E-02 -5.1438427E+01  9.5748306E+00 -1.0132581E+00
  3.9651694E-02 -5.1375228E+01  9.6398284E+00 -1.0150562E+00
  3.9987810E-02 -5.1311652E+01  9.7051676E+00 -1.0168195E+00
  4.0326755E-02 -5.1247698E+01  9.7708497E+00 -1.0185479E+00
  4.0668554E-02 -5.1183365E+01  9.8368761E+00 -1.0202416E+00
  4.1013229E-02 -5.1118652E+01  9.9032485E+00 -1.0219006E+00
  4.1360806E-02 -5.1053557E+01  9.9699682E+00 -1.0235251E+00
  4.1711308E-02 -5.0988078E+01  1.0037037E+01 -1.0251151E+00
  4.2064761E-02 -5.0922214E+01  1.0104457E+01 -1.0266709E+00
  4.2421189E-02 -5.0855964E+01  1.0172228E+01 -1.0281926E+00
  4.2780617E-02 -5.0789326E+01  1.0240354E+01 -1.0296804E+00
  4.3143070E-02 -5.0722299E+01  1.0308835E+01 -1.0311346E+00
  4.3508574E-02 -5.0654881E+01  1.0377674E+01 -1.0325554E+00
  4.3877155E-02 -5.0587071E+01  1.0446872E+01 -1.0339431E+00
  4.4248839E-02 -5.0518868E+01  1.0516430E+01 -1.0352979E+00
  4.4623651E-02 -5.0450269E+01  1.0586351E+01 -1.0366202E+00
  4.5001618E-02 -5.0381274E+01  1.0656637E+01 -1.0379103E+00
  4.5382767E-02 -5.0311880E+01  1.0727288E+01 -1.0391686E+00
  4.5767123E-02 -5.0242087E+01  1.0798308E+01 -1.0403954E+00
  4.6154715E-02 -5.0171893E+01  1.0869698E+01 -1.0415911E+00
  4.6545570E-02 -5.0101296E+01  1.0941460E+01 -1.0427561E+00
  4.6939715E-02 -5.0030295E+01  1.1013595E+01 -1.0438909E+00
  4.7337177E-02 -4.9958889E+01  1.1086107E+01 -1.0449958E+00
  4.7737985E-02 -4.9887075E+01  1.1158996E+01 -1.0460712E+00
  4.8142166E-02 -4.9814852E+01  1.1232266E+01 -1.0471177E+00
  4.8549750E-02 -4.9742219E+01  1.1305917E+01 -1.0481357E+00
  4.8960765E-02 -4.9669174E+01  1.1379952E+01 -1.0491256E+00
  4.9375239E-02 -4.9595715E+01  1.1454373E+01 -1.0500879E+00
  4.9793202E-02 -4.9521840E+01  1.1529183E+01 -1.0510230E+00
  5.0214683E-02 -4.9447549E+01  1.1604383E+01 -1.0519314E+00
  5.0639712E-02 -4.9372838E+01  1.1679975E+01 -1.0528136E+00
  5.1068319E-02 -4.9297708E+01  1.1755962E+01 -1.0536700E+00
  5.1500533E-02 -4.9222155E+01  1.1832347E+01 -1.0545011E+00
  5.1936386E-02 -4.9146177E+01  1.1909130E+01 -1.0553073E+00
  5.2375907E-02 -4.9069774E+01  1.1986315E+01 -1.0560891E+00
  5.2819128E-02 -4.8992943E+01  1.2063904E+01 -1.0568469E+00
  5.3266079E-02 -4.8915683E+01  1.2141898E+01 -1.0575811E+00
  5.3716793E-02 -4.8837991E+01  1.2220301E+01 -1.0582922E+00
  5.4171301E-02 -4.8759865E+01  1.2299115E+01 -1.0589807E+00
  5.4629634E-02 -4.8681305E+01  1.2378342E+01 -1.0596469E+00
  5.5091826E-02 -4.8602306E+01  1.2457985E+01 -1.0602912E+00
  5.5557907E-02 -4.8522869E+01  1.2538045E+01 -1.0609143E+00
  5.6027912E-02 -4.8442991E+01  1.2618526E+01 -1.0615163E+00
  5.6501874E-02 -4.8362669E+01  1.2699429E+01 -1.0620980E+00
  5.6979825E-02 -4.8281902E+01  1.2780758E+01 -1.0626597E+00
  5.7461798E-02 -4.8200688E+01  1.2862514E+01 -1.0632021E+00
  5.7947829E-02 -4.8119026E+01  1.2944700E+01 -1.0637256E+00
  5.8437951E-02 -4.8036913E+01  1.3027318E+01 -1.0642309E+00
  5.8932199E-02 -4.7954347E+01  1.3110372E+01 -1.0647189E+00
  5.9430607E-02 -4.7871327E+01  1.3193863E+01 -1.0651901E+00
  5.9933210E-02 -4.7787852E+01  1.3277793E+01 -1.0656456E+00
  6.0440043E-02 -4.7703920E+01  1.3362166E+01 -1.0660864E+00
  6.0951143E-02 -4.7619529E+01  1.3446984E+01 -1.0665137E+00
  6.1466545E-02 -4.7534679E+01  1.3532250E+01 -1.0669287E+00
  6.1986286E-02 -4.7449368E+01  1.3617965E+01 -1.0673330E+00
  6.2510401E-02 -4.7363597E+01  1.3704132E+01 -1.0677283E+00
  6.3038928E-02 -4.7277363E+01  1.3790753E+01 -1.0681165E+00
  6.3571904E-02 -4.7190668E+01  1.3877832E+01 -1.0685000E+00
  6.4109366E-02 -4.7103510E+01  1.3965371E+01 -1.0688812E+00
  6.4651352E-02 -4.7015892E+01  1.4053371E+01 -1.0692629E+00
  6.5197900E-02 -4.6927813E+01  1.4141836E+01 -1.0696483E+00
  6.5749049E-02 -4.6839274E+01  1.4230767E+01 -1.0700411E+00
  6.6304837E-02 -4.6750278E+01  1.4320167E+01 -1.0704450E+00
  6.6865303E-02 -4.6660826E+01  1.4410039E+01 -1.0708646E+00
  6.7430487E-02 -4.6570920E+01  1.4500384E+01 -1.0713046E+00
  6.8000428E-02 -4.6480565E+01  1.4591206E+01 -1.0717704E+00
  6.8575167E-02 -4.6389763E+01  1.4682505E+01 -1.0722677E+00
  6.9154744E-02 -4.6298518E+01  1.4774285E+01 -1.0728029E+00
  6.9739199E-02 -4.6206835E+01  1.4866547E+01 -1.0733826E+00
  7.0328573E-02 -4.6114720E+01  1.4959295E+01 -1.0740142E+00
  7.0922909E-02 -4.6022177E+01  1.5052528E+01 -1.0747054E+00
  7.1522247E-02 -4.5929214E+01  1.5146251E+01 -1.0754646E+00
  7.2126631E-02 -4.5835836E+01  1.5240464E+01 -1.0763004E+00
  7.2736101E-02 -4.5742052E+01  1.5335170E+01 -1.0772220E+00
  7.3350702E-02 -4.5647868E+01  1.5430371E+01 -1.0782391E+00
  7.3970476E-02 -4.5553293E+01  1.5526068E+01 -1.0793614E+00
  7.4595467E-02 -4.5458336E+01  1.5622263E+01 -1.0805993E+00
  7.5225719E-02 -4.5363005E+01  1.5718959E+01 -1.0819633E+00
  7.5861276E-02 -4.5267309E+01  1.5816155E+01 -1.0834639E+00
  7.6502182E-02 -4.5171257E+01  1.5913855E+01 -1.0851121E+00
  7.7148484E-02 -4.5074859E+01  1.6012059E+01 -1.0869185E+00
  7.7800225E-02 -4.4978124E+01  1.6110769E+01 -1.0888939E+00
  7.8457453E-02 -4.4881062E+01  1.6209987E+01 -1.0910490E+00
  7.9120213E-02 -4.4783681E+01  1.6309713E+01 -1.0933939E+00
  7.9788551E-02 -4.4685990E+01  1.6409949E+01 -1.0959388E+00
  8.0462515E-02 -4.4587998E+01  1.6510696E+01 -1.0986933E+00
  8.1142152E-02 -4.4489712E+01  1.6611954E+01 -1.1016663E+00
  8.1827510E-02 -4.4391141E+01  1.6713725E+01 -1.1048664E+00
  8.2518637E-02 -4.4292292E+01  1.6816009E+01 -1.1083012E+00
  8.3215581E-02 -4.4193170E+01  1.6918808E+01 -1.1119777E+00
  8.3918392E-02 -4.4093780E+01  1.7022121E+01 -1.1159020E+00
  8.4627119E-02 -4.3994129E+01  1.7125950E+01 -1.1200792E+00
  8.5341811E-02 -4.3894219E+01  1.7230294E+01 -1.1245135E+00
  8.6062519E-02 -4.3794054E+01  1.7335154E+01 -1.1292081E+00
  8.6789293E-02 -4.3693635E+01  1.7440530E+01 -1.1341649E+00
  8.7522186E-02 -4.3592963E+01  1.7546422E+01 -1.1393850E+00
  8.8261247E-02 -4.3492038E+01  1.7652830E+01 -1.1448679E+00
  8.9006529E-02 -4.3390860E+01  1.7759753E+01 -1.1506125E+00
  8.9758084E-02 -4.3289425E+01  1.7867191E+01 -1.1566162E+00
  9.0515966E-02 -4.3187731E+01  1.7975145E+01 -1.1628753E+00
  9.1280227E-02 -4.3085773E+01  1.8083612E+01 -1.1693851E+00
  9.2050921E-02 -4.2983547E+01  1.8192593E+01 -1.1761398E+00
  9.2828103E-02 -4.2881046E+01  1.8302086E+01 -1.1831325E+00
  9.3611826E-02 -4.2778265E+01  1.8412091E+01 -1.1903556E+00
  9.4402146E-02 -4.2675194E+01  1.8522606E+01 -1.1978002E+00
  9.5199118E-02 -4.2571827E+01  1.8633630E+01 -1.2054570E+00
  9.6002799E-02 -4.2468154E+01  1.8745161E+01 -1.2133156E+00
  9.6813245E-02 -4.2364167E+01  1.8857199E+01 -1.2213654E+00
  9.7630513E-02 -4.2259855E+01  1.8969740E+01 -1.2295948E+00
  9.8454660E-02 -4.2155209E+01  1.9082783E+01 -1.2379922E+00
  9.9285744E-02 -4.2050218E+01  1.9196327E+01 -1.2465453E+00
  1.0012382E-01 -4.1944874E+01  1.9310368E+01 -1.2552419E+00
  1.0096896E-01 -4.1839165E+01  1.9424905E+01 -1.2640696E+00
  1.0182121E-01 -4.1733081E+01  1.9539935E+01 -1.2730158E+00
  1.0268063E-01 -4.1626613E+01  1.9655455E+01 -1.2820682E+00
  1.0354728E-01 -4.1519752E+01  1.9771462E+01 -1.2912145E+00
  1.0442123E-01 -4.1412489E+01  1.9887954E+01 -1.3004427E+00
  1.0530254E-01 -4.1304814E+01  2.0004927E+01 -1.3097411E+00
  1.0619127E-01 -4.1196721E+01  2.0122377E+01 -1.3190983E+00
  1.0708747E-01 -4.1088201E+01  2.0240303E+01 -1.3285034E+00
  1.0799122E-01 -4.0979247E+01  2.0358698E+01 -1.3379459E+00
  1.0890258E-01 -4.0869854E+01  2.0477561E+01 -1.3474155E+00
  1.0982161E-01 -4.0760016E+01  2.0596887E+01 -1.3569026E+00
  1.1074837E-01 -4.0649727E+01  2.0716672E+01 -1.3663981E+00
  1.1168294E-01 -4.0538982E+01  2.0836911E+01 -1.3758932E+00
  1.1262537E-01 -4.0427779E+01  2.0957600E+01 -1.3853796E+00
  1.1357574E-01 -4.0316114E+01  2.1078735E+01 -1.3948493E+00
  1.1453410E-01 -4.0203984E+01  2.1200311E+01 -1.4042950E+00
  1.1550053E-01 -4.0091386E+01  2.1322323E+01 -1.4137093E+00
  1.1647510E-01 -3.9978320E+01  2.1444766E+01 -1.4230857E+00
  1.1745787E-01 -3.9864783E+01  2.1567635E+01 -1.4324177E+00
  1.1844891E-01 -3.9750775E+01  2.1690924E+01 -1.4416990E+00
  1.1944829E-01 -3.9636295E+01  2.1814629E+01 -1.4509239E+00
  1.2045609E-01 -3.9521344E+01  2.1938743E+01 -1.4600866E+00
  1.2147237E-01 -3.9405921E+01  2.2063261E+01 -1.4691819E+00
  1.2249720E-01 -3.9290028E+01  2.2188177E+01 -1.4782044E+00
  1.2353066E-01 -3.9173664E+01  2.2313485E+01 -1.4871493E+00
  1.2457282E-01 -3.9056832E+01  2.2439179E+01 -1.4960117E+00
  1.2562375E-01 -3.8939534E+01  2.2565253E+01 -1.5047869E+00
  1.2668353E-01 -3.8821769E+01  2.2691701E+01 -1.5134704E+00
  1.2775223E-01 -3.8703542E+01  2.2818516E+01 -1.5220578E+00
  1.2882992E-01 -3.8584853E+01  2.2945692E+01 -1.5305450E+00
  1.2991669E-01 -3.8465706E+01  2.3073222E+01 -1.5389278E+00
  1.3101260E-01 -3.8346103E+01  2.3201099E+01 -1.5472022E+00
  1.3211774E-01 -3.8226047E+01  2.3329317E+01 -1.5553644E+00
  1.3323218E-01 -3.8105541E+01  2.3457869E+01 -1.5634105E+00
  1.3435600E-01 -3.7984588E+01  2.3586749E+01 -1.5713370E+00
  1.3548928E-01 -3.7863192E+01  2.3715948E+01 -1.5791402E+00
  1.3663210E-01 -3.7741356E+01  2.3845461E+01 -1.5868168E+00
  1.3778453E-01 -3.7619084E+01  2.3975279E+01 -1.5943634E+00
  1.3894667E-01 -3.7496380E+01  2.4105397E+01 -1.6017767E+00
  1.4011860E-01 -3.7373247E+01  2.4235807E+01 -1.6090535E+00
  1.4130038E-01 -3.7249690E+01  2.4366501E+01 -1.6161907E+00
  1.4249212E-01 -3.7125712E+01  2.4497473E+01 -1.6231854E+00
  1.4369388E-01 -3.7001319E+01  2.4628715E+01 -1.6300346E+00
  1.4490576E-01 -3.6876514E+01  2.4760221E+01 -1.6367355E+00
  1.4612784E-01 -3.6751302E+01  2.4891983E+01 -1.6432852E+00
  1.4736021E-01 -3.6625688E+01  2.5023994E+01 -1.6496811E+00
  1.4860295E-01 -3.6499674E+01  2.5156246E+01 -1.6559204E+00
  1.4985616E-01 -3.6373267E+01  2.5288733E+01 -1.6620007E+00
  1.5111991E-01 -3.6246471E+01  2.5421449E+01 -1.6679193E+00
  1.5239430E-01 -3.6119289E+01  2.5554384E+01 -1.6736738E+00
  1.5367941E-01 -3.5991728E+01  2.5687534E+01 -1.6792618E+00
  1.5497534E-01 -3.5863790E+01  2.5820890E+01 -1.6846809E+00
  1.5628219E-01 -3.5735482E+01  2.5954447E+01 -1.6899287E+00
  1.5760003E-01 -3.5606806E+01  2.6088197E+01 -1.6950031E+00
  1.5892896E-01 -3.5477768E+01  2.6222134E+01 -1.6999018E+00
  1.6026908E-01 -3.5348371E+01  2.6356251E+01 -1.7046226E+00
  1.6162048E-01 -3.5218621E+01  2.6490543E+01 -1.7091634E+00
  1.6298326E-01 -3.5088521E+01  2.6625002E+01 -1.7135222E+00
  1.6435751E-01 -3.4958075E+01  2.6759622E+01 -1.7176969E+00
  1.6574332E-01 -3.4827287E+01  2.6894398E+01 -1.7216856E+00
  1.6714080E-01 -3.4696162E+01  2.7029324E+01 -1.7254864E+00
  1.6855004E-01 -3.4564703E+01  2.7164395E+01 -1.7290974E+00
  1.6997115E-01 -3.4432913E+01  2.7299603E+01 -1.7325169E+00
  1.7140422E-01 -3.4300798E+01  2.7434946E+01 -1.7357432E+00
  1.7284935E-01 -3.4168358E+01  2.7570416E+01 -1.7387745E+00
  1.7430664E-01 -3.4035600E+01  2.7706010E+01 -1.7416095E+00
  1.7577620E-01 -3.3902525E+01  2.7841722E+01 -1.7442465E+00
  1.7725813E-01 -3.3769136E+01  2.7977548E+01 -1.7466843E+00
  1.7875254E-01 -3.3635437E+01  2.8113484E+01 -1.7489214E+00
  1.8025952E-01 -3.3501431E+01  2.8249526E+01 -1.7509567E+00
  1.8177919E-01 -3.3367120E+01  2.8385670E+01 -1.7527892E+00
  1.8331165E-01 -3.3232506E+01  2.8521911E+01 -1.7544178E+00
  1.8485701E-01 -3.3097594E+01  2.8658248E+01 -1.7558416E+00
  1.8641538E-01 -3.2962383E+01  2.8794677E+01 -1.7570601E+00
  1.8798686E-01 -3.2826878E+01  2.8931194E+01 -1.7580725E+00
  1.8957157E-01 -3.2691080E+01  2.9067798E+01 -1.7588785E+00
  1.9116962E-01 -3.2554992E+01  2.9204486E+01 -1.7594778E+00
  1.9278113E-01 -3.2418614E+01  2.9341256E+01 -1.7598703E+00
  1.9440620E-01 -3.2281949E+01  2.9478107E+01 -1.7600561E+00
  1.9604494E-01 -3.2144999E+01  2.9615036E+01 -1.7600354E+00
  1.9769748E-01 -3.2007765E+01  2.9752044E+01 -1.7598087E+00
  1.9936393E-01 -3.1870249E+01  2.9889128E+01 -1.7593767E+00
  2.0104441E-01 -3.1732452E+01  3.0026288E+01 -1.7587403E+00
  2.0273904E-01 -3.1594376E+01  3.0163524E+01 -1.7579006E+00
  2.0444792E-01 -3.1456022E+01  3.0300837E+01 -1.7568589E+00
  2.0617120E-01 -3.1317391E+01  3.0438226E+01 -1.7556170E+00
  2.0790897E-01 -3.1178485E+01  3.0575691E+01 -1.7541765E+00
  2.0966138E-01 -3.1039305E+01  3.0713235E+01 -1.7525398E+00
  2.1142853E-01 -3.0899852E+01  3.0850857E+01 -1.7507091E+00
  2.1321056E-01 -3.0760127E+01  3.0988560E+01 -1.7486872E+00
  2.1500759E-01 -3.0620131E+01  3.1126346E+01 -1.7464771E+00
  2.1681975E-01 -3.0479867E+01  3.1264215E+01 -1.7440820E+00
  2.1864716E-01 -3.0339333E+01  3.1402172E+01 -1.7415054E+00
  2.2048995E-01 -3.0198533E+01  3.1540218E+01 -1.7387512E+00
  2.2234826E-01 -3.0057467E+01  3.1678356E+01 -1.7358235E+00
  2.2422220E-01 -2.9916137E+01  3.1816590E+01 -1.7327268E+00
  2.2611192E-01 -2.9774543E+01  3.1954923E+01 -1.7294656E+00
  2.2801755E-01 -2.9632687E+01  3.2093358E+01 -1.7260450E+00
  2.2993922E-01 -2.9490570E+01  3.2231900E+01 -1.7224701E+00
  2.3187706E-01 -2.9348193E+01  3.2370553E+01 -1.7187464E+00
  2.3383121E-01 -2.9205557E+01  3.2509322E+01 -1.7148795E+00
  2.3580182E-01 -2.9062664E+01  3.2648211E+01 -1.7108752E+00
  2.3778901E-01 -2.8919515E+01  3.2787225E+01 -1.7067395E+00
  2.3979293E-01 -2.8776110E+01  3.2926369E+01 -1.7024785E+00
  2.4181371E-01 -2.8632450E+01  3.3065648E+01 -1.6980984E+00
  2.4385151E-01 -2.8488537E+01  3.3205069E+01 -1.6936055E+00
  2.4590645E-01 -2.8344370E+01  3.3344636E+01 -1.6890060E+00
  2.4797870E-01 -2.8199951E+01  3.3484356E+01 -1.6843062E+00
  2.5006839E-01 -2.8055278E+01  3.3624234E+01 -1.6795122E+00
  2.5217566E-01 -2.7910353E+01  3.3764277E+01 -1.6746301E+00
  2.5430068E-01 -2.7765175E+01  3.3904491E+01 -1.6696658E+00
  2.5644358E-01 -2.7619743E+01  3.4044882E+01 -1.6646248E+00
  2.5860452E-01 -2.7474055E+01  3.4185457E+01 -1.6595127E+00
  2.6078365E-01 -2.7328112E+01  3.4326223E+01 -1.6543346E+00
  2.6298112E-01 -2.7181911E+01  3.4467185E+01 -1.6490953E+00
  2.6519709E-01 -2.7035449E+01  3.4608350E+01 -1.6437995E+00
  2.6743172E-01 -2.6888726E+01  3.4749726E+01 -1.6384514E+00
  2.6968515E-01 -2.6741737E+01  3.4891318E+01 -1.6330550E+00
  2.7195755E-01 -2.6594481E+01  3.5033133E+01 -1.6276144E+00
  2.7424907E-01 -2.6446955E+01  3.5175178E+01 -1.6221331E+00
  2.7655989E-01 -2.6299155E+01  3.5317460E+01 -1.6166150E+00
  2.7889016E-01 -2.6151080E+01  3.5459984E+01 -1.6110640E+00
  2.8124004E-01 -2.6002727E+01  3.5602758E+01 -1.6054846E+00
  2.8360970E-01 -2.5854095E+01  3.5745787E+01 -1.5998816E+00
  2.8599931E-01 -2.5705184E+01  3.5889078E+01 -1.5942611E+00
  2.8840903E-01 -2.5555995E+01  3.6032635E+01 -1.5886302E+00
  2.9083904E-01 -2.5406531E+01  3.6176467E+01 -1.5829977E+00
  2.9328950E-01 -2.5256798E+01  3.6320576E+01 -1.5773745E+00
  2.9576059E-01 -2.5106804E+01  3.6464971E+01 -1.5717740E+00
  2.9825247E-01 -2.4956559E+01  3.6609654E+01 -1.5662129E+00
  3.0076534E-01 -2.4806080E+01  3.6754631E+01 -1.5607110E+00
  3.0329935E-01 -2.4655385E+01  3.6899908E+01 -1.5552926E+00
  3.0585469E-01 -2.4504499E+01  3.7045487E+01 -1.5499860E+00
  3.0843155E-01 -2.4353452E+01  3.7191373E+01 -1.5448248E+00
  3.1103009E-01 -2.4202278E+01  3.7337570E+01 -1.5398477E+00
  3.1365051E-01 -2.4051019E+01  3.7484080E+01 -1.5350989E+00
  3.1629298E-01 -2.3899720E+01  3.7630908E+01 -1.5306282E+00
  3.1895770E-01 -2.3748436E+01  3.7778055E+01 -1.5264908E+00
  3.2164485E-01 -2.3597224E+01  3.7925523E+01 -1.5227472E+00
  3.2435461E-01 -2.3446149E+01  3.8073314E+01 -1.5194625E+00
  3.2708719E-01 -2.3295277E+01  3.8221429E+01 -1.5167057E+00
  3.2984276E-01 -2.3144680E+01  3.8369869E+01 -1.5145490E+00
  3.3262153E-01 -2.2994431E+01  3.8518635E+01 -1.5130658E+00
  3.3542369E-01 -2.2844605E+01  3.8667725E+01 -1.5123301E+00
  3.3824944E-01 -2.2695275E+01  3.8817139E+01 -1.5124141E+00
  3.4109897E-01 -2.2546510E+01  3.8966877E+01 -1.5133863E+00
  3.4397249E-01 -2.2398375E+01  3.9116935E+01 -1.5153097E+00
  3.4687020E-01 -2.2250928E+01  3.9267311E+01 -1.5182393E+00
  3.4979230E-01 -2.2104217E+01  3.9418003E+01 -1.5222200E+00
  3.5273899E-01 -2.1958277E+01  3.9569007E+01 -1.5272846E+00
  3.5571049E-01 -2.1813132E+01  3.9720319E+01 -1.5334515E+00
  3.5870700E-01 -2.1668790E+01  3.9871934E+01 -1.5407233E+00
  3.6172873E-01 -2.1525240E+01  4.0023846E+01 -1.5490860E+00
  3.6477590E-01 -2.1382459E+01  4.0176049E+01 -1.5585076E+00
  3.6784871E-01 -2.1240402E+01  4.0328537E+01 -1.5689392E+00
  3.7094739E-01 -2.1099012E+01  4.0481303E+01 -1.5803151E+00
  3.7407216E-01 -2.0958216E+01  4.0634338E+01 -1.5925548E+00
  3.7722323E-01 -2.0817931E+01  4.0787635E+01 -1.6055657E+00
  3.8040082E-01 -2.0678063E+01  4.0941182E+01 -1.6192456E+00
  3.8360516E-01 -2.0538515E+01  4.1094972E+01 -1.6334867E+00
  3.8683647E-01 -2.0399186E+01  4.1248993E+01 -1.6481790E+00
  3.9009497E-01 -2.0259980E+01  4.1403234E+01 -1.6632142E+00
  3.9338091E-01 -2.0120806E+01  4.1557683E+01 -1.6784894E+00
  3.9669451E-01 -1.9981582E+01  4.1712328E+01 -1.6939096E+00
  4.0003600E-01 -1.9842235E+01  4.1867155E+01 -1.7093901E+00
  4.0340561E-01 -1.9702708E+01  4.2022151E+01 -1.7248585E+00
  4.0680359E-01 -1.9562954E+01  4.2177301E+01 -1.7402548E+00
  4.1023017E-01 -1.9422941E+01  4.2332591E+01 -1.7555316E+00
  4.1368560E-01 -1.9282650E+01  4.2488004E+01 -1.7706539E+00
  4.1717011E-01 -1.9142073E+01  4.2643525E+01 -1.7855974E+00
  4.2068394E-01 -1.9001211E+01  4.2799136E+01 -1.8003473E+00
  4.2422736E-01 -1.8860076E+01  4.2954821E+01 -1.8148967E+00
  4.2780061E-01 -1.8718685E+01  4.3110560E+01 -1.8292448E+00
  4.3140393E-01 -1.8577059E+01  4.3266336E+01 -1.8433955E+00
  4.3503758E-01 -1.8435226E+01  4.3422130E+01 -1.8573555E+00
  4.3870182E-01 -1.8293212E+01  4.3577921E+01 -1.8711333E+00
  4.4239690E-01 -1.8151047E+01  4.3733691E+01 -1.8847382E+00
  4.4612308E-01 -1.8008762E+01  4.3889417E+01 -1.8981790E+00
  4.4988063E-01 -1.7866384E+01  4.4045080E+01 -1.9114635E+00
  4.5366981E-01 -1.7723941E+01  4.4200657E+01 -1.9245985E+00
  4.5749088E-01 -1.7581461E+01  4.4356127E+01 -1.9375886E+00
  4.6134411E-01 -1.7438969E+01  4.4511467E+01 -1.9504367E+00
  4.6522978E-01 -1.7296488E+01  4.4666655E+01 -1.9631437E+00
  4.6914816E-01 -1.7154041E+01  4.4821668E+01 -1.9757086E+00
  4.7309952E-01 -1.7011647E+01  4.4976482E+01 -1.9881286E+00
  4.7708414E-01 -1.6869326E+01  4.5131073E+01 -2.0003990E+00
  4.8110230E-01 -1.6727097E+01  4.5285417E+01 -2.0125140E+00
  4.8515429E-01 -1.6584975E+01  4.5439491E+01 -2.0244661E+00
  4.8924038E-01 -1.6442977E+01  4.5593270E+01 -2.0362471E+00
  4.9336086E-01 -1.6301119E+01  4.5746729E+01 -2.0478479E+00
  4.9751603E-01 -1.6159416E+01  4.5899843E+01 -2.0592586E+00
  5.0170617E-01 -1.6017882E+01  4.6052587E+01 -2.0704693E+00
  5.0593158E-01 -1.5876533E+01  4.6204937E+01 -2.0814697E+00
  5.1019257E-01 -1.5735383E+01  4.6356866E+01 -2.0922494E+00
  5.1448941E-01 -1.5594447E+01  4.6508351E+01 -2.1027982E+00
  5.1882243E-01 -1.5453742E+01  4.6659365E+01 -2.1131064E+00
  5.2319192E-01 -1.5313281E+01  4.6809883E+01 -2.1231643E+00
  5.2759818E-01 -1.5173083E+01  4.6959880E+01 -2.1329630E+00
  5.3204154E-01 -1.5033162E+01  4.7109332E+01 -2.1424940E+00
  5.3652230E-01 -1.4893538E+01  4.7258212E+01 -2.1517494E+00
  5.4104077E-01 -1.4754226E+01  4.7406496E+01 -2.1607219E+00
  5.4559728E-01 -1.4615246E+01  4.7554159E+01 -2.1694048E+00
  5.5019215E-01 -1.4476615E+01  4.7701177E+01 -2.1777922E+00
  5.5482569E-01 -1.4338354E+01  4.7847525E+01 -2.1858787E+00
  5.5949823E-01 -1.4200481E+01  4.7993178E+01 -2.1936596E+00
  5.6421010E-01 -1.4063017E+01  4.8138114E+01 -2.2011307E+00
  5.6896164E-01 -1.3925980E+01  4.8282308E+01 -2.2082884E+00
  5.7375316E-01 -1.3789393E+01  4.8425737E+01 -2.2151297E+00
  5.7858503E-01 -1.3653274E+01  4.8568378E+01 -2.2216521E+00
  5.8345756E-01 -1.3517644E+01  4.8710209E+01 -2.2278535E+00
  5.8837111E-01 -1.3382525E+01  4.8851207E+01 -2.2337323E+00
  5.9332602E-01 -1.3247936E+01  4.8991351E+01 -2.2392873E+00
  5.9832263E-01 -1.3113899E+01  4.9130619E+01 -2.2445177E+00
  6.0336130E-01 -1.2980432E+01  4.9268990E+01 -2.2494229E+00
  6.0844239E-01 -1.2847558E+01  4.9406445E+01 -2.2540027E+00
  6.1356625E-01 -1.2715295E+01  4.9542962E+01 -2.2582572E+00
  6.1873323E-01 -1.2583663E+01  4.9678524E+01 -2.2621868E+00
  6.2394371E-01 -1.2452682E+01  4.9813110E+01 -2.2657920E+00
  6.2919804E-01 -1.2322370E+01  4.9946704E+01 -2.2690735E+00
  6.3449661E-01 -1.2192746E+01  5.0079286E+01 -2.2720324E+00
  6.3983977E-01 -1.2063829E+01  5.0210841E+01 -2.2746698E+00
  6.4522791E-01 -1.1935636E+01  5.0341351E+01 -2.2769870E+00
  6.5066140E-01 -1.1808184E+01  5.0470801E+01 -2.2789855E+00
  6.5614063E-01 -1.1681490E+01  5.0599177E+01 -2.2806669E+00
  6.6166598E-01 -1.1555571E+01  5.0726462E+01 -2.2820328E+00
  6.6723784E-01 -1.1430441E+01  5.0852644E+01 -2.2830852E+00
  6.7285660E-01 -1.1306116E+01  5.0977710E+01 -2.2838260E+00
  6.7852266E-01 -1.1182611E+01  5.1101646E+01 -2.2842573E+00
  6.8423641E-01 -1.1059939E+01  5.1224442E+01 -2.2843812E+00
  6.8999825E-01 -1.0938114E+01  5.1346086E+01 -2.2842002E+00
  6.9580860E-01 -1.0817149E+01  5.1466568E+01 -2.2837166E+00
  7.0166785E-01 -1.0697055E+01  5.1585877E+01 -2.2829328E+00
  7.0757642E-01 -1.0577845E+01  5.1704007E+01 -2.2818516E+00
  7.1353473E-01 -1.0459529E+01  5.1820947E+01 -2.2804756E+00
  7.1954319E-01 -1.0342117E+01  5.1936691E+01 -2.2788076E+00
  7.2560222E-01 -1.0225619E+01  5.2051232E+01 -2.2768505E+00
  7.3171226E-01 -1.0110044E+01  5.2164563E+01 -2.2746073E+00
  7.3787372E-01 -9.9954012E+00  5.2276680E+01 -2.2720812E+00
  7.4408705E-01 -9.8816975E+00  5.2387578E+01 -2.2692754E+00
  7.5035269E-01 -9.7689404E+00  5.2497253E+01 -2.2661932E+00
  7.5667106E-01 -9.6571367E+00  5.2605701E+01 -2.2628380E+00
  7.6304261E-01 -9.5462922E+00  5.2712921E+01 -2.2592134E+00
  7.6946780E-01 -9.4364126E+00  5.2818910E+01 -2.2553230E+00
  7.7594707E-01 -9.3275026E+00  5.2923668E+01 -2.2511706E+00
  7.8248088E-01 -9.2195667E+00  5.3027193E+01 -2.2467601E+00
  7.8906969E-01 -9.1126087E+00  5.3129487E+01 -2.2420955E+00
  7.9571395E-01 -9.0066317E+00  5.3230549E+01 -2.2371809E+00
  8.0241415E-01 -8.9016385E+00  5.3330382E+01 -2.2320204E+00
  8.0917074E-01 -8.7976313E+00  5.3428987E+01 -2.2266186E+00
  8.1598421E-01 -8.6946119E+00  5.3526368E+01 -2.2209797E+00
  8.2285503E-01 -8.5925815E+00  5.3622527E+01 -2.2151086E+00
  8.2978368E-01 -8.4915409E+00  5.3717469E+01 -2.2090097E+00
  8.3677065E-01 -8.3914904E+00  5.3811198E+01 -2.2026881E+00
  8.4381644E-01 -8.2924298E+00  5.3903719E+01 -2.1961486E+00
  8.5092153E-01 -8.1943587E+00  5.3995038E+01 -2.1893965E+00
  8.5808643E-01 -8.0972762E+00  5.4085161E+01 -2.1824368E+00
  8.6531164E-01 -8.0011809E+00  5.4174094E+01 -2.1752749E+00
  8.7259767E-01 -7.9060711E+00  5.4261845E+01 -2.1679164E+00
  8.7994502E-01 -7.8119448E+00  5.4348422E+01 -2.1603668E+00
  8.8735422E-01 -7.7187996E+00  5.4433832E+01 -2.1526319E+00
  8.9482579E-01 -7.6266329E+00  5.4518085E+01 -2.1447175E+00
  9.0236025E-01 -7.5354417E+00  5.4601188E+01 -2.1366297E+00
  9.0995813E-01 -7.4452228E+00  5.4683152E+01 -2.1283744E+00
  9.1761996E-01 -7.3559725E+00  5.4763985E+01 -2.1199580E+00
  9.2534629E-01 -7.2676872E+00  5.4843700E+01 -2.1113867E+00
  9.3313765E-01 -7.1803628E+00  5.4922304E+01 -2.1026672E+00
  9.4099460E-01 -7.0939951E+00  5.4999811E+01 -2.0938058E+00
  9.4891768E-01 -7.0085798E+00  5.5076230E+01 -2.0848093E+00
  9.5690745E-01 -6.9241121E+00  5.5151572E+01 -2.0756846E+00
  9.6496448E-01 -6.8405874E+00  5.5225851E+01 -2.0664384E+00
  9.7308932E-01 -6.7580008E+00  5.5299077E+01 -2.0570777E+00
  9.8128256E-01 -6.6763470E+00  5.5371263E+01 -2.0476097E+00
  9.8954476E-01 -6.5956211E+00  5.5442420E+01 -2.0380415E+00
  9.9787650E-01 -6.5158175E+00  5.5512563E+01 -2.0283803E+00
  1.0062784E+00 -6.4369310E+00  5.5581702E+01 -2.0186334E+00
  1.0147510E+00 -6.3589559E+00  5.5649852E+01 -2.0088081E+00
  1.0232949E+00 -6.2818867E+00  5.5717025E+01 -1.9989118E+00
  1.0319107E+00 -6.2057176E+00  5.5783234E+01 -1.9889521E+00
  1.0405991E+00 -6.1304430E+00  5.5848493E+01 -1.9789362E+00
  1.0493606E+00 -6.0560568E+00  5.5912815E+01 -1.9688718E+00
  1.0581958E+00 -5.9825534E+00  5.5976213E+01 -1.9587663E+00
  1.0671054E+00 -5.9099266E+00  5.6038701E+01 -1.9486273E+00
  1.0760900E+00 -5.8381705E+00  5.6100292E+01 -1.9384621E+00
  1.0851503E+00 -5.7672791E+00  5.6160999E+01 -1.9282782E+00
  1.0942868E+00 -5.6972462E+00  5.6220837E+01 -1.9180830E+00
  1.1035002E+00 -5.6280656E+00  5.6279818E+01 -1.9078839E+00
  1.1127911E+00 -5.5597313E+00  5.6337957E+01 -1.8976881E+00
  1.1221603E+00 -5.4922368E+00  5.6395266E+01 -1.8875028E+00
  1.1316083E+00 -5.4255761E+00  5.6451759E+01 -1.8773351E+00
  1.1411359E+00 -5.3597427E+00  5.6507449E+01 -1.8671921E+00
  1.1507436E+00 -5.2947303E+00  5.6562350E+01 -1.8570805E+00
  1.1604322E+00 -5.2305325E+00  5.6616475E+01 -1.8470072E+00
  1.1702024E+00 -5.1671428E+00  5.6669836E+01 -1.8369787E+00
  1.1800548E+00 -5.1045549E+00  5.6722447E+01 -1.8270015E+00
  1.1899902E+00 -5.0427621E+00  5.6774320E+01 -1.8170818E+00
  1.2000091E+00 -4.9817579E+00  5.6825468E+01 -1.8072258E+00
  1.2101125E+00 -4.9215357E+00  5.6875904E+01 -1.7974394E+00
  1.2203008E+00 -4.8620889E+00  5.6925639E+01 -1.7877284E+00
  1.2305749E+00 -4.8034108E+00  5.6974687E+01 -1.7780982E+00
  1.2409355E+00 -4.7454948E+00  5.7023059E+01 -1.7685542E+00
  1.2513833E+00 -4.6883341E+00  5.7070768E+01 -1.7591017E+00
  1.2619191E+00 -4.6319220E+00  5.7117824E+01 -1.7497455E+00
  1.2725435E+00 -4.5762518E+00  5.7164239E+01 -1.7404905E+00
  1.2832574E+00 -4.5213167E+00  5.7210024E+01 -1.7313411E+00
  1.2940614E+00 -4.4671100E+00  5.7255192E+01 -1.7223017E+00
  1.3049564E+00 -4.4136250E+00  5.7299751E+01 -1.7133764E+00
  1.3159431E+00 -4.3608550E+00  5.7343714E+01 -1.7045694E+00
  1.3270223E+00 -4.3087932E+00  5.7387091E+01 -1.6958843E+00
  1.3381947E+00 -4.2574332E+00  5.7429892E+01 -1.6873247E+00
  1.3494612E+00 -4.2067682E+00  5.7472126E+01 -1.6788942E+00
  1.3608225E+00 -4.1567919E+00  5.7513804E+01 -1.6705960E+00
  1.3722794E+00 -4.1074977E+00  5.7554936E+01 -1.6624333E+00
  1.3838328E+00 -4.0588794E+00  5.7595530E+01 -1.6544090E+00
  1.3954834E+00 -4.0109307E+00  5.7635595E+01 -1.6465261E+00
  1.4072321E+00 -3.9636454E+00  5.7675142E+01 -1.6387873E+00
  1.4190797E+00 -3.9170177E+00  5.7714178E+01 -1.6311953E+00
  1.4310270E+00 -3.8710414E+00  5.7752711E+01 -1.6237525E+00
  1.4430749E+00 -3.8257110E+00  5.7790750E+01 -1.6164615E+00
  1.4552242E+00 -3.7810207E+00  5.7828304E+01 -1.6093244E+00
  1.4674757E+00 -3.7369650E+00  5.7865379E+01 -1.6023437E+00
  1.4798304E+00 -3.6935385E+00  5.7901983E+01 -1.5955213E+00
  1.4922891E+00 -3.6507360E+00  5.7938123E+01 -1.5888593E+00
  1.5048526E+00 -3.6085522E+00  5.7973807E+01 -1.5823596E+00
  1.5175219E+00 -3.5669822E+00  5.8009042E+01 -1.5760240E+00
  1.5302979E+00 -3.5260209E+00  5.8043833E+01 -1.5698541E+00
  1.5431814E+00 -3.4856635E+00  5.8078188E+01 -1.5638514E+00
  1.5561733E+00 -3.4459050E+00  5.8112112E+01 -1.5580173E+00
  1.5692746E+00 -3.4067406E+00  5.8145612E+01 -1.5523529E+00
  1.5824861E+00 -3.3681655E+00  5.8178694E+01 -1.5468592E+00
  1.5958089E+00 -3.3301748E+00  5.8211362E+01 -1.5415369E+00
  1.6092438E+00 -3.2927635E+00  5.8243623E+01 -1.5363864E+00
  1.6227918E+00 -3.2559267E+00  5.8275481E+01 -1.5314079E+00
  1.6364539E+00 -3.2196593E+00  5.8306942E+01 -1.5266013E+00
  1.6502309E+00 -3.1839559E+00  5.8338010E+01 -1.5219661E+00
  1.6641239E+00 -3.1488110E+00  5.8368690E+01 -1.5175015E+00
  1.6781339E+00 -3.1142192E+00  5.8398987E+01 -1.5132063E+00
  1.6922617E+00 -3.0801743E+00  5.8428905E+01 -1.5090790E+00
  1.7065085E+00 -3.0466705E+00  5.8458447E+01 -1.5051175E+00
  1.7208753E+00 -3.0137011E+00  5.8487618E+01 -1.5013194E+00
  1.7353629E+00 -2.9812595E+00  5.8516422E+01 -1.4976817E+00
  1.7499725E+00 -2.9493388E+00  5.8544862E+01 -1.4942012E+00
  1.7647051E+00 -2.9179317E+00  5.8572942E+01 -1.4908741E+00
  1.7795617E+00 -2.8870304E+00  5.8600666E+01 -1.4876961E+00
  1.7945433E+00 -2.8566272E+00  5.8628035E+01 -1.4846626E+00
  1.8096510E+00 -2.8267138E+00  5.8655055E+01 -1.4817684E+00
  1.8248859E+00 -2.7972816E+00  5.8681726E+01 -1.4790080E+00
  1.8402491E+00 -2.7683220E+00  5.8708053E+01 -1.4763754E+00
  1.8557416E+00 -2.7398258E+00  5.8734039E+01 -1.4738644E+00
  1.8713644E+00 -2.7117837E+00  5.8759685E+01 -1.4714683E+00
  1.8871188E+00 -2.6841862E+00  5.8784994E+01 -1.4691801E+00
  1.9030058E+00 -2.6570237E+00  5.8809969E+01 -1.4669927E+00
  1.9190265E+00 -2.6302863E+00  5.8834612E+01 -1.4648983E+00
  1.9351821E+00 -2.6039640E+00  5.8858925E+01 -1.4628895E+00
  1.9514736E+00 -2.5780467E+00  5.8882911E+01 -1.4609581E+00
  1.9679023E+00 -2.5525244E+00  5.8906572E+01 -1.4590963E+00
  1.9844693E+00 -2.5273867E+00  5.8929909E+01 -1.4572959E+00
  2.0011757E+00 -2.5026237E+00  5.8952925E+01 -1.4555486E+00
  2.0180228E+00 -2.4782250E+00  5.8975621E+01 -1.4538463E+00
  2.0350116E+00 -2.4541807E+00  5.8998000E+01 -1.4521806E+00
  2.0521435E+00 -2.4304807E+00  5.9020063E+01 -1.4505433E+00
  2.0694196E+00 -2.4071150E+00  5.9041811E+01 -1.4489263E+00
  2.0868410E+00 -2.3840739E+00  5.9063248E+01 -1.4473215E+00
  2.1044092E+00 -2.3613478E+00  5.9084373E+01 -1.4457208E+00
  2.1221252E+00 -2.3389270E+00  5.9105189E+01 -1.4441165E+00
  2.1399903E+00 -2.3168024E+00  5.9125698E+01 -1.4425008E+00
  2.1580058E+00 -2.2949647E+00  5.9145901E+01 -1.4408660E+00
  2.1761730E+00 -2.2734050E+00  5.9165800E+01 -1.4392049E+00
  2.1944930E+00 -2.2521146E+00  5.9185396E+01 -1.4375102E+00
  2.2129673E+00 -2.2310847E+00  5.9204690E+01 -1.4357749E+00
  2.2315971E+00 -2.2103071E+00  5.9223685E+01 -1.4339921E+00
  2.2503837E+00 -2.1897737E+00  5.9242381E+01 -1.4321551E+00
  2.2693284E+00 -2.1694763E+00  5.9260781E+01 -1.4302575E+00
  2.2884326E+00 -2.1494072E+00  5.9278886E+01 -1.4282931E+00
  2.3076976E+00 -2.1295590E+00  5.9296697E+01 -1.4262557E+00
  2.3271248E+00 -2.1099240E+00  5.9314216E+01 -1.4241396E+00
  2.3467155E+00 -2.0904952E+00  5.9331444E+01 -1.4219390E+00
  2.3664711E+00 -2.0712654E+00  5.9348383E+01 -1.4196485E+00
  2.3863930E+00 -2.0522278E+00  5.9365035E+01 -1.4172628E+00
  2.4064826E+00 -2.0333757E+00  5.9381401E+01 -1.4147767E+00
  2.4267412E+00 -2.0147025E+00  5.9397483E+01 -1.4121854E+00
  2.4471704E+00 -1.9962018E+00  5.9413282E+01 -1.4094841E+00
  2.4677716E+00 -1.9778674E+00  5.9428801E+01 -1.4066682E+00
  2.4885462E+00 -1.9596932E+00  5.9444040E+01 -1.4037334E+00
  2.5094956E+00 -1.9416733E+00  5.9459002E+01 -1.4006755E+00
  2.5306214E+00 -1.9238017E+00  5.9473689E+01 -1.3974903E+00
  2.5519250E+00 -1.9060729E+00  5.9488101E+01 -1.3941742E+00
  2.5734079E+00 -1.8884812E+00  5.9502242E+01 -1.3907233E+00
  2.5950717E+00 -1.8710215E+00  5.9516113E+01 -1.3871342E+00
  2.6169178E+00 -1.8536883E+00  5.9529715E+01 -1.3834036E+00
  2.6389478E+00 -1.8364766E+00  5.9543052E+01 -1.3795285E+00
  2.6611632E+00 -1.8193816E+00  5.9556124E+01 -1.3755059E+00
  2.6835657E+00 -1.8023984E+00  5.9568935E+01 -1.3713331E+00
  2.7061567E+00 -1.7855226E+00  5.9581485E+01 -1.3670077E+00
  2.7289378E+00 -1.7687497E+00  5.9593778E+01 -1.3625274E+00
  2.7519107E+00 -1.7520756E+00  5.9605815E+01 -1.3578904E+00
  2.7750770E+00 -1.7354964E+00  5.9617598E+01 -1.3530948E+00
  2.7984383E+00 -1.7190083E+00  5.9629131E+01 -1.3481394E+00
  2.8219962E+00 -1.7026080E+00  5.9640415E+01 -1.3430229E+00
  2.8457525E+00 -1.6862922E+00  5.9651452E+01 -1.3377446E+00
  2.8697087E+00 -1.6700581E+00  5.9662246E+01 -1.3323041E+00
  2.8938665E+00 -1.6539032E+00  5.9672798E+01 -1.3267012E+00
  2.9182277E+00 -1.6378251E+00  5.9683111E+01 -1.3209362E+00
  2.9427939E+00 -1.6218221E+00  5.9693188E+01 -1.3150097E+00
  2.9675670E+00 -1.6058926E+00  5.9703030E+01 -1.3089230E+00
  2.9925485E+00 -1.5900355E+00  5.9712642E+01 -1.3026775E+00
  3.0177403E+00 -1.5742502E+00  5.9722025E+01 -1.2962752E+00
  3.0431442E+00 -1.5585364E+00  5.9731182E+01 -1.2897186E+00
  3.0687619E+00 -1.5428942E+00  5.9740116E+01 -1.2830106E+00
  3.0945953E+00 -1.5273244E+00  5.9748830E+01 -1.2761548E+00
  3.1206461E+00 -1.5118281E+00  5.9757327E+01 -1.2691549E+00
  3.1469162E+00 -1.4964068E+00  5.9765609E+01 -1.2620156E+00
  3.1734074E+00 -1.4810628E+00  5.9773679E+01 -1.2547419E+00
  3.2001216E+00 -1.4657985E+00  5.9781541E+01 -1.2473392E+00
  3.2270606E+00 -1.4506171E+00  5.9789196E+01 -1.2398136E+00
  3.2542264E+00 -1.4355222E+00  5.9796649E+01 -1.2321716E+00
  3.2816209E+00 -1.4205177E+00  5.9803903E+01 -1.2244205E+00
  3.3092460E+00 -1.4056082E+00  5.9810959E+01 -1.2165675E+00
  3.3371036E+00 -1.3907986E+00  5.9817822E+01 -1.2086209E+00
  3.3651957E+00 -1.3760943E+00  5.9824495E+01 -1.2005890E+00
  3.3935242E+00 -1.3615010E+00  5.9830980E+01 -1.1924807E+00
  3.4220912E+00 -1.3470247E+00  5.9837280E+01 -1.1843051E+00
  3.4508987E+00 -1.3326719E+00  5.9843400E+01 -1.1760719E+00
  3.4799486E+00 -1.3184493E+00  5.9849341E+01 -1.1677908E+00
  3.5092431E+00 -1.3043638E+00  5.9855108E+01 -1.1594720E+00
  3.5387842E+00 -1.2904224E+00  5.9860703E+01 -1.1511257E+00
  3.5685739E+00 -1.2766323E+00  5.9866130E+01 -1.1427622E+00
  3.5986144E+00 -1.2630008E+00  5.9871391E+01 -1.1343921E+00
  3.6289077E+00 -1.2495352E+00  5.9876491E+01 -1.1260258E+00
  3.6594560E+00 -1.2362427E+00  5.9881431E+01 -1.1176737E+00
  3.6902615E+00 -1.2231305E+00  5.9886216E+01 -1.1093462E+00
  3.7213262E+00 -1.2102054E+00  5.9890848E+01 -1.1010534E+00
  3.7526525E+00 -1.1974742E+00  5.9895331E+01 -1.0928052E+00
  3.7842424E+00 -1.1849434E+00  5.9899668E+01 -1.0846113E+00
  3.8160983E+00 -1.1726189E+00  5.9903862E+01 -1.0764807E+00
  3.8482222E+00 -1.1605065E+00  5.9907916E+01 -1.0684225E+00
  3.8806166E+00 -1.1486114E+00  5.9911833E+01 -1.0604448E+00
  3.9132837E+00 -1.1369382E+00  5.9915617E+01 -1.0525556E+00
  3.9462257E+00 -1.1254910E+00  5.9919271E+01 -1.0447620E+00
  3.9794450E+00 -1.1142734E+00  5.9922797E+01 -1.0370707E+00
  4.0129439E+00 -1.1032880E+00  5.9926199E+01 -1.0294874E+00
  4.0467249E+00 -1.0925372E+00  5.9929480E+01 -1.0220175E+00
  4.0807901E+00 -1.0820221E+00  5.9932643E+01 -1.0146652E+00
  4.1151421E+00 -1.0717435E+00  5.9935691E+01 -1.0074342E+00
  4.1497833E+00 -1.0617011E+00  5.9938626E+01 -1.0003273E+00
  4.1847160E+00 -1.0518940E+00  5.9941452E+01 -9.9334645E-01
  4.2199428E+00 -1.0423203E+00  5.9944172E+01 -9.8649265E-01
  4.2554661E+00 -1.0329772E+00  5.9946789E+01 -9.7976613E-01
  4.2912884E+00 -1.0238613E+00  5.9949305E+01 -9.7316619E-01
  4.3274122E+00 -1.0149682E+00  5.9951723E+01 -9.6669125E-01
  4.3638402E+00 -1.0062925E+00  5.9954046E+01 -9.6033882E-01
  4.4005747E+00 -9.9782828E-01  5.9956277E+01 -9.5410556E-01
  4.4376185E+00 -9.8956851E-01  5.9958419E+01 -9.4798725E-01
  4.4749740E+00 -9.8150549E-01  5.9960473E+01 -9.4197884E-01
  4.5126440E+00 -9.7363073E-01  5.9962444E+01 -9.3607445E-01
  4.5506311E+00 -9.6593496E-01  5.9964332E+01 -9.3026741E-01
  4.5889379E+00 -9.5840823E-01  5.9966142E+01 -9.2455030E-01
  4.6275672E+00 -9.5103991E-01  5.9967875E+01 -9.1891499E-01
  4.6665217E+00 -9.4381874E-01  5.9969534E+01 -9.1335269E-01
  4.7058040E+00 -9.3673290E-01  5.9971121E+01 -9.0785399E-01
  4.7454170E+00 -9.2977005E-01  5.9972639E+01 -9.0240891E-01
  4.7853634E+00 -9.2291741E-01  5.9974090E+01 -8.9700701E-01
  4.8256461E+00 -9.1616181E-01  5.9975476E+01 -8.9163738E-01
  4.8662678E+00 -9.0948974E-01  5.9976799E+01 -8.8628876E-01
  4.9072315E+00 -9.0288747E-01  5.9978062E+01 -8.8094960E-01
  4.9485400E+00 -8.9634110E-01  5.9979267E+01 -8.7560814E-01
  4.9901962E+00 -8.8983661E-01  5.9980416E+01 -8.7025245E-01
  5.0322030E+00 -8.8336000E-01  5.9981511E+01 -8.6487059E-01
  5.0745635E+00 -8.7689731E-01  5.9982553E+01 -8.5945058E-01
  5.1172804E+00 -8.7043474E-01  5.9983546E+01 -8.5398059E-01
  5.1603570E+00 -8.6395871E-01  5.9984490E+01 -8.4844894E-01
  5.2037961E+00 -8.5745596E-01  5.9985388E+01 -8.4284423E-01
  5.2476009E+00 -8.5091360E-01  5.9986242E+01 -8.3715537E-01
  5.2917744E+00 -8.4431922E-01  5.9987053E+01 -8.3137173E-01
  5.3363198E+00 -8.3766092E-01  5.9987822E+01 -8.2548312E-01
  5.3812401E+00 -8.3092742E-01  5.9988553E+01 -8.1947993E-01
  5.4265385E+00 -8.2410810E-01  5.9989245E+01 -8.1335316E-01
  5.4722182E+00 -8.1719306E-01  5.9989901E+01 -8.0709450E-01
  5.5182824E+00 -8.1017318E-01  5.9990523E+01 -8.0069636E-01
  5.5647343E+00 -8.0304017E-01  5.9991112E+01 -7.9415192E-01
  5.6115773E+00 -7.9578659E-01  5.9991669E+01 -7.8745521E-01
  5.6588145E+00 -7.8840590E-01  5.9992195E+01 -7.8060107E-01
  5.7064494E+00 -7.8089248E-01  5.9992693E+01 -7.7358524E-01
  5.7544852E+00 -7.7324165E-01  5.9993163E+01 -7.6640436E-01
  5.8029254E+00 -7.6544968E-01  5.9993606E+01 -7.5905594E-01
  5.8517733E+00 -7.5751377E-01  5.9994025E+01 -7.5153844E-01
  5.9010323E+00 -7.4943209E-01  5.9994419E+01 -7.4385119E-01
  5.9507060E+00 -7.4120374E-01  5.9994791E+01 -7.3599443E-01
  6.0007979E+00 -7.3282871E-01  5.9995141E+01 -7.2796926E-01
  6.0513113E+00 -7.2430789E-01  5.9995470E+01 -7.1977765E-01
  6.1022500E+00 -7.1564305E-01  5.9995779E+01 -7.1142237E-01
  6.1536174E+00 -7.0683675E-01  5.9996070E+01 -7.0290697E-01
  6.2054173E+00 -6.9789234E-01  5.9996343E+01 -6.9423575E-01
  6.2576531E+00 -6.8881392E-01  5.9996600E+01 -6.8541372E-01
  6.3103286E+00 -6.7960625E-01  5.9996840E+01 -6.7644652E-01
  6.3634475E+00 -6.7027475E-01  5.9997066E+01 -6.6734039E-01
  6.4170136E+00 -6.6082540E-01  5.9997277E+01 -6.5810215E-01
  6.4710305E+00 -6.5126473E-01  5.9997474E+01 -6.4873907E-01
  6.5255021E+00 -6.4159974E-01  5.9997659E+01 -6.3925890E-01
  6.5804322E+00 -6.3183782E-01  5.9997832E+01 -6.2966973E-01
  6.6358247E+00 -6.2198674E-01  5.9997993E+01 -6.1998003E-01
  6.6916835E+00 -6.1205458E-01  5.9998144E+01 -6.1019850E-01
  6.7480124E+00 -6.0204967E-01  5.9998284E+01 -6.0033410E-01
  6.8048155E+00 -5.9198053E-01  5.9998415E+01 -5.9039592E-01
  6.8620967E+00 -5.8185583E-01  5.9998537E+01 -5.8039322E-01
  6.9198601E+00 -5.7168436E-01  5.9998651E+01 -5.7033530E-01
  6.9781096E+00 -5.6147494E-01  5.9998757E+01 -5.6023150E-01
  7.0368495E+00 -5.5123642E-01  5.9998855E+01 -5.5009115E-01
  7.0960839E+00 -5.4097763E-01  5.9998946E+01 -5.3992353E-01
  7.1558168E+00 -5.3070731E-01  5.9999031E+01 -5.2973784E-01
  7.2160525E+00 -5.2043414E-01  5.9999109E+01 -5.1954314E-01
  7.2767953E+00 -5.1016663E-01  5.9999182E+01 -5.0934835E-01
  7.3380493E+00 -4.9991316E-01  5.9999249E+01 -4.9916223E-01
  7.3998190E+00 -4.8968192E-01  5.9999311E+01 -4.8899331E-01
  7.4621086E+00 -4.7948089E-01  5.9999369E+01 -4.7884990E-01
  7.5249225E+00 -4.6931784E-01  5.9999422E+01 -4.6874008E-01
  7.5882651E+00 -4.5920028E-01  5.9999471E+01 -4.5867167E-01
  7.6521410E+00 -4.4913547E-01  5.9999517E+01 -4.4865219E-01
  7.7165545E+00 -4.3913040E-01  5.9999559E+01 -4.3868891E-01
  7.7815101E+00 -4.2919179E-01  5.9999597E+01 -4.2878879E-01
  7.8470126E+00 -4.1932606E-01  5.9999632E+01 -4.1895848E-01
  7.9130664E+00 -4.0953934E-01  5.9999665E+01 -4.0920433E-01
  7.9796762E+00 -3.9983747E-01  5.9999695E+01 -3.9953238E-01
  8.0468467E+00 -3.9022598E-01  5.9999722E+01 -3.8994837E-01
  8.1145825E+00 -3.8071010E-01  5.9999748E+01 -3.8045770E-01
  8.1828886E+00 -3.7129478E-01  5.9999771E+01 -3.7106548E-01
  8.2517696E+00 -3.6198464E-01  5.9999792E+01 -3.6177650E-01
  8.3212304E+00 -3.5278403E-01  5.9999811E+01 -3.5259525E-01
  8.3912759E+00 -3.4369699E-01  5.9999829E+01 -3.4352590E-01
  8.4619110E+00 -3.3472727E-01  5.9999845E+01 -3.3457236E-01
  8.5331406E+00 -3.2587836E-01  5.9999860E+01 -3.2573821E-01
  8.6049698E+00 -3.1715346E-01  5.9999873E+01 -3.1702677E-01
  8.6774037E+00 -3.0855548E-01  5.9999886E+01 -3.0844106E-01
  8.7504472E+00 -3.0008711E-01  5.9999897E+01 -2.9998385E-01
  8.8241056E+00 -2.9175073E-01  5.9999907E+01 -2.9165763E-01
  8.8983840E+00 -2.8354852E-01  5.9999916E+01 -2.8346465E-01
  8.9732876E+00 -2.7548239E-01  5.9999925E+01 -2.7540690E-01
  9.0488217E+00 -2.6755403E-01  5.9999932E+01 -2.6748614E-01
  9.1249916E+00 -2.5976489E-01  5.9999939E+01 -2.5970390E-01
  9.2018026E+00 -2.5211623E-01  5.9999945E+01 -2.5206148E-01
  9.2792603E+00 -2.4460908E-01  5.9999951E+01 -2.4455997E-01
  9.3573699E+00 -2.3724427E-01  5.9999956E+01 -2.3720027E-01
  9.4361369E+00 -2.3002244E-01  5.9999961E+01 -2.2998305E-01
  9.5155670E+00 -2.2294407E-01  5.9999965E+01 -2.2290883E-01
  9.5956657E+00 -2.1600942E-01  5.9999969E+01 -2.1597794E-01
  9.6764387E+00 -2.0921862E-01  5.9999972E+01 -2.0919051E-01
  9.7578915E+00 -2.0257162E-01  5.9999975E+01 -2.0254655E-01
  9.8400299E+00 -1.9606822E-01  5.9999978E+01 -1.9604589E-01
  9.9228597E+00 -1.8970809E-01  5.9999980E+01 -1.8968821E-01
  1.0006387E+01 -1.8349074E-01  5.9999982E+01 -1.8347306E-01
  1.0090617E+01 -1.7741556E-01  5.9999984E+01 -1.7739985E-01
  1.0175556E+01 -1.7148181E-01  5.9999986E+01 -1.7146787E-01
  1.0261210E+01 -1.6568865E-01  5.9999988E+01 -1.6567628E-01
  1.0347585E+01 -1.6003511E-01  5.9999989E+01 -1.6002415E-01
  1.0434687E+01 -1.5452012E-01  5.9999990E+01 -1.5451042E-01
  1.0522523E+01 -1.4914252E-01  5.9999991E+01 -1.4913395E-01
  1.0611097E+01 -1.4390105E-01  5.9999992E+01 -1.4389348E-01
  1.0700417E+01 -1.3879436E-01  5.9999993E+01 -1.3878768E-01
  1.0790489E+01 -1.3382103E-01  5.9999994E+01 -1.3381514E-01
  1.0881320E+01 -1.2897956E-01  5.9999995E+01 -1.2897438E-01
  1.0972914E+01 -1.2426838E-01  5.9999995E+01 -1.2426382E-01
  1.1065280E+01 -1.1968585E-01  5.9999996E+01 -1.1968184E-01
  1.1158424E+01 -1.1523027E-01  5.9999996E+01 -1.1522675E-01
  1.1252351E+01 -1.1089989E-01  5.9999997E+01 -1.1089681E-01
  1.1347069E+01 -1.0669291E-01  5.9999997E+01 -1.0669021E-01
  1.1442584E+01 -1.0260747E-01  5.9999998E+01 -1.0260510E-01
  1.1538903E+01 -9.8641677E-02  5.9999998E+01 -9.8639612E-02
  1.1636033E+01 -9.4793602E-02  5.9999998E+01 -9.4791800E-02
  1.1733980E+01 -9.1061275E-02  5.9999998E+01 -9.1059703E-02
  1.1832752E+01 -8.7442695E-02  5.9999999E+01 -8.7441326E-02
  1.1932356E+01 -8.3935837E-02  5.9999999E+01 -8.3934645E-02
  1.2032798E+01 -8.0538647E-02  5.9999999E+01 -8.0537612E-02
  1.2134085E+01 -7.7249055E-02  5.9999999E+01 -7.7248157E-02
  1.2236225E+01 -7.4064971E-02  5.9999999E+01 -7.4064192E-02
  1.2339224E+01 -7.0984290E-02  5.9999999E+01 -7.0983615E-02
  1.2443091E+01 -6.8004896E-02  5.9999999E+01 -6.8004312E-02
  1.2547832E+01 -6.5124665E-02  5.9999999E+01 -6.5124161E-02
  1.2653454E+01 -6.2341465E-02  6.0000000E+01 -6.2341030E-02
  1.2759966E+01 -5.9653164E-02  6.0000000E+01 -5.9652789E-02
  1.2867374E+01 -5.7057625E-02  6.0000000E+01 -5.7057302E-02
  1.2975686E+01 -5.4552715E-02  6.0000000E+01 -5.4552437E-02
  1.3084910E+01 -5.2136304E-02  6.0000000E+01 -5.2136066E-02
  1.3195053E+01 -4.9806269E-02  6.0000000E+01 -4.9806065E-02
  1.3306123E+01 -4.7560493E-02  6.0000000E+01 -4.7560319E-02
  1.3418129E+01 -4.5396872E-02  6.0000000E+01 -4.5396723E-02
  1.3531077E+01 -4.3313311E-02  6.0000000E+01 -4.3313184E-02
  1.3644976E+01 -4.1307731E-02  6.0000000E+01 -4.1307622E-02
  1.3759833E+01 -3.9378068E-02  6.0000000E+01 -3.9377975E-02
  1.3875658E+01 -3.7522274E-02  6.0000000E+01 -3.7522195E-02
  1.3992457E+01 -3.5738321E-02  6.0000000E+01 -3.5738254E-02
  1.4110239E+01 -3.4024201E-02  6.0000000E+01 -3.4024144E-02
  1.4229013E+01 -3.2377928E-02  6.0000000E+01 -3.2377880E-02
  1.4348787E+01 -3.0797539E-02  6.0000000E+01 -3.0797498E-02
  1.4469569E+01 -2.9281093E-02  6.0000000E+01 -2.9281059E-02
  1.4591367E+01 -2.7826679E-02  6.0000000E+01 -2.7826650E-02
  1.4714191E+01 -2.6432407E-02  6.0000000E+01 -2.6432383E-02
  1.4838049E+01 -2.5096418E-02  6.0000000E+01 -2.5096398E-02
  1.4962949E+01 -2.3816880E-02  6.0000000E+01 -2.3816863E-02
  1.5088900E+01 -2.2591992E-02  6.0000000E+01 -2.2591978E-02
  1.5215912E+01 -2.1419980E-02  6.0000000E+01 -2.1419969E-02
  1.5343993E+01 -2.0299104E-02  6.0000000E+01 -2.0299095E-02
  1.5473152E+01 -1.9227654E-02  6.0000000E+01 -1.9227646E-02
  1.5603398E+01 -1.8203950E-02  6.0000000E+01 -1.8203944E-02
  1.5734740E+01 -1.7226349E-02  6.0000000E+01 -1.7226344E-02
  1.5867188E+01 -1.6293238E-02  6.0000000E+01 -1.6293233E-02
  1.6000751E+01 -1.5403037E-02  6.0000000E+01 -1.5403034E-02
  1.6135438E+01 -1.4554202E-02  6.0000000E+01 -1.4554200E-02
  1.6271259E+01 -1.3745223E-02  6.0000000E+01 -1.3745220E-02
  1.6408223E+01 -1.2974621E-02  6.0000000E+01 -1.2974620E-02
  1.6546340E+01 -1.2240957E-02  6.0000000E+01 -1.2240955E-02
  1.6685619E+01 -1.1542821E-02  6.0000000E+01 -1.1542820E-02
  1.6826071E+01 -1.0878842E-02  6.0000000E+01 -1.0878841E-02
  1.6967705E+01 -1.0247682E-02  6.0000000E+01 -1.0247681E-02
  1.7110532E+01 -9.6480377E-03  6.0000000E+01 -9.6480375E-03
  1.7254560E+01 -9.0786413E-03  6.0000000E+01 -9.0786412E-03
  1.7399801E+01 -8.5382591E-03  6.0000000E+01 -8.5382592E-03
  1.7546265E+01 -8.0256920E-03  6.0000000E+01 -8.0256922E-03
  1.7693961E+01 -7.5397751E-03  6.0000000E+01 -7.5397754E-03
  1.7842900E+01 -7.0793777E-03  6.0000000E+01 -7.0793780E-03
  1.7993094E+01 -6.6434029E-03  6.0000000E+01 -6.6434032E-03
  1.8144551E+01 -6.2307871E-03  6.0000000E+01 -6.2307876E-03
  1.8297283E+01 -5.8405002E-03  6.0000000E+01 -5.8405007E-03
  1.8451301E+01 -5.4715447E-03  6.0000000E+01 -5.4715452E-03
  1.8606616E+01 -5.1229555E-03  6.0000000E+01 -5.1229560E-03
  1.8763237E+01 -4.7937996E-03  6.0000000E+01 -4.7938001E-03
  1.8921177E+01 -4.4831754E-03  6.0000000E+01 -4.4831760E-03
  1.9080447E+01 -4.1902125E-03  6.0000000E+01 -4.1902131E-03
  1.9241057E+01 -3.9140711E-03  6.0000000E+01 -3.9140717E-03
  1.9403019E+01 -3.6539412E-03  6.0000000E+01 -3.6539418E-03
  1.9566344E+01 -3.4090427E-03  6.0000000E+01 -3.4090433E-03
  1.9731044E+01 -3.1786240E-03  6.0000000E+01 -3.1786246E-03
  1.9897131E+01 -2.9619623E-03  6.0000000E+01 -2.9619629E-03
  2.0064615E+01 -2.7583623E-03  6.0000000E+01 -2.7583629E-03
  2.0233510E+01 -2.5671560E-03  6.0000000E+01 -2.5671566E-03
  2.0403826E+01 -2.3877021E-03  6.0000000E+01 -2.3877027E-03
  2.0575575E+01 -2.2193849E-03  6.0000000E+01 -2.2193856E-03
  2.0748770E+01 -2.0616145E-03  6.0000000E+01 -2.0616152E-03
  2.0923423E+01 -1.9138254E-03  6.0000000E+01 -1.9138260E-03
  2.1099547E+01 -1.7754760E-03  6.0000000E+01 -1.7754766E-03
  2.1277152E+01 -1.6460484E-03  6.0000000E+01 -1.6460491E-03
  2.1456253E+01 -1.5250473E-03  6.0000000E+01 -1.5250480E-03
  2.1636861E+01 -1.4119995E-03  6.0000000E+01 -1.4120001E-03
  2.1818990E+01 -1.3064532E-03  6.0000000E+01 -1.3064538E-03
  2.2002651E+01 -1.2079774E-03  6.0000000E+01 -1.2079780E-03
  2.2187859E+01 -1.1161612E-03  6.0000000E+01 -1.1161618E-03
  2.2374625E+01 -1.0306132E-03  6.0000000E+01 -1.0306139E-03
  2.2562964E+01 -9.5096093E-04  6.0000000E+01 -9.5096155E-04
  2.2752887E+01 -8.7684993E-04  6.0000000E+01 -8.7685055E-04
  2.2944410E+01 -8.0794342E-04  6.0000000E+01 -8.0794404E-04
  2.3137545E+01 -7.4392153E-04  6.0000000E+01 -7.4392215E-04
  2.3332305E+01 -6.8448071E-04  6.0000000E+01 -6.8448133E-04
  2.3528705E+01 -6.2933311E-04  6.0000000E+01 -6.2933373E-04
  2.3726758E+01 -5.7820600E-04  6.0000000E+01 -5.7820661E-04
  2.3926478E+01 -5.3084114E-04  6.0000000E+01 -5.3084175E-04
  2.4127879E+01 -4.8699426E-04  6.0000000E+01 -4.8699487E-04
  2.4330975E+01 -4.4643443E-04  6.0000000E+01 -4.4643504E-04
  2.4535781E+01 -4.0894354E-04  6.0000000E+01 -4.0894415E-04
  2.4742311E+01 -3.7431575E-04  6.0000000E+01 -3.7431636E-04
  2.4950579E+01 -3.4235696E-04  6.0000000E+01 -3.4235756E-04
  2.5160600E+01 -3.1288424E-04  6.0000000E+01 -3.1288485E-04
  2.5372390E+01 -2.8572543E-04  6.0000000E+01 -2.8572603E-04
  2.5585962E+01 -2.6071853E-04  6.0000000E+01 -2.6071913E-04
  2.5801331E+01 -2.3771130E-04  6.0000000E+01 -2.3771190E-04
  2.6018514E+01 -2.1656077E-04  6.0000000E+01 -2.1656137E-04
  2.6237524E+01 -1.9713278E-04  6.0000000E+01 -1.9713337E-04
  2.6458378E+01 -1.7930155E-04  6.0000000E+01 -1.7930214E-04
  2.6681092E+01 -1.6294926E-04  6.0000000E+01 -1.6294985E-04
  2.6905679E+01 -1.4796566E-04  6.0000000E+01 -1.4796625E-04
  2.7132158E+01 -1.3424762E-04  6.0000000E+01 -1.3424821E-04
  2.7360542E+01 -1.2169881E-04  6.0000000E+01 -1.2169940E-04
  2.7590849E+01 -1.1022931E-04  6.0000000E+01 -1.1022989E-04
  2.7823095E+01 -9.9755240E-05  6.0000000E+01 -9.9755820E-05
  2.8057295E+01 -9.0198458E-05  6.0000000E+01 -9.0199036E-05
  2.8293467E+01 -8.1486208E-05  6.0000000E+01 -8.1486784E-05
  2.8531627E+01 -7.3550819E-05  6.0000000E+01 -7.3551393E-05
  2.8771791E+01 -6.6329407E-05  6.0000000E+01 -6.6329979E-05
  2.9013977E+01 -5.9763590E-05  6.0000000E+01 -5.9764159E-05
  2.9258202E+01 -5.3799212E-05  6.0000000E+01 -5.3799779E-05
  2.9504482E+01 -4.8386092E-05  6.0000000E+01 -4.8386656E-05
  2.9752836E+01 -4.3477767E-05  6.0000000E+01 -4.3478330E-05
  3.0003280E+01 -3.9031265E-05  6.0000000E+01 -3.9031825E-05
  3.0255832E+01 -3.5006875E-05  6.0000000E+01 -3.5007432E-05
  3.0510509E+01 -3.1367937E-05  6.0000000E+01 -3.1368492E-05
  3.0767331E+01 -2.8080642E-05  6.0000000E+01 -2.8081194E-05
  3.1026314E+01 -2.5113838E-05  6.0000000E+01 -2.5114388E-05
  3.1287478E+01 -2.2438851E-05  6.0000000E+01 -2.2439399E-05
  3.1550839E+01 -2.0029315E-05  6.0000000E+01 -2.0029861E-05
  3.1816418E+01 -1.7861007E-05  6.0000000E+01 -1.7861550E-05
  3.2084231E+01 -1.5911700E-05  6.0000000E+01 -1.5912240E-05
  3.2354300E+01 -1.4161013E-05  6.0000000E+01 -1.4161551E-05
  3.2626641E+01 -1.2590285E-05  6.0000000E+01 -1.2590820E-05
  3.2901275E+01 -1.1182439E-05  6.0000000E+01 -1.1182972E-05
  3.3178221E+01 -9.9218708E-06  6.0000000E+01 -9.9224007E-06
  3.3457497E+01 -8.7943316E-06  6.0000000E+01 -8.7948588E-06
  3.3739125E+01 -7.7868273E-06  6.0000000E+01 -7.7873519E-06
  3.4023123E+01 -6.8875195E-06  6.0000000E+01 -6.8880413E-06
  3.4309511E+01 -6.0856341E-06  6.0000000E+01 -6.0861531E-06
  3.4598311E+01 -5.3713765E-06  6.0000000E+01 -5.3718927E-06
  3.4889541E+01 -4.7358523E-06  6.0000000E+01 -4.7363656E-06
  3.5183223E+01 -4.1709931E-06  6.0000000E+01 -4.1715035E-06
  3.5479376E+01 -3.6694882E-06  6.0000000E+01 -3.6699957E-06
  3.5778023E+01 -3.2247207E-06  6.0000000E+01 -3.2252252E-06
  3.6079183E+01 -2.8307083E-06  6.0000000E+01 -2.8312098E-06
  3.6382878E+01 -2.4820488E-06  6.0000000E+01 -2.4825473E-06
  3.6689130E+01 -2.1738692E-06  6.0000000E+01 -2.1743647E-06
  3.6997959E+01 -1.9017790E-06  6.0000000E+01 -1.9022714E-06
  3.7309388E+01 -1.6618270E-06  6.0000000E+01 -1.6623162E-06
  3.7623439E+01 -1.4504614E-06  6.0000000E+01 -1.4509474E-06
  3.7940133E+01 -1.2644933E-06  6.0000000E+01 -1.2649761E-06
  3.8259492E+01 -1.1010632E-06  6.0000000E+01 -1.1015428E-06
  3.8581540E+01 -9.5760971E-07  6.0000000E+01 -9.5808597E-07
  3.8906299E+01 -8.3184125E-07  6.0000000E+01 -8.3231420E-07
  3.9233791E+01 -7.2171046E-07  6.0000000E+01 -7.2218003E-07
  3.9564040E+01 -6.2539004E-07  6.0000000E+01 -6.2585621E-07
  3.9897069E+01 -5.4125140E-07  6.0000000E+01 -5.4171409E-07
  4.0232901E+01 -4.6784459E-07  6.0000000E+01 -4.6830379E-07
  4.0571559E+01 -4.0388053E-07  6.0000000E+01 -4.0433625E-07
  4.0913069E+01 -3.4821463E-07  6.0000000E+01 -3.4866677E-07
  4.1257453E+01 -2.9983168E-07  6.0000000E+01 -3.0028022E-07
  4.1604736E+01 -2.5783261E-07  6.0000000E+01 -2.5827748E-07
  4.1954942E+01 -2.2142201E-07  6.0000000E+01 -2.2186321E-07
  4.2308096E+01 -1.8989740E-07  6.0000000E+01 -1.9033484E-07
  4.2664222E+01 -1.6263883E-07  6.0000000E+01 -1.6307251E-07
  4.3023346E+01 -1.3910019E-07  6.0000000E+01 -1.3953010E-07
  4.3385494E+01 -1.1880103E-07  6.0000000E+01 -1.1922707E-07
  4.3750689E+01 -1.0131901E-07  6.0000000E+01 -1.0174118E-07
  4.4118958E+01 -8.6283706E-08  6.0000000E+01 -8.6701917E-08
  4.4490328E+01 -7.3370309E-08  6.0000000E+01 -7.3784593E-08
  4.4864823E+01 -6.2294824E-08  6.0000000E+01 -6.2705079E-08
  4.5242471E+01 -5.2808858E-08  6.0000000E+01 -5.3215084E-08
  4.5623297E+01 -4.4695838E-08  6.0000000E+01 -4.5097939E-08
  4.6007329E+01 -3.7766853E-08  6.0000000E+01 -3.8164837E-08
  4.6394593E+01 -3.1857674E-08  6.0000000E+01 -3.2251486E-08
  4.6785118E+01 -2.6825582E-08  6.0000000E+01 -2.7215130E-08
  4.7178929E+01 -2.2546629E-08  6.0000000E+01 -2.2931908E-08
  4.7576055E+01 -1.8913603E-08  6.0000000E+01 -1.9294512E-08
  4.7976524E+01 -1.5833550E-08  6.0000000E+01 -1.6210105E-08
  4.8380364E+01 -1.3226384E-08  6.0000000E+01 -1.3598498E-08
  4.8787604E+01 -1.1022856E-08  6.0000000E+01 -1.1390522E-08
  4.9198271E+01 -9.1634291E-09  6.0000000E+01 -9.5266104E-09
  4.9612395E+01 -7.5969382E-09  6.0000000E+01 -7.9555423E-09
  5.0030004E+01 -6.2792864E-09  6.0000000E+01 -6.6333385E-09
  5.0451129E+01 -5.1729216E-09  6.0000000E+01 -5.5222986E-09
  5.0875799E+01 -4.2454431E-09  6.0000000E+01 -4.5901547E-09
  5.1304043E+01 -3.4693883E-09  6.0000000E+01 -3.8093313E-09
  5.1735892E+01 -2.8211176E-09  6.0000000E+01 -3.1563001E-09
  5.2171377E+01 -2.2806290E-09  6.0000000E+01 -2.6110202E-09
  5.2610526E+01 -1.8309692E-09  6.0000000E+01 -2.1564468E-09
  5.3053373E+01 -1.4575292E-09  6.0000000E+01 -1.7781065E-09
  5.3499946E+01 -1.1481802E-09  6.0000000E+01 -1.4637312E-09
  5.3950279E+01 -8.9241325E-10  6.0000000E+01 -1.2029393E-09
  5.4404403E+01 -6.8154549E-10  6.0000000E+01 -9.8695720E-10
  5.4862349E+01 -5.0810200E-10  6.0000000E+01 -8.0838758E-10
  5.5324149E+01 -3.6588688E-10  6.0000000E+01 -6.6099895E-10
  5.5789837E+01 -2.4972024E-10  6.0000000E+01 -5.3955577E-10
  5.6259445E+01 -1.5508306E-10  6.0000000E+01 -4.3966245E-10
  5.6733006E+01 -7.8429707E-11  6.0000000E+01 -3.5763839E-10
  5.7210553E+01 -1.6569857E-11  6.0000000E+01 -2.9040490E-10
  5.7692119E+01  3.2990499E-11  6.0000000E+01 -2.3539222E-10
  5.8177739E+01  7.2446937E-11  6.0000000E+01 -1.9045934E-10
  5.8667447E+01  1.0353318E-10  6.0000000E+01 -1.5382512E-10
  5.9161277E+01  1.2770585E-10  6.0000000E+01 -1.2401200E-10
  5.9659263E+01  1.4627233E-10  6.0000000E+01 -9.9792765E-11
  6.0161441E+01  1.6014923E-10  6.0000000E+01 -8.0155372E-11
  6.0667847E+01  1.7028157E-10  6.0000000E+01 -6.4262154E-11
  6.1178515E+01  1.7723778E-10  6.0000000E+01 -5.1423126E-11
  6.1693481E+01  1.8171420E-10  6.0000000E+01 -4.1071522E-11
  6.2212782E+01  1.8405899E-10  6.0000000E+01 -3.2740323E-11
  6.2736454E+01  1.8477664E-10  6.0000000E+01 -2.6049020E-11
  6.3264535E+01  1.8409452E-10  6.0000000E+01 -2.0685363E-11
  6.3797060E+01  1.8224711E-10  6.0000000E+01 -1.6393258E-11
  6.4334068E+01  1.7951152E-10  6.0000000E+01 -1.2966445E-11
  6.4875596E+01  1.7598012E-10  6.0000000E+01 -1.0235123E-11
  6.5421682E+01  1.7185187E-10  6.0000000E+01 -8.0635494E-12
  6.5972365E+01  1.6720492E-10  6.0000000E+01 -6.3387744E-12
  6.6527683E+01  1.6216717E-10  6.0000000E+01 -4.9734833E-12
  6.7087675E+01  1.5679547E-10  6.0000000E+01 -3.8938321E-12
  6.7652382E+01  1.5107560E-10  6.0000000E+01 -3.0428668E-12
  6.8221841E+01  1.4517099E-10  6.0000000E+01 -2.3719762E-12
  6.8796094E+01  1.3899637E-10  6.0000000E+01 -1.8460701E-12
  6.9375181E+01  1.3270096E-10  6.0000000E+01 -1.4334524E-12
  6.9959142E+01  1.2621371E-10  6.0000000E+01 -1.1102508E-12
  7.0548018E+01  1.1962697E-10  6.0000000E+01 -8.5776624E-13
  7.1141852E+01  1.1294077E-10  6.0000000E+01 -6.6204406E-13
  7.1740683E+01  1.0608403E-10  6.0000000E+01 -5.0978521E-13
  7.2344556E+01  9.9177555E-11  6.0000000E+01 -3.9130524E-13
  7.2953511E+01  9.2128971E-11  6.0000000E+01 -2.9983122E-13
  7.3567593E+01  8.5059071E-11  6.0000000E+01 -2.2890487E-13
  7.4186843E+01  7.7847062E-11  6.0000000E+01 -1.7491655E-13
  7.4811306E+01  7.0606632E-11  6.0000000E+01 -1.3265256E-13
  7.5441025E+01  6.3309358E-11  6.0000000E+01 -1.0112438E-13
  7.6076044E+01  5.5855764E-11  6.0000000E+01 -7.6114463E-14
  7.6716409E+01  4.8395066E-11  6.0000000E+01 -5.8290214E-14
  7.7362164E+01  4.0792258E-11  6.0000000E+01 -4.3620414E-14
  7.8013355E+01  3.3175240E-11  6.0000000E+01 -3.2730218E-14
  7.8670027E+01  2.5444535E-11  6.0000000E+01 -2.4475341E-14
  7.9332227E+01  1.7692514E-11  6.0000000E+01 -1.7965224E-14
  8.0000000E+01  9.8552277E-12  6.0000000E+01 -1.3612751E-14
