  0.0000000E+00  0.0000000E+00  0.0000000E+00
  2.3518700E-06 -2.5676777E-04 -2.0526059E-06
  4.7235366E-06 -5.7131207E-04 -4.1224893E-06
  7.1151665E-06 -8.6215374E-04 -6.2097959E-06
  9.5269277E-06 -9.6591133E-04 -8.3146721E-06
  1.1958990E-05 -2.0643896E-03 -1.0437266E-05
  1.4411523E-05 -3.1919722E-03 -1.2577726E-05
  1.6884701E-05 -3.0581228E-03 -1.4736204E-05
  1.9378696E-05 -4.3582357E-03 -1.6912850E-05
  2.1893684E-05 -5.8168948E-03 -1.9107819E-05
  2.4429842E-05 -7.0726501E-03 -2.1321263E-05
  2.6987348E-05 -8.7459257E-03 -2.3553338E-05
  2.9566381E-05 -1.0622454E-02 -2.5804202E-05
  3.2167123E-05 -1.2704347E-02 -2.8074012E-05
  3.4789757E-05 -1.5021070E-02 -3.0362928E-05
  3.7434466E-05 -1.7560367E-02 -3.2671111E-05
  4.0101437E-05 -2.0316944E-02 -3.4998723E-05
  4.2790857E-05 -2.3283281E-02 -3.7345927E-05
  4.5502915E-05 -2.6448569E-02 -3.9712888E-05
  4.8237801E-05 -2.9800068E-02 -4.2099773E-05
  5.0995708E-05 -3.3323201E-02 -4.4506750E-05
  5.3776829E-05 -3.7001831E-02 -4.6933987E-05
  5.6581360E-05 -4.0818580E-02 -4.9381655E-05
  5.9409498E-05 -4.4755135E-02 -5.1849926E-05
  6.2261442E-05 -4.8792541E-02 -5.4338973E-05
  6.5137391E-05 -5.2911485E-02 -5.6848972E-05
  6.8037549E-05 -5.7092562E-02 -5.9380099E-05
  7.0962118E-05 -6.1316523E-02 -6.1932531E-05
  7.3911305E-05 -6.5564490E-02 -6.4506447E-05
  7.6885316E-05 -6.9818156E-02 -6.7102030E-05
  7.9884360E-05 -7.4059956E-02 -6.9719460E-05
  8.2908649E-05 -7.8273207E-02 -7.2358923E-05
  8.5958394E-05 -8.2442230E-02 -7.5020603E-05
  8.9033811E-05 -8.6552434E-02 -7.7704687E-05
  9.2135114E-05 -9.0590394E-02 -8.0411365E-05
  9.5262522E-05 -9.4543889E-02 -8.3140825E-05
  9.8416255E-05 -9.8401932E-02 -8.5893261E-05
  1.0159653E-04 -1.0215478E-01 -8.8668864E-05
  1.0480358E-04 -1.0579390E-01 -9.1467832E-05
  1.0803763E-04 -1.0931200E-01 -9.4290359E-05
  1.1129889E-04 -1.1270292E-01 -9.7136644E-05
  1.1458761E-04 -1.1596167E-01 -1.0000689E-04
  1.1790401E-04 -1.1908428E-01 -1.0290129E-04
  1.2124832E-04 -1.2206785E-01 -1.0582006E-04
  1.2462079E-04 -1.2491038E-01 -1.0876340E-04
  1.2802164E-04 -1.2761078E-01 -1.1173151E-04
  1.3145112E-04 -1.3016874E-01 -1.1472460E-04
  1.3490947E-04 -1.3258473E-01 -1.1774289E-04
  1.3839693E-04 -1.3485985E-01 -1.2078658E-04
  1.4191374E-04 -1.3699583E-01 -1.2385590E-04
  1.4546015E-04 -1.3899491E-01 -1.2695105E-04
  1.4903642E-04 -1.4085982E-01 -1.3007225E-04
  1.5264279E-04 -1.4259369E-01 -1.3321973E-04
  1.5627952E-04 -1.4419997E-01 -1.3639370E-04
  1.5994685E-04 -1.4568246E-01 -1.3959439E-04
  1.6364506E-04 -1.4704514E-01 -1.4282201E-04
  1.6737440E-04 -1.4829223E-01 -1.4607681E-04
  1.7113512E-04 -1.4942807E-01 -1.4935900E-04
  1.7492751E-04 -1.5045714E-01 -1.5266882E-04
  1.7875181E-04 -1.5138395E-01 -1.5600650E-04
  1.8260831E-04 -1.5221310E-01 -1.5937228E-04
  1.8649726E-04 -1.5294916E-01 -1.6276638E-04
  1.9041896E-04 -1.5359671E-01 -1.6618906E-04
  1.9437366E-04 -1.5416027E-01 -1.6964055E-04
  1.9836165E-04 -1.5464434E-01 -1.7312108E-04
  2.0238321E-04 -1.5505329E-01 -1.7663092E-04
  2.0643862E-04 -1.5539145E-01 -1.8017030E-04
  2.1052817E-04 -1.5566301E-01 -1.8373947E-04
  2.1465214E-04 -1.5587208E-01 -1.8733869E-04
  2.1881082E-04 -1.5602261E-01 -1.9096820E-04
  2.2300451E-04 -1.5611844E-01 -1.9462826E-04
  2.2723350E-04 -1.5616330E-01 -1.9831913E-04
  2.3149808E-04 -1.5616073E-01 -2.0204106E-04
  2.3579856E-04 -1.5611418E-01 -2.0579433E-04
  2.4013524E-04 -1.5602694E-01 -2.0957919E-04
  2.4450843E-04 -1.5590213E-01 -2.1339591E-04
  2.4891842E-04 -1.5574279E-01 -2.1724475E-04
  2.5336554E-04 -1.5555176E-01 -2.2112599E-04
  2.5785009E-04 -1.5533177E-01 -2.2503991E-04
  2.6237239E-04 -1.5508543E-01 -2.2898676E-04
  2.6693275E-04 -1.5481519E-01 -2.3296684E-04
  2.7153150E-04 -1.5452338E-01 -2.3698042E-04
  2.7616896E-04 -1.5421221E-01 -2.4102779E-04
  2.8084545E-04 -1.5388376E-01 -2.4510922E-04
  2.8556131E-04 -1.5354001E-01 -2.4922501E-04
  2.9031687E-04 -1.5318281E-01 -2.5337544E-04
  2.9511245E-04 -1.5281390E-01 -2.5756081E-04
  2.9994840E-04 -1.5243492E-01 -2.6178141E-04
  3.0482506E-04 -1.5204743E-01 -2.6603753E-04
  3.0974276E-04 -1.5165286E-01 -2.7032949E-04
  3.1470186E-04 -1.5125257E-01 -2.7465756E-04
  3.1970270E-04 -1.5084782E-01 -2.7902207E-04
  3.2474564E-04 -1.5043981E-01 -2.8342332E-04
  3.2983102E-04 -1.5002964E-01 -2.8786161E-04
  3.3495921E-04 -1.4961835E-01 -2.9233726E-04
  3.4013057E-04 -1.4920688E-01 -2.9685059E-04
  3.4534545E-04 -1.4879614E-01 -3.0140191E-04
  3.5060423E-04 -1.4838695E-01 -3.0599153E-04
  3.5590728E-04 -1.4798009E-01 -3.1061979E-04
  3.6125496E-04 -1.4757627E-01 -3.1528701E-04
  3.6664766E-04 -1.4717615E-01 -3.1999351E-04
  3.7208575E-04 -1.4678034E-01 -3.2473963E-04
  3.7756962E-04 -1.4638940E-01 -3.2952570E-04
  3.8309964E-04 -1.4600385E-01 -3.3435205E-04
  3.8867621E-04 -1.4562417E-01 -3.3921904E-04
  3.9429973E-04 -1.4525078E-01 -3.4412698E-04
  3.9997058E-04 -1.4488411E-01 -3.4907624E-04
  4.0568916E-04 -1.4452450E-01 -3.5406716E-04
  4.1145588E-04 -1.4417229E-01 -3.5910010E-04
  4.1727114E-04 -1.4382780E-01 -3.6417539E-04
  4.2313535E-04 -1.4349128E-01 -3.6929341E-04
  4.2904892E-04 -1.4316300E-01 -3.7445450E-04
  4.3501226E-04 -1.4284317E-01 -3.7965904E-04
  4.4102580E-04 -1.4253200E-01 -3.8490739E-04
  4.4708997E-04 -1.4222967E-01 -3.9019992E-04
  4.5320517E-04 -1.4193633E-01 -3.9553699E-04
  4.5937185E-04 -1.4165214E-01 -4.0091899E-04
  4.6559044E-04 -1.4137722E-01 -4.0634629E-04
  4.7186137E-04 -1.4111167E-01 -4.1181928E-04
  4.7818508E-04 -1.4085559E-01 -4.1733833E-04
  4.8456203E-04 -1.4060907E-01 -4.2290384E-04
  4.9099265E-04 -1.4037216E-01 -4.2851620E-04
  4.9747740E-04 -1.4014494E-01 -4.3417579E-04
  5.0401674E-04 -1.3992744E-01 -4.3988303E-04
  5.1061112E-04 -1.3971970E-01 -4.4563831E-04
  5.1726101E-04 -1.3952175E-01 -4.5144203E-04
  5.2396687E-04 -1.3933361E-01 -4.5729461E-04
  5.3072918E-04 -1.3915529E-01 -4.6319644E-04
  5.3754841E-04 -1.3898680E-01 -4.6914796E-04
  5.4442504E-04 -1.3882812E-01 -4.7514957E-04
  5.5135956E-04 -1.3867927E-01 -4.8120170E-04
  5.5835244E-04 -1.3854022E-01 -4.8730477E-04
  5.6540419E-04 -1.3841095E-01 -4.9345922E-04
  5.7251529E-04 -1.3829145E-01 -4.9966547E-04
  5.7968625E-04 -1.3818169E-01 -5.0592396E-04
  5.8691757E-04 -1.3808164E-01 -5.1223513E-04
  5.9420976E-04 -1.3799127E-01 -5.1859942E-04
  6.0156334E-04 -1.3791054E-01 -5.2501729E-04
  6.0897880E-04 -1.3783941E-01 -5.3148917E-04
  6.1645669E-04 -1.3777785E-01 -5.3801554E-04
  6.2399753E-04 -1.3772582E-01 -5.4459683E-04
  6.3160183E-04 -1.3768327E-01 -5.5123353E-04
  6.3927015E-04 -1.3765016E-01 -5.5792609E-04
  6.4700301E-04 -1.3762644E-01 -5.6467498E-04
  6.5480097E-04 -1.3761206E-01 -5.7148068E-04
  6.6266456E-04 -1.3760698E-01 -5.7834367E-04
  6.7059434E-04 -1.3761116E-01 -5.8526443E-04
  6.7859087E-04 -1.3762453E-01 -5.9224344E-04
  6.8665471E-04 -1.3764706E-01 -5.9928119E-04
  6.9478643E-04 -1.3767869E-01 -6.0637819E-04
  7.0298660E-04 -1.3771938E-01 -6.1353492E-04
  7.1125579E-04 -1.3776908E-01 -6.2075189E-04
  7.1959458E-04 -1.3782774E-01 -6.2802962E-04
  7.2800357E-04 -1.3789531E-01 -6.3536860E-04
  7.3648334E-04 -1.3797174E-01 -6.4276936E-04
  7.4503448E-04 -1.3805699E-01 -6.5023241E-04
  7.5365761E-04 -1.3815100E-01 -6.5775828E-04
  7.6235331E-04 -1.3825374E-01 -6.6534750E-04
  7.7112222E-04 -1.3836516E-01 -6.7300060E-04
  7.7996493E-04 -1.3848521E-01 -6.8071812E-04
  7.8888208E-04 -1.3861385E-01 -6.8850061E-04
  7.9787429E-04 -1.3875103E-01 -6.9634860E-04
  8.0694218E-04 -1.3889672E-01 -7.0426265E-04
  8.1608641E-04 -1.3905086E-01 -7.1224331E-04
  8.2530760E-04 -1.3921343E-01 -7.2029116E-04
  8.3460642E-04 -1.3938438E-01 -7.2840674E-04
  8.4398351E-04 -1.3956367E-01 -7.3659064E-04
  8.5343952E-04 -1.3975126E-01 -7.4484342E-04
  8.6297514E-04 -1.3994713E-01 -7.5316567E-04
  8.7259101E-04 -1.4015122E-01 -7.6155797E-04
  8.8228783E-04 -1.4036351E-01 -7.7002092E-04
  8.9206627E-04 -1.4058397E-01 -7.7855510E-04
  9.0192702E-04 -1.4081256E-01 -7.8716111E-04
  9.1187077E-04 -1.4104924E-01 -7.9583957E-04
  9.2189822E-04 -1.4129400E-01 -8.0459107E-04
  9.3201008E-04 -1.4154680E-01 -8.1341624E-04
  9.4220705E-04 -1.4180760E-01 -8.2231570E-04
  9.5248986E-04 -1.4207640E-01 -8.3129006E-04
  9.6285922E-04 -1.4235315E-01 -8.4033997E-04
  9.7331586E-04 -1.4263783E-01 -8.4946605E-04
  9.8386052E-04 -1.4293043E-01 -8.5866895E-04
  9.9449394E-04 -1.4323091E-01 -8.6794932E-04
  1.0052169E-03 -1.4353926E-01 -8.7730780E-04
  1.0160300E-03 -1.4385545E-01 -8.8674506E-04
  1.0269342E-03 -1.4417946E-01 -8.9626175E-04
  1.0379302E-03 -1.4451128E-01 -9.0585855E-04
  1.0490188E-03 -1.4485089E-01 -9.1553613E-04
  1.0602007E-03 -1.4519827E-01 -9.2529517E-04
  1.0714767E-03 -1.4555341E-01 -9.3513635E-04
  1.0828476E-03 -1.4591628E-01 -9.4506037E-04
  1.0943142E-03 -1.4628689E-01 -9.5506793E-04
  1.1058774E-03 -1.4666521E-01 -9.6515972E-04
  1.1175378E-03 -1.4705124E-01 -9.7533646E-04
  1.1292965E-03 -1.4744496E-01 -9.8559886E-04
  1.1411541E-03 -1.4784636E-01 -9.9594765E-04
  1.1531115E-03 -1.4825544E-01 -1.0063835E-03
  1.1651696E-03 -1.4867218E-01 -1.0169073E-03
  1.1773292E-03 -1.4909659E-01 -1.0275196E-03
  1.1895911E-03 -1.4952865E-01 -1.0382212E-03
  1.2019562E-03 -1.4996836E-01 -1.0490130E-03
  1.2144254E-03 -1.5041572E-01 -1.0598955E-03
  1.2269996E-03 -1.5087072E-01 -1.0708697E-03
  1.2396796E-03 -1.5133336E-01 -1.0819363E-03
  1.2524664E-03 -1.5180365E-01 -1.0930959E-03
  1.2653607E-03 -1.5228157E-01 -1.1043496E-03
  1.2783637E-03 -1.5276713E-01 -1.1156979E-03
  1.2914760E-03 -1.5326033E-01 -1.1271418E-03
  1.3046988E-03 -1.5376117E-01 -1.1386820E-03
  1.3180328E-03 -1.5426966E-01 -1.1503194E-03
  1.3314791E-03 -1.5478580E-01 -1.1620547E-03
  1.3450386E-03 -1.5530960E-01 -1.1738888E-03
  1.3587122E-03 -1.5584105E-01 -1.1858224E-03
  1.3725009E-03 -1.5638017E-01 -1.1978566E-03
  1.3864056E-03 -1.5692696E-01 -1.2099920E-03
  1.4004274E-03 -1.5748143E-01 -1.2222296E-03
  1.4145672E-03 -1.5804359E-01 -1.2345702E-03
  1.4288261E-03 -1.5861345E-01 -1.2470147E-03
  1.4432050E-03 -1.5919101E-01 -1.2595639E-03
  1.4577049E-03 -1.5977629E-01 -1.2722188E-03
  1.4723268E-03 -1.6036930E-01 -1.2849802E-03
  1.4870719E-03 -1.6097006E-01 -1.2978490E-03
  1.5019410E-03 -1.6157856E-01 -1.3108261E-03
  1.5169353E-03 -1.6219484E-01 -1.3239124E-03
  1.5320558E-03 -1.6281890E-01 -1.3371089E-03
  1.5473036E-03 -1.6345075E-01 -1.3504165E-03
  1.5626798E-03 -1.6409041E-01 -1.3638361E-03
  1.5781854E-03 -1.6473790E-01 -1.3773687E-03
  1.5938214E-03 -1.6539324E-01 -1.3910151E-03
  1.6095892E-03 -1.6605644E-01 -1.4047765E-03
  1.6254896E-03 -1.6672752E-01 -1.4186536E-03
  1.6415238E-03 -1.6740649E-01 -1.4326476E-03
  1.6576931E-03 -1.6809339E-01 -1.4467594E-03
  1.6739984E-03 -1.6878822E-01 -1.4609899E-03
  1.6904410E-03 -1.6949101E-01 -1.4753403E-03
  1.7070220E-03 -1.7020177E-01 -1.4898114E-03
  1.7237426E-03 -1.7092054E-01 -1.5044043E-03
  1.7406039E-03 -1.7164733E-01 -1.5191201E-03
  1.7576071E-03 -1.7238217E-01 -1.5339597E-03
  1.7747534E-03 -1.7312507E-01 -1.5489243E-03
  1.7920441E-03 -1.7387606E-01 -1.5640148E-03
  1.8094803E-03 -1.7463517E-01 -1.5792324E-03
  1.8270633E-03 -1.7540243E-01 -1.5945780E-03
  1.8447943E-03 -1.7617785E-01 -1.6100528E-03
  1.8626746E-03 -1.7696146E-01 -1.6256578E-03
  1.8807053E-03 -1.7775329E-01 -1.6413943E-03
  1.8988878E-03 -1.7855337E-01 -1.6572631E-03
  1.9172234E-03 -1.7936172E-01 -1.6732656E-03
  1.9357133E-03 -1.8017837E-01 -1.6894027E-03
  1.9543589E-03 -1.8100335E-01 -1.7056757E-03
  1.9731614E-03 -1.8183669E-01 -1.7220857E-03
  1.9921221E-03 -1.8267842E-01 -1.7386337E-03
  2.0112425E-03 -1.8352857E-01 -1.7553211E-03
  2.0305238E-03 -1.8438716E-01 -1.7721489E-03
  2.0499674E-03 -1.8525423E-01 -1.7891184E-03
  2.0695746E-03 -1.8612982E-01 -1.8062308E-03
  2.0893470E-03 -1.8701394E-01 -1.8234871E-03
  2.1092857E-03 -1.8790664E-01 -1.8408887E-03
  2.1293923E-03 -1.8880794E-01 -1.8584368E-03
  2.1496681E-03 -1.8971789E-01 -1.8761326E-03
  2.1701146E-03 -1.9063651E-01 -1.8939774E-03
  2.1907332E-03 -1.9156383E-01 -1.9119723E-03
  2.2115253E-03 -1.9249989E-01 -1.9301188E-03
  2.2324925E-03 -1.9344473E-01 -1.9484180E-03
  2.2536361E-03 -1.9439838E-01 -1.9668712E-03
  2.2749578E-03 -1.9536088E-01 -1.9854797E-03
  2.2964589E-03 -1.9633226E-01 -2.0042449E-03
  2.3181409E-03 -1.9731255E-01 -2.0231680E-03
  2.3400055E-03 -1.9830180E-01 -2.0422504E-03
  2.3620542E-03 -1.9930004E-01 -2.0614934E-03
  2.3842884E-03 -2.0030730E-01 -2.0808984E-03
  2.4067098E-03 -2.0132363E-01 -2.1004668E-03
  2.4293199E-03 -2.0234907E-01 -2.1201998E-03
  2.4521203E-03 -2.0338365E-01 -2.1400990E-03
  2.4751127E-03 -2.0442740E-01 -2.1601657E-03
  2.4982986E-03 -2.0548038E-01 -2.1804012E-03
  2.5216796E-03 -2.0654262E-01 -2.2008071E-03
  2.5452575E-03 -2.0761415E-01 -2.2213848E-03
  2.5690338E-03 -2.0869502E-01 -2.2421357E-03
  2.5930102E-03 -2.0978527E-01 -2.2630612E-03
  2.6171885E-03 -2.1088493E-01 -2.2841629E-03
  2.6415703E-03 -2.1199406E-01 -2.3054422E-03
  2.6661573E-03 -2.1311268E-01 -2.3269006E-03
  2.6909513E-03 -2.1424085E-01 -2.3485397E-03
  2.7159540E-03 -2.1537860E-01 -2.3703608E-03
  2.7411671E-03 -2.1652598E-01 -2.3923657E-03
  2.7665925E-03 -2.1768302E-01 -2.4145558E-03
  2.7922319E-03 -2.1884977E-01 -2.4369327E-03
  2.8180871E-03 -2.2002628E-01 -2.4594979E-03
  2.8441600E-03 -2.2121257E-01 -2.4822530E-03
  2.8704523E-03 -2.2240871E-01 -2.5051997E-03
  2.8969659E-03 -2.2361473E-01 -2.5283396E-03
  2.9237027E-03 -2.2483067E-01 -2.5516742E-03
  2.9506645E-03 -2.2605658E-01 -2.5752053E-03
  2.9778533E-03 -2.2729251E-01 -2.5989344E-03
  3.0052710E-03 -2.2853849E-01 -2.6228632E-03
  3.0329194E-03 -2.2979457E-01 -2.6469935E-03
  3.0608006E-03 -2.3106080E-01 -2.6713269E-03
  3.0889164E-03 -2.3233722E-01 -2.6958651E-03
  3.1172689E-03 -2.3362387E-01 -2.7206098E-03
  3.1458601E-03 -2.3492081E-01 -2.7455629E-03
  3.1746919E-03 -2.3622807E-01 -2.7707259E-03
  3.2037665E-03 -2.3754570E-01 -2.7961008E-03
  3.2330857E-03 -2.3887375E-01 -2.8216893E-03
  3.2626518E-03 -2.4021226E-01 -2.8474931E-03
  3.2924667E-03 -2.4156128E-01 -2.8735142E-03
  3.3225326E-03 -2.4292086E-01 -2.8997543E-03
  3.3528515E-03 -2.4429103E-01 -2.9262153E-03
  3.3834257E-03 -2.4567185E-01 -2.9528989E-03
  3.4142572E-03 -2.4706337E-01 -2.9798072E-03
  3.4453483E-03 -2.4846562E-01 -3.0069420E-03
  3.4767010E-03 -2.4987866E-01 -3.0343052E-03
  3.5083177E-03 -2.5130253E-01 -3.0618988E-03
  3.5402004E-03 -2.5273728E-01 -3.0897246E-03
  3.5723516E-03 -2.5418296E-01 -3.1177846E-03
  3.6047734E-03 -2.5563960E-01 -3.1460808E-03
  3.6374681E-03 -2.5710727E-01 -3.1746151E-03
  3.6704380E-03 -2.5858600E-01 -3.2033897E-03
  3.7036854E-03 -2.6007585E-01 -3.2324065E-03
  3.7372127E-03 -2.6157686E-01 -3.2616675E-03
  3.7710222E-03 -2.6308907E-01 -3.2911748E-03
  3.8051162E-03 -2.6461253E-01 -3.3209305E-03
  3.8394973E-03 -2.6614730E-01 -3.3509366E-03
  3.8741677E-03 -2.6769341E-01 -3.3811954E-03
  3.9091300E-03 -2.6925091E-01 -3.4117088E-03
  3.9443866E-03 -2.7081986E-01 -3.4424790E-03
  3.9799400E-03 -2.7240029E-01 -3.4735083E-03
  4.0157926E-03 -2.7399226E-01 -3.5047988E-03
  4.0519470E-03 -2.7559581E-01 -3.5363526E-03
  4.0884057E-03 -2.7721098E-01 -3.5681720E-03
  4.1251713E-03 -2.7883783E-01 -3.6002593E-03
  4.1622464E-03 -2.8047640E-01 -3.6326167E-03
  4.1996336E-03 -2.8212673E-01 -3.6652464E-03
  4.2373355E-03 -2.8378887E-01 -3.6981508E-03
  4.2753547E-03 -2.8546287E-01 -3.7313321E-03
  4.3136939E-03 -2.8714878E-01 -3.7647928E-03
  4.3523559E-03 -2.8884663E-01 -3.7985350E-03
  4.3913433E-03 -2.9055648E-01 -3.8325614E-03
  4.4306589E-03 -2.9227837E-01 -3.8668741E-03
  4.4703054E-03 -2.9401234E-01 -3.9014756E-03
  4.5102856E-03 -2.9575844E-01 -3.9363684E-03
  4.5506023E-03 -2.9751672E-01 -3.9715549E-03
  4.5912584E-03 -2.9928721E-01 -4.0070376E-03
  4.6322568E-03 -3.0106997E-01 -4.0428190E-03
  4.6736002E-03 -3.0286504E-01 -4.0789015E-03
  4.7152916E-03 -3.0467245E-01 -4.1152877E-03
  4.7573340E-03 -3.0649226E-01 -4.1519803E-03
  4.7997303E-03 -3.0832451E-01 -4.1889816E-03
  4.8424834E-03 -3.1016923E-01 -4.2262945E-03
  4.8855964E-03 -3.1202648E-01 -4.2639214E-03
  4.9290723E-03 -3.1389629E-01 -4.3018650E-03
  4.9729141E-03 -3.1577870E-01 -4.3401280E-03
  5.0171250E-03 -3.1767377E-01 -4.3787131E-03
  5.0617080E-03 -3.1958152E-01 -4.4176229E-03
  5.1066663E-03 -3.2150199E-01 -4.4568603E-03
  5.1520030E-03 -3.2343524E-01 -4.4964280E-03
  5.1977214E-03 -3.2538130E-01 -4.5363287E-03
  5.2438246E-03 -3.2734020E-01 -4.5765652E-03
  5.2903158E-03 -3.2931199E-01 -4.6171405E-03
  5.3371984E-03 -3.3129670E-01 -4.6580572E-03
  5.3844756E-03 -3.3329438E-01 -4.6993184E-03
  5.4321508E-03 -3.3530506E-01 -4.7409269E-03
  5.4802272E-03 -3.3732877E-01 -4.7828857E-03
  5.5287083E-03 -3.3936555E-01 -4.8251976E-03
  5.5775976E-03 -3.4141545E-01 -4.8678656E-03
  5.6268983E-03 -3.4347848E-01 -4.9108928E-03
  5.6766140E-03 -3.4555470E-01 -4.9542822E-03
  5.7267482E-03 -3.4764412E-01 -4.9980368E-03
  5.7773045E-03 -3.4974680E-01 -5.0421597E-03
  5.8282862E-03 -3.5186274E-01 -5.0866540E-03
  5.8796971E-03 -3.5399200E-01 -5.1315228E-03
  5.9315407E-03 -3.5613460E-01 -5.1767693E-03
  5.9838208E-03 -3.5829057E-01 -5.2223966E-03
  6.0365408E-03 -3.6045994E-01 -5.2684080E-03
  6.0897047E-03 -3.6264274E-01 -5.3148067E-03
  6.1433161E-03 -3.6483900E-01 -5.3615959E-03
  6.1973787E-03 -3.6704874E-01 -5.4087790E-03
  6.2518964E-03 -3.6927200E-01 -5.4563592E-03
  6.3068730E-03 -3.7150879E-01 -5.5043400E-03
  6.3623123E-03 -3.7375915E-01 -5.5527246E-03
  6.4182183E-03 -3.7602309E-01 -5.6015164E-03
  6.4745949E-03 -3.7830064E-01 -5.6507190E-03
  6.5314460E-03 -3.8059182E-01 -5.7003357E-03
  6.5887757E-03 -3.8289666E-01 -5.7503700E-03
  6.6465879E-03 -3.8521517E-01 -5.8008255E-03
  6.7048868E-03 -3.8754737E-01 -5.8517057E-03
  6.7636764E-03 -3.8989328E-01 -5.9030141E-03
  6.8229608E-03 -3.9225292E-01 -5.9547545E-03
  6.8827443E-03 -3.9462631E-01 -6.0069303E-03
  6.9430310E-03 -3.9701345E-01 -6.0595453E-03
  7.0038251E-03 -3.9941437E-01 -6.1126032E-03
  7.0651310E-03 -4.0182907E-01 -6.1661077E-03
  7.1269529E-03 -4.0425757E-01 -6.2200626E-03
  7.1892952E-03 -4.0669987E-01 -6.2744716E-03
  7.2521622E-03 -4.0915600E-01 -6.3293386E-03
  7.3155585E-03 -4.1162595E-01 -6.3846674E-03
  7.3794883E-03 -4.1410973E-01 -6.4404619E-03
  7.4439563E-03 -4.1660734E-01 -6.4967261E-03
  7.5089669E-03 -4.1911880E-01 -6.5534638E-03
  7.5745248E-03 -4.2164410E-01 -6.6106791E-03
  7.6406345E-03 -4.2418324E-01 -6.6683760E-03
  7.7073006E-03 -4.2673623E-01 -6.7265586E-03
  7.7745279E-03 -4.2930306E-01 -6.7852309E-03
  7.8423211E-03 -4.3188373E-01 -6.8443970E-03
  7.9106849E-03 -4.3447824E-01 -6.9040612E-03
  7.9796242E-03 -4.3708658E-01 -6.9642276E-03
  8.0491438E-03 -4.3970873E-01 -7.0249004E-03
  8.1192485E-03 -4.4234470E-01 -7.0860839E-03
  8.1899434E-03 -4.4499447E-01 -7.1477823E-03
  8.2612333E-03 -4.4765803E-01 -7.2100002E-03
  8.3331232E-03 -4.5033537E-01 -7.2727417E-03
  8.4056183E-03 -4.5302646E-01 -7.3360113E-03
  8.4787237E-03 -4.5573129E-01 -7.3998135E-03
  8.5524444E-03 -4.5844984E-01 -7.4641527E-03
  8.6267856E-03 -4.6118210E-01 -7.5290334E-03
  8.7017526E-03 -4.6392803E-01 -7.5944603E-03
  8.7773506E-03 -4.6668761E-01 -7.6604379E-03
  8.8535849E-03 -4.6946082E-01 -7.7269708E-03
  8.9304610E-03 -4.7224762E-01 -7.7940637E-03
  9.0079841E-03 -4.7504799E-01 -7.8617214E-03
  9.0861598E-03 -4.7786189E-01 -7.9299485E-03
  9.1649935E-03 -4.8068929E-01 -7.9987499E-03
  9.2444908E-03 -4.8353014E-01 -8.0681305E-03
  9.3246572E-03 -4.8638442E-01 -8.1380950E-03
  9.4054985E-03 -4.8925208E-01 -8.2086484E-03
  9.4870202E-03 -4.9213307E-01 -8.2797957E-03
  9.5692281E-03 -4.9502736E-01 -8.3515418E-03
  9.6521280E-03 -4.9793489E-01 -8.4238919E-03
  9.7357257E-03 -5.0085560E-01 -8.4968509E-03
  9.8200271E-03 -5.0378946E-01 -8.5704240E-03
  9.9050381E-03 -5.0673640E-01 -8.6446163E-03
  9.9907646E-03 -5.0969637E-01 -8.7194332E-03
  1.0077213E-02 -5.1266931E-01 -8.7948798E-03
  1.0164389E-02 -5.1565515E-01 -8.8709614E-03
  1.0252298E-02 -5.1865383E-01 -8.9476834E-03
  1.0340948E-02 -5.2166528E-01 -9.0250512E-03
  1.0430344E-02 -5.2468943E-01 -9.1030702E-03
  1.0520492E-02 -5.2772621E-01 -9.1817459E-03
  1.0611399E-02 -5.3077554E-01 -9.2610838E-03
  1.0703071E-02 -5.3383735E-01 -9.3410895E-03
  1.0795515E-02 -5.3691155E-01 -9.4217687E-03
  1.0888737E-02 -5.3999806E-01 -9.5031268E-03
  1.0982744E-02 -5.4309680E-01 -9.5851698E-03
  1.1077542E-02 -5.4620767E-01 -9.6679034E-03
  1.1173138E-02 -5.4933058E-01 -9.7513333E-03
  1.1269538E-02 -5.5246543E-01 -9.8354654E-03
  1.1366751E-02 -5.5561213E-01 -9.9203057E-03
  1.1464781E-02 -5.5877058E-01 -1.0005860E-02
  1.1563636E-02 -5.6194067E-01 -1.0092135E-02
  1.1663324E-02 -5.6512228E-01 -1.0179135E-02
  1.1763851E-02 -5.6831532E-01 -1.0266868E-02
  1.1865224E-02 -5.7151967E-01 -1.0355339E-02
  1.1967450E-02 -5.7473521E-01 -1.0444556E-02
  1.2070537E-02 -5.7796181E-01 -1.0534522E-02
  1.2174491E-02 -5.8119936E-01 -1.0625247E-02
  1.2279320E-02 -5.8444773E-01 -1.0716735E-02
  1.2385032E-02 -5.8770678E-01 -1.0808992E-02
  1.2491634E-02 -5.9097638E-01 -1.0902027E-02
  1.2599133E-02 -5.9425640E-01 -1.0995844E-02
  1.2707537E-02 -5.9754669E-01 -1.1090451E-02
  1.2816853E-02 -6.0084710E-01 -1.1185855E-02
  1.2927089E-02 -6.0415749E-01 -1.1282061E-02
  1.3038254E-02 -6.0747770E-01 -1.1379077E-02
  1.3150354E-02 -6.1080758E-01 -1.1476910E-02
  1.3263398E-02 -6.1414697E-01 -1.1575566E-02
  1.3377393E-02 -6.1749570E-01 -1.1675053E-02
  1.3492348E-02 -6.2085360E-01 -1.1775377E-02
  1.3608270E-02 -6.2422051E-01 -1.1876545E-02
  1.3725168E-02 -6.2759625E-01 -1.1978565E-02
  1.3843050E-02 -6.3098064E-01 -1.2081443E-02
  1.3961924E-02 -6.3437349E-01 -1.2185188E-02
  1.4081799E-02 -6.3777461E-01 -1.2289805E-02
  1.4202683E-02 -6.4118382E-01 -1.2395303E-02
  1.4324585E-02 -6.4460092E-01 -1.2501689E-02
  1.4447513E-02 -6.4802571E-01 -1.2608971E-02
  1.4571475E-02 -6.5145798E-01 -1.2717155E-02
  1.4696481E-02 -6.5489753E-01 -1.2826251E-02
  1.4822539E-02 -6.5834413E-01 -1.2936264E-02
  1.4949658E-02 -6.6179759E-01 -1.3047203E-02
  1.5077847E-02 -6.6525766E-01 -1.3159076E-02
  1.5207115E-02 -6.6872413E-01 -1.3271890E-02
  1.5337472E-02 -6.7219676E-01 -1.3385655E-02
  1.5468925E-02 -6.7567533E-01 -1.3500376E-02
  1.5601485E-02 -6.7915958E-01 -1.3616063E-02
  1.5735161E-02 -6.8264928E-01 -1.3732724E-02
  1.5869962E-02 -6.8614418E-01 -1.3850367E-02
  1.6005898E-02 -6.8964402E-01 -1.3969000E-02
  1.6142978E-02 -6.9314855E-01 -1.4088631E-02
  1.6281211E-02 -6.9665750E-01 -1.4209269E-02
  1.6420609E-02 -7.0017061E-01 -1.4330923E-02
  1.6561179E-02 -7.0368760E-01 -1.4453600E-02
  1.6702933E-02 -7.0720819E-01 -1.4577310E-02
  1.6845881E-02 -7.1073211E-01 -1.4702062E-02
  1.6990031E-02 -7.1425907E-01 -1.4827863E-02
  1.7135395E-02 -7.1778877E-01 -1.4954723E-02
  1.7281982E-02 -7.2132093E-01 -1.5082651E-02
  1.7429803E-02 -7.2485523E-01 -1.5211655E-02
  1.7578869E-02 -7.2839137E-01 -1.5341745E-02
  1.7729189E-02 -7.3192905E-01 -1.5472930E-02
  1.7880775E-02 -7.3546795E-01 -1.5605219E-02
  1.8033636E-02 -7.3900774E-01 -1.5738622E-02
  1.8187784E-02 -7.4254810E-01 -1.5873147E-02
  1.8343230E-02 -7.4608870E-01 -1.6008805E-02
  1.8499984E-02 -7.4962921E-01 -1.6145604E-02
  1.8658058E-02 -7.5316928E-01 -1.6283555E-02
  1.8817462E-02 -7.5670857E-01 -1.6422666E-02
  1.8978208E-02 -7.6024672E-01 -1.6562949E-02
  1.9140307E-02 -7.6378339E-01 -1.6704412E-02
  1.9303771E-02 -7.6731822E-01 -1.6847066E-02
  1.9468610E-02 -7.7085083E-01 -1.6990920E-02
  1.9634837E-02 -7.7438086E-01 -1.7135985E-02
  1.9802463E-02 -7.7790793E-01 -1.7282271E-02
  1.9971500E-02 -7.8143167E-01 -1.7429788E-02
  2.0141960E-02 -7.8495169E-01 -1.7578547E-02
  2.0313855E-02 -7.8846760E-01 -1.7728557E-02
  2.0487197E-02 -7.9197901E-01 -1.7879830E-02
  2.0661998E-02 -7.9548552E-01 -1.8032376E-02
  2.0838270E-02 -7.9898672E-01 -1.8186206E-02
  2.1016026E-02 -8.0248220E-01 -1.8341331E-02
  2.1195278E-02 -8.0597157E-01 -1.8497761E-02
  2.1376039E-02 -8.0945439E-01 -1.8655508E-02
  2.1558322E-02 -8.1293024E-01 -1.8814582E-02
  2.1742138E-02 -8.1639871E-01 -1.8974995E-02
  2.1927503E-02 -8.1985936E-01 -1.9136758E-02
  2.2114427E-02 -8.2331175E-01 -1.9299883E-02
  2.2302925E-02 -8.2675545E-01 -1.9464380E-02
  2.2493009E-02 -8.3019001E-01 -1.9630262E-02
  2.2684694E-02 -8.3361499E-01 -1.9797540E-02
  2.2877992E-02 -8.3702994E-01 -1.9966225E-02
  2.3072917E-02 -8.4043440E-01 -2.0136330E-02
  2.3269483E-02 -8.4382792E-01 -2.0307867E-02
  2.3467703E-02 -8.4721003E-01 -2.0480847E-02
  2.3667592E-02 -8.5058027E-01 -2.0655283E-02
  2.3869164E-02 -8.5393816E-01 -2.0831187E-02
  2.4072432E-02 -8.5728325E-01 -2.1008572E-02
  2.4277411E-02 -8.6061505E-01 -2.1187449E-02
  2.4484116E-02 -8.6393309E-01 -2.1367831E-02
  2.4692560E-02 -8.6723688E-01 -2.1549732E-02
  2.4902759E-02 -8.7052595E-01 -2.1733163E-02
  2.5114728E-02 -8.7379981E-01 -2.1918138E-02
  2.5328480E-02 -8.7705798E-01 -2.2104670E-02
  2.5544032E-02 -8.8029995E-01 -2.2292771E-02
  2.5761398E-02 -8.8352526E-01 -2.2482455E-02
  2.5980594E-02 -8.8673339E-01 -2.2673736E-02
  2.6201635E-02 -8.8992387E-01 -2.2866626E-02
  2.6424537E-02 -8.9309620E-01 -2.3061139E-02
  2.6649314E-02 -8.9624987E-01 -2.3257290E-02
  2.6875984E-02 -8.9938441E-01 -2.3455091E-02
  2.7104562E-02 -9.0249931E-01 -2.3654556E-02
  2.7335064E-02 -9.0559407E-01 -2.3855700E-02
  2.7567506E-02 -9.0866821E-01 -2.4058537E-02
  2.7801905E-02 -9.1172123E-01 -2.4263081E-02
  2.8038276E-02 -9.1475264E-01 -2.4469346E-02
  2.8276638E-02 -9.1776194E-01 -2.4677346E-02
  2.8517005E-02 -9.2074866E-01 -2.4887097E-02
  2.8759396E-02 -9.2371229E-01 -2.5098613E-02
  2.9003827E-02 -9.2665237E-01 -2.5311909E-02
  2.9250316E-02 -9.2956840E-01 -2.5526999E-02
  2.9498880E-02 -9.3245991E-01 -2.5743900E-02
  2.9749535E-02 -9.3532642E-01 -2.5962626E-02
  3.0002301E-02 -9.3816748E-01 -2.6183192E-02
  3.0257194E-02 -9.4098261E-01 -2.6405614E-02
  3.0514233E-02 -9.4377135E-01 -2.6629908E-02
  3.0773435E-02 -9.4653325E-01 -2.6856089E-02
  3.1034820E-02 -9.4926787E-01 -2.7084174E-02
  3.1298404E-02 -9.5197476E-01 -2.7314178E-02
  3.1564207E-02 -9.5465349E-01 -2.7546117E-02
  3.1832248E-02 -9.5730363E-01 -2.7780007E-02
  3.2102544E-02 -9.5992478E-01 -2.8015866E-02
  3.2375116E-02 -9.6251652E-01 -2.8253709E-02
  3.2649982E-02 -9.6507846E-01 -2.8493554E-02
  3.2927162E-02 -9.6761020E-01 -2.8735417E-02
  3.3206675E-02 -9.7011137E-01 -2.8979314E-02
  3.3488541E-02 -9.7258161E-01 -2.9225264E-02
  3.3772779E-02 -9.7502057E-01 -2.9473284E-02
  3.4059410E-02 -9.7742789E-01 -2.9723390E-02
  3.4348454E-02 -9.7980327E-01 -2.9975601E-02
  3.4639930E-02 -9.8214637E-01 -3.0229933E-02
  3.4933860E-02 -9.8445691E-01 -3.0486406E-02
  3.5230264E-02 -9.8673460E-01 -3.0745037E-02
  3.5529163E-02 -9.8897917E-01 -3.1005844E-02
  3.5830579E-02 -9.9119037E-01 -3.1268845E-02
  3.6134531E-02 -9.9336798E-01 -3.1534058E-02
  3.6441041E-02 -9.9551177E-01 -3.1801504E-02
  3.6750132E-02 -9.9762154E-01 -3.2071199E-02
  3.7061825E-02 -9.9969713E-01 -3.2343164E-02
  3.7376141E-02 -1.0017384E+00 -3.2617416E-02
  3.7693103E-02 -1.0037451E+00 -3.2893977E-02
  3.8012732E-02 -1.0057172E+00 -3.3172864E-02
  3.8335053E-02 -1.0076547E+00 -3.3454097E-02
  3.8660086E-02 -1.0095573E+00 -3.3737696E-02
  3.8987855E-02 -1.0114252E+00 -3.4023682E-02
  3.9318384E-02 -1.0132581E+00 -3.4312073E-02
  3.9651694E-02 -1.0150562E+00 -3.4602891E-02
  3.9987810E-02 -1.0168195E+00 -3.4896155E-02
  4.0326755E-02 -1.0185479E+00 -3.5191887E-02
  4.0668554E-02 -1.0202416E+00 -3.5490106E-02
  4.1013229E-02 -1.0219006E+00 -3.5790835E-02
  4.1360806E-02 -1.0235251E+00 -3.6094093E-02
  4.1711308E-02 -1.0251151E+00 -3.6399903E-02
  4.2064761E-02 -1.0266709E+00 -3.6708285E-02
  4.2421189E-02 -1.0281926E+00 -3.7019262E-02
  4.2780617E-02 -1.0296804E+00 -3.7332855E-02
  4.3143070E-02 -1.0311346E+00 -3.7649086E-02
  4.3508574E-02 -1.0325554E+00 -3.7967977E-02
  4.3877155E-02 -1.0339431E+00 -3.8289551E-02
  4.4248839E-02 -1.0352979E+00 -3.8613830E-02
  4.4623651E-02 -1.0366202E+00 -3.8940837E-02
  4.5001618E-02 -1.0379103E+00 -3.9270594E-02
  4.5382767E-02 -1.0391686E+00 -3.9603126E-02
  4.5767123E-02 -1.0403954E+00 -3.9938455E-02
  4.6154715E-02 -1.0415911E+00 -4.0276605E-02
  4.6545570E-02 -1.0427561E+00 -4.0617600E-02
  4.6939715E-02 -1.0438909E+00 -4.0961463E-02
  4.7337177E-02 -1.0449958E+00 -4.1308218E-02
  4.7737985E-02 -1.0460712E+00 -4.1657890E-02
  4.8142166E-02 -1.0471177E+00 -4.2010504E-02
  4.8549750E-02 -1.0481357E+00 -4.2366084E-02
  4.8960765E-02 -1.0491256E+00 -4.2724655E-02
  4.9375239E-02 -1.0500879E+00 -4.3086242E-02
  4.9793202E-02 -1.0510230E+00 -4.3450870E-02
  5.0214683E-02 -1.0519314E+00 -4.3818566E-02
  5.0639712E-02 -1.0528136E+00 -4.4189354E-02
  5.1068319E-02 -1.0536700E+00 -4.4563262E-02
  5.1500533E-02 -1.0545011E+00 -4.4940314E-02
  5.1936386E-02 -1.0553073E+00 -4.5320538E-02
  5.2375907E-02 -1.0560891E+00 -4.5703961E-02
  5.2819128E-02 -1.0568469E+00 -4.6090608E-02
  5.3266079E-02 -1.0575811E+00 -4.6480507E-02
  5.3716793E-02 -1.0582922E+00 -4.6873687E-02
  5.4171301E-02 -1.0589807E+00 -4.7270173E-02
  5.4629634E-02 -1.0596469E+00 -4.7669994E-02
  5.5091826E-02 -1.0602912E+00 -4.8073178E-02
  5.5557907E-02 -1.0609143E+00 -4.8479753E-02
  5.6027912E-02 -1.0615163E+00 -4.8889748E-02
  5.6501874E-02 -1.0620980E+00 -4.9303192E-02
  5.6979825E-02 -1.0626597E+00 -4.9720113E-02
  5.7461798E-02 -1.0632021E+00 -5.0140541E-02
  5.7947829E-02 -1.0637256E+00 -5.0564505E-02
  5.8437951E-02 -1.0642309E+00 -5.0992035E-02
  5.8932199E-02 -1.0647189E+00 -5.1423161E-02
  5.9430607E-02 -1.0651901E+00 -5.1857914E-02
  5.9933210E-02 -1.0656456E+00 -5.2296323E-02
  6.0440043E-02 -1.0660864E+00 -5.2738419E-02
  6.0951143E-02 -1.0665137E+00 -5.3184235E-02
  6.1466545E-02 -1.0669287E+00 -5.3633800E-02
  6.1986286E-02 -1.0673330E+00 -5.4087146E-02
  6.2510401E-02 -1.0677283E+00 -5.4544306E-02
  6.3038928E-02 -1.0681165E+00 -5.5005311E-02
  6.3571904E-02 -1.0685000E+00 -5.5470193E-02
  6.4109366E-02 -1.0688812E+00 -5.5938986E-02
  6.4651352E-02 -1.0692629E+00 -5.6411722E-02
  6.5197900E-02 -1.0696483E+00 -5.6888435E-02
  6.5749049E-02 -1.0700411E+00 -5.7369158E-02
  6.6304837E-02 -1.0704450E+00 -5.7853924E-02
  6.6865303E-02 -1.0708646E+00 -5.8342768E-02
  6.7430487E-02 -1.0713046E+00 -5.8835724E-02
  6.8000428E-02 -1.0717704E+00 -5.9332827E-02
  6.8575167E-02 -1.0722677E+00 -5.9834112E-02
  6.9154744E-02 -1.0728029E+00 -6.0339613E-02
  6.9739199E-02 -1.0733826E+00 -6.0849368E-02
  7.0328573E-02 -1.0740142E+00 -6.1363410E-02
  7.0922909E-02 -1.0747054E+00 -6.1881777E-02
  7.1522247E-02 -1.0754646E+00 -6.2404505E-02
  7.2126631E-02 -1.0763004E+00 -6.2931631E-02
  7.2736101E-02 -1.0772220E+00 -6.3463192E-02
  7.3350702E-02 -1.0782391E+00 -6.3999226E-02
  7.3970476E-02 -1.0793614E+00 -6.4539769E-02
  7.4595467E-02 -1.0805993E+00 -6.5084861E-02
  7.5225719E-02 -1.0819633E+00 -6.5634539E-02
  7.5861276E-02 -1.0834639E+00 -6.6188842E-02
  7.6502182E-02 -1.0851121E+00 -6.6747810E-02
  7.7148484E-02 -1.0869185E+00 -6.7311482E-02
  7.7800225E-02 -1.0888939E+00 -6.7879897E-02
  7.8457453E-02 -1.0910490E+00 -6.8453096E-02
  7.9120213E-02 -1.0933939E+00 -6.9031120E-02
  7.9788551E-02 -1.0959388E+00 -6.9614008E-02
  8.0462515E-02 -1.0986933E+00 -7.0201803E-02
  8.1142152E-02 -1.1016663E+00 -7.0794545E-02
  8.1827510E-02 -1.1048664E+00 -7.1392277E-02
  8.2518637E-02 -1.1083012E+00 -7.1995041E-02
  8.3215581E-02 -1.1119777E+00 -7.2602879E-02
  8.3918392E-02 -1.1159020E+00 -7.3215835E-02
  8.4627119E-02 -1.1200792E+00 -7.3833952E-02
  8.5341811E-02 -1.1245135E+00 -7.4457273E-02
  8.6062519E-02 -1.1292081E+00 -7.5085844E-02
  8.6789293E-02 -1.1341649E+00 -7.5719708E-02
  8.7522186E-02 -1.1393850E+00 -7.6358910E-02
  8.8261247E-02 -1.1448679E+00 -7.7003496E-02
  8.9006529E-02 -1.1506125E+00 -7.7653511E-02
  8.9758084E-02 -1.1566162E+00 -7.8309002E-02
  9.0515966E-02 -1.1628753E+00 -7.8970015E-02
  9.1280227E-02 -1.1693851E+00 -7.9636597E-02
  9.2050921E-02 -1.1761398E+00 -8.0308796E-02
  9.2828103E-02 -1.1831325E+00 -8.0986659E-02
  9.3611826E-02 -1.1903556E+00 -8.1670234E-02
  9.4402146E-02 -1.1978002E+00 -8.2359570E-02
  9.5199118E-02 -1.2054570E+00 -8.3054717E-02
  9.6002799E-02 -1.2133156E+00 -8.3755722E-02
  9.6813245E-02 -1.2213654E+00 -8.4462638E-02
  9.7630513E-02 -1.2295948E+00 -8.5175513E-02
  9.8454660E-02 -1.2379922E+00 -8.5894399E-02
  9.9285744E-02 -1.2465453E+00 -8.6619347E-02
  1.0012382E-01 -1.2552419E+00 -8.7350408E-02
  1.0096896E-01 -1.2640696E+00 -8.8087635E-02
  1.0182121E-01 -1.2730158E+00 -8.8831080E-02
  1.0268063E-01 -1.2820682E+00 -8.9580796E-02
  1.0354728E-01 -1.2912145E+00 -9.0336836E-02
  1.0442123E-01 -1.3004427E+00 -9.1099254E-02
  1.0530254E-01 -1.3097411E+00 -9.1868105E-02
  1.0619127E-01 -1.3190983E+00 -9.2643444E-02
  1.0708747E-01 -1.3285034E+00 -9.3425325E-02
  1.0799122E-01 -1.3379459E+00 -9.4213803E-02
  1.0890258E-01 -1.3474155E+00 -9.5008936E-02
  1.0982161E-01 -1.3569026E+00 -9.5810779E-02
  1.1074837E-01 -1.3663981E+00 -9.6619390E-02
  1.1168294E-01 -1.3758932E+00 -9.7434825E-02
  1.1262537E-01 -1.3853796E+00 -9.8257142E-02
  1.1357574E-01 -1.3948493E+00 -9.9086399E-02
  1.1453410E-01 -1.4042950E+00 -9.9922655E-02
  1.1550053E-01 -1.4137093E+00 -1.0076597E-01
  1.1647510E-01 -1.4230857E+00 -1.0161640E-01
  1.1745787E-01 -1.4324177E+00 -1.0247400E-01
  1.1844891E-01 -1.4416990E+00 -1.0333884E-01
  1.1944829E-01 -1.4509239E+00 -1.0421098E-01
  1.2045609E-01 -1.4600866E+00 -1.0509048E-01
  1.2147237E-01 -1.4691819E+00 -1.0597739E-01
  1.2249720E-01 -1.4782044E+00 -1.0687177E-01
  1.2353066E-01 -1.4871493E+00 -1.0777370E-01
  1.2457282E-01 -1.4960117E+00 -1.0868323E-01
  1.2562375E-01 -1.5047869E+00 -1.0960041E-01
  1.2668353E-01 -1.5134704E+00 -1.1052532E-01
  1.2775223E-01 -1.5220578E+00 -1.1145802E-01
  1.2882992E-01 -1.5305450E+00 -1.1239856E-01
  1.2991669E-01 -1.5389278E+00 -1.1334700E-01
  1.3101260E-01 -1.5472022E+00 -1.1430342E-01
  1.3211774E-01 -1.5553644E+00 -1.1526786E-01
  1.3323218E-01 -1.5634105E+00 -1.1624039E-01
  1.3435600E-01 -1.5713370E+00 -1.1722108E-01
  1.3548928E-01 -1.5791402E+00 -1.1820997E-01
  1.3663210E-01 -1.5868168E+00 -1.1920713E-01
  1.3778453E-01 -1.5943634E+00 -1.2021262E-01
  1.3894667E-01 -1.6017767E+00 -1.2122650E-01
  1.4011860E-01 -1.6090535E+00 -1.2224882E-01
  1.4130038E-01 -1.6161907E+00 -1.2327965E-01
  1.4249212E-01 -1.6231854E+00 -1.2431902E-01
  1.4369388E-01 -1.6300346E+00 -1.2536701E-01
  1.4490576E-01 -1.6367355E+00 -1.2642366E-01
  1.4612784E-01 -1.6432852E+00 -1.2748903E-01
  1.4736021E-01 -1.6496811E+00 -1.2856316E-01
  1.4860295E-01 -1.6559204E+00 -1.2964610E-01
  1.4985616E-01 -1.6620007E+00 -1.3073789E-01
  1.5111991E-01 -1.6679193E+00 -1.3183859E-01
  1.5239430E-01 -1.6736738E+00 -1.3294822E-01
  1.5367941E-01 -1.6792618E+00 -1.3406683E-01
  1.5497534E-01 -1.6846809E+00 -1.3519445E-01
  1.5628219E-01 -1.6899287E+00 -1.3633112E-01
  1.5760003E-01 -1.6950031E+00 -1.3747685E-01
  1.5892896E-01 -1.6999018E+00 -1.3863168E-01
  1.6026908E-01 -1.7046226E+00 -1.3979562E-01
  1.6162048E-01 -1.7091634E+00 -1.4096868E-01
  1.6298326E-01 -1.7135222E+00 -1.4215088E-01
  1.6435751E-01 -1.7176969E+00 -1.4334221E-01
  1.6574332E-01 -1.7216856E+00 -1.4454268E-01
  1.6714080E-01 -1.7254864E+00 -1.4575228E-01
  1.6855004E-01 -1.7290974E+00 -1.4697098E-01
  1.6997115E-01 -1.7325169E+00 -1.4819876E-01
  1.7140422E-01 -1.7357432E+00 -1.4943560E-01
  1.7284935E-01 -1.7387745E+00 -1.5068145E-01
  1.7430664E-01 -1.7416095E+00 -1.5193625E-01
  1.7577620E-01 -1.7442465E+00 -1.5319995E-01
  1.7725813E-01 -1.7466843E+00 -1.5447248E-01
  1.7875254E-01 -1.7489214E+00 -1.5575376E-01
  1.8025952E-01 -1.7509567E+00 -1.5704368E-01
  1.8177919E-01 -1.7527892E+00 -1.5834214E-01
  1.8331165E-01 -1.7544178E+00 -1.5964901E-01
  1.8485701E-01 -1.7558416E+00 -1.6096417E-01
  1.8641538E-01 -1.7570601E+00 -1.6228745E-01
  1.8798686E-01 -1.7580725E+00 -1.6361870E-01
  1.8957157E-01 -1.7588785E+00 -1.6495771E-01
  1.9116962E-01 -1.7594778E+00 -1.6630429E-01
  1.9278113E-01 -1.7598703E+00 -1.6765821E-01
  1.9440620E-01 -1.7600561E+00 -1.6901923E-01
  1.9604494E-01 -1.7600354E+00 -1.7038708E-01
  1.9769748E-01 -1.7598087E+00 -1.7176147E-01
  1.9936393E-01 -1.7593767E+00 -1.7314209E-01
  2.0104441E-01 -1.7587403E+00 -1.7452860E-01
  2.0273904E-01 -1.7579006E+00 -1.7592064E-01
  2.0444792E-01 -1.7568589E+00 -1.7731783E-01
  2.0617120E-01 -1.7556170E+00 -1.7871974E-01
  2.0790897E-01 -1.7541765E+00 -1.8012594E-01
  2.0966138E-01 -1.7525398E+00 -1.8153594E-01
  2.1142853E-01 -1.7507091E+00 -1.8294924E-01
  2.1321056E-01 -1.7486872E+00 -1.8436532E-01
  2.1500759E-01 -1.7464771E+00 -1.8578359E-01
  2.1681975E-01 -1.7440820E+00 -1.8720348E-01
  2.1864716E-01 -1.7415054E+00 -1.8862433E-01
  2.2048995E-01 -1.7387512E+00 -1.9004550E-01
  2.2234826E-01 -1.7358235E+00 -1.9146628E-01
  2.2422220E-01 -1.7327268E+00 -1.9288595E-01
  2.2611192E-01 -1.7294656E+00 -1.9430374E-01
  2.2801755E-01 -1.7260450E+00 -1.9571886E-01
  2.2993922E-01 -1.7224701E+00 -1.9713049E-01
  2.3187706E-01 -1.7187464E+00 -1.9853777E-01
  2.3383121E-01 -1.7148795E+00 -1.9993981E-01
  2.3580182E-01 -1.7108752E+00 -2.0133571E-01
  2.3778901E-01 -1.7067395E+00 -2.0272452E-01
  2.3979293E-01 -1.7024785E+00 -2.0410530E-01
  2.4181371E-01 -1.6980984E+00 -2.0547705E-01
  2.4385151E-01 -1.6936055E+00 -2.0683879E-01
  2.4590645E-01 -1.6890060E+00 -2.0818950E-01
  2.4797870E-01 -1.6843062E+00 -2.0952817E-01
  2.5006839E-01 -1.6795122E+00 -2.1085378E-01
  2.5217566E-01 -1.6746301E+00 -2.1216530E-01
  2.5430068E-01 -1.6696658E+00 -2.1346172E-01
  2.5644358E-01 -1.6646248E+00 -2.1474205E-01
  2.5860452E-01 -1.6595127E+00 -2.1600530E-01
  2.6078365E-01 -1.6543346E+00 -2.1725051E-01
  2.6298112E-01 -1.6490953E+00 -2.1847679E-01
  2.6519709E-01 -1.6437995E+00 -2.1968325E-01
  2.6743172E-01 -1.6384514E+00 -2.2086907E-01
  2.6968515E-01 -1.6330550E+00 -2.2203351E-01
  2.7195755E-01 -1.6276144E+00 -2.2317588E-01
  2.7424907E-01 -1.6221331E+00 -2.2429558E-01
  2.7655989E-01 -1.6166150E+00 -2.2539211E-01
  2.7889016E-01 -1.6110640E+00 -2.2646508E-01
  2.8124004E-01 -1.6054846E+00 -2.2751420E-01
  2.8360970E-01 -1.5998816E+00 -2.2853932E-01
  2.8599931E-01 -1.5942611E+00 -2.2954043E-01
  2.8840903E-01 -1.5886302E+00 -2.3051767E-01
  2.9083904E-01 -1.5829977E+00 -2.3147134E-01
  2.9328950E-01 -1.5773745E+00 -2.3240193E-01
  2.9576059E-01 -1.5717740E+00 -2.3331009E-01
  2.9825247E-01 -1.5662129E+00 -2.3419669E-01
  3.0076534E-01 -1.5607110E+00 -2.3506279E-01
  3.0329935E-01 -1.5552926E+00 -2.3590966E-01
  3.0585469E-01 -1.5499860E+00 -2.3673881E-01
  3.0843155E-01 -1.5448248E+00 -2.3755195E-01
  3.1103009E-01 -1.5398477E+00 -2.3835105E-01
  3.1365051E-01 -1.5350989E+00 -2.3913831E-01
  3.1629298E-01 -1.5306282E+00 -2.3991615E-01
  3.1895770E-01 -1.5264908E+00 -2.4068726E-01
  3.2164485E-01 -1.5227472E+00 -2.4145456E-01
  3.2435461E-01 -1.5194625E+00 -2.4222120E-01
  3.2708719E-01 -1.5167057E+00 -2.4299056E-01
  3.2984276E-01 -1.5145490E+00 -2.4376627E-01
  3.3262153E-01 -1.5130658E+00 -2.4455216E-01
  3.3542369E-01 -1.5123301E+00 -2.4535227E-01
  3.3824944E-01 -1.5124141E+00 -2.4617084E-01
  3.4109897E-01 -1.5133863E+00 -2.4701230E-01
  3.4397249E-01 -1.5153097E+00 -2.4788124E-01
  3.4687020E-01 -1.5182393E+00 -2.4878241E-01
  3.4979230E-01 -1.5222200E+00 -2.4972066E-01
  3.5273899E-01 -1.5272846E+00 -2.5070100E-01
  3.5571049E-01 -1.5334515E+00 -2.5172849E-01
  3.5870700E-01 -1.5407233E+00 -2.5280828E-01
  3.6172873E-01 -1.5490860E+00 -2.5394556E-01
  3.6477590E-01 -1.5585076E+00 -2.5514554E-01
  3.6784871E-01 -1.5689392E+00 -2.5641341E-01
  3.7094739E-01 -1.5803151E+00 -2.5775437E-01
  3.7407216E-01 -1.5925548E+00 -2.5917352E-01
  3.7722323E-01 -1.6055657E+00 -2.6067594E-01
  3.8040082E-01 -1.6192456E+00 -2.6226656E-01
  3.8360516E-01 -1.6334867E+00 -2.6395022E-01
  3.8683647E-01 -1.6481790E+00 -2.6573162E-01
  3.9009497E-01 -1.6632142E+00 -2.6761528E-01
  3.9338091E-01 -1.6784894E+00 -2.6960557E-01
  3.9669451E-01 -1.6939096E+00 -2.7170664E-01
  4.0003600E-01 -1.7093901E+00 -2.7392246E-01
  4.0340561E-01 -1.7248585E+00 -2.7625676E-01
  4.0680359E-01 -1.7402548E+00 -2.7871305E-01
  4.1023017E-01 -1.7555316E+00 -2.8129461E-01
  4.1368560E-01 -1.7706539E+00 -2.8400448E-01
  4.1717011E-01 -1.7855974E+00 -2.8684546E-01
  4.2068394E-01 -1.8003473E+00 -2.8982011E-01
  4.2422736E-01 -1.8148967E+00 -2.9293075E-01
  4.2780061E-01 -1.8292448E+00 -2.9617947E-01
  4.3140393E-01 -1.8433955E+00 -2.9956815E-01
  4.3503758E-01 -1.8573555E+00 -3.0309844E-01
  4.3870182E-01 -1.8711333E+00 -3.0677178E-01
  4.4239690E-01 -1.8847382E+00 -3.1058944E-01
  4.4612308E-01 -1.8981790E+00 -3.1455250E-01
  4.4988063E-01 -1.9114635E+00 -3.1866189E-01
  4.5366981E-01 -1.9245985E+00 -3.2291839E-01
  4.5749088E-01 -1.9375886E+00 -3.2732265E-01
  4.6134411E-01 -1.9504367E+00 -3.3187524E-01
  4.6522978E-01 -1.9631437E+00 -3.3657661E-01
  4.6914816E-01 -1.9757086E+00 -3.4142714E-01
  4.7309952E-01 -1.9881286E+00 -3.4642719E-01
  4.7708414E-01 -2.0003990E+00 -3.5157705E-01
  4.8110230E-01 -2.0125140E+00 -3.5687701E-01
  4.8515429E-01 -2.0244661E+00 -3.6232736E-01
  4.8924038E-01 -2.0362471E+00 -3.6792838E-01
  4.9336086E-01 -2.0478479E+00 -3.7368040E-01
  4.9751603E-01 -2.0592586E+00 -3.7958378E-01
  5.0170617E-01 -2.0704693E+00 -3.8563891E-01
  5.0593158E-01 -2.0814697E+00 -3.9184627E-01
  5.1019257E-01 -2.0922494E+00 -3.9820636E-01
  5.1448941E-01 -2.1027982E+00 -4.0471976E-01
  5.1882243E-01 -2.1131064E+00 -4.1138713E-01
  5.2319192E-01 -2.1231643E+00 -4.1820918E-01
  5.2759818E-01 -2.1329630E+00 -4.2518668E-01
  5.3204154E-01 -2.1424940E+00 -4.3232047E-01
  5.3652230E-01 -2.1517494E+00 -4.3961144E-01
  5.4104077E-01 -2.1607219E+00 -4.4706051E-01
  5.4559728E-01 -2.1694048E+00 -4.5466864E-01
  5.5019215E-01 -2.1777922E+00 -4.6243680E-01
  5.5482569E-01 -2.1858787E+00 -4.7036597E-01
  5.5949823E-01 -2.1936596E+00 -4.7845712E-01
  5.6421010E-01 -2.2011307E+00 -4.8671117E-01
  5.6896164E-01 -2.2082884E+00 -4.9512899E-01
  5.7375316E-01 -2.2151297E+00 -5.0371138E-01
  5.7858503E-01 -2.2216521E+00 -5.1245905E-01
  5.8345756E-01 -2.2278535E+00 -5.2137256E-01
  5.8837111E-01 -2.2337323E+00 -5.3045234E-01
  5.9332602E-01 -2.2392873E+00 -5.3969864E-01
  5.9832263E-01 -2.2445177E+00 -5.4911150E-01
  6.0336130E-01 -2.2494229E+00 -5.5869074E-01
  6.0844239E-01 -2.2540027E+00 -5.6843592E-01
  6.1356625E-01 -2.2582572E+00 -5.7834630E-01
  6.1873323E-01 -2.2621868E+00 -5.8842084E-01
  6.2394371E-01 -2.2657920E+00 -5.9865815E-01
  6.2919804E-01 -2.2690735E+00 -6.0905649E-01
  6.3449661E-01 -2.2720324E+00 -6.1961368E-01
  6.3983977E-01 -2.2746698E+00 -6.3032716E-01
  6.4522791E-01 -2.2769870E+00 -6.4119391E-01
  6.5066140E-01 -2.2789855E+00 -6.5221042E-01
  6.5614063E-01 -2.2806669E+00 -6.6337271E-01
  6.6166598E-01 -2.2820328E+00 -6.7467628E-01
  6.6723784E-01 -2.2830852E+00 -6.8611609E-01
  6.7285660E-01 -2.2838260E+00 -6.9768654E-01
  6.7852266E-01 -2.2842573E+00 -7.0938150E-01
  6.8423641E-01 -2.2843812E+00 -7.2119422E-01
  6.8999825E-01 -2.2842002E+00 -7.3311740E-01
  6.9580860E-01 -2.2837166E+00 -7.4514312E-01
  7.0166785E-01 -2.2829328E+00 -7.5726286E-01
  7.0757642E-01 -2.2818516E+00 -7.6946754E-01
  7.1353473E-01 -2.2804756E+00 -7.8174744E-01
  7.1954319E-01 -2.2788076E+00 -7.9409229E-01
  7.2560222E-01 -2.2768505E+00 -8.0649122E-01
  7.3171226E-01 -2.2746073E+00 -8.1893282E-01
  7.3787372E-01 -2.2720812E+00 -8.3140515E-01
  7.4408705E-01 -2.2692754E+00 -8.4389574E-01
  7.5035269E-01 -2.2661932E+00 -8.5639167E-01
  7.5667106E-01 -2.2628380E+00 -8.6887960E-01
  7.6304261E-01 -2.2592134E+00 -8.8134579E-01
  7.6946780E-01 -2.2553230E+00 -8.9377618E-01
  7.7594707E-01 -2.2511706E+00 -9.0615646E-01
  7.8248088E-01 -2.2467601E+00 -9.1847215E-01
  7.8906969E-01 -2.2420955E+00 -9.3070867E-01
  7.9571395E-01 -2.2371809E+00 -9.4285143E-01
  8.0241415E-01 -2.2320204E+00 -9.5488599E-01
  8.0917074E-01 -2.2266186E+00 -9.6679812E-01
  8.1598421E-01 -2.2209797E+00 -9.7857400E-01
  8.2285503E-01 -2.2151086E+00 -9.9020029E-01
  8.2978368E-01 -2.2090097E+00 -1.0016644E+00
  8.3677065E-01 -2.2026881E+00 -1.0129545E+00
  8.4381644E-01 -2.1961486E+00 -1.0240600E+00
  8.5092153E-01 -2.1893965E+00 -1.0349714E+00
  8.5808643E-01 -2.1824368E+00 -1.0456807E+00
  8.6531164E-01 -2.1752749E+00 -1.0561817E+00
  8.7259767E-01 -2.1679164E+00 -1.0664699E+00
  8.7994502E-01 -2.1603668E+00 -1.0765433E+00
  8.8735422E-01 -2.1526319E+00 -1.0864019E+00
  8.9482579E-01 -2.1447175E+00 -1.0960486E+00
  9.0236025E-01 -2.1366297E+00 -1.1054888E+00
  9.0995813E-01 -2.1283744E+00 -1.1147312E+00
  9.1761996E-01 -2.1199580E+00 -1.1237874E+00
  9.2534629E-01 -2.1113867E+00 -1.1326723E+00
  9.3313765E-01 -2.1026672E+00 -1.1414043E+00
  9.4099460E-01 -2.0938058E+00 -1.1500049E+00
  9.4891768E-01 -2.0848093E+00 -1.1584989E+00
  9.5690745E-01 -2.0756846E+00 -1.1669145E+00
  9.6496448E-01 -2.0664384E+00 -1.1752827E+00
  9.7308932E-01 -2.0570777E+00 -1.1836371E+00
  9.8128256E-01 -2.0476097E+00 -1.1920137E+00
  9.8954476E-01 -2.0380415E+00 -1.2004502E+00
  9.9787650E-01 -2.0283803E+00 -1.2089857E+00
  1.0062784E+00 -2.0186334E+00 -1.2176598E+00
  1.0147510E+00 -2.0088081E+00 -1.2265120E+00
  1.0232949E+00 -1.9989118E+00 -1.2355810E+00
  1.0319107E+00 -1.9889521E+00 -1.2449036E+00
  1.0405991E+00 -1.9789362E+00 -1.2545144E+00
  1.0493606E+00 -1.9688718E+00 -1.2644442E+00
  1.0581958E+00 -1.9587663E+00 -1.2747199E+00
  1.0671054E+00 -1.9486273E+00 -1.2853633E+00
  1.0760900E+00 -1.9384621E+00 -1.2963906E+00
  1.0851503E+00 -1.9282782E+00 -1.3078119E+00
  1.0942868E+00 -1.9180830E+00 -1.3196305E+00
  1.1035002E+00 -1.9078839E+00 -1.3318428E+00
  1.1127911E+00 -1.8976881E+00 -1.3444380E+00
  1.1221603E+00 -1.8875028E+00 -1.3573982E+00
  1.1316083E+00 -1.8773351E+00 -1.3706986E+00
  1.1411359E+00 -1.8671921E+00 -1.3843075E+00
  1.1507436E+00 -1.8570805E+00 -1.3981872E+00
  1.1604322E+00 -1.8470072E+00 -1.4122941E+00
  1.1702024E+00 -1.8369787E+00 -1.4265800E+00
  1.1800548E+00 -1.8270015E+00 -1.4409920E+00
  1.1899902E+00 -1.8170818E+00 -1.4554740E+00
  1.2000091E+00 -1.8072258E+00 -1.4699673E+00
  1.2101125E+00 -1.7974394E+00 -1.4844114E+00
  1.2203008E+00 -1.7877284E+00 -1.4987448E+00
  1.2305749E+00 -1.7780982E+00 -1.5129060E+00
  1.2409355E+00 -1.7685542E+00 -1.5268338E+00
  1.2513833E+00 -1.7591017E+00 -1.5404686E+00
  1.2619191E+00 -1.7497455E+00 -1.5537523E+00
  1.2725435E+00 -1.7404905E+00 -1.5666293E+00
  1.2832574E+00 -1.7313411E+00 -1.5790468E+00
  1.2940614E+00 -1.7223017E+00 -1.5909551E+00
  1.3049564E+00 -1.7133764E+00 -1.6023079E+00
  1.3159431E+00 -1.7045694E+00 -1.6130628E+00
  1.3270223E+00 -1.6958843E+00 -1.6231809E+00
  1.3381947E+00 -1.6873247E+00 -1.6326273E+00
  1.3494612E+00 -1.6788942E+00 -1.6413713E+00
  1.3608225E+00 -1.6705960E+00 -1.6493860E+00
  1.3722794E+00 -1.6624333E+00 -1.6566486E+00
  1.3838328E+00 -1.6544090E+00 -1.6631404E+00
  1.3954834E+00 -1.6465261E+00 -1.6688466E+00
  1.4072321E+00 -1.6387873E+00 -1.6737563E+00
  1.4190797E+00 -1.6311953E+00 -1.6778628E+00
  1.4310270E+00 -1.6237525E+00 -1.6811631E+00
  1.4430749E+00 -1.6164615E+00 -1.6836579E+00
  1.4552242E+00 -1.6093244E+00 -1.6853521E+00
  1.4674757E+00 -1.6023437E+00 -1.6862539E+00
  1.4798304E+00 -1.5955213E+00 -1.6863755E+00
  1.4922891E+00 -1.5888593E+00 -1.6857327E+00
  1.5048526E+00 -1.5823596E+00 -1.6843448E+00
  1.5175219E+00 -1.5760240E+00 -1.6822345E+00
  1.5302979E+00 -1.5698541E+00 -1.6794281E+00
  1.5431814E+00 -1.5638514E+00 -1.6759547E+00
  1.5561733E+00 -1.5580173E+00 -1.6718467E+00
  1.5692746E+00 -1.5523529E+00 -1.6671394E+00
  1.5824861E+00 -1.5468592E+00 -1.6618702E+00
  1.5958089E+00 -1.5415369E+00 -1.6560793E+00
  1.6092438E+00 -1.5363864E+00 -1.6498084E+00
  1.6227918E+00 -1.5314079E+00 -1.6431010E+00
  1.6364539E+00 -1.5266013E+00 -1.6360017E+00
  1.6502309E+00 -1.5219661E+00 -1.6285558E+00
  1.6641239E+00 -1.5175015E+00 -1.6208091E+00
  1.6781339E+00 -1.5132063E+00 -1.6128071E+00
  1.6922617E+00 -1.5090790E+00 -1.6045949E+00
  1.7065085E+00 -1.5051175E+00 -1.5962167E+00
  1.7208753E+00 -1.5013194E+00 -1.5877153E+00
  1.7353629E+00 -1.4976817E+00 -1.5791320E+00
  1.7499725E+00 -1.4942012E+00 -1.5705062E+00
  1.7647051E+00 -1.4908741E+00 -1.5618752E+00
  1.7795617E+00 -1.4876961E+00 -1.5532740E+00
  1.7945433E+00 -1.4846626E+00 -1.5447355E+00
  1.8096510E+00 -1.4817684E+00 -1.5362902E+00
  1.8248859E+00 -1.4790080E+00 -1.5279666E+00
  1.8402491E+00 -1.4763754E+00 -1.5197911E+00
  1.8557416E+00 -1.4738644E+00 -1.5117883E+00
  1.8713644E+00 -1.4714683E+00 -1.5039810E+00
  1.8871188E+00 -1.4691801E+00 -1.4963909E+00
  1.9030058E+00 -1.4669927E+00 -1.4890384E+00
  1.9190265E+00 -1.4648983E+00 -1.4819426E+00
  1.9351821E+00 -1.4628895E+00 -1.4751219E+00
  1.9514736E+00 -1.4609581E+00 -1.4685975E+00
  1.9679023E+00 -1.4590963E+00 -1.4623341E+00
  1.9844693E+00 -1.4572959E+00 -1.4563067E+00
  2.0011757E+00 -1.4555486E+00 -1.4516766E+00
  2.0180228E+00 -1.4538463E+00 -1.4495660E+00
  2.0350116E+00 -1.4521806E+00 -1.4487104E+00
  2.0521435E+00 -1.4505433E+00 -1.4478574E+00
  2.0694196E+00 -1.4489263E+00 -1.4470670E+00
  2.0868410E+00 -1.4473215E+00 -1.4463948E+00
  2.1044092E+00 -1.4457208E+00 -1.4455351E+00
  2.1221252E+00 -1.4441165E+00 -1.4441595E+00
  2.1399903E+00 -1.4425008E+00 -1.4425104E+00
  2.1580058E+00 -1.4408660E+00 -1.4408648E+00
  2.1761730E+00 -1.4392049E+00 -1.4392049E+00
  2.1944930E+00 -1.4375102E+00 -1.4375102E+00
  2.2129673E+00 -1.4357749E+00 -1.4357749E+00
  2.2315971E+00 -1.4339921E+00 -1.4339921E+00
  2.2503837E+00 -1.4321551E+00 -1.4321551E+00
  2.2693284E+00 -1.4302575E+00 -1.4302575E+00
  2.2884326E+00 -1.4282931E+00 -1.4282931E+00
  2.3076976E+00 -1.4262557E+00 -1.4262557E+00
  2.3271248E+00 -1.4241396E+00 -1.4241396E+00
  2.3467155E+00 -1.4219390E+00 -1.4219390E+00
  2.3664711E+00 -1.4196485E+00 -1.4196485E+00
  2.3863930E+00 -1.4172628E+00 -1.4172628E+00
  2.4064826E+00 -1.4147767E+00 -1.4147767E+00
  2.4267412E+00 -1.4121854E+00 -1.4121854E+00
  2.4471704E+00 -1.4094841E+00 -1.4094841E+00
  2.4677716E+00 -1.4066682E+00 -1.4066682E+00
  2.4885462E+00 -1.4037334E+00 -1.4037334E+00
  2.5094956E+00 -1.4006755E+00 -1.4006755E+00
  2.5306214E+00 -1.3974903E+00 -1.3974903E+00
  2.5519250E+00 -1.3941742E+00 -1.3941742E+00
  2.5734079E+00 -1.3907233E+00 -1.3907233E+00
  2.5950717E+00 -1.3871342E+00 -1.3871342E+00
  2.6169178E+00 -1.3834036E+00 -1.3834036E+00
  2.6389478E+00 -1.3795285E+00 -1.3795285E+00
  2.6611632E+00 -1.3755059E+00 -1.3755059E+00
  2.6835657E+00 -1.3713331E+00 -1.3713331E+00
  2.7061567E+00 -1.3670077E+00 -1.3670077E+00
  2.7289378E+00 -1.3625274E+00 -1.3625274E+00
  2.7519107E+00 -1.3578904E+00 -1.3578904E+00
  2.7750770E+00 -1.3530948E+00 -1.3530948E+00
  2.7984383E+00 -1.3481394E+00 -1.3481394E+00
  2.8219962E+00 -1.3430229E+00 -1.3430229E+00
  2.8457525E+00 -1.3377446E+00 -1.3377446E+00
  2.8697087E+00 -1.3323041E+00 -1.3323041E+00
  2.8938665E+00 -1.3267012E+00 -1.3267012E+00
  2.9182277E+00 -1.3209362E+00 -1.3209362E+00
  2.9427939E+00 -1.3150097E+00 -1.3150097E+00
  2.9675670E+00 -1.3089230E+00 -1.3089230E+00
  2.9925485E+00 -1.3026775E+00 -1.3026775E+00
  3.0177403E+00 -1.2962752E+00 -1.2962752E+00
  3.0431442E+00 -1.2897186E+00 -1.2897186E+00
  3.0687619E+00 -1.2830106E+00 -1.2830106E+00
  3.0945953E+00 -1.2761548E+00 -1.2761548E+00
  3.1206461E+00 -1.2691549E+00 -1.2691549E+00
  3.1469162E+00 -1.2620156E+00 -1.2620156E+00
  3.1734074E+00 -1.2547419E+00 -1.2547419E+00
  3.2001216E+00 -1.2473392E+00 -1.2473392E+00
  3.2270606E+00 -1.2398136E+00 -1.2398136E+00
  3.2542264E+00 -1.2321716E+00 -1.2321716E+00
  3.2816209E+00 -1.2244205E+00 -1.2244205E+00
  3.3092460E+00 -1.2165675E+00 -1.2165675E+00
  3.3371036E+00 -1.2086209E+00 -1.2086209E+00
  3.3651957E+00 -1.2005890E+00 -1.2005890E+00
  3.3935242E+00 -1.1924807E+00 -1.1924807E+00
  3.4220912E+00 -1.1843051E+00 -1.1843051E+00
  3.4508987E+00 -1.1760719E+00 -1.1760719E+00
  3.4799486E+00 -1.1677908E+00 -1.1677908E+00
  3.5092431E+00 -1.1594720E+00 -1.1594720E+00
  3.5387842E+00 -1.1511257E+00 -1.1511257E+00
  3.5685739E+00 -1.1427622E+00 -1.1427622E+00
  3.5986144E+00 -1.1343921E+00 -1.1343921E+00
  3.6289077E+00 -1.1260258E+00 -1.1260258E+00
  3.6594560E+00 -1.1176737E+00 -1.1176737E+00
  3.6902615E+00 -1.1093462E+00 -1.1093462E+00
  3.7213262E+00 -1.1010534E+00 -1.1010534E+00
  3.7526525E+00 -1.0928052E+00 -1.0928052E+00
  3.7842424E+00 -1.0846113E+00 -1.0846113E+00
  3.8160983E+00 -1.0764807E+00 -1.0764807E+00
  3.8482222E+00 -1.0684225E+00 -1.0684225E+00
  3.8806166E+00 -1.0604448E+00 -1.0604448E+00
  3.9132837E+00 -1.0525556E+00 -1.0525556E+00
  3.9462257E+00 -1.0447620E+00 -1.0447620E+00
  3.9794450E+00 -1.0370707E+00 -1.0370707E+00
  4.0129439E+00 -1.0294874E+00 -1.0294874E+00
  4.0467249E+00 -1.0220175E+00 -1.0220175E+00
  4.0807901E+00 -1.0146652E+00 -1.0146652E+00
  4.1151421E+00 -1.0074342E+00 -1.0074342E+00
  4.1497833E+00 -1.0003273E+00 -1.0003273E+00
  4.1847160E+00 -9.9334645E-01 -9.9334645E-01
  4.2199428E+00 -9.8649265E-01 -9.8649265E-01
  4.2554661E+00 -9.7976613E-01 -9.7976613E-01
  4.2912884E+00 -9.7316619E-01 -9.7316619E-01
  4.3274122E+00 -9.6669125E-01 -9.6669125E-01
  4.3638402E+00 -9.6033882E-01 -9.6033882E-01
  4.4005747E+00 -9.5410556E-01 -9.5410556E-01
  4.4376185E+00 -9.4798725E-01 -9.4798725E-01
  4.4749740E+00 -9.4197884E-01 -9.4197884E-01
  4.5126440E+00 -9.3607445E-01 -9.3607445E-01
  4.5506311E+00 -9.3026741E-01 -9.3026741E-01
  4.5889379E+00 -9.2455030E-01 -9.2455030E-01
  4.6275672E+00 -9.1891499E-01 -9.1891499E-01
  4.6665217E+00 -9.1335269E-01 -9.1335269E-01
  4.7058040E+00 -9.0785399E-01 -9.0785399E-01
  4.7454170E+00 -9.0240891E-01 -9.0240891E-01
  4.7853634E+00 -8.9700701E-01 -8.9700701E-01
  4.8256461E+00 -8.9163738E-01 -8.9163738E-01
  4.8662678E+00 -8.8628876E-01 -8.8628876E-01
  4.9072315E+00 -8.8094960E-01 -8.8094960E-01
  4.9485400E+00 -8.7560814E-01 -8.7560814E-01
  4.9901962E+00 -8.7025245E-01 -8.7025245E-01
  5.0322030E+00 -8.6487059E-01 -8.6487059E-01
  5.0745635E+00 -8.5945058E-01 -8.5945058E-01
  5.1172804E+00 -8.5398059E-01 -8.5398059E-01
  5.1603570E+00 -8.4844894E-01 -8.4844894E-01
  5.2037961E+00 -8.4284423E-01 -8.4284423E-01
  5.2476009E+00 -8.3715537E-01 -8.3715537E-01
  5.2917744E+00 -8.3137173E-01 -8.3137173E-01
  5.3363198E+00 -8.2548312E-01 -8.2548312E-01
  5.3812401E+00 -8.1947993E-01 -8.1947993E-01
  5.4265385E+00 -8.1335316E-01 -8.1335316E-01
  5.4722182E+00 -8.0709450E-01 -8.0709450E-01
  5.5182824E+00 -8.0069636E-01 -8.0069636E-01
  5.5647343E+00 -7.9415192E-01 -7.9415192E-01
  5.6115773E+00 -7.8745521E-01 -7.8745521E-01
  5.6588145E+00 -7.8060107E-01 -7.8060107E-01
  5.7064494E+00 -7.7358524E-01 -7.7358524E-01
  5.7544852E+00 -7.6640436E-01 -7.6640436E-01
  5.8029254E+00 -7.5905594E-01 -7.5905594E-01
  5.8517733E+00 -7.5153844E-01 -7.5153844E-01
  5.9010323E+00 -7.4385119E-01 -7.4385119E-01
  5.9507060E+00 -7.3599443E-01 -7.3599443E-01
  6.0007979E+00 -7.2796926E-01 -7.2796926E-01
  6.0513113E+00 -7.1977765E-01 -7.1977765E-01
  6.1022500E+00 -7.1142237E-01 -7.1142237E-01
  6.1536174E+00 -7.0290697E-01 -7.0290697E-01
  6.2054173E+00 -6.9423575E-01 -6.9423575E-01
  6.2576531E+00 -6.8541372E-01 -6.8541372E-01
  6.3103286E+00 -6.7644652E-01 -6.7644652E-01
  6.3634475E+00 -6.6734039E-01 -6.6734039E-01
  6.4170136E+00 -6.5810215E-01 -6.5810215E-01
  6.4710305E+00 -6.4873907E-01 -6.4873907E-01
  6.5255021E+00 -6.3925890E-01 -6.3925890E-01
  6.5804322E+00 -6.2966973E-01 -6.2966973E-01
  6.6358247E+00 -6.1998003E-01 -6.1998003E-01
  6.6916835E+00 -6.1019850E-01 -6.1019850E-01
  6.7480124E+00 -6.0033410E-01 -6.0033410E-01
  6.8048155E+00 -5.9039592E-01 -5.9039592E-01
  6.8620967E+00 -5.8039322E-01 -5.8039322E-01
  6.9198601E+00 -5.7033530E-01 -5.7033530E-01
  6.9781096E+00 -5.6023150E-01 -5.6023150E-01
  7.0368495E+00 -5.5009115E-01 -5.5009115E-01
  7.0960839E+00 -5.3992353E-01 -5.3992353E-01
  7.1558168E+00 -5.2973784E-01 -5.2973784E-01
  7.2160525E+00 -5.1954314E-01 -5.1954314E-01
  7.2767953E+00 -5.0934835E-01 -5.0934835E-01
  7.3380493E+00 -4.9916223E-01 -4.9916223E-01
  7.3998190E+00 -4.8899331E-01 -4.8899331E-01
  7.4621086E+00 -4.7884990E-01 -4.7884990E-01
  7.5249225E+00 -4.6874008E-01 -4.6874008E-01
  7.5882651E+00 -4.5867167E-01 -4.5867167E-01
  7.6521410E+00 -4.4865219E-01 -4.4865219E-01
  7.7165545E+00 -4.3868891E-01 -4.3868891E-01
  7.7815101E+00 -4.2878879E-01 -4.2878879E-01
  7.8470126E+00 -4.1895848E-01 -4.1895848E-01
  7.9130664E+00 -4.0920433E-01 -4.0920433E-01
  7.9796762E+00 -3.9953238E-01 -3.9953238E-01
  8.0468467E+00 -3.8994837E-01 -3.8994837E-01
  8.1145825E+00 -3.8045770E-01 -3.8045770E-01
  8.1828886E+00 -3.7106548E-01 -3.7106548E-01
  8.2517696E+00 -3.6177650E-01 -3.6177650E-01
  8.3212304E+00 -3.5259525E-01 -3.5259525E-01
  8.3912759E+00 -3.4352590E-01 -3.4352590E-01
  8.4619110E+00 -3.3457236E-01 -3.3457236E-01
  8.5331406E+00 -3.2573821E-01 -3.2573821E-01
  8.6049698E+00 -3.1702677E-01 -3.1702677E-01
  8.6774037E+00 -3.0844106E-01 -3.0844106E-01
  8.7504472E+00 -2.9998385E-01 -2.9998385E-01
  8.8241056E+00 -2.9165763E-01 -2.9165763E-01
  8.8983840E+00 -2.8346465E-01 -2.8346465E-01
  8.9732876E+00 -2.7540690E-01 -2.7540690E-01
  9.0488217E+00 -2.6748614E-01 -2.6748614E-01
  9.1249916E+00 -2.5970390E-01 -2.5970390E-01
  9.2018026E+00 -2.5206148E-01 -2.5206148E-01
  9.2792603E+00 -2.4455997E-01 -2.4455997E-01
  9.3573699E+00 -2.3720027E-01 -2.3720027E-01
  9.4361369E+00 -2.2998305E-01 -2.2998305E-01
  9.5155670E+00 -2.2290883E-01 -2.2290883E-01
  9.5956657E+00 -2.1597794E-01 -2.1597794E-01
  9.6764387E+00 -2.0919051E-01 -2.0919051E-01
  9.7578915E+00 -2.0254655E-01 -2.0254655E-01
  9.8400299E+00 -1.9604589E-01 -1.9604589E-01
  9.9228597E+00 -1.8968821E-01 -1.8968821E-01
  1.0006387E+01 -1.8347306E-01 -1.8347306E-01
  1.0090617E+01 -1.7739985E-01 -1.7739985E-01
  1.0175556E+01 -1.7146787E-01 -1.7146787E-01
  1.0261210E+01 -1.6567628E-01 -1.6567628E-01
  1.0347585E+01 -1.6002415E-01 -1.6002415E-01
  1.0434687E+01 -1.5451042E-01 -1.5451042E-01
  1.0522523E+01 -1.4913395E-01 -1.4913395E-01
  1.0611097E+01 -1.4389348E-01 -1.4389348E-01
  1.0700417E+01 -1.3878768E-01 -1.3878768E-01
  1.0790489E+01 -1.3381514E-01 -1.3381514E-01
  1.0881320E+01 -1.2897438E-01 -1.2897438E-01
  1.0972914E+01 -1.2426382E-01 -1.2426382E-01
  1.1065280E+01 -1.1968184E-01 -1.1968184E-01
  1.1158424E+01 -1.1522675E-01 -1.1522675E-01
  1.1252351E+01 -1.1089681E-01 -1.1089681E-01
  1.1347069E+01 -1.0669021E-01 -1.0669021E-01
  1.1442584E+01 -1.0260510E-01 -1.0260510E-01
  1.1538903E+01 -9.8639612E-02 -9.8639612E-02
  1.1636033E+01 -9.4791800E-02 -9.4791800E-02
  1.1733980E+01 -9.1059703E-02 -9.1059703E-02
  1.1832752E+01 -8.7441326E-02 -8.7441326E-02
  1.1932356E+01 -8.3934645E-02 -8.3934645E-02
  1.2032798E+01 -8.0537612E-02 -8.0537612E-02
  1.2134085E+01 -7.7248157E-02 -7.7248157E-02
  1.2236225E+01 -7.4064192E-02 -7.4064192E-02
  1.2339224E+01 -7.0983615E-02 -7.0983615E-02
  1.2443091E+01 -6.8004312E-02 -6.8004312E-02
  1.2547832E+01 -6.5124161E-02 -6.5124161E-02
  1.2653454E+01 -6.2341030E-02 -6.2341030E-02
  1.2759966E+01 -5.9652789E-02 -5.9652789E-02
  1.2867374E+01 -5.7057302E-02 -5.7057302E-02
  1.2975686E+01 -5.4552437E-02 -5.4552437E-02
  1.3084910E+01 -5.2136066E-02 -5.2136066E-02
  1.3195053E+01 -4.9806065E-02 -4.9806065E-02
  1.3306123E+01 -4.7560319E-02 -4.7560319E-02
  1.3418129E+01 -4.5396723E-02 -4.5396723E-02
  1.3531077E+01 -4.3313184E-02 -4.3313184E-02
  1.3644976E+01 -4.1307622E-02 -4.1307622E-02
  1.3759833E+01 -3.9377975E-02 -3.9377975E-02
  1.3875658E+01 -3.7522195E-02 -3.7522195E-02
  1.3992457E+01 -3.5738254E-02 -3.5738254E-02
  1.4110239E+01 -3.4024144E-02 -3.4024144E-02
  1.4229013E+01 -3.2377880E-02 -3.2377880E-02
  1.4348787E+01 -3.0797498E-02 -3.0797498E-02
  1.4469569E+01 -2.9281059E-02 -2.9281059E-02
  1.4591367E+01 -2.7826650E-02 -2.7826650E-02
  1.4714191E+01 -2.6432383E-02 -2.6432383E-02
  1.4838049E+01 -2.5096398E-02 -2.5096398E-02
  1.4962949E+01 -2.3816863E-02 -2.3816863E-02
  1.5088900E+01 -2.2591978E-02 -2.2591978E-02
  1.5215912E+01 -2.1419969E-02 -2.1419969E-02
  1.5343993E+01 -2.0299095E-02 -2.0299095E-02
  1.5473152E+01 -1.9227646E-02 -1.9227646E-02
  1.5603398E+01 -1.8203944E-02 -1.8203944E-02
  1.5734740E+01 -1.7226344E-02 -1.7226344E-02
  1.5867188E+01 -1.6293233E-02 -1.6293233E-02
  1.6000751E+01 -1.5403034E-02 -1.5403034E-02
  1.6135438E+01 -1.4554200E-02 -1.4554200E-02
  1.6271259E+01 -1.3745220E-02 -1.3745220E-02
  1.6408223E+01 -1.2974620E-02 -1.2974620E-02
  1.6546340E+01 -1.2240955E-02 -1.2240955E-02
  1.6685619E+01 -1.1542820E-02 -1.1542820E-02
  1.6826071E+01 -1.0878841E-02 -1.0878841E-02
  1.6967705E+01 -1.0247681E-02 -1.0247681E-02
  1.7110532E+01 -9.6480375E-03 -9.6480375E-03
  1.7254560E+01 -9.0786412E-03 -9.0786412E-03
  1.7399801E+01 -8.5382592E-03 -8.5382592E-03
  1.7546265E+01 -8.0256922E-03 -8.0256922E-03
  1.7693961E+01 -7.5397754E-03 -7.5397754E-03
  1.7842900E+01 -7.0793780E-03 -7.0793780E-03
  1.7993094E+01 -6.6434032E-03 -6.6434032E-03
  1.8144551E+01 -6.2307876E-03 -6.2307876E-03
  1.8297283E+01 -5.8405007E-03 -5.8405007E-03
  1.8451301E+01 -5.4715452E-03 -5.4715452E-03
  1.8606616E+01 -5.1229560E-03 -5.1229560E-03
  1.8763237E+01 -4.7938001E-03 -4.7938001E-03
  1.8921177E+01 -4.4831760E-03 -4.4831760E-03
  1.9080447E+01 -4.1902131E-03 -4.1902131E-03
  1.9241057E+01 -3.9140717E-03 -3.9140717E-03
  1.9403019E+01 -3.6539418E-03 -3.6539418E-03
  1.9566344E+01 -3.4090433E-03 -3.4090433E-03
  1.9731044E+01 -3.1786246E-03 -3.1786246E-03
  1.9897131E+01 -2.9619629E-03 -2.9619629E-03
  2.0064615E+01 -2.7583629E-03 -2.7583629E-03
  2.0233510E+01 -2.5671566E-03 -2.5671566E-03
  2.0403826E+01 -2.3877027E-03 -2.3877027E-03
  2.0575575E+01 -2.2193856E-03 -2.2193856E-03
  2.0748770E+01 -2.0616152E-03 -2.0616152E-03
  2.0923423E+01 -1.9138260E-03 -1.9138260E-03
  2.1099547E+01 -1.7754766E-03 -1.7754766E-03
  2.1277152E+01 -1.6460491E-03 -1.6460491E-03
  2.1456253E+01 -1.5250480E-03 -1.5250480E-03
  2.1636861E+01 -1.4120001E-03 -1.4120001E-03
  2.1818990E+01 -1.3064538E-03 -1.3064538E-03
  2.2002651E+01 -1.2079780E-03 -1.2079780E-03
  2.2187859E+01 -1.1161618E-03 -1.1161618E-03
  2.2374625E+01 -1.0306139E-03 -1.0306139E-03
  2.2562964E+01 -9.5096155E-04 -9.5096155E-04
  2.2752887E+01 -8.7685055E-04 -8.7685055E-04
  2.2944410E+01 -8.0794404E-04 -8.0794404E-04
  2.3137545E+01 -7.4392215E-04 -7.4392215E-04
  2.3332305E+01 -6.8448133E-04 -6.8448133E-04
  2.3528705E+01 -6.2933373E-04 -6.2933373E-04
  2.3726758E+01 -5.7820661E-04 -5.7820661E-04
  2.3926478E+01 -5.3084175E-04 -5.3084175E-04
  2.4127879E+01 -4.8699487E-04 -4.8699487E-04
  2.4330975E+01 -4.4643504E-04 -4.4643504E-04
  2.4535781E+01 -4.0894415E-04 -4.0894415E-04
  2.4742311E+01 -3.7431636E-04 -3.7431636E-04
  2.4950579E+01 -3.4235756E-04 -3.4235756E-04
  2.5160600E+01 -3.1288485E-04 -3.1288485E-04
  2.5372390E+01 -2.8572603E-04 -2.8572603E-04
  2.5585962E+01 -2.6071913E-04 -2.6071913E-04
  2.5801331E+01 -2.3771190E-04 -2.3771190E-04
  2.6018514E+01 -2.1656137E-04 -2.1656137E-04
  2.6237524E+01 -1.9713337E-04 -1.9713337E-04
  2.6458378E+01 -1.7930214E-04 -1.7930214E-04
  2.6681092E+01 -1.6294985E-04 -1.6294985E-04
  2.6905679E+01 -1.4796625E-04 -1.4796625E-04
  2.7132158E+01 -1.3424821E-04 -1.3424821E-04
  2.7360542E+01 -1.2169940E-04 -1.2169940E-04
  2.7590849E+01 -1.1022989E-04 -1.1022989E-04
  2.7823095E+01 -9.9755820E-05 -9.9755820E-05
  2.8057295E+01 -9.0199036E-05 -9.0199036E-05
  2.8293467E+01 -8.1486784E-05 -8.1486784E-05
  2.8531627E+01 -7.3551393E-05 -7.3551393E-05
  2.8771791E+01 -6.6329979E-05 -6.6329979E-05
  2.9013977E+01 -5.9764159E-05 -5.9764159E-05
  2.9258202E+01 -5.3799779E-05 -5.3799779E-05
  2.9504482E+01 -4.8386656E-05 -4.8386656E-05
  2.9752836E+01 -4.3478330E-05 -4.3478330E-05
  3.0003280E+01 -3.9031825E-05 -3.9031825E-05
  3.0255832E+01 -3.5007432E-05 -3.5007432E-05
  3.0510509E+01 -3.1368492E-05 -3.1368492E-05
  3.0767331E+01 -2.8081194E-05 -2.8081194E-05
  3.1026314E+01 -2.5114388E-05 -2.5114388E-05
  3.1287478E+01 -2.2439399E-05 -2.2439399E-05
  3.1550839E+01 -2.0029861E-05 -2.0029861E-05
  3.1816418E+01 -1.7861550E-05 -1.7861550E-05
  3.2084231E+01 -1.5912240E-05 -1.5912240E-05
  3.2354300E+01 -1.4161551E-05 -1.4161551E-05
  3.2626641E+01 -1.2590820E-05 -1.2590820E-05
  3.2901275E+01 -1.1182972E-05 -1.1182972E-05
  3.3178221E+01 -9.9224007E-06 -9.9224007E-06
  3.3457497E+01 -8.7948588E-06 -8.7948588E-06
  3.3739125E+01 -7.7873519E-06 -7.7873519E-06
  3.4023123E+01 -6.8880413E-06 -6.8880413E-06
  3.4309511E+01 -6.0861531E-06 -6.0861531E-06
  3.4598311E+01 -5.3718927E-06 -5.3718927E-06
  3.4889541E+01 -4.7363656E-06 -4.7363656E-06
  3.5183223E+01 -4.1715035E-06 -4.1715035E-06
  3.5479376E+01 -3.6699957E-06 -3.6699957E-06
  3.5778023E+01 -3.2252252E-06 -3.2252252E-06
  3.6079183E+01 -2.8312098E-06 -2.8312098E-06
  3.6382878E+01 -2.4825473E-06 -2.4825473E-06
  3.6689130E+01 -2.1743647E-06 -2.1743647E-06
  3.6997959E+01 -1.9022714E-06 -1.9022714E-06
  3.7309388E+01 -1.6623162E-06 -1.6623162E-06
  3.7623439E+01 -1.4509474E-06 -1.4509474E-06
  3.7940133E+01 -1.2649761E-06 -1.2649761E-06
  3.8259492E+01 -1.1015428E-06 -1.1015428E-06
  3.8581540E+01 -9.5808597E-07 -9.5808597E-07
  3.8906299E+01 -8.3231420E-07 -8.3231420E-07
  3.9233791E+01 -7.2218003E-07 -7.2218003E-07
  3.9564040E+01 -6.2585621E-07 -6.2585621E-07
  3.9897069E+01 -5.4171409E-07 -5.4171409E-07
  4.0232901E+01 -4.6830379E-07 -4.6830379E-07
  4.0571559E+01 -4.0433625E-07 -4.0433625E-07
  4.0913069E+01 -3.4866677E-07 -3.4866677E-07
  4.1257453E+01 -3.0028022E-07 -3.0028022E-07
  4.1604736E+01 -2.5827748E-07 -2.5827748E-07
  4.1954942E+01 -2.2186321E-07 -2.2186321E-07
  4.2308096E+01 -1.9033484E-07 -1.9033484E-07
  4.2664222E+01 -1.6307251E-07 -1.6307251E-07
  4.3023346E+01 -1.3953010E-07 -1.3953010E-07
  4.3385494E+01 -1.1922707E-07 -1.1922707E-07
  4.3750689E+01 -1.0174118E-07 -1.0174118E-07
  4.4118958E+01 -8.6701917E-08 -8.6701917E-08
  4.4490328E+01 -7.3784593E-08 -7.3784593E-08
  4.4864823E+01 -6.2705079E-08 -6.2705079E-08
  4.5242471E+01 -5.3215084E-08 -5.3215084E-08
  4.5623297E+01 -4.5097939E-08 -4.5097939E-08
  4.6007329E+01 -3.8164837E-08 -3.8164837E-08
  4.6394593E+01 -3.2251486E-08 -3.2251486E-08
  4.6785118E+01 -2.7215130E-08 -2.7215130E-08
  4.7178929E+01 -2.2931908E-08 -2.2931908E-08
  4.7576055E+01 -1.9294512E-08 -1.9294512E-08
  4.7976524E+01 -1.6210105E-08 -1.6210105E-08
  4.8380364E+01 -1.3598498E-08 -1.3598498E-08
  4.8787604E+01 -1.1390522E-08 -1.1390522E-08
  4.9198271E+01 -9.5266104E-09 -9.5266104E-09
  4.9612395E+01 -7.9555423E-09 -7.9555423E-09
  5.0030004E+01 -6.6333385E-09 -6.6333385E-09
  5.0451129E+01 -5.5222986E-09 -5.5222986E-09
  5.0875799E+01 -4.5901547E-09 -4.5901547E-09
  5.1304043E+01 -3.8093313E-09 -3.8093313E-09
  5.1735892E+01 -3.1563001E-09 -3.1563001E-09
  5.2171377E+01 -2.6110202E-09 -2.6110202E-09
  5.2610526E+01 -2.1564468E-09 -2.1564468E-09
  5.3053373E+01 -1.7781065E-09 -1.7781065E-09
  5.3499946E+01 -1.4637312E-09 -1.4637312E-09
  5.3950279E+01 -1.2029393E-09 -1.2029393E-09
  5.4404403E+01 -9.8695720E-10 -9.8695720E-10
  5.4862349E+01 -8.0838758E-10 -8.0838758E-10
  5.5324149E+01 -6.6099895E-10 -6.6099895E-10
  5.5789837E+01 -5.3955577E-10 -5.3955577E-10
  5.6259445E+01 -4.3966245E-10 -4.3966245E-10
  5.6733006E+01 -3.5763839E-10 -3.5763839E-10
  5.7210553E+01 -2.9040490E-10 -2.9040490E-10
  5.7692119E+01 -2.3539222E-10 -2.3539222E-10
  5.8177739E+01 -1.9045934E-10 -1.9045934E-10
  5.8667447E+01 -1.5382512E-10 -1.5382512E-10
  5.9161277E+01 -1.2401200E-10 -1.2401200E-10
  5.9659263E+01 -9.9792765E-11 -9.9792765E-11
  6.0161441E+01 -8.0155372E-11 -8.0155372E-11
  6.0667847E+01 -6.4262154E-11 -6.4262154E-11
  6.1178515E+01 -5.1423126E-11 -5.1423126E-11
  6.1693481E+01 -4.1071522E-11 -4.1071522E-11
  6.2212782E+01 -3.2740323E-11 -3.2740323E-11
  6.2736454E+01 -2.6049020E-11 -2.6049020E-11
  6.3264535E+01 -2.0685363E-11 -2.0685363E-11
  6.3797060E+01 -1.6393258E-11 -1.6393258E-11
  6.4334068E+01 -1.2966445E-11 -1.2966445E-11
  6.4875596E+01 -1.0235123E-11 -1.0235123E-11
  6.5421682E+01 -8.0635494E-12 -8.0635494E-12
  6.5972365E+01 -6.3387744E-12 -6.3387744E-12
  6.6527683E+01 -4.9734833E-12 -4.9734833E-12
  6.7087675E+01 -3.8938321E-12 -3.8938321E-12
  6.7652382E+01 -3.0428668E-12 -3.0428668E-12
  6.8221841E+01 -2.3719762E-12 -2.3719762E-12
  6.8796094E+01 -1.8460701E-12 -1.8460701E-12
  6.9375181E+01 -1.4334524E-12 -1.4334524E-12
  6.9959142E+01 -1.1102508E-12 -1.1102508E-12
  7.0548018E+01 -8.5776624E-13 -8.5776624E-13
  7.1141852E+01 -6.6204406E-13 -6.6204406E-13
  7.1740683E+01 -5.0978521E-13 -5.0978521E-13
  7.2344556E+01 -3.9130524E-13 -3.9130524E-13
  7.2953511E+01 -2.9983122E-13 -2.9983122E-13
  7.3567593E+01 -2.2890487E-13 -2.2890487E-13
  7.4186843E+01 -1.7491655E-13 -1.7491655E-13
  7.4811306E+01 -1.3265256E-13 -1.3265256E-13
  7.5441025E+01 -1.0112438E-13 -1.0112438E-13
  7.6076044E+01 -7.6114463E-14 -7.6114463E-14
  7.6716409E+01 -5.8290214E-14 -5.8290214E-14
  7.7362164E+01 -4.3620414E-14 -4.3620414E-14
  7.8013355E+01 -3.2730218E-14 -3.2730218E-14
  7.8670027E+01 -2.4475341E-14 -2.4475341E-14
  7.9332227E+01 -1.7965224E-14 -1.7965224E-14
  8.0000000E+01 -1.3612751E-14 -1.3612751E-14
