  0.0000000E+00 -8.58676434869465588E+00
  2.3518700E-06 -8.58676434872456618E+00
  4.7235366E-06 -8.58676434881457595E+00
  7.1151665E-06 -8.58676434896647223E+00
  9.5269277E-06 -8.58676434918187681E+00
  1.1958990E-05 -8.58676434946224632E+00
  1.4411523E-05 -8.58676434980929315E+00
  1.6884701E-05 -8.58676435022466222E+00
  1.9378696E-05 -8.58676435070995048E+00
  2.1893684E-05 -8.58676435126695381E+00
  2.4429842E-05 -8.58676435189739529E+00
  2.6987348E-05 -8.58676435260301929E+00
  2.9566381E-05 -8.58676435338568389E+00
  3.2167123E-05 -8.58676435424723117E+00
  3.4789757E-05 -8.58676435518953518E+00
  3.7434466E-05 -8.58676435621452505E+00
  4.0101437E-05 -8.58676435732414944E+00
  4.2790857E-05 -8.58676435852042097E+00
  4.5502915E-05 -8.58676435980536823E+00
  4.8237801E-05 -8.58676436118106068E+00
  5.0995708E-05 -8.58676436264964060E+00
  5.3776829E-05 -8.58676436421323430E+00
  5.6581360E-05 -8.58676436587405334E+00
  5.9409498E-05 -8.58676436763432704E+00
  6.2261442E-05 -8.58676436949635047E+00
  6.5137391E-05 -8.58676437146244709E+00
  6.8037549E-05 -8.58676437353497413E+00
  7.0962118E-05 -8.58676437571635987E+00
  7.3911305E-05 -8.58676437800906633E+00
  7.6885316E-05 -8.58676438041560530E+00
  7.9884360E-05 -8.58676438293850453E+00
  8.2908649E-05 -8.58676438558040012E+00
  8.5958394E-05 -8.58676438834393174E+00
  8.9033811E-05 -8.58676439123181900E+00
  9.2135114E-05 -8.58676439424680460E+00
  9.5262522E-05 -8.58676439739169872E+00
  9.8416255E-05 -8.58676440066935776E+00
  1.0159653E-04 -8.58676440408269848E+00
  1.0480358E-04 -8.58676440763469628E+00
  1.0803763E-04 -8.58676441132836743E+00
  1.1129889E-04 -8.58676441516679212E+00
  1.1458761E-04 -8.58676441915312161E+00
  1.1790401E-04 -8.58676442329056044E+00
  1.2124832E-04 -8.58676442758234515E+00
  1.2462079E-04 -8.58676443203181350E+00
  1.2802164E-04 -8.58676443664233702E+00
  1.3145112E-04 -8.58676444141736717E+00
  1.3490947E-04 -8.58676444636041936E+00
  1.3839693E-04 -8.58676445147506051E+00
  1.4191374E-04 -8.58676445676493749E+00
  1.4546015E-04 -8.58676446223374690E+00
  1.4903642E-04 -8.58676446788527592E+00
  1.5264279E-04 -8.58676447372337925E+00
  1.5627952E-04 -8.58676447975197377E+00
  1.5994685E-04 -8.58676448597505093E+00
  1.6364506E-04 -8.58676449239667505E+00
  1.6737440E-04 -8.58676449902099037E+00
  1.7113512E-04 -8.58676450585222462E+00
  1.7492751E-04 -8.58676451289465881E+00
  1.7875181E-04 -8.58676452015267699E+00
  1.8260831E-04 -8.58676452763074316E+00
  1.8649726E-04 -8.58676453533339235E+00
  1.9041896E-04 -8.58676454326524130E+00
  1.9437366E-04 -8.58676455143100448E+00
  1.9836165E-04 -8.58676455983547271E+00
  2.0238321E-04 -8.58676456848352032E+00
  2.0643862E-04 -8.58676457738015309E+00
  2.1052817E-04 -8.58676458653038743E+00
  2.1465214E-04 -8.58676459593941210E+00
  2.1881082E-04 -8.58676460561247090E+00
  2.2300451E-04 -8.58676461555490178E+00
  2.2723350E-04 -8.58676462577217059E+00
  2.3149808E-04 -8.58676463626980357E+00
  2.3579856E-04 -8.58676464705343889E+00
  2.4013524E-04 -8.58676465812885326E+00
  2.4450843E-04 -8.58676466950188200E+00
  2.4891842E-04 -8.58676468117849367E+00
  2.5336554E-04 -8.58676469316474744E+00
  2.5785009E-04 -8.58676470546682680E+00
  2.6237239E-04 -8.58676471809104491E+00
  2.6693275E-04 -8.58676473104376825E+00
  2.7153150E-04 -8.58676474433154979E+00
  2.7616896E-04 -8.58676475796101357E+00
  2.8084545E-04 -8.58676477193893639E+00
  2.8556131E-04 -8.58676478627220341E+00
  2.9031687E-04 -8.58676480096781347E+00
  2.9511245E-04 -8.58676481603288977E+00
  2.9994840E-04 -8.58676483147470826E+00
  3.0482506E-04 -8.58676484730069234E+00
  3.0974276E-04 -8.58676486351835244E+00
  3.1470186E-04 -8.58676488013532335E+00
  3.1970270E-04 -8.58676489715945657E+00
  3.2474564E-04 -8.58676491459867641E+00
  3.2983102E-04 -8.58676493246107597E+00
  3.3495921E-04 -8.58676495075489932E+00
  3.4013057E-04 -8.58676496948849177E+00
  3.4534545E-04 -8.58676498867042959E+00
  3.5060423E-04 -8.58676500830939204E+00
  3.5590728E-04 -8.58676502841421119E+00
  3.6125496E-04 -8.58676504899387716E+00
  3.6664766E-04 -8.58676507005758083E+00
  3.7208575E-04 -8.58676509161463564E+00
  3.7756962E-04 -8.58676511367456641E+00
  3.8309964E-04 -8.58676513624699211E+00
  3.8867621E-04 -8.58676515934176265E+00
  3.9429973E-04 -8.58676518296890734E+00
  3.9997058E-04 -8.58676520713863489E+00
  4.0568916E-04 -8.58676523186132101E+00
  4.1145588E-04 -8.58676525714746575E+00
  4.1727114E-04 -8.58676528300788178E+00
  4.2313535E-04 -8.58676530945352923E+00
  4.2904892E-04 -8.58676533649549434E+00
  4.3501226E-04 -8.58676536414513869E+00
  4.4102580E-04 -8.58676539241399084E+00
  4.4708997E-04 -8.58676542131382980E+00
  4.5320517E-04 -8.58676545085657850E+00
  4.5937185E-04 -8.58676548105439430E+00
  4.6559044E-04 -8.58676551191971349E+00
  4.7186137E-04 -8.58676554346510201E+00
  4.7818508E-04 -8.58676557570338517E+00
  4.8456203E-04 -8.58676560864763871E+00
  4.9099265E-04 -8.58676564231115513E+00
  4.9747740E-04 -8.58676567670744362E+00
  5.0401674E-04 -8.58676571185025495E+00
  5.1061112E-04 -8.58676574775364720E+00
  5.1726101E-04 -8.58676578443183658E+00
  5.2396687E-04 -8.58676582189935900E+00
  5.3072918E-04 -8.58676586017098309E+00
  5.3754841E-04 -8.58676589926172085E+00
  5.4442504E-04 -8.58676593918688624E+00
  5.5135956E-04 -8.58676597996202773E+00
  5.5835244E-04 -8.58676602160300639E+00
  5.6540419E-04 -8.58676606412594268E+00
  5.7251529E-04 -8.58676610754722347E+00
  5.7968625E-04 -8.58676615188358205E+00
  5.8691757E-04 -8.58676619715199330E+00
  5.9420976E-04 -8.58676624336972516E+00
  6.0156334E-04 -8.58676629055444707E+00
  6.0897880E-04 -8.58676633872397232E+00
  6.1645669E-04 -8.58676638789659208E+00
  6.2399753E-04 -8.58676643809085860E+00
  6.3160183E-04 -8.58676648932559949E+00
  6.3927015E-04 -8.58676654162005626E+00
  6.4700301E-04 -8.58676659499372619E+00
  6.5480097E-04 -8.58676664946656309E+00
  6.6266456E-04 -8.58676670505878725E+00
  6.7059434E-04 -8.58676676179092624E+00
  6.7859087E-04 -8.58676681968401745E+00
  6.8665471E-04 -8.58676687875937716E+00
  6.9478643E-04 -8.58676693903864852E+00
  7.0298660E-04 -8.58676700054396136E+00
  7.1125579E-04 -8.58676706329778661E+00
  7.1959458E-04 -8.58676712732296288E+00
  7.2800357E-04 -8.58676719264275157E+00
  7.3648334E-04 -8.58676725928084572E+00
  7.4503448E-04 -8.58676732726133096E+00
  7.5365761E-04 -8.58676739660870147E+00
  7.6235331E-04 -8.58676746734792928E+00
  7.7112222E-04 -8.58676753950433103E+00
  7.7996493E-04 -8.58676761310379000E+00
  7.8888208E-04 -8.58676768817257852E+00
  7.9787429E-04 -8.58676776473738101E+00
  8.0694218E-04 -8.58676784282541483E+00
  8.1608641E-04 -8.58676792246438048E+00
  8.2530760E-04 -8.58676800368243853E+00
  8.3460642E-04 -8.58676808650824697E+00
  8.4398351E-04 -8.58676817097090250E+00
  8.5343952E-04 -8.58676825710012892E+00
  8.6297514E-04 -8.58676834492611185E+00
  8.7259101E-04 -8.58676843447951121E+00
  8.8228783E-04 -8.58676852579162464E+00
  8.9206627E-04 -8.58676861889422405E+00
  9.0192702E-04 -8.58676871381964801E+00
  9.1187077E-04 -8.58676881060081065E+00
  9.2189822E-04 -8.58676890927120517E+00
  9.3201008E-04 -8.58676900986488789E+00
  9.4220705E-04 -8.58676911241652085E+00
  9.5248986E-04 -8.58676921696140028E+00
  9.6285922E-04 -8.58676932353533218E+00
  9.7331586E-04 -8.58676943217489708E+00
  9.8386052E-04 -8.58676954291726169E+00
  9.9449394E-04 -8.58676965580009544E+00
  1.0052169E-03 -8.58676977086192217E+00
  1.0160300E-03 -8.58676988814186792E+00
  1.0269342E-03 -8.58677000767969290E+00
  1.0379302E-03 -8.58677012951589447E+00
  1.0490188E-03 -8.58677025369165747E+00
  1.0602007E-03 -8.58677038024889505E+00
  1.0714767E-03 -8.58677050923023089E+00
  1.0828476E-03 -8.58677064067909335E+00
  1.0943142E-03 -8.58677077463955385E+00
  1.1058774E-03 -8.58677091115647606E+00
  1.1175378E-03 -8.58677105027562604E+00
  1.1292965E-03 -8.58677119204341288E+00
  1.1411541E-03 -8.58677133650713742E+00
  1.1531115E-03 -8.58677148371486965E+00
  1.1651696E-03 -8.58677163371552155E+00
  1.1773292E-03 -8.58677178655895545E+00
  1.1895911E-03 -8.58677194229571406E+00
  1.2019562E-03 -8.58677210097732591E+00
  1.2144254E-03 -8.58677226265627525E+00
  1.2269996E-03 -8.58677242738581548E+00
  1.2396796E-03 -8.58677259522020719E+00
  1.2524664E-03 -8.58677276621462404E+00
  1.2653607E-03 -8.58677294042522554E+00
  1.2783637E-03 -8.58677311790907716E+00
  1.2914760E-03 -8.58677329872430839E+00
  1.3046988E-03 -8.58677348293005771E+00
  1.3180328E-03 -8.58677367058635532E+00
  1.3314791E-03 -8.58677386175442869E+00
  1.3450386E-03 -8.58677405649653203E+00
  1.3587122E-03 -8.58677425487587875E+00
  1.3725009E-03 -8.58677445695689734E+00
  1.3864056E-03 -8.58677466280513002E+00
  1.4004274E-03 -8.58677487248718130E+00
  1.4145672E-03 -8.58677508607083340E+00
  1.4288261E-03 -8.58677530362506225E+00
  1.4432050E-03 -8.58677552522000553E+00
  1.4577049E-03 -8.58677575092703371E+00
  1.4723268E-03 -8.58677598081875004E+00
  1.4870719E-03 -8.58677621496897636E+00
  1.5019410E-03 -8.58677645345287033E+00
  1.5169353E-03 -8.58677669634682594E+00
  1.5320558E-03 -8.58677694372855704E+00
  1.5473036E-03 -8.58677719567718256E+00
  1.5626798E-03 -8.58677745227312350E+00
  1.5781854E-03 -8.58677771359822017E+00
  1.5938214E-03 -8.58677797973570023E+00
  1.6095892E-03 -8.58677825077022128E+00
  1.6254896E-03 -8.58677852678794551E+00
  1.6415238E-03 -8.58677880787646863E+00
  1.6576931E-03 -8.58677909412493356E+00
  1.6739984E-03 -8.58677938562401977E+00
  1.6904410E-03 -8.58677968246585621E+00
  1.7070220E-03 -8.58677998474435711E+00
  1.7237426E-03 -8.58678029255491992E+00
  1.7406039E-03 -8.58678060599455861E+00
  1.7576071E-03 -8.58678092516210789E+00
  1.7747534E-03 -8.58678125015794969E+00
  1.7920441E-03 -8.58678158108421563E+00
  1.8094803E-03 -8.58678191804487945E+00
  1.8270633E-03 -8.58678226114564858E+00
  1.8447943E-03 -8.58678261049406011E+00
  1.8626746E-03 -8.58678296619945947E+00
  1.8807053E-03 -8.58678332837309277E+00
  1.8988878E-03 -8.58678369712817968E+00
  1.9172234E-03 -8.58678407257986720E+00
  1.9357133E-03 -8.58678445484514974E+00
  1.9543589E-03 -8.58678484404315157E+00
  1.9731614E-03 -8.58678524029510548E+00
  1.9921221E-03 -8.58678564372419650E+00
  2.0112425E-03 -8.58678605445578391E+00
  2.0305238E-03 -8.58678647261733374E+00
  2.0499674E-03 -8.58678689833855202E+00
  2.0695746E-03 -8.58678733175144160E+00
  2.0893470E-03 -8.58678777299007834E+00
  2.1092857E-03 -8.58678822219096283E+00
  2.1293923E-03 -8.58678867949296887E+00
  2.1496681E-03 -8.58678914503728308E+00
  2.1701146E-03 -8.58678961896755766E+00
  2.1907332E-03 -8.58679010142985000E+00
  2.2115253E-03 -8.58679059257280031E+00
  2.2324925E-03 -8.58679109254752326E+00
  2.2536361E-03 -8.58679160150781406E+00
  2.2749578E-03 -8.58679211961004007E+00
  2.2964589E-03 -8.58679264701317990E+00
  2.3181409E-03 -8.58679318387912360E+00
  2.3400055E-03 -8.58679373037238314E+00
  2.3620542E-03 -8.58679428666036415E+00
  2.3842884E-03 -8.58679485291329136E+00
  2.4067098E-03 -8.58679542930431694E+00
  2.4293199E-03 -8.58679601600963238E+00
  2.4521203E-03 -8.58679661320828913E+00
  2.4751127E-03 -8.58679722108254850E+00
  2.4982986E-03 -8.58679783981781952E+00
  2.5216796E-03 -8.58679846960248305E+00
  2.5452575E-03 -8.58679911062835188E+00
  2.5690338E-03 -8.58679976309048243E+00
  2.5930102E-03 -8.58680042718711256E+00
  2.6171885E-03 -8.58680110312008260E+00
  2.6415703E-03 -8.58680179109461506E+00
  2.6661573E-03 -8.58680249131933238E+00
  2.6909513E-03 -8.58680320400658204E+00
  2.7159540E-03 -8.58680392937229087E+00
  2.7411671E-03 -8.58680466763604322E+00
  2.7665925E-03 -8.58680541902123728E+00
  2.7922319E-03 -8.58680618375502469E+00
  2.8180871E-03 -8.58680696206845973E+00
  2.8441600E-03 -8.58680775419663789E+00
  2.8704523E-03 -8.58680856037854667E+00
  2.8969659E-03 -8.58680938085728407E+00
  2.9237027E-03 -8.58681021588022730E+00
  2.9506645E-03 -8.58681106569883568E+00
  2.9778533E-03 -8.58681193056884950E+00
  3.0052710E-03 -8.58681281075052638E+00
  3.0329194E-03 -8.58681370650848841E+00
  3.0608006E-03 -8.58681461811182523E+00
  3.0889164E-03 -8.58681554583432849E+00
  3.1172689E-03 -8.58681648995442259E+00
  3.1458601E-03 -8.58681745075521086E+00
  3.1746919E-03 -8.58681842852469401E+00
  3.2037665E-03 -8.58681942355590699E+00
  3.2330857E-03 -8.58682043614673418E+00
  3.2626518E-03 -8.58682146660009771E+00
  3.2924667E-03 -8.58682251522427364E+00
  3.3225326E-03 -8.58682358233271081E+00
  3.3528515E-03 -8.58682466824414448E+00
  3.3834257E-03 -8.58682577328281482E+00
  3.4142572E-03 -8.58682689777849539E+00
  3.4453483E-03 -8.58682804206665118E+00
  3.4767010E-03 -8.58682920648833026E+00
  3.5083177E-03 -8.58683039139043558E+00
  3.5402004E-03 -8.58683159712591682E+00
  3.5723516E-03 -8.58683282405354298E+00
  3.6047734E-03 -8.58683407253835185E+00
  3.6374681E-03 -8.58683534295159312E+00
  3.6704380E-03 -8.58683663567075151E+00
  3.7036854E-03 -8.58683795107983094E+00
  3.7372127E-03 -8.58683928956936882E+00
  3.7710222E-03 -8.58684065153651410E+00
  3.8051162E-03 -8.58684203738529206E+00
  3.8394973E-03 -8.58684344752649409E+00
  3.8741677E-03 -8.58684488237793175E+00
  3.9091300E-03 -8.58684634236467303E+00
  3.9443866E-03 -8.58684782791880608E+00
  3.9799400E-03 -8.58684933947993478E+00
  4.0157926E-03 -8.58685087749516285E+00
  4.0519470E-03 -8.58685244241913281E+00
  4.0884057E-03 -8.58685403471424635E+00
  4.1251713E-03 -8.58685565485077440E+00
  4.1622464E-03 -8.58685730330709340E+00
  4.1996336E-03 -8.58685898056959473E+00
  4.2373355E-03 -8.58686068713299377E+00
  4.2753547E-03 -8.58686242350052709E+00
  4.3136939E-03 -8.58686419018385649E+00
  4.3523559E-03 -8.58686598770341192E+00
  4.3913433E-03 -8.58686781658848552E+00
  4.4306589E-03 -8.58686967737740581E+00
  4.4703054E-03 -8.58687157061760331E+00
  4.5102856E-03 -8.58687349686586465E+00
  4.5506023E-03 -8.58687545668849594E+00
  4.5912584E-03 -8.58687745066135832E+00
  4.6322568E-03 -8.58687947937005625E+00
  4.6736002E-03 -8.58688154341031940E+00
  4.7152916E-03 -8.58688364338800802E+00
  4.7573340E-03 -8.58688577991904722E+00
  4.7997303E-03 -8.58688795363010904E+00
  4.8424834E-03 -8.58689016515848103E+00
  4.8855964E-03 -8.58689241515205204E+00
  4.9290723E-03 -8.58689470427003876E+00
  4.9729141E-03 -8.58689703318275122E+00
  5.0171250E-03 -8.58689940257172069E+00
  5.0617080E-03 -8.58690181313036938E+00
  5.1066663E-03 -8.58690426556377950E+00
  5.1520030E-03 -8.58690676058887981E+00
  5.1977214E-03 -8.58690929893493404E+00
  5.2438246E-03 -8.58691188134362982E+00
  5.2903158E-03 -8.58691450856922778E+00
  5.3371984E-03 -8.58691718137865578E+00
  5.3844756E-03 -8.58691990055204180E+00
  5.4321508E-03 -8.58692266688284356E+00
  5.4802272E-03 -8.58692548117774379E+00
  5.5287083E-03 -8.58692834425725948E+00
  5.5775976E-03 -8.58693125695596038E+00
  5.6268983E-03 -8.58693422012243346E+00
  5.6766140E-03 -8.58693723461967018E+00
  5.7267482E-03 -8.58694030132541464E+00
  5.7773045E-03 -8.58694342113234654E+00
  5.8282862E-03 -8.58694659494816470E+00
  5.8796971E-03 -8.58694982369603999E+00
  5.9315407E-03 -8.58695310831488889E+00
  5.9838208E-03 -8.58695644975942685E+00
  6.0365408E-03 -8.58695984900073661E+00
  6.0897047E-03 -8.58696330702631805E+00
  6.1433161E-03 -8.58696682484026930E+00
  6.1973787E-03 -8.58697040346402574E+00
  6.2518964E-03 -8.58697404393619657E+00
  6.3068730E-03 -8.58697774731292895E+00
  6.3623123E-03 -8.58698151466848003E+00
  6.4182183E-03 -8.58698534709522399E+00
  6.4745949E-03 -8.58698924570407307E+00
  6.5314460E-03 -8.58699321162477425E+00
  6.5887757E-03 -8.58699724600630354E+00
  6.6465879E-03 -8.58700135001708276E+00
  6.7048868E-03 -8.58700552484532942E+00
  6.7636764E-03 -8.58700977169941559E+00
  6.8229608E-03 -8.58701409180819297E+00
  6.8827443E-03 -8.58701848642150445E+00
  6.9430310E-03 -8.58702295681016103E+00
  7.0038251E-03 -8.58702750426656891E+00
  7.0651310E-03 -8.58703213010519306E+00
  7.1269529E-03 -8.58703683566260523E+00
  7.1892952E-03 -8.58704162229809853E+00
  7.2521622E-03 -8.58704649139405163E+00
  7.3155585E-03 -8.58705144435617562E+00
  7.3794883E-03 -8.58705648261407006E+00
  7.4439563E-03 -8.58706160762153559E+00
  7.5089669E-03 -8.58706682085698070E+00
  7.5745248E-03 -8.58707212382389784E+00
  7.6406345E-03 -8.58707751805125064E+00
  7.7073006E-03 -8.58708300509388067E+00
  7.7745279E-03 -8.58708858653293028E+00
  7.8423211E-03 -8.58709426397634878E+00
  7.9106849E-03 -8.58710003905938457E+00
  7.9796242E-03 -8.58710591344489238E+00
  8.0491438E-03 -8.58711188882382537E+00
  8.1192485E-03 -8.58711796691595630E+00
  8.1899434E-03 -8.58712414947000546E+00
  8.2612333E-03 -8.58713043826425171E+00
  8.3331232E-03 -8.58713683510728210E+00
  8.4056183E-03 -8.58714334183813932E+00
  8.4787237E-03 -8.58714996032702338E+00
  8.5524444E-03 -8.58715669247575875E+00
  8.6267856E-03 -8.58716354021832551E+00
  8.7017526E-03 -8.58717050552155747E+00
  8.7773506E-03 -8.58717759038541750E+00
  8.8535849E-03 -8.58718479684370450E+00
  8.9304610E-03 -8.58719212696471246E+00
  9.0079841E-03 -8.58719958285165497E+00
  9.0861598E-03 -8.58720716664326922E+00
  9.1649935E-03 -8.58721488051457094E+00
  9.2444908E-03 -8.58722272667721143E+00
  9.3246572E-03 -8.58723070738032668E+00
  9.4054985E-03 -8.58723882491101698E+00
  9.4870202E-03 -8.58724708159511430E+00
  9.5692281E-03 -8.58725547979768677E+00
  9.6521280E-03 -8.58726402192371552E+00
  9.7357257E-03 -8.58727271041905915E+00
  9.8200271E-03 -8.58728154777061548E+00
  9.9050381E-03 -8.58729053650738550E+00
  9.9907646E-03 -8.58729967920119641E+00
  1.0077213E-02 -8.58730897846722208E+00
  1.0164389E-02 -8.58731843696475927E+00
  1.0252298E-02 -8.58732805739813365E+00
  1.0340948E-02 -8.58733784251729482E+00
  1.0430344E-02 -8.58734779511845225E+00
  1.0520492E-02 -8.58735791804527437E+00
  1.0611399E-02 -8.58736821418931484E+00
  1.0703071E-02 -8.58737868649082969E+00
  1.0795515E-02 -8.58738933793988402E+00
  1.0888737E-02 -8.58740017157686175E+00
  1.0982744E-02 -8.58741119049348001E+00
  1.1077542E-02 -8.58742239783360795E+00
  1.1173138E-02 -8.58743379679416741E+00
  1.1269538E-02 -8.58744539062595891E+00
  1.1366751E-02 -8.58745718263461910E+00
  1.1464781E-02 -8.58746917618155869E+00
  1.1563636E-02 -8.58748137468476713E+00
  1.1663324E-02 -8.58749378161997079E+00
  1.1763851E-02 -8.58750640052136838E+00
  1.1865224E-02 -8.58751923498278913E+00
  1.1967450E-02 -8.58753228865866092E+00
  1.2070537E-02 -8.58754556526480961E+00
  1.2174491E-02 -8.58755906857980911E+00
  1.2279320E-02 -8.58757280244590326E+00
  1.2385032E-02 -8.58758677076992960E+00
  1.2491634E-02 -8.58760097752460361E+00
  1.2599133E-02 -8.58761542674941936E+00
  1.2707537E-02 -8.58763012255196934E+00
  1.2816853E-02 -8.58764506910908310E+00
  1.2927089E-02 -8.58766027066759285E+00
  1.3038254E-02 -8.58767573154601394E+00
  1.3150354E-02 -8.58769145613559814E+00
  1.3263398E-02 -8.58770744890113491E+00
  1.3377393E-02 -8.58772371438279691E+00
  1.3492348E-02 -8.58774025719707623E+00
  1.3608270E-02 -8.58775708203793897E+00
  1.3725168E-02 -8.58777419367839556E+00
  1.3843050E-02 -8.58779159697163941E+00
  1.3961924E-02 -8.58780929685243599E+00
  1.4081799E-02 -8.58782729833844449E+00
  1.4202683E-02 -8.58784560653163886E+00
  1.4324585E-02 -8.58786422661971827E+00
  1.4447513E-02 -8.58788316387742512E+00
  1.4571475E-02 -8.58790242366816514E+00
  1.4696481E-02 -8.58792201144532186E+00
  1.4822539E-02 -8.58794193275384643E+00
  1.4949658E-02 -8.58796219323176935E+00
  1.5077847E-02 -8.58798279861159131E+00
  1.5207115E-02 -8.58800375472216082E+00
  1.5337472E-02 -8.58802506748994965E+00
  1.5468925E-02 -8.58804674294088954E+00
  1.5601485E-02 -8.58806878720195499E+00
  1.5735161E-02 -8.58809120650266600E+00
  1.5869962E-02 -8.58811400717712381E+00
  1.6005898E-02 -8.58813719566547462E+00
  1.6142978E-02 -8.58816077851582271E+00
  1.6281211E-02 -8.58818476238585227E+00
  1.6420609E-02 -8.58820915404460727E+00
  1.6561179E-02 -8.58823396037479903E+00
  1.6702933E-02 -8.58825918837406199E+00
  1.6845881E-02 -8.58828484515710144E+00
  1.6990031E-02 -8.58831093795783929E+00
  1.7135395E-02 -8.58833747413101101E+00
  1.7281982E-02 -8.58836446115442520E+00
  1.7429803E-02 -8.58839190663086960E+00
  1.7578869E-02 -8.58841981829012369E+00
  1.7729189E-02 -8.58844820399124487E+00
  1.7880775E-02 -8.58847707172447450E+00
  1.8033636E-02 -8.58850642961352762E+00
  1.8187784E-02 -8.58853628591777074E+00
  1.8343230E-02 -8.58856664903432510E+00
  1.8499984E-02 -8.58859752750052330E+00
  1.8658058E-02 -8.58862892999606942E+00
  1.8817462E-02 -8.58866086534544770E+00
  1.8978208E-02 -8.58869334252026029E+00
  1.9140307E-02 -8.58872637064155775E+00
  1.9303771E-02 -8.58875995898241840E+00
  1.9468610E-02 -8.58879411697045825E+00
  1.9634837E-02 -8.58882885419018649E+00
  1.9802463E-02 -8.58886418038564514E+00
  1.9971500E-02 -8.58890010546304339E+00
  2.0141960E-02 -8.58893663949347363E+00
  2.0313855E-02 -8.58897379271540373E+00
  2.0487197E-02 -8.58901157553749250E+00
  2.0661998E-02 -8.58904999854154561E+00
  2.0838270E-02 -8.58908907248498288E+00
  2.1016026E-02 -8.58912880830391501E+00
  2.1195278E-02 -8.58916921711607095E+00
  2.1376039E-02 -8.58921031022365433E+00
  2.1558322E-02 -8.58925209911633125E+00
  2.1742138E-02 -8.58929459547423058E+00
  2.1927503E-02 -8.58933781117121420E+00
  2.2114427E-02 -8.58938175827789863E+00
  2.2302925E-02 -8.58942644906467478E+00
  2.2493009E-02 -8.58947189600518080E+00
  2.2684694E-02 -8.58951811177952607E+00
  2.2877992E-02 -8.58956510927746741E+00
  2.3072917E-02 -8.58961290160194935E+00
  2.3269483E-02 -8.58966150207251466E+00
  2.3467703E-02 -8.58971092422869908E+00
  2.3667592E-02 -8.58976118183362125E+00
  2.3869164E-02 -8.58981228887762782E+00
  2.4072432E-02 -8.58986425958175559E+00
  2.4277411E-02 -8.58991710840157019E+00
  2.4484116E-02 -8.58997085003097283E+00
  2.4692560E-02 -8.59002549940591820E+00
  2.4902759E-02 -8.59008107170818036E+00
  2.5114728E-02 -8.59013758236940816E+00
  2.5328480E-02 -8.59019504707509185E+00
  2.5544032E-02 -8.59025348176854919E+00
  2.5761398E-02 -8.59031290265517455E+00
  2.5980594E-02 -8.59037332620627936E+00
  2.6201635E-02 -8.59043476916353477E+00
  2.6424537E-02 -8.59049724854337882E+00
  2.6649314E-02 -8.59056078164106474E+00
  2.6875984E-02 -8.59062538603512316E+00
  2.7104562E-02 -8.59069107959199130E+00
  2.7335064E-02 -8.59075788047053557E+00
  2.7567506E-02 -8.59082580712643207E+00
  2.7801905E-02 -8.59089487831689169E+00
  2.8038276E-02 -8.59096511310568189E+00
  2.8276638E-02 -8.59103653086754626E+00
  2.8517005E-02 -8.59110915129312680E+00
  2.8759396E-02 -8.59118299439418642E+00
  2.9003827E-02 -8.59125808050830031E+00
  2.9250316E-02 -8.59133443030401800E+00
  2.9498880E-02 -8.59141206478602193E+00
  2.9749535E-02 -8.59149100530029486E+00
  3.0002301E-02 -8.59157127353956263E+00
  3.0257194E-02 -8.59165289154838341E+00
  3.0514233E-02 -8.59173588172866687E+00
  3.0773435E-02 -8.59182026684545086E+00
  3.1034820E-02 -8.59190607003210083E+00
  3.1298404E-02 -8.59199331479598349E+00
  3.1564207E-02 -8.59208202502449225E+00
  3.1832248E-02 -8.59217222499062672E+00
  3.2102544E-02 -8.59226393935884936E+00
  3.2375116E-02 -8.59235719319110913E+00
  3.2649982E-02 -8.59245201195287400E+00
  3.2927162E-02 -8.59254842151923270E+00
  3.3206675E-02 -8.59264644818104983E+00
  3.3488541E-02 -8.59274611865124349E+00
  3.3772779E-02 -8.59284746007113931E+00
  3.4059410E-02 -8.59295050001688132E+00
  3.4348454E-02 -8.59305526650601337E+00
  3.4639930E-02 -8.59316178800399832E+00
  3.4933860E-02 -8.59327009343064496E+00
  3.5230264E-02 -8.59338021216737680E+00
  3.5529163E-02 -8.59349217406376908E+00
  3.5830579E-02 -8.59360600944419772E+00
  3.6134531E-02 -8.59372174911530884E+00
  3.6441041E-02 -8.59383942437284887E+00
  3.6750132E-02 -8.59395906700879486E+00
  3.7061825E-02 -8.59408070931860557E+00
  3.7376141E-02 -8.59420438410866616E+00
  3.7693103E-02 -8.59433012470353752E+00
  3.8012732E-02 -8.59445796495352354E+00
  3.8335053E-02 -8.59458793924211761E+00
  3.8660086E-02 -8.59472008249382391E+00
  3.8987855E-02 -8.59485443018186679E+00
  3.9318384E-02 -8.59499101833569412E+00
  3.9651694E-02 -8.59512988354929597E+00
  3.9987810E-02 -8.59527106298897969E+00
  4.0326755E-02 -8.59541459440124100E+00
  4.0668554E-02 -8.59556051612125671E+00
  4.1013229E-02 -8.59570886708086057E+00
  4.1360806E-02 -8.59585968681677670E+00
  4.1711308E-02 -8.59601301547916208E+00
  4.2064761E-02 -8.59616889383996430E+00
  4.2421189E-02 -8.59632736330141611E+00
  4.2780617E-02 -8.59648846590461702E+00
  4.3143070E-02 -8.59665224433829067E+00
  4.3508574E-02 -8.59681874194739848E+00
  4.3877155E-02 -8.59698800274199648E+00
  4.4248839E-02 -8.59716007140617400E+00
  4.4623651E-02 -8.59733499330688566E+00
  4.5001618E-02 -8.59751281450305882E+00
  4.5382767E-02 -8.59769358175455878E+00
  4.5767123E-02 -8.59787734253146674E+00
  4.6154715E-02 -8.59806414502322092E+00
  4.6545570E-02 -8.59825403814777900E+00
  4.6939715E-02 -8.59844707156107191E+00
  4.7337177E-02 -8.59864329566632613E+00
  4.7737985E-02 -8.59884276162337713E+00
  4.8142166E-02 -8.59904552135835765E+00
  4.8549750E-02 -8.59925162757307504E+00
  4.8960765E-02 -8.59946113375445442E+00
  4.9375239E-02 -8.59967409418437079E+00
  4.9793202E-02 -8.59989056394916496E+00
  5.0214683E-02 -8.60011059894928032E+00
  5.0639712E-02 -8.60033425590901146E+00
  5.1068319E-02 -8.60056159238622087E+00
  5.1500533E-02 -8.60079266678205734E+00
  5.1936386E-02 -8.60102753835068867E+00
  5.2375907E-02 -8.60126626720916754E+00
  5.2819128E-02 -8.60150891434715170E+00
  5.3266079E-02 -8.60175554163660117E+00
  5.3716793E-02 -8.60200621184175418E+00
  5.4171301E-02 -8.60226098862868049E+00
  5.4629634E-02 -8.60251993657517389E+00
  5.5091826E-02 -8.60278312118050259E+00
  5.5557907E-02 -8.60305060887503892E+00
  5.6027912E-02 -8.60332246702996351E+00
  5.6501874E-02 -8.60359876396693934E+00
  5.6979825E-02 -8.60387956896769346E+00
  5.7461798E-02 -8.60416495228354528E+00
  5.7947829E-02 -8.60445498514494034E+00
  5.8437951E-02 -8.60474973977079216E+00
  5.8932199E-02 -8.60504928937788449E+00
  5.9430607E-02 -8.60535370819011725E+00
  5.9933210E-02 -8.60566307144766540E+00
  6.0440043E-02 -8.60597745541603842E+00
  6.0951143E-02 -8.60629693739504376E+00
  6.1466545E-02 -8.60662159572765262E+00
  6.1986286E-02 -8.60695150980865975E+00
  6.2510401E-02 -8.60728676009326321E+00
  6.3038928E-02 -8.60762742810551806E+00
  6.3571904E-02 -8.60797359644654669E+00
  6.4109366E-02 -8.60832534880264433E+00
  6.4651352E-02 -8.60868276995323711E+00
  6.5197900E-02 -8.60904594577850979E+00
  6.5749049E-02 -8.60941496326697475E+00
  6.6304837E-02 -8.60978991052273734E+00
  6.6865303E-02 -8.61017087677259596E+00
  6.7430487E-02 -8.61055795237278510E+00
  6.8000428E-02 -8.61095122881562425E+00
  6.8575167E-02 -8.61135079873581155E+00
  6.9154744E-02 -8.61175675591640122E+00
  6.9739199E-02 -8.61216919529451452E+00
  7.0328573E-02 -8.61258821296685007E+00
  7.0922909E-02 -8.61301390619472329E+00
  7.1522247E-02 -8.61344637340882890E+00
  7.2126631E-02 -8.61388571421365867E+00
  7.2736101E-02 -8.61433202939160481E+00
  7.3350702E-02 -8.61478542090658017E+00
  7.3970476E-02 -8.61524599190735074E+00
  7.4595467E-02 -8.61571384673042928E+00
  7.5225719E-02 -8.61618909090250717E+00
  7.5861276E-02 -8.61667183114252921E+00
  7.6502182E-02 -8.61716217536332607E+00
  7.7148484E-02 -8.61766023267269610E+00
  7.7800225E-02 -8.61816611337412652E+00
  7.8457453E-02 -8.61867992896697288E+00
  7.9120213E-02 -8.61920179214618898E+00
  7.9788551E-02 -8.61973181680150091E+00
  8.0462515E-02 -8.62027011801612808E+00
  8.1142152E-02 -8.62081681206498907E+00
  8.1827510E-02 -8.62137201641227335E+00
  8.2518637E-02 -8.62193584970858673E+00
  8.3215581E-02 -8.62250843178754600E+00
  8.3918392E-02 -8.62308988366179463E+00
  8.4627119E-02 -8.62368032751845703E+00
  8.5341811E-02 -8.62427988671412393E+00
  8.6062519E-02 -8.62488868576914314E+00
  8.6789293E-02 -8.62550685036155151E+00
  8.7522186E-02 -8.62613450732036213E+00
  8.8261247E-02 -8.62677178461829541E+00
  8.9006529E-02 -8.62741881136407152E+00
  8.9758084E-02 -8.62807571779414317E+00
  9.0515966E-02 -8.62874263526400220E+00
  9.1280227E-02 -8.62941969623894067E+00
  9.2050921E-02 -8.63010703428442483E+00
  9.2828103E-02 -8.63080478405608886E+00
  9.3611826E-02 -8.63151308128927752E+00
  9.4402146E-02 -8.63223206278832400E+00
  9.5199118E-02 -8.63296186641552055E+00
  9.6002799E-02 -8.63370263107983682E+00
  9.6813245E-02 -8.63445449672551213E+00
  9.7630513E-02 -8.63521760432047714E+00
  9.8454660E-02 -8.63599209584479155E+00
  9.9285744E-02 -8.63677811427906761E+00
  1.0012382E-01 -8.63757580359314581E+00
  1.0096896E-01 -8.63838530873484522E+00
  1.0182121E-01 -8.63920677561920591E+00
  1.0268063E-01 -8.64004035111813096E+00
  1.0354728E-01 -8.64088618305063427E+00
  1.0442123E-01 -8.64174442017384337E+00
  1.0530254E-01 -8.64261521217493112E+00
  1.0619127E-01 -8.64349870966407963E+00
  1.0708747E-01 -8.64439506416875858E+00
  1.0799122E-01 -8.64530442812941402E+00
  1.0890258E-01 -8.64622695489695481E+00
  1.0982161E-01 -8.64716279873201721E+00
  1.1074837E-01 -8.64811211480658493E+00
  1.1168294E-01 -8.64907505920793618E+00
  1.1262537E-01 -8.65005178894544535E+00
  1.1357574E-01 -8.65104246196042581E+00
  1.1453410E-01 -8.65204723713943658E+00
  1.1550053E-01 -8.65306627433139397E+00
  1.1647510E-01 -8.65409973436884528E+00
  1.1745787E-01 -8.65514777909394439E+00
  1.1844891E-01 -8.65621057138942085E+00
  1.1944829E-01 -8.65728827521521183E+00
  1.2045609E-01 -8.65838105565109650E+00
  1.2147237E-01 -8.65948907894597397E+00
  1.2249720E-01 -8.66061251257440823E+00
  1.2353066E-01 -8.66175152530097314E+00
  1.2457282E-01 -8.66290628725303691E+00
  1.2562375E-01 -8.66407697000279420E+00
  1.2668353E-01 -8.66526374665921573E+00
  1.2775223E-01 -8.66646679197057423E+00
  1.2882992E-01 -8.66768628243863049E+00
  1.2991669E-01 -8.66892239644500862E+00
  1.3101260E-01 -8.67017531439094924E+00
  1.3211774E-01 -8.67144521885117925E+00
  1.3323218E-01 -8.67273229474291796E+00
  1.3435600E-01 -8.67403672951120797E+00
  1.3548928E-01 -8.67535871333135589E+00
  1.3663210E-01 -8.67669843932981522E+00
  1.3778453E-01 -8.67805610382455761E+00
  1.3894667E-01 -8.67943190658621866E+00
  1.4011860E-01 -8.68082605112101469E+00
  1.4130038E-01 -8.68223874497692805E+00
  1.4249212E-01 -8.68367020007450385E+00
  1.4369388E-01 -8.68512063306303972E+00
  1.4490576E-01 -8.68659026570408699E+00
  1.4612784E-01 -8.68807932528351401E+00
  1.4736021E-01 -8.68958804505313864E+00
  1.4860295E-01 -8.69111666470351452E+00
  1.4985616E-01 -8.69266543086915888E+00
  1.5111991E-01 -8.69423459766757034E+00
  1.5239430E-01 -8.69582442727333493E+00
  1.5367941E-01 -8.69743519052831715E+00
  1.5497534E-01 -8.69906716758915088E+00
  1.5628219E-01 -8.70072064861356331E+00
  1.5760003E-01 -8.70239593448540560E+00
  1.5892896E-01 -8.70409333758040304E+00
  1.6026908E-01 -8.70581318257278625E+00
  1.6162048E-01 -8.70755580728258316E+00
  1.6298326E-01 -8.70932156356488996E+00
  1.6435751E-01 -8.71111081824078504E+00
  1.6574332E-01 -8.71292395406908504E+00
  1.6714080E-01 -8.71476137075860002E+00
  1.6855004E-01 -8.71662348602008130E+00
  1.6997115E-01 -8.71851073665586362E+00
  1.7140422E-01 -8.72042357968577520E+00
  1.7284935E-01 -8.72236249350648762E+00
  1.7430664E-01 -8.72432797908056301E+00
  1.7577620E-01 -8.72632056115265442E+00
  1.7725813E-01 -8.72834078948698533E+00
  1.7875254E-01 -8.73038924012119999E+00
  1.8025952E-01 -8.73246651663081153E+00
  1.8177919E-01 -8.73457325139504270E+00
  1.8331165E-01 -8.73671010685711913E+00
  1.8485701E-01 -8.73887777676899802E+00
  1.8641538E-01 -8.74107698740918870E+00
  1.8798686E-01 -8.74330849876197114E+00
  1.8957157E-01 -8.74557310564111212E+00
  1.9116962E-01 -8.74787163874675144E+00
  1.9278113E-01 -8.75020496563693762E+00
  1.9440620E-01 -8.75257399159071170E+00
  1.9604494E-01 -8.75497966034634700E+00
  1.9769748E-01 -8.75742295469136778E+00
  1.9936393E-01 -8.75990489687456098E+00
  2.0104441E-01 -8.76242654881581196E+00
  2.0273904E-01 -8.76498901208691450E+00
  2.0444792E-01 -8.76759342762309046E+00
  2.0617120E-01 -8.77024097513612944E+00
  2.0790897E-01 -8.77293287219312745E+00
  2.0966138E-01 -8.77567037291682617E+00
  2.1142853E-01 -8.77845476627064336E+00
  2.1321056E-01 -8.78128737387698699E+00
  2.1500759E-01 -8.78416954732966815E+00
  2.1681975E-01 -8.78710266495187042E+00
  2.1864716E-01 -8.79008812794201511E+00
  2.2048995E-01 -8.79312735586082006E+00
  2.2234826E-01 -8.79622178140730249E+00
  2.2422220E-01 -8.79937284442954848E+00
  2.2611192E-01 -8.80258198510780154E+00
  2.2801755E-01 -8.80585063626754483E+00
  2.2993922E-01 -8.80918021476486501E+00
  2.3187706E-01 -8.81257211188091816E+00
  2.3383121E-01 -8.81602768269335968E+00
  2.3580182E-01 -8.81954823436865532E+00
  2.3778901E-01 -8.82313501332864902E+00
  2.3979293E-01 -8.82678919126271566E+00
  2.4181371E-01 -8.83051184994913285E+00
  2.4385151E-01 -8.83430396486333969E+00
  2.4590645E-01 -8.83816638755805073E+00
  2.4797870E-01 -8.84209982681042561E+00
  2.5006839E-01 -8.84610482854731650E+00
  2.5217566E-01 -8.85018175456111145E+00
  2.5430068E-01 -8.85433076005722697E+00
  2.5644358E-01 -8.85855177008357764E+00
  2.5860452E-01 -8.86284445490337269E+00
  2.6078365E-01 -8.86720820440667801E+00
  2.6298112E-01 -8.87164210165794387E+00
  2.6519709E-01 -8.87614489570669463E+00
  2.6743172E-01 -8.88071497381788610E+00
  2.6968515E-01 -8.88535033327645607E+00
  2.7195755E-01 -8.89004855296298402E+00
  2.7424907E-01 -8.89480676491893441E+00
  2.7655989E-01 -8.89962162612341423E+00
  2.7889016E-01 -8.90448929074358020E+00
  2.8124004E-01 -8.90940538312397834E+00
  2.8360970E-01 -8.91436497180417220E+00
  2.8599931E-01 -8.91936254488287794E+00
  2.8840903E-01 -8.92439198701656622E+00
  2.9083904E-01 -8.92944655838667067E+00
  2.9328950E-01 -8.93451887597663763E+00
  2.9576059E-01 -8.93960089746135722E+00
  2.9825247E-01 -8.94468390803291946E+00
  3.0076534E-01 -8.94975851048468307E+00
  3.0329935E-01 -8.95481461883856156E+00
  3.0585469E-01 -8.95984145578294999E+00
  3.0843155E-01 -8.96482755416718469E+00
  3.1103009E-01 -8.96976076276408030E+00
  3.1365051E-01 -8.97462825647408735E+00
  3.1629298E-01 -8.97941655108392034E+00
  3.1895770E-01 -8.98411152266387703E+00
  3.2164485E-01 -8.98869843162978732E+00
  3.2435461E-01 -8.99316195141602037E+00
  3.2708719E-01 -8.99748620168020352E+00
  3.2984276E-01 -9.00165478587132917E+00
  3.3262153E-01 -9.00565083292076274E+00
  3.3542369E-01 -9.00945704280637472E+00
  3.3824944E-01 -9.01305573559346485E+00
  3.4109897E-01 -9.01642890356732352E+00
  3.4397249E-01 -9.01955826600107535E+00
  3.4687020E-01 -9.02242532599759528E+00
  3.4979230E-01 -9.02501142889401820E+00
  3.5273899E-01 -9.02729782159512872E+00
  3.5571049E-01 -9.02926571220574914E+00
  3.5870700E-01 -9.03089632932449327E+00
  3.6172873E-01 -9.03217098032676802E+00
  3.6477590E-01 -9.03307110798072266E+00
  3.6784871E-01 -9.03357834471344390E+00
  3.7094739E-01 -9.03367456391981882E+00
  3.7407216E-01 -9.03334192771104227E+00
  3.7722323E-01 -9.03256293049465064E+00
  3.8040082E-01 -9.03132043789644712E+00
  3.8360516E-01 -9.02959772056282084E+00
  3.8683647E-01 -9.02737848243031138E+00
  3.9009497E-01 -9.02464688314253749E+00
  3.9338091E-01 -9.02138755435643347E+00
  3.9669451E-01 -9.01758560978388601E+00
  4.0003600E-01 -9.01322664886433067E+00
  4.0340561E-01 -9.00829675407771902E+00
  4.0680359E-01 -9.00278248199052911E+00
  4.1023017E-01 -8.99667084817933116E+00
  4.1368560E-01 -8.98994930629692490E+00
  4.1717011E-01 -8.98260572162608639E+00
  4.2068394E-01 -8.97462833947713534E+00
  4.2422736E-01 -8.96600574891165536E+00
  4.2780061E-01 -8.95672684233820426E+00
  4.3140393E-01 -8.94678077150294726E+00
  4.3503758E-01 -8.93615690052208578E+00
  4.3870182E-01 -8.92484475658582355E+00
  4.4239690E-01 -8.91283397898028085E+00
  4.4612308E-01 -8.90011426713422260E+00
  4.4988063E-01 -8.88667532833575713E+00
  4.5366981E-01 -8.87250682580553907E+00
  4.5749088E-01 -8.85759832778738243E+00
  4.6134411E-01 -8.84193925823022830E+00
  4.6522978E-01 -8.82551884972889056E+00
  4.6914816E-01 -8.80832609925049859E+00
  4.7309952E-01 -8.79034972711414397E+00
  4.7708414E-01 -8.77157813975071754E+00
  4.8110230E-01 -8.75199939661791149E+00
  4.8515429E-01 -8.73160118160917165E+00
  4.8924038E-01 -8.71037077927401882E+00
  4.9336086E-01 -8.68829505607596708E+00
  4.9751603E-01 -8.66536044684213813E+00
  5.0170617E-01 -8.64155294657291861E+00
  5.0593158E-01 -8.61685810762535631E+00
  5.1019257E-01 -8.59126104230033505E+00
  5.1448941E-01 -8.56474643082714238E+00
  5.1882243E-01 -8.53729853460798438E+00
  5.2319192E-01 -8.50890121464445848E+00
  5.2759818E-01 -8.47953795497735108E+00
  5.3204154E-01 -8.44919189093172029E+00
  5.3652230E-01 -8.41784584195928431E+00
  5.4104077E-01 -8.38548234885235111E+00
  5.4559728E-01 -8.35208371502572078E+00
  5.5019215E-01 -8.31763205162046582E+00
  5.5482569E-01 -8.28210932614399731E+00
  5.5949823E-01 -8.24549741431210492E+00
  5.6421010E-01 -8.20777815482218820E+00
  5.6896164E-01 -8.16893340675590274E+00
  5.7375316E-01 -8.12894510927245051E+00
  5.7858503E-01 -8.08779534330601102E+00
  5.8345756E-01 -8.04546639499622351E+00
  5.8837111E-01 -8.00194082051274336E+00
  5.9332602E-01 -7.95720151202061210E+00
  5.9832263E-01 -7.91123176450750609E+00
  6.0336130E-01 -7.86401534318536921E+00
  6.0844239E-01 -7.81553655125296398E+00
  6.1356625E-01 -7.76578029775089540E+00
  6.1873323E-01 -7.71473216526306338E+00
  6.2394371E-01 -7.66237847729093602E+00
  6.2919804E-01 -7.60870636507911957E+00
  6.3449661E-01 -7.55370383367782239E+00
  6.3983977E-01 -7.49735982710216842E+00
  6.4522791E-01 -7.43966429240658034E+00
  6.5066140E-01 -7.38060824250674674E+00
  6.5614063E-01 -7.32018381763556381E+00
  6.6166598E-01 -7.25838434527122089E+00
  6.6723784E-01 -7.19520439841688120E+00
  6.7285660E-01 -7.13063985211156925E+00
  6.7852266E-01 -7.06468793803683059E+00
  6.8423641E-01 -6.99734729709346581E+00
  6.8999825E-01 -6.92861802981774400E+00
  6.9580860E-01 -6.85850174449412808E+00
  7.0166785E-01 -6.78700160277428122E+00
  7.0757642E-01 -6.71412236265539697E+00
  7.1353473E-01 -6.63987041859167437E+00
  7.1954319E-01 -6.56425383848998401E+00
  7.2560222E-01 -6.48728239733217471E+00
  7.3171226E-01 -6.40896760709404489E+00
  7.3787372E-01 -6.32932274262463768E+00
  7.4408705E-01 -6.24836286306886901E+00
  7.5035269E-01 -6.16610482839308638E+00
  7.5667106E-01 -6.08256731054197797E+00
  7.6304261E-01 -5.99777079869404517E+00
  7.6946780E-01 -5.91173759806591193E+00
  7.7594707E-01 -5.82449182169777213E+00
  7.8248088E-01 -5.73605937465112525E+00
  7.8906969E-01 -5.64646793006021142E+00
  7.9571395E-01 -5.55574689652262244E+00
  8.0241415E-01 -5.46392737639671999E+00
  8.0917074E-01 -5.37104211467258352E+00
  8.1598421E-01 -5.27712543823859548E+00
  8.2285503E-01 -5.18221318556859245E+00
  8.2978368E-01 -5.08634262711562535E+00
  8.3677065E-01 -4.98955237700222121E+00
  8.4381644E-01 -4.89188229697431165E+00
  8.5092153E-01 -4.79337339404221741E+00
  8.5808643E-01 -4.69406771371809928E+00
  8.6531164E-01 -4.59400823131421987E+00
  8.7259767E-01 -4.49323874439450943E+00
  8.7994502E-01 -4.39180377009444278E+00
  8.8735422E-01 -4.28974845167361885E+00
  8.9482579E-01 -4.18711847931282222E+00
  9.0236025E-01 -4.08396003073409375E+00
  9.0995813E-01 -3.98031973772711245E+00
  9.1761996E-01 -3.87624468499524566E+00
  9.2534629E-01 -3.77178244788776595E+00
  9.3313765E-01 -3.66698117548108993E+00
  9.4099460E-01 -3.56188972503908374E+00
  9.4891768E-01 -3.45655785310292885E+00
  9.5690745E-01 -3.35103646725511917E+00
  9.6496448E-01 -3.24537794096994103E+00
  9.7308932E-01 -3.13963649187355021E+00
  9.8128256E-01 -3.03386862122983958E+00
  9.8954476E-01 -2.92813360958644253E+00
  9.9787650E-01 -2.82249406035041961E+00
  1.0062784E+00 -2.71701647974298721E+00
  1.0147510E+00 -2.61177187826482760E+00
  1.0232949E+00 -2.50683637568075968E+00
  1.0319107E+00 -2.40229178880456828E+00
  1.0405991E+00 -2.29822617924988393E+00
  1.0493606E+00 -2.19473433699537779E+00
  1.0581958E+00 -2.09191817526670931E+00
  1.0671054E+00 -1.98988701296919435E+00
  1.0760900E+00 -1.88875772276140674E+00
  1.0851503E+00 -1.78865472581522056E+00
  1.0942868E+00 -1.68970981824409194E+00
  1.1035002E+00 -1.59206181891702125E+00
  1.1127911E+00 -1.49585603364992137E+00
  1.1221603E+00 -1.40124353628397813E+00
  1.1316083E+00 -1.30838027259597700E+00
  1.1411359E+00 -1.21742599802264340E+00
  1.1507436E+00 -1.12854306454014708E+00
  1.1604322E+00 -1.04189507549045546E+00
  1.1702024E+00 -9.57645429547013483E-01
  1.1800548E+00 -8.75955776296715949E-01
  1.1899902E+00 -7.96984406113243171E-01
  1.2000091E+00 -7.20884596221887053E-01
  1.2101125E+00 -6.47802933283420534E-01
  1.2203008E+00 -5.77877630690648902E-01
  1.2305749E+00 -5.11236856333509904E-01
  1.2409355E+00 -4.47997084114009791E-01
  1.2513833E+00 -3.88261480252649283E-01
  1.2619191E+00 -3.32118333634886187E-01
  1.2725435E+00 -2.79639538316091563E-01
  1.2832574E+00 -2.30879135987061251E-01
  1.2940614E+00 -1.85871926797066822E-01
  1.3049564E+00 -1.44632158528273963E-01
  1.3159431E+00 -1.07152306736044450E-01
  1.3270223E+00 -7.34019621313495713E-02
  1.3381947E+00 -4.33268461618681530E-02
  1.3494612E+00 -1.68479814469402155E-02
  1.3608225E+00  6.13894961613019926E-03
  1.3722794E+00  2.57640171367312931E-02
  1.3838328E+00  4.21831773957739367E-02
  1.3954834E+00  5.55780688970110917E-02
  1.4072321E+00  6.61554013663941259E-02
  1.4190797E+00  7.41458568648992039E-02
  1.4310270E+00  7.98024097480565242E-02
  1.4430749E+00  8.33979587250496257E-02
  1.4552242E+00  8.52221496041666582E-02
  1.4674757E+00  8.55772513530201895E-02
  1.4798304E+00  8.47729307403646409E-02
  1.4922891E+00  8.31197518062433832E-02
  1.5048526E+00  8.09212055742723202E-02
  1.5175219E+00  7.84640524173909060E-02
  1.5302979E+00  7.60067340440163941E-02
  1.5431814E+00  7.37655837620868060E-02
  1.5561733E+00  7.18985320310051301E-02
  1.5692746E+00  7.04859688927428757E-02
  1.5824861E+00  6.95083851060887409E-02
  1.5958089E+00  6.88203692803470574E-02
  1.6092438E+00  6.81204885653636932E-02
  1.6227918E+00  6.70348515586823152E-02
  1.6364539E+00  6.55172262792564908E-02
  1.6502309E+00  6.36191114898691512E-02
  1.6641239E+00  6.13902124585851278E-02
  1.6781339E+00  5.88781924807349685E-02
  1.6922617E+00  5.61284407292315102E-02
  1.7065085E+00  5.31838628027555688E-02
  1.7208753E+00  5.00847000407489348E-02
  1.7353629E+00  4.68683830086497194E-02
  1.7499725E+00  4.35694235288358531E-02
  1.7647051E+00  4.02193482901680235E-02
  1.7795617E+00  3.68466754136551611E-02
  1.7945433E+00  3.34769334510719649E-02
  1.8096510E+00  3.01327202023231183E-02
  1.8248859E+00  2.68338418082087957E-02
  1.8402491E+00  2.35979316154307367E-02
  1.8557416E+00  2.04410975904300643E-02
  1.8713644E+00  1.73781282905449003E-02
  1.8871188E+00  1.44226451860188249E-02
  1.9030058E+00  1.15872307046433268E-02
  1.9190265E+00  8.88351557725227184E-03
  1.9351821E+00  6.32220824276518399E-03
  1.9514736E+00  3.91533964743702445E-03
  1.9679023E+00  1.64566044265922456E-03
  1.9844693E+00 -4.98332400408353594E-04
  2.0011757E+00 -1.93481648296056825E-03
  2.0180228E+00 -2.12104363777050001E-03
  2.0350116E+00 -1.70526399549191833E-03
  2.0521435E+00 -1.30886476596526048E-03
  2.0694196E+00 -8.98524935605100601E-04
  2.0868410E+00 -4.44123203849213812E-04
  2.1044092E+00 -8.83236842076827130E-05
  2.1221252E+00  2.02160832978699487E-05
  2.1399903E+00  4.44295441775979088E-06
  2.1580058E+00 -6.09208483859260070E-07
  2.1761730E+00 -4.52367678672122815E-08
  2.1944930E+00 -4.48528124303564873E-08
  2.2129673E+00 -4.44719271700996106E-08
  2.2315971E+00 -4.40941221830650190E-08
  2.2503837E+00 -4.37194119469314022E-08
  2.2693284E+00 -4.33477384089305742E-08
  2.2884326E+00 -4.29790143568627513E-08
  2.3076976E+00  0.00000000000000000E+00
  2.3271248E+00  0.00000000000000000E+00
  2.3467155E+00  0.00000000000000000E+00
  2.3664711E+00  0.00000000000000000E+00
  2.3863930E+00  0.00000000000000000E+00
  2.4064826E+00  0.00000000000000000E+00
  2.4267412E+00  0.00000000000000000E+00
  2.4471704E+00  0.00000000000000000E+00
  2.4677716E+00  0.00000000000000000E+00
  2.4885462E+00  0.00000000000000000E+00
  2.5094956E+00  0.00000000000000000E+00
