 # l=           0 basis function with energy     4.00000000000000     
  0.0000E+00  0.0000E+00  0.0000E+00  0.0000E+00
  2.3519E-06  7.7443E-05 -2.2109E-06 -5.8656E-06
  4.7235E-06  1.5292E-04 -4.4404E-06 -1.1780E-05
  7.1152E-06  2.2805E-04 -6.6887E-06 -1.7745E-05
  9.5269E-06  3.0317E-04 -8.9559E-06 -2.3760E-05
  1.1959E-05  3.7657E-04 -1.1242E-05 -2.9826E-05
  1.4412E-05  4.5158E-04 -1.3548E-05 -3.5942E-05
  1.6885E-05  5.2709E-04 -1.5873E-05 -4.2110E-05
  1.9379E-05  6.0286E-04 -1.8217E-05 -4.8330E-05
  2.1894E-05  6.7903E-04 -2.0581E-05 -5.4603E-05
  2.4430E-05  7.5562E-04 -2.2966E-05 -6.0928E-05
  2.6987E-05  8.3265E-04 -2.5370E-05 -6.7306E-05
  2.9566E-05  9.1013E-04 -2.7794E-05 -7.3738E-05
  3.2167E-05  9.8809E-04 -3.0239E-05 -8.0225E-05
  3.4790E-05  1.0665E-03 -3.2705E-05 -8.6766E-05
  3.7434E-05  1.1455E-03 -3.5191E-05 -9.3361E-05
  4.0101E-05  1.2249E-03 -3.7698E-05 -1.0001E-04
  4.2791E-05  1.3049E-03 -4.0226E-05 -1.0672E-04
  4.5503E-05  1.3855E-03 -4.2776E-05 -1.1348E-04
  4.8238E-05  1.4665E-03 -4.5346E-05 -1.2030E-04
  5.0996E-05  1.5481E-03 -4.7939E-05 -1.2718E-04
  5.3777E-05  1.6303E-03 -5.0554E-05 -1.3412E-04
  5.6581E-05  1.7131E-03 -5.3190E-05 -1.4111E-04
  5.9409E-05  1.7964E-03 -5.5849E-05 -1.4817E-04
  6.2261E-05  1.8804E-03 -5.8530E-05 -1.5528E-04
  6.5137E-05  1.9649E-03 -6.1233E-05 -1.6245E-04
  6.8038E-05  2.0500E-03 -6.3959E-05 -1.6969E-04
  7.0962E-05  2.1358E-03 -6.6709E-05 -1.7698E-04
  7.3911E-05  2.2221E-03 -6.9481E-05 -1.8433E-04
  7.6885E-05  2.3091E-03 -7.2277E-05 -1.9175E-04
  7.9884E-05  2.3968E-03 -7.5096E-05 -1.9923E-04
  8.2909E-05  2.4850E-03 -7.7939E-05 -2.0677E-04
  8.5958E-05  2.5739E-03 -8.0806E-05 -2.1438E-04
  8.9034E-05  2.6635E-03 -8.3697E-05 -2.2205E-04
  9.2135E-05  2.7537E-03 -8.6613E-05 -2.2978E-04
  9.5263E-05  2.8446E-03 -8.9553E-05 -2.3758E-04
  9.8416E-05  2.9362E-03 -9.2517E-05 -2.4545E-04
  1.0160E-04  3.0284E-03 -9.5507E-05 -2.5338E-04
  1.0480E-04  3.1213E-03 -9.8522E-05 -2.6138E-04
  1.0804E-04  3.2150E-03 -1.0156E-04 -2.6945E-04
  1.1130E-04  3.3093E-03 -1.0463E-04 -2.7758E-04
  1.1459E-04  3.4043E-03 -1.0772E-04 -2.8578E-04
  1.1790E-04  3.5001E-03 -1.1084E-04 -2.9405E-04
  1.2125E-04  3.5965E-03 -1.1398E-04 -3.0239E-04
  1.2462E-04  3.6937E-03 -1.1715E-04 -3.1080E-04
  1.2802E-04  3.7916E-03 -1.2035E-04 -3.1929E-04
  1.3145E-04  3.8903E-03 -1.2357E-04 -3.2784E-04
  1.3491E-04  3.9897E-03 -1.2682E-04 -3.3646E-04
  1.3840E-04  4.0899E-03 -1.3010E-04 -3.4516E-04
  1.4191E-04  4.1908E-03 -1.3341E-04 -3.5393E-04
  1.4546E-04  4.2924E-03 -1.3674E-04 -3.6278E-04
  1.4904E-04  4.3949E-03 -1.4010E-04 -3.7170E-04
  1.5264E-04  4.4981E-03 -1.4349E-04 -3.8069E-04
  1.5628E-04  4.6022E-03 -1.4691E-04 -3.8976E-04
  1.5995E-04  4.7070E-03 -1.5036E-04 -3.9891E-04
  1.6365E-04  4.8126E-03 -1.5384E-04 -4.0813E-04
  1.6737E-04  4.9190E-03 -1.5734E-04 -4.1743E-04
  1.7114E-04  5.0262E-03 -1.6088E-04 -4.2681E-04
  1.7493E-04  5.1343E-03 -1.6444E-04 -4.3627E-04
  1.7875E-04  5.2431E-03 -1.6804E-04 -4.4581E-04
  1.8261E-04  5.3528E-03 -1.7166E-04 -4.5542E-04
  1.8650E-04  5.4634E-03 -1.7532E-04 -4.6512E-04
  1.9042E-04  5.5748E-03 -1.7901E-04 -4.7490E-04
  1.9437E-04  5.6870E-03 -1.8272E-04 -4.8477E-04
  1.9836E-04  5.8001E-03 -1.8647E-04 -4.9471E-04
  2.0238E-04  5.9141E-03 -1.9025E-04 -5.0474E-04
  2.0644E-04  6.0289E-03 -1.9407E-04 -5.1486E-04
  2.1053E-04  6.1447E-03 -1.9791E-04 -5.2506E-04
  2.1465E-04  6.2613E-03 -2.0179E-04 -5.3534E-04
  2.1881E-04  6.3788E-03 -2.0570E-04 -5.4571E-04
  2.2300E-04  6.4972E-03 -2.0964E-04 -5.5617E-04
  2.2723E-04  6.6165E-03 -2.1361E-04 -5.6672E-04
  2.3150E-04  6.7368E-03 -2.1762E-04 -5.7736E-04
  2.3580E-04  6.8579E-03 -2.2167E-04 -5.8808E-04
  2.4014E-04  6.9800E-03 -2.2574E-04 -5.9890E-04
  2.4451E-04  7.1031E-03 -2.2985E-04 -6.0980E-04
  2.4892E-04  7.2271E-03 -2.3400E-04 -6.2080E-04
  2.5337E-04  7.3520E-03 -2.3818E-04 -6.3189E-04
  2.5785E-04  7.4779E-03 -2.4239E-04 -6.4308E-04
  2.6237E-04  7.6048E-03 -2.4665E-04 -6.5436E-04
  2.6693E-04  7.7326E-03 -2.5093E-04 -6.6573E-04
  2.7153E-04  7.8615E-03 -2.5526E-04 -6.7720E-04
  2.7617E-04  7.9913E-03 -2.5962E-04 -6.8876E-04
  2.8085E-04  8.1221E-03 -2.6401E-04 -7.0043E-04
  2.8556E-04  8.2540E-03 -2.6845E-04 -7.1219E-04
  2.9032E-04  8.3869E-03 -2.7292E-04 -7.2405E-04
  2.9511E-04  8.5207E-03 -2.7742E-04 -7.3601E-04
  2.9995E-04  8.6557E-03 -2.8197E-04 -7.4807E-04
  3.0483E-04  8.7916E-03 -2.8655E-04 -7.6023E-04
  3.0974E-04  8.9286E-03 -2.9118E-04 -7.7250E-04
  3.1470E-04  9.0667E-03 -2.9584E-04 -7.8487E-04
  3.1970E-04  9.2058E-03 -3.0054E-04 -7.9734E-04
  3.2475E-04  9.3460E-03 -3.0528E-04 -8.0991E-04
  3.2983E-04  9.4873E-03 -3.1006E-04 -8.2260E-04
  3.3496E-04  9.6297E-03 -3.1488E-04 -8.3539E-04
  3.4013E-04  9.7732E-03 -3.1974E-04 -8.4828E-04
  3.4535E-04  9.9177E-03 -3.2465E-04 -8.6129E-04
  3.5060E-04  1.0063E-02 -3.2959E-04 -8.7441E-04
  3.5591E-04  1.0210E-02 -3.3457E-04 -8.8763E-04
  3.6125E-04  1.0358E-02 -3.3960E-04 -9.0097E-04
  3.6665E-04  1.0507E-02 -3.4467E-04 -9.1442E-04
  3.7209E-04  1.0658E-02 -3.4978E-04 -9.2798E-04
  3.7757E-04  1.0809E-02 -3.5494E-04 -9.4166E-04
  3.8310E-04  1.0962E-02 -3.6014E-04 -9.5545E-04
  3.8868E-04  1.1115E-02 -3.6538E-04 -9.6936E-04
  3.9430E-04  1.1270E-02 -3.7067E-04 -9.8338E-04
  3.9997E-04  1.1426E-02 -3.7600E-04 -9.9753E-04
  4.0569E-04  1.1584E-02 -3.8137E-04 -1.0118E-03
  4.1146E-04  1.1742E-02 -3.8679E-04 -1.0262E-03
  4.1727E-04  1.1902E-02 -3.9226E-04 -1.0407E-03
  4.2314E-04  1.2063E-02 -3.9777E-04 -1.0553E-03
  4.2905E-04  1.2225E-02 -4.0333E-04 -1.0700E-03
  4.3501E-04  1.2389E-02 -4.0894E-04 -1.0849E-03
  4.4103E-04  1.2553E-02 -4.1459E-04 -1.0999E-03
  4.4709E-04  1.2719E-02 -4.2029E-04 -1.1150E-03
  4.5321E-04  1.2887E-02 -4.2604E-04 -1.1303E-03
  4.5937E-04  1.3055E-02 -4.3184E-04 -1.1457E-03
  4.6559E-04  1.3225E-02 -4.3768E-04 -1.1612E-03
  4.7186E-04  1.3396E-02 -4.4358E-04 -1.1768E-03
  4.7819E-04  1.3569E-02 -4.4952E-04 -1.1926E-03
  4.8456E-04  1.3743E-02 -4.5552E-04 -1.2085E-03
  4.9099E-04  1.3918E-02 -4.6156E-04 -1.2245E-03
  4.9748E-04  1.4094E-02 -4.6766E-04 -1.2407E-03
  5.0402E-04  1.4272E-02 -4.7381E-04 -1.2570E-03
  5.1061E-04  1.4452E-02 -4.8001E-04 -1.2735E-03
  5.1726E-04  1.4632E-02 -4.8626E-04 -1.2900E-03
  5.2397E-04  1.4814E-02 -4.9256E-04 -1.3068E-03
  5.3073E-04  1.4998E-02 -4.9892E-04 -1.3236E-03
  5.3755E-04  1.5182E-02 -5.0533E-04 -1.3406E-03
  5.4443E-04  1.5369E-02 -5.1179E-04 -1.3578E-03
  5.5136E-04  1.5556E-02 -5.1831E-04 -1.3751E-03
  5.5835E-04  1.5745E-02 -5.2489E-04 -1.3925E-03
  5.6540E-04  1.5936E-02 -5.3151E-04 -1.4101E-03
  5.7252E-04  1.6128E-02 -5.3820E-04 -1.4279E-03
  5.7969E-04  1.6321E-02 -5.4494E-04 -1.4457E-03
  5.8692E-04  1.6516E-02 -5.5174E-04 -1.4638E-03
  5.9421E-04  1.6713E-02 -5.5859E-04 -1.4820E-03
  6.0156E-04  1.6911E-02 -5.6551E-04 -1.5003E-03
  6.0898E-04  1.7110E-02 -5.7248E-04 -1.5188E-03
  6.1646E-04  1.7311E-02 -5.7951E-04 -1.5374E-03
  6.2400E-04  1.7514E-02 -5.8660E-04 -1.5562E-03
  6.3160E-04  1.7718E-02 -5.9374E-04 -1.5752E-03
  6.3927E-04  1.7923E-02 -6.0095E-04 -1.5943E-03
  6.4700E-04  1.8130E-02 -6.0822E-04 -1.6136E-03
  6.5480E-04  1.8339E-02 -6.1555E-04 -1.6331E-03
  6.6266E-04  1.8550E-02 -6.2295E-04 -1.6527E-03
  6.7059E-04  1.8762E-02 -6.3040E-04 -1.6725E-03
  6.7859E-04  1.8975E-02 -6.3792E-04 -1.6924E-03
  6.8665E-04  1.9190E-02 -6.4550E-04 -1.7125E-03
  6.9479E-04  1.9407E-02 -6.5314E-04 -1.7328E-03
  7.0299E-04  1.9626E-02 -6.6085E-04 -1.7532E-03
  7.1126E-04  1.9846E-02 -6.6862E-04 -1.7739E-03
  7.1959E-04  2.0068E-02 -6.7646E-04 -1.7947E-03
  7.2800E-04  2.0291E-02 -6.8437E-04 -1.8156E-03
  7.3648E-04  2.0517E-02 -6.9234E-04 -1.8368E-03
  7.4503E-04  2.0743E-02 -7.0038E-04 -1.8581E-03
  7.5366E-04  2.0972E-02 -7.0848E-04 -1.8796E-03
  7.6235E-04  2.1203E-02 -7.1666E-04 -1.9013E-03
  7.7112E-04  2.1435E-02 -7.2490E-04 -1.9232E-03
  7.7996E-04  2.1669E-02 -7.3322E-04 -1.9452E-03
  7.8888E-04  2.1904E-02 -7.4160E-04 -1.9675E-03
  7.9787E-04  2.2142E-02 -7.5005E-04 -1.9899E-03
  8.0694E-04  2.2381E-02 -7.5858E-04 -2.0125E-03
  8.1609E-04  2.2622E-02 -7.6717E-04 -2.0353E-03
  8.2531E-04  2.2865E-02 -7.7584E-04 -2.0583E-03
  8.3461E-04  2.3110E-02 -7.8458E-04 -2.0815E-03
  8.4398E-04  2.3356E-02 -7.9340E-04 -2.1049E-03
  8.5344E-04  2.3605E-02 -8.0229E-04 -2.1285E-03
  8.6298E-04  2.3855E-02 -8.1125E-04 -2.1523E-03
  8.7259E-04  2.4107E-02 -8.2029E-04 -2.1762E-03
  8.8229E-04  2.4361E-02 -8.2941E-04 -2.2004E-03
  8.9207E-04  2.4617E-02 -8.3860E-04 -2.2248E-03
  9.0193E-04  2.4875E-02 -8.4787E-04 -2.2494E-03
  9.1187E-04  2.5135E-02 -8.5722E-04 -2.2742E-03
  9.2190E-04  2.5397E-02 -8.6664E-04 -2.2992E-03
  9.3201E-04  2.5660E-02 -8.7615E-04 -2.3244E-03
  9.4221E-04  2.5926E-02 -8.8573E-04 -2.3499E-03
  9.5249E-04  2.6194E-02 -8.9540E-04 -2.3755E-03
  9.6286E-04  2.6464E-02 -9.0515E-04 -2.4014E-03
  9.7332E-04  2.6735E-02 -9.1498E-04 -2.4274E-03
  9.8386E-04  2.7009E-02 -9.2489E-04 -2.4537E-03
  9.9449E-04  2.7285E-02 -9.3489E-04 -2.4803E-03
  1.0052E-03  2.7563E-02 -9.4497E-04 -2.5070E-03
  1.0160E-03  2.7843E-02 -9.5513E-04 -2.5340E-03
  1.0269E-03  2.8125E-02 -9.6538E-04 -2.5612E-03
  1.0379E-03  2.8409E-02 -9.7572E-04 -2.5886E-03
  1.0490E-03  2.8695E-02 -9.8614E-04 -2.6162E-03
  1.0602E-03  2.8984E-02 -9.9665E-04 -2.6441E-03
  1.0715E-03  2.9274E-02 -1.0073E-03 -2.6723E-03
  1.0828E-03  2.9567E-02 -1.0179E-03 -2.7006E-03
  1.0943E-03  2.9862E-02 -1.0287E-03 -2.7292E-03
  1.1059E-03  3.0159E-02 -1.0396E-03 -2.7581E-03
  1.1175E-03  3.0458E-02 -1.0506E-03 -2.7871E-03
  1.1293E-03  3.0760E-02 -1.0616E-03 -2.8165E-03
  1.1412E-03  3.1064E-02 -1.0728E-03 -2.8460E-03
  1.1531E-03  3.1370E-02 -1.0840E-03 -2.8759E-03
  1.1652E-03  3.1678E-02 -1.0953E-03 -2.9059E-03
  1.1773E-03  3.1988E-02 -1.1068E-03 -2.9363E-03
  1.1896E-03  3.2301E-02 -1.1183E-03 -2.9668E-03
  1.2020E-03  3.2616E-02 -1.1299E-03 -2.9977E-03
  1.2144E-03  3.2934E-02 -1.1416E-03 -3.0288E-03
  1.2270E-03  3.3254E-02 -1.1535E-03 -3.0601E-03
  1.2397E-03  3.3576E-02 -1.1654E-03 -3.0918E-03
  1.2525E-03  3.3900E-02 -1.1774E-03 -3.1236E-03
  1.2654E-03  3.4227E-02 -1.1895E-03 -3.1558E-03
  1.2784E-03  3.4556E-02 -1.2017E-03 -3.1882E-03
  1.2915E-03  3.4888E-02 -1.2141E-03 -3.2209E-03
  1.3047E-03  3.5222E-02 -1.2265E-03 -3.2539E-03
  1.3180E-03  3.5559E-02 -1.2390E-03 -3.2872E-03
  1.3315E-03  3.5898E-02 -1.2517E-03 -3.3207E-03
  1.3450E-03  3.6239E-02 -1.2644E-03 -3.3545E-03
  1.3587E-03  3.6583E-02 -1.2773E-03 -3.3886E-03
  1.3725E-03  3.6930E-02 -1.2902E-03 -3.4230E-03
  1.3864E-03  3.7279E-02 -1.3033E-03 -3.4577E-03
  1.4004E-03  3.7630E-02 -1.3165E-03 -3.4927E-03
  1.4146E-03  3.7984E-02 -1.3298E-03 -3.5279E-03
  1.4288E-03  3.8341E-02 -1.3432E-03 -3.5635E-03
  1.4432E-03  3.8700E-02 -1.3567E-03 -3.5993E-03
  1.4577E-03  3.9062E-02 -1.3703E-03 -3.6355E-03
  1.4723E-03  3.9426E-02 -1.3841E-03 -3.6720E-03
  1.4871E-03  3.9793E-02 -1.3979E-03 -3.7088E-03
  1.5019E-03  4.0163E-02 -1.4119E-03 -3.7458E-03
  1.5169E-03  4.0536E-02 -1.4260E-03 -3.7832E-03
  1.5321E-03  4.0911E-02 -1.4402E-03 -3.8209E-03
  1.5473E-03  4.1288E-02 -1.4546E-03 -3.8590E-03
  1.5627E-03  4.1669E-02 -1.4690E-03 -3.8973E-03
  1.5782E-03  4.2052E-02 -1.4836E-03 -3.9360E-03
  1.5938E-03  4.2438E-02 -1.4983E-03 -3.9750E-03
  1.6096E-03  4.2827E-02 -1.5131E-03 -4.0143E-03
  1.6255E-03  4.3218E-02 -1.5281E-03 -4.0540E-03
  1.6415E-03  4.3612E-02 -1.5431E-03 -4.0940E-03
  1.6577E-03  4.4010E-02 -1.5583E-03 -4.1343E-03
  1.6740E-03  4.4409E-02 -1.5737E-03 -4.1749E-03
  1.6904E-03  4.4812E-02 -1.5891E-03 -4.2160E-03
  1.7070E-03  4.5218E-02 -1.6047E-03 -4.2573E-03
  1.7237E-03  4.5626E-02 -1.6204E-03 -4.2990E-03
  1.7406E-03  4.6038E-02 -1.6363E-03 -4.3411E-03
  1.7576E-03  4.6452E-02 -1.6523E-03 -4.3835E-03
  1.7748E-03  4.6869E-02 -1.6684E-03 -4.4262E-03
  1.7920E-03  4.7289E-02 -1.6846E-03 -4.4694E-03
  1.8095E-03  4.7712E-02 -1.7010E-03 -4.5128E-03
  1.8271E-03  4.8139E-02 -1.7176E-03 -4.5567E-03
  1.8448E-03  4.8568E-02 -1.7342E-03 -4.6009E-03
  1.8627E-03  4.9000E-02 -1.7510E-03 -4.6455E-03
  1.8807E-03  4.9435E-02 -1.7680E-03 -4.6905E-03
  1.8989E-03  4.9873E-02 -1.7851E-03 -4.7358E-03
  1.9172E-03  5.0314E-02 -1.8023E-03 -4.7816E-03
  1.9357E-03  5.0759E-02 -1.8197E-03 -4.8277E-03
  1.9544E-03  5.1206E-02 -1.8372E-03 -4.8742E-03
  1.9732E-03  5.1656E-02 -1.8549E-03 -4.9211E-03
  1.9921E-03  5.2110E-02 -1.8727E-03 -4.9683E-03
  2.0112E-03  5.2567E-02 -1.8907E-03 -5.0160E-03
  2.0305E-03  5.3027E-02 -1.9088E-03 -5.0641E-03
  2.0500E-03  5.3490E-02 -1.9271E-03 -5.1126E-03
  2.0696E-03  5.3956E-02 -1.9455E-03 -5.1615E-03
  2.0893E-03  5.4426E-02 -1.9641E-03 -5.2108E-03
  2.1093E-03  5.4898E-02 -1.9829E-03 -5.2606E-03
  2.1294E-03  5.5374E-02 -2.0018E-03 -5.3107E-03
  2.1497E-03  5.5854E-02 -2.0208E-03 -5.3613E-03
  2.1701E-03  5.6336E-02 -2.0400E-03 -5.4123E-03
  2.1907E-03  5.6822E-02 -2.0594E-03 -5.4637E-03
  2.2115E-03  5.7311E-02 -2.0790E-03 -5.5155E-03
  2.2325E-03  5.7803E-02 -2.0987E-03 -5.5678E-03
  2.2536E-03  5.8299E-02 -2.1186E-03 -5.6206E-03
  2.2750E-03  5.8798E-02 -2.1386E-03 -5.6737E-03
  2.2965E-03  5.9301E-02 -2.1588E-03 -5.7274E-03
  2.3181E-03  5.9807E-02 -2.1792E-03 -5.7814E-03
  2.3400E-03  6.0316E-02 -2.1998E-03 -5.8360E-03
  2.3621E-03  6.0829E-02 -2.2205E-03 -5.8910E-03
  2.3843E-03  6.1345E-02 -2.2414E-03 -5.9464E-03
  2.4067E-03  6.1865E-02 -2.2625E-03 -6.0023E-03
  2.4293E-03  6.2388E-02 -2.2837E-03 -6.0587E-03
  2.4521E-03  6.2914E-02 -2.3052E-03 -6.1156E-03
  2.4751E-03  6.3444E-02 -2.3268E-03 -6.1729E-03
  2.4983E-03  6.3978E-02 -2.3486E-03 -6.2308E-03
  2.5217E-03  6.4515E-02 -2.3705E-03 -6.2891E-03
  2.5453E-03  6.5056E-02 -2.3927E-03 -6.3479E-03
  2.5690E-03  6.5600E-02 -2.4151E-03 -6.4072E-03
  2.5930E-03  6.6148E-02 -2.4376E-03 -6.4670E-03
  2.6172E-03  6.6700E-02 -2.4603E-03 -6.5273E-03
  2.6416E-03  6.7255E-02 -2.4833E-03 -6.5881E-03
  2.6662E-03  6.7813E-02 -2.5064E-03 -6.6494E-03
  2.6910E-03  6.8376E-02 -2.5297E-03 -6.7112E-03
  2.7160E-03  6.8942E-02 -2.5532E-03 -6.7736E-03
  2.7412E-03  6.9512E-02 -2.5769E-03 -6.8365E-03
  2.7666E-03  7.0085E-02 -2.6008E-03 -6.8999E-03
  2.7922E-03  7.0662E-02 -2.6249E-03 -6.9638E-03
  2.8181E-03  7.1243E-02 -2.6492E-03 -7.0283E-03
  2.8442E-03  7.1827E-02 -2.6737E-03 -7.0933E-03
  2.8705E-03  7.2416E-02 -2.6984E-03 -7.1589E-03
  2.8970E-03  7.3008E-02 -2.7233E-03 -7.2250E-03
  2.9237E-03  7.3604E-02 -2.7485E-03 -7.2917E-03
  2.9507E-03  7.4203E-02 -2.7738E-03 -7.3590E-03
  2.9779E-03  7.4807E-02 -2.7994E-03 -7.4268E-03
  3.0053E-03  7.5414E-02 -2.8252E-03 -7.4951E-03
  3.0329E-03  7.6025E-02 -2.8512E-03 -7.5641E-03
  3.0608E-03  7.6640E-02 -2.8774E-03 -7.6336E-03
  3.0889E-03  7.7259E-02 -2.9038E-03 -7.7038E-03
  3.1173E-03  7.7882E-02 -2.9304E-03 -7.7745E-03
  3.1459E-03  7.8509E-02 -2.9573E-03 -7.8458E-03
  3.1747E-03  7.9139E-02 -2.9844E-03 -7.9177E-03
  3.2038E-03  7.9774E-02 -3.0118E-03 -7.9902E-03
  3.2331E-03  8.0412E-02 -3.0393E-03 -8.0633E-03
  3.2627E-03  8.1054E-02 -3.0671E-03 -8.1370E-03
  3.2925E-03  8.1701E-02 -3.0952E-03 -8.2114E-03
  3.3225E-03  8.2351E-02 -3.1234E-03 -8.2864E-03
  3.3529E-03  8.3005E-02 -3.1519E-03 -8.3620E-03
  3.3834E-03  8.3663E-02 -3.1807E-03 -8.4383E-03
  3.4143E-03  8.4325E-02 -3.2096E-03 -8.5152E-03
  3.4453E-03  8.4992E-02 -3.2389E-03 -8.5927E-03
  3.4767E-03  8.5662E-02 -3.2683E-03 -8.6709E-03
  3.5083E-03  8.6336E-02 -3.2981E-03 -8.7497E-03
  3.5402E-03  8.7015E-02 -3.3280E-03 -8.8293E-03
  3.5724E-03  8.7697E-02 -3.3583E-03 -8.9094E-03
  3.6048E-03  8.8383E-02 -3.3887E-03 -8.9903E-03
  3.6375E-03  8.9074E-02 -3.4195E-03 -9.0718E-03
  3.6704E-03  8.9769E-02 -3.4505E-03 -9.1541E-03
  3.7037E-03  9.0467E-02 -3.4817E-03 -9.2370E-03
  3.7372E-03  9.1170E-02 -3.5133E-03 -9.3206E-03
  3.7710E-03  9.1877E-02 -3.5450E-03 -9.4049E-03
  3.8051E-03  9.2588E-02 -3.5771E-03 -9.4900E-03
  3.8395E-03  9.3303E-02 -3.6094E-03 -9.5757E-03
  3.8742E-03  9.4023E-02 -3.6420E-03 -9.6622E-03
  3.9091E-03  9.4746E-02 -3.6749E-03 -9.7494E-03
  3.9444E-03  9.5474E-02 -3.7080E-03 -9.8373E-03
  3.9799E-03  9.6205E-02 -3.7414E-03 -9.9260E-03
  4.0158E-03  9.6941E-02 -3.7751E-03 -1.0015E-02
  4.0519E-03  9.7681E-02 -3.8091E-03 -1.0106E-02
  4.0884E-03  9.8426E-02 -3.8434E-03 -1.0196E-02
  4.1252E-03  9.9174E-02 -3.8780E-03 -1.0288E-02
  4.1622E-03  9.9927E-02 -3.9128E-03 -1.0381E-02
  4.1996E-03  1.0068E-01 -3.9480E-03 -1.0474E-02
  4.2373E-03  1.0144E-01 -3.9834E-03 -1.0568E-02
  4.2754E-03  1.0221E-01 -4.0192E-03 -1.0663E-02
  4.3137E-03  1.0298E-01 -4.0552E-03 -1.0758E-02
  4.3524E-03  1.0375E-01 -4.0916E-03 -1.0855E-02
  4.3913E-03  1.0453E-01 -4.1282E-03 -1.0952E-02
  4.4307E-03  1.0531E-01 -4.1652E-03 -1.1050E-02
  4.4703E-03  1.0610E-01 -4.2024E-03 -1.1149E-02
  4.5103E-03  1.0689E-01 -4.2400E-03 -1.1249E-02
  4.5506E-03  1.0768E-01 -4.2779E-03 -1.1349E-02
  4.5913E-03  1.0848E-01 -4.3161E-03 -1.1451E-02
  4.6323E-03  1.0929E-01 -4.3547E-03 -1.1553E-02
  4.6736E-03  1.1009E-01 -4.3936E-03 -1.1656E-02
  4.7153E-03  1.1090E-01 -4.4328E-03 -1.1760E-02
  4.7573E-03  1.1172E-01 -4.4723E-03 -1.1865E-02
  4.7997E-03  1.1254E-01 -4.5121E-03 -1.1971E-02
  4.8425E-03  1.1336E-01 -4.5523E-03 -1.2077E-02
  4.8856E-03  1.1419E-01 -4.5929E-03 -1.2185E-02
  4.9291E-03  1.1502E-01 -4.6337E-03 -1.2293E-02
  4.9729E-03  1.1586E-01 -4.6749E-03 -1.2402E-02
  5.0171E-03  1.1670E-01 -4.7165E-03 -1.2513E-02
  5.0617E-03  1.1755E-01 -4.7584E-03 -1.2624E-02
  5.1067E-03  1.1840E-01 -4.8007E-03 -1.2736E-02
  5.1520E-03  1.1925E-01 -4.8433E-03 -1.2849E-02
  5.1977E-03  1.2011E-01 -4.8863E-03 -1.2963E-02
  5.2438E-03  1.2097E-01 -4.9296E-03 -1.3078E-02
  5.2903E-03  1.2183E-01 -4.9733E-03 -1.3194E-02
  5.3372E-03  1.2270E-01 -5.0174E-03 -1.3311E-02
  5.3845E-03  1.2358E-01 -5.0619E-03 -1.3429E-02
  5.4322E-03  1.2446E-01 -5.1067E-03 -1.3548E-02
  5.4802E-03  1.2534E-01 -5.1519E-03 -1.3668E-02
  5.5287E-03  1.2623E-01 -5.1975E-03 -1.3789E-02
  5.5776E-03  1.2712E-01 -5.2434E-03 -1.3911E-02
  5.6269E-03  1.2801E-01 -5.2898E-03 -1.4033E-02
  5.6766E-03  1.2891E-01 -5.3365E-03 -1.4157E-02
  5.7267E-03  1.2981E-01 -5.3837E-03 -1.4283E-02
  5.7773E-03  1.3072E-01 -5.4312E-03 -1.4409E-02
  5.8283E-03  1.3163E-01 -5.4791E-03 -1.4536E-02
  5.8797E-03  1.3254E-01 -5.5274E-03 -1.4664E-02
  5.9315E-03  1.3346E-01 -5.5762E-03 -1.4793E-02
  5.9838E-03  1.3438E-01 -5.6253E-03 -1.4924E-02
  6.0365E-03  1.3531E-01 -5.6749E-03 -1.5055E-02
  6.0897E-03  1.3624E-01 -5.7249E-03 -1.5188E-02
  6.1433E-03  1.3717E-01 -5.7753E-03 -1.5321E-02
  6.1974E-03  1.3811E-01 -5.8261E-03 -1.5456E-02
  6.2519E-03  1.3905E-01 -5.8774E-03 -1.5592E-02
  6.3069E-03  1.4000E-01 -5.9291E-03 -1.5729E-02
  6.3623E-03  1.4095E-01 -5.9812E-03 -1.5868E-02
  6.4182E-03  1.4190E-01 -6.0337E-03 -1.6007E-02
  6.4746E-03  1.4286E-01 -6.0867E-03 -1.6148E-02
  6.5314E-03  1.4382E-01 -6.1402E-03 -1.6289E-02
  6.5888E-03  1.4478E-01 -6.1941E-03 -1.6432E-02
  6.6466E-03  1.4575E-01 -6.2484E-03 -1.6577E-02
  6.7049E-03  1.4672E-01 -6.3033E-03 -1.6722E-02
  6.7637E-03  1.4769E-01 -6.3585E-03 -1.6869E-02
  6.8230E-03  1.4867E-01 -6.4143E-03 -1.7016E-02
  6.8827E-03  1.4965E-01 -6.4705E-03 -1.7166E-02
  6.9430E-03  1.5064E-01 -6.5272E-03 -1.7316E-02
  7.0038E-03  1.5163E-01 -6.5843E-03 -1.7468E-02
  7.0651E-03  1.5262E-01 -6.6420E-03 -1.7620E-02
  7.1270E-03  1.5361E-01 -6.7001E-03 -1.7775E-02
  7.1893E-03  1.5461E-01 -6.7587E-03 -1.7930E-02
  7.2522E-03  1.5561E-01 -6.8178E-03 -1.8087E-02
  7.3156E-03  1.5662E-01 -6.8774E-03 -1.8245E-02
  7.3795E-03  1.5763E-01 -6.9375E-03 -1.8404E-02
  7.4440E-03  1.5864E-01 -6.9981E-03 -1.8565E-02
  7.5090E-03  1.5965E-01 -7.0592E-03 -1.8727E-02
  7.5745E-03  1.6067E-01 -7.1209E-03 -1.8891E-02
  7.6406E-03  1.6169E-01 -7.1830E-03 -1.9056E-02
  7.7073E-03  1.6271E-01 -7.2457E-03 -1.9222E-02
  7.7745E-03  1.6374E-01 -7.3089E-03 -1.9390E-02
  7.8423E-03  1.6477E-01 -7.3727E-03 -1.9559E-02
  7.9107E-03  1.6580E-01 -7.4369E-03 -1.9729E-02
  7.9796E-03  1.6683E-01 -7.5018E-03 -1.9901E-02
  8.0491E-03  1.6787E-01 -7.5671E-03 -2.0075E-02
  8.1192E-03  1.6891E-01 -7.6330E-03 -2.0249E-02
  8.1899E-03  1.6995E-01 -7.6995E-03 -2.0426E-02
  8.2612E-03  1.7099E-01 -7.7665E-03 -2.0604E-02
  8.3331E-03  1.7204E-01 -7.8341E-03 -2.0783E-02
  8.4056E-03  1.7309E-01 -7.9023E-03 -2.0964E-02
  8.4787E-03  1.7414E-01 -7.9710E-03 -2.1146E-02
  8.5524E-03  1.7519E-01 -8.0403E-03 -2.1330E-02
  8.6268E-03  1.7625E-01 -8.1102E-03 -2.1515E-02
  8.7018E-03  1.7730E-01 -8.1807E-03 -2.1702E-02
  8.7774E-03  1.7836E-01 -8.2518E-03 -2.1891E-02
  8.8536E-03  1.7942E-01 -8.3235E-03 -2.2081E-02
  8.9305E-03  1.8048E-01 -8.3958E-03 -2.2273E-02
  9.0080E-03  1.8155E-01 -8.4687E-03 -2.2466E-02
  9.0862E-03  1.8261E-01 -8.5422E-03 -2.2661E-02
  9.1650E-03  1.8368E-01 -8.6163E-03 -2.2858E-02
  9.2445E-03  1.8475E-01 -8.6910E-03 -2.3056E-02
  9.3247E-03  1.8582E-01 -8.7664E-03 -2.3256E-02
  9.4055E-03  1.8689E-01 -8.8424E-03 -2.3457E-02
  9.4870E-03  1.8796E-01 -8.9191E-03 -2.3661E-02
  9.5692E-03  1.8904E-01 -8.9964E-03 -2.3866E-02
  9.6521E-03  1.9011E-01 -9.0743E-03 -2.4073E-02
  9.7357E-03  1.9119E-01 -9.1529E-03 -2.4281E-02
  9.8200E-03  1.9226E-01 -9.2322E-03 -2.4491E-02
  9.9050E-03  1.9334E-01 -9.3122E-03 -2.4703E-02
  9.9908E-03  1.9442E-01 -9.3928E-03 -2.4917E-02
  1.0077E-02  1.9550E-01 -9.4741E-03 -2.5133E-02
  1.0164E-02  1.9657E-01 -9.5560E-03 -2.5350E-02
  1.0252E-02  1.9765E-01 -9.6387E-03 -2.5569E-02
  1.0341E-02  1.9873E-01 -9.7220E-03 -2.5790E-02
  1.0430E-02  1.9981E-01 -9.8061E-03 -2.6013E-02
  1.0520E-02  2.0089E-01 -9.8909E-03 -2.6238E-02
  1.0611E-02  2.0197E-01 -9.9764E-03 -2.6465E-02
  1.0703E-02  2.0304E-01 -1.0063E-02 -2.6694E-02
  1.0796E-02  2.0412E-01 -1.0149E-02 -2.6924E-02
  1.0889E-02  2.0520E-01 -1.0237E-02 -2.7157E-02
  1.0983E-02  2.0627E-01 -1.0326E-02 -2.7391E-02
  1.1078E-02  2.0735E-01 -1.0415E-02 -2.7628E-02
  1.1173E-02  2.0842E-01 -1.0505E-02 -2.7866E-02
  1.1270E-02  2.0950E-01 -1.0595E-02 -2.8106E-02
  1.1367E-02  2.1057E-01 -1.0687E-02 -2.8349E-02
  1.1465E-02  2.1164E-01 -1.0779E-02 -2.8593E-02
  1.1564E-02  2.1271E-01 -1.0872E-02 -2.8840E-02
  1.1663E-02  2.1377E-01 -1.0966E-02 -2.9089E-02
  1.1764E-02  2.1484E-01 -1.1060E-02 -2.9339E-02
  1.1865E-02  2.1590E-01 -1.1155E-02 -2.9592E-02
  1.1967E-02  2.1696E-01 -1.1252E-02 -2.9847E-02
  1.2071E-02  2.1802E-01 -1.1349E-02 -3.0104E-02
  1.2174E-02  2.1908E-01 -1.1446E-02 -3.0363E-02
  1.2279E-02  2.2013E-01 -1.1545E-02 -3.0625E-02
  1.2385E-02  2.2118E-01 -1.1644E-02 -3.0889E-02
  1.2492E-02  2.2223E-01 -1.1745E-02 -3.1154E-02
  1.2599E-02  2.2327E-01 -1.1846E-02 -3.1423E-02
  1.2708E-02  2.2431E-01 -1.1948E-02 -3.1693E-02
  1.2817E-02  2.2535E-01 -1.2050E-02 -3.1966E-02
  1.2927E-02  2.2639E-01 -1.2154E-02 -3.2240E-02
  1.3038E-02  2.2742E-01 -1.2259E-02 -3.2518E-02
  1.3150E-02  2.2844E-01 -1.2364E-02 -3.2797E-02
  1.3263E-02  2.2946E-01 -1.2470E-02 -3.3079E-02
  1.3377E-02  2.3048E-01 -1.2578E-02 -3.3364E-02
  1.3492E-02  2.3149E-01 -1.2686E-02 -3.3650E-02
  1.3608E-02  2.3250E-01 -1.2795E-02 -3.3939E-02
  1.3725E-02  2.3350E-01 -1.2905E-02 -3.4231E-02
  1.3843E-02  2.3450E-01 -1.3016E-02 -3.4525E-02
  1.3962E-02  2.3549E-01 -1.3127E-02 -3.4821E-02
  1.4082E-02  2.3648E-01 -1.3240E-02 -3.5120E-02
  1.4203E-02  2.3746E-01 -1.3354E-02 -3.5422E-02
  1.4325E-02  2.3844E-01 -1.3468E-02 -3.5726E-02
  1.4448E-02  2.3941E-01 -1.3584E-02 -3.6033E-02
  1.4571E-02  2.4037E-01 -1.3701E-02 -3.6342E-02
  1.4696E-02  2.4132E-01 -1.3818E-02 -3.6653E-02
  1.4823E-02  2.4227E-01 -1.3937E-02 -3.6968E-02
  1.4950E-02  2.4321E-01 -1.4056E-02 -3.7285E-02
  1.5078E-02  2.4415E-01 -1.4177E-02 -3.7605E-02
  1.5207E-02  2.4507E-01 -1.4299E-02 -3.7927E-02
  1.5337E-02  2.4599E-01 -1.4421E-02 -3.8252E-02
  1.5469E-02  2.4690E-01 -1.4545E-02 -3.8580E-02
  1.5601E-02  2.4780E-01 -1.4670E-02 -3.8911E-02
  1.5735E-02  2.4870E-01 -1.4795E-02 -3.9244E-02
  1.5870E-02  2.4958E-01 -1.4922E-02 -3.9580E-02
  1.6006E-02  2.5046E-01 -1.5050E-02 -3.9919E-02
  1.6143E-02  2.5132E-01 -1.5179E-02 -4.0261E-02
  1.6281E-02  2.5218E-01 -1.5309E-02 -4.0606E-02
  1.6421E-02  2.5302E-01 -1.5440E-02 -4.0954E-02
  1.6561E-02  2.5386E-01 -1.5572E-02 -4.1304E-02
  1.6703E-02  2.5469E-01 -1.5706E-02 -4.1658E-02
  1.6846E-02  2.5550E-01 -1.5840E-02 -4.2014E-02
  1.6990E-02  2.5630E-01 -1.5976E-02 -4.2374E-02
  1.7135E-02  2.5710E-01 -1.6113E-02 -4.2736E-02
  1.7282E-02  2.5788E-01 -1.6250E-02 -4.3102E-02
  1.7430E-02  2.5865E-01 -1.6389E-02 -4.3471E-02
  1.7579E-02  2.5940E-01 -1.6530E-02 -4.3843E-02
  1.7729E-02  2.6015E-01 -1.6671E-02 -4.4217E-02
  1.7881E-02  2.6088E-01 -1.6814E-02 -4.4596E-02
  1.8034E-02  2.6160E-01 -1.6958E-02 -4.4977E-02
  1.8188E-02  2.6230E-01 -1.7103E-02 -4.5361E-02
  1.8343E-02  2.6299E-01 -1.7249E-02 -4.5749E-02
  1.8500E-02  2.6367E-01 -1.7396E-02 -4.6140E-02
  1.8658E-02  2.6434E-01 -1.7545E-02 -4.6534E-02
  1.8817E-02  2.6498E-01 -1.7695E-02 -4.6932E-02
  1.8978E-02  2.6562E-01 -1.7846E-02 -4.7333E-02
  1.9140E-02  2.6624E-01 -1.7999E-02 -4.7737E-02
  1.9304E-02  2.6684E-01 -1.8153E-02 -4.8145E-02
  1.9469E-02  2.6742E-01 -1.8308E-02 -4.8556E-02
  1.9635E-02  2.6800E-01 -1.8464E-02 -4.8970E-02
  1.9802E-02  2.6855E-01 -1.8622E-02 -4.9389E-02
  1.9972E-02  2.6909E-01 -1.8781E-02 -4.9810E-02
  2.0142E-02  2.6960E-01 -1.8941E-02 -5.0235E-02
  2.0314E-02  2.7011E-01 -1.9103E-02 -5.0664E-02
  2.0487E-02  2.7059E-01 -1.9266E-02 -5.1096E-02
  2.0662E-02  2.7106E-01 -1.9431E-02 -5.1532E-02
  2.0838E-02  2.7150E-01 -1.9597E-02 -5.1972E-02
  2.1016E-02  2.7193E-01 -1.9764E-02 -5.2415E-02
  2.1195E-02  2.7234E-01 -1.9933E-02 -5.2863E-02
  2.1376E-02  2.7272E-01 -2.0103E-02 -5.3313E-02
  2.1558E-02  2.7309E-01 -2.0274E-02 -5.3768E-02
  2.1742E-02  2.7344E-01 -2.0447E-02 -5.4226E-02
  2.1928E-02  2.7377E-01 -2.0622E-02 -5.4689E-02
  2.2114E-02  2.7407E-01 -2.0798E-02 -5.5155E-02
  2.2303E-02  2.7435E-01 -2.0975E-02 -5.5625E-02
  2.2493E-02  2.7461E-01 -2.1154E-02 -5.6099E-02
  2.2685E-02  2.7485E-01 -2.1335E-02 -5.6577E-02
  2.2878E-02  2.7507E-01 -2.1517E-02 -5.7060E-02
  2.3073E-02  2.7526E-01 -2.1700E-02 -5.7546E-02
  2.3269E-02  2.7543E-01 -2.1885E-02 -5.8036E-02
  2.3468E-02  2.7557E-01 -2.2072E-02 -5.8530E-02
  2.3668E-02  2.7569E-01 -2.2260E-02 -5.9029E-02
  2.3869E-02  2.7579E-01 -2.2450E-02 -5.9532E-02
  2.4072E-02  2.7586E-01 -2.2641E-02 -6.0039E-02
  2.4277E-02  2.7590E-01 -2.2834E-02 -6.0550E-02
  2.4484E-02  2.7592E-01 -2.3029E-02 -6.1066E-02
  2.4693E-02  2.7591E-01 -2.3225E-02 -6.1586E-02
  2.4903E-02  2.7587E-01 -2.3423E-02 -6.2110E-02
  2.5115E-02  2.7581E-01 -2.3623E-02 -6.2639E-02
  2.5328E-02  2.7572E-01 -2.3824E-02 -6.3172E-02
  2.5544E-02  2.7560E-01 -2.4027E-02 -6.3709E-02
  2.5761E-02  2.7545E-01 -2.4232E-02 -6.4252E-02
  2.5981E-02  2.7527E-01 -2.4438E-02 -6.4798E-02
  2.6202E-02  2.7506E-01 -2.4646E-02 -6.5350E-02
  2.6425E-02  2.7483E-01 -2.4856E-02 -6.5906E-02
  2.6649E-02  2.7456E-01 -2.5068E-02 -6.6466E-02
  2.6876E-02  2.7426E-01 -2.5281E-02 -6.7032E-02
  2.7105E-02  2.7393E-01 -2.5497E-02 -6.7602E-02
  2.7335E-02  2.7357E-01 -2.5714E-02 -6.8177E-02
  2.7568E-02  2.7318E-01 -2.5933E-02 -6.8757E-02
  2.7802E-02  2.7275E-01 -2.6153E-02 -6.9341E-02
  2.8038E-02  2.7229E-01 -2.6376E-02 -6.9931E-02
  2.8277E-02  2.7180E-01 -2.6601E-02 -7.0525E-02
  2.8517E-02  2.7127E-01 -2.6827E-02 -7.1125E-02
  2.8759E-02  2.7071E-01 -2.7055E-02 -7.1730E-02
  2.9004E-02  2.7011E-01 -2.7286E-02 -7.2339E-02
  2.9250E-02  2.6948E-01 -2.7518E-02 -7.2954E-02
  2.9499E-02  2.6881E-01 -2.7752E-02 -7.3574E-02
  2.9750E-02  2.6811E-01 -2.7988E-02 -7.4199E-02
  3.0002E-02  2.6737E-01 -2.8226E-02 -7.4830E-02
  3.0257E-02  2.6659E-01 -2.8467E-02 -7.5466E-02
  3.0514E-02  2.6578E-01 -2.8709E-02 -7.6107E-02
  3.0773E-02  2.6492E-01 -2.8953E-02 -7.6754E-02
  3.1035E-02  2.6403E-01 -2.9199E-02 -7.7406E-02
  3.1298E-02  2.6310E-01 -2.9448E-02 -7.8063E-02
  3.1564E-02  2.6213E-01 -2.9698E-02 -7.8726E-02
  3.1832E-02  2.6113E-01 -2.9951E-02 -7.9395E-02
  3.2103E-02  2.6008E-01 -3.0206E-02 -8.0069E-02
  3.2375E-02  2.5899E-01 -3.0463E-02 -8.0749E-02
  3.2650E-02  2.5786E-01 -3.0722E-02 -8.1435E-02
  3.2927E-02  2.5668E-01 -3.0983E-02 -8.2126E-02
  3.3207E-02  2.5547E-01 -3.1247E-02 -8.2823E-02
  3.3489E-02  2.5421E-01 -3.1513E-02 -8.3526E-02
  3.3773E-02  2.5291E-01 -3.1781E-02 -8.4235E-02
  3.4059E-02  2.5157E-01 -3.2051E-02 -8.4950E-02
  3.4348E-02  2.5018E-01 -3.2323E-02 -8.5671E-02
  3.4640E-02  2.4875E-01 -3.2598E-02 -8.6399E-02
  3.4934E-02  2.4728E-01 -3.2875E-02 -8.7132E-02
  3.5230E-02  2.4576E-01 -3.3155E-02 -8.7871E-02
  3.5529E-02  2.4419E-01 -3.3437E-02 -8.8617E-02
  3.5831E-02  2.4258E-01 -3.3721E-02 -8.9369E-02
  3.6135E-02  2.4093E-01 -3.4008E-02 -9.0127E-02
  3.6441E-02  2.3922E-01 -3.4297E-02 -9.0892E-02
  3.6750E-02  2.3747E-01 -3.4589E-02 -9.1663E-02
  3.7062E-02  2.3568E-01 -3.4883E-02 -9.2440E-02
  3.7376E-02  2.3383E-01 -3.5179E-02 -9.3224E-02
  3.7693E-02  2.3194E-01 -3.5478E-02 -9.4015E-02
  3.8013E-02  2.3000E-01 -3.5780E-02 -9.4812E-02
  3.8335E-02  2.2801E-01 -3.6084E-02 -9.5616E-02
  3.8660E-02  2.2597E-01 -3.6391E-02 -9.6427E-02
  3.8988E-02  2.2388E-01 -3.6700E-02 -9.7245E-02
  3.9318E-02  2.2174E-01 -3.7012E-02 -9.8070E-02
  3.9652E-02  2.1956E-01 -3.7327E-02 -9.8901E-02
  3.9988E-02  2.1732E-01 -3.7644E-02 -9.9740E-02
  4.0327E-02  2.1503E-01 -3.7964E-02 -1.0059E-01
  4.0669E-02  2.1269E-01 -3.8287E-02 -1.0144E-01
  4.1013E-02  2.1030E-01 -3.8612E-02 -1.0230E-01
  4.1361E-02  2.0785E-01 -3.8940E-02 -1.0316E-01
  4.1711E-02  2.0536E-01 -3.9271E-02 -1.0404E-01
  4.2065E-02  2.0281E-01 -3.9605E-02 -1.0492E-01
  4.2421E-02  2.0021E-01 -3.9942E-02 -1.0581E-01
  4.2781E-02  1.9756E-01 -4.0281E-02 -1.0671E-01
  4.3143E-02  1.9486E-01 -4.0624E-02 -1.0761E-01
  4.3509E-02  1.9210E-01 -4.0969E-02 -1.0852E-01
  4.3877E-02  1.8929E-01 -4.1317E-02 -1.0944E-01
  4.4249E-02  1.8642E-01 -4.1669E-02 -1.1037E-01
  4.4624E-02  1.8350E-01 -4.2023E-02 -1.1131E-01
  4.5002E-02  1.8053E-01 -4.2380E-02 -1.1225E-01
  4.5383E-02  1.7750E-01 -4.2740E-02 -1.1320E-01
  4.5767E-02  1.7442E-01 -4.3104E-02 -1.1416E-01
  4.6155E-02  1.7128E-01 -4.3470E-02 -1.1513E-01
  4.6546E-02  1.6809E-01 -4.3839E-02 -1.1610E-01
  4.6940E-02  1.6485E-01 -4.4212E-02 -1.1708E-01
  4.7337E-02  1.6155E-01 -4.4588E-02 -1.1808E-01
  4.7738E-02  1.5819E-01 -4.4967E-02 -1.1908E-01
  4.8142E-02  1.5478E-01 -4.5349E-02 -1.2008E-01
  4.8550E-02  1.5132E-01 -4.5735E-02 -1.2110E-01
  4.8961E-02  1.4780E-01 -4.6124E-02 -1.2213E-01
  4.9375E-02  1.4422E-01 -4.6516E-02 -1.2316E-01
  4.9793E-02  1.4059E-01 -4.6911E-02 -1.2420E-01
  5.0215E-02  1.3691E-01 -4.7310E-02 -1.2525E-01
  5.0640E-02  1.3316E-01 -4.7712E-02 -1.2632E-01
  5.1068E-02  1.2937E-01 -4.8118E-02 -1.2738E-01
  5.1501E-02  1.2552E-01 -4.8527E-02 -1.2846E-01
  5.1936E-02  1.2161E-01 -4.8940E-02 -1.2955E-01
  5.2376E-02  1.1765E-01 -4.9356E-02 -1.3065E-01
  5.2819E-02  1.1364E-01 -4.9776E-02 -1.3175E-01
  5.3266E-02  1.0957E-01 -5.0199E-02 -1.3287E-01
  5.3717E-02  1.0545E-01 -5.0626E-02 -1.3399E-01
  5.4171E-02  1.0127E-01 -5.1056E-02 -1.3513E-01
  5.4630E-02  9.7036E-02 -5.1490E-02 -1.3627E-01
  5.5092E-02  9.2751E-02 -5.1928E-02 -1.3742E-01
  5.5558E-02  8.8412E-02 -5.2370E-02 -1.3859E-01
  5.6028E-02  8.4020E-02 -5.2816E-02 -1.3976E-01
  5.6502E-02  7.9575E-02 -5.3265E-02 -1.4094E-01
  5.6980E-02  7.5077E-02 -5.3718E-02 -1.4214E-01
  5.7462E-02  7.0528E-02 -5.4175E-02 -1.4334E-01
  5.7948E-02  6.5926E-02 -5.4636E-02 -1.4455E-01
  5.8438E-02  6.1273E-02 -5.5101E-02 -1.4577E-01
  5.8932E-02  5.6569E-02 -5.5570E-02 -1.4701E-01
  5.9431E-02  5.1814E-02 -5.6043E-02 -1.4825E-01
  5.9933E-02  4.7009E-02 -5.6519E-02 -1.4951E-01
  6.0440E-02  4.2155E-02 -5.7000E-02 -1.5077E-01
  6.0951E-02  3.7251E-02 -5.7486E-02 -1.5205E-01
  6.1467E-02  3.2299E-02 -5.7975E-02 -1.5333E-01
  6.1986E-02  2.7299E-02 -5.8468E-02 -1.5463E-01
  6.2510E-02  2.2252E-02 -5.8966E-02 -1.5594E-01
  6.3039E-02  1.7158E-02 -5.9468E-02 -1.5726E-01
  6.3572E-02  1.2018E-02 -5.9974E-02 -1.5859E-01
  6.4109E-02  6.8323E-03 -6.0485E-02 -1.5993E-01
  6.4651E-02  1.6022E-03 -6.1000E-02 -1.6128E-01
  6.5198E-02 -3.6717E-03 -6.1520E-02 -1.6265E-01
  6.5749E-02 -8.9887E-03 -6.2044E-02 -1.6402E-01
  6.6305E-02 -1.4348E-02 -6.2572E-02 -1.6541E-01
  6.6865E-02 -1.9749E-02 -6.3105E-02 -1.6681E-01
  6.7430E-02 -2.5190E-02 -6.3643E-02 -1.6822E-01
  6.8000E-02 -3.0670E-02 -6.4185E-02 -1.6964E-01
  6.8575E-02 -3.6190E-02 -6.4732E-02 -1.7107E-01
  6.9155E-02 -4.1747E-02 -6.5284E-02 -1.7252E-01
  6.9739E-02 -4.7340E-02 -6.5840E-02 -1.7398E-01
  7.0329E-02 -5.2970E-02 -6.6401E-02 -1.7545E-01
  7.0923E-02 -5.8633E-02 -6.6967E-02 -1.7693E-01
  7.1522E-02 -6.4331E-02 -6.7538E-02 -1.7843E-01
  7.2127E-02 -7.0060E-02 -6.8114E-02 -1.7994E-01
  7.2736E-02 -7.5821E-02 -6.8695E-02 -1.8146E-01
  7.3351E-02 -8.1611E-02 -6.9281E-02 -1.8299E-01
  7.3970E-02 -8.7430E-02 -6.9872E-02 -1.8454E-01
  7.4595E-02 -9.3276E-02 -7.0468E-02 -1.8610E-01
  7.5226E-02 -9.9148E-02 -7.1069E-02 -1.8767E-01
  7.5861E-02 -1.0504E-01 -7.1676E-02 -1.8926E-01
  7.6502E-02 -1.1096E-01 -7.2287E-02 -1.9086E-01
  7.7148E-02 -1.1691E-01 -7.2904E-02 -1.9247E-01
  7.7800E-02 -1.2287E-01 -7.3527E-02 -1.9410E-01
  7.8457E-02 -1.2885E-01 -7.4154E-02 -1.9574E-01
  7.9120E-02 -1.3485E-01 -7.4788E-02 -1.9740E-01
  7.9789E-02 -1.4086E-01 -7.5426E-02 -1.9907E-01
  8.0463E-02 -1.4689E-01 -7.6071E-02 -2.0075E-01
  8.1142E-02 -1.5293E-01 -7.6720E-02 -2.0244E-01
  8.1828E-02 -1.5898E-01 -7.7376E-02 -2.0416E-01
  8.2519E-02 -1.6504E-01 -7.8037E-02 -2.0588E-01
  8.3216E-02 -1.7111E-01 -7.8704E-02 -2.0762E-01
  8.3918E-02 -1.7718E-01 -7.9377E-02 -2.0938E-01
  8.4627E-02 -1.8325E-01 -8.0056E-02 -2.1115E-01
  8.5342E-02 -1.8933E-01 -8.0740E-02 -2.1293E-01
  8.6063E-02 -1.9541E-01 -8.1431E-02 -2.1473E-01
  8.6789E-02 -2.0148E-01 -8.2127E-02 -2.1654E-01
  8.7522E-02 -2.0755E-01 -8.2830E-02 -2.1837E-01
  8.8261E-02 -2.1362E-01 -8.3539E-02 -2.2022E-01
  8.9007E-02 -2.1967E-01 -8.4254E-02 -2.2208E-01
  8.9758E-02 -2.2572E-01 -8.4975E-02 -2.2396E-01
  9.0516E-02 -2.3175E-01 -8.5703E-02 -2.2585E-01
  9.1280E-02 -2.3777E-01 -8.6437E-02 -2.2776E-01
  9.2051E-02 -2.4377E-01 -8.7177E-02 -2.2968E-01
  9.2828E-02 -2.4975E-01 -8.7924E-02 -2.3162E-01
  9.3612E-02 -2.5571E-01 -8.8678E-02 -2.3358E-01
  9.4402E-02 -2.6165E-01 -8.9438E-02 -2.3555E-01
  9.5199E-02 -2.6756E-01 -9.0205E-02 -2.3754E-01
  9.6003E-02 -2.7344E-01 -9.0978E-02 -2.3955E-01
  9.6813E-02 -2.7929E-01 -9.1759E-02 -2.4157E-01
  9.7631E-02 -2.8511E-01 -9.2546E-02 -2.4361E-01
  9.8455E-02 -2.9089E-01 -9.3340E-02 -2.4567E-01
  9.9286E-02 -2.9664E-01 -9.4142E-02 -2.4775E-01
  1.0012E-01 -3.0234E-01 -9.4950E-02 -2.4984E-01
  1.0097E-01 -3.0799E-01 -9.5765E-02 -2.5195E-01
  1.0182E-01 -3.1361E-01 -9.6588E-02 -2.5408E-01
  1.0268E-01 -3.1917E-01 -9.7418E-02 -2.5623E-01
  1.0355E-01 -3.2468E-01 -9.8255E-02 -2.5839E-01
  1.0442E-01 -3.3014E-01 -9.9100E-02 -2.6057E-01
  1.0530E-01 -3.3554E-01 -9.9952E-02 -2.6277E-01
  1.0619E-01 -3.4088E-01 -1.0081E-01 -2.6499E-01
  1.0709E-01 -3.4616E-01 -1.0168E-01 -2.6723E-01
  1.0799E-01 -3.5137E-01 -1.0255E-01 -2.6949E-01
  1.0890E-01 -3.5651E-01 -1.0344E-01 -2.7177E-01
  1.0982E-01 -3.6158E-01 -1.0433E-01 -2.7406E-01
  1.1075E-01 -3.6658E-01 -1.0523E-01 -2.7638E-01
  1.1168E-01 -3.7150E-01 -1.0613E-01 -2.7871E-01
  1.1263E-01 -3.7635E-01 -1.0705E-01 -2.8106E-01
  1.1358E-01 -3.8111E-01 -1.0797E-01 -2.8344E-01
  1.1453E-01 -3.8578E-01 -1.0890E-01 -2.8583E-01
  1.1550E-01 -3.9036E-01 -1.0984E-01 -2.8824E-01
  1.1648E-01 -3.9486E-01 -1.1079E-01 -2.9068E-01
  1.1746E-01 -3.9925E-01 -1.1175E-01 -2.9313E-01
  1.1845E-01 -4.0355E-01 -1.1271E-01 -2.9561E-01
  1.1945E-01 -4.0775E-01 -1.1369E-01 -2.9811E-01
  1.2046E-01 -4.1185E-01 -1.1467E-01 -3.0062E-01
  1.2147E-01 -4.1584E-01 -1.1566E-01 -3.0316E-01
  1.2250E-01 -4.1972E-01 -1.1666E-01 -3.0572E-01
  1.2353E-01 -4.2349E-01 -1.1767E-01 -3.0830E-01
  1.2457E-01 -4.2714E-01 -1.1869E-01 -3.1090E-01
  1.2562E-01 -4.3067E-01 -1.1972E-01 -3.1353E-01
  1.2668E-01 -4.3408E-01 -1.2076E-01 -3.1618E-01
  1.2775E-01 -4.3736E-01 -1.2180E-01 -3.1885E-01
  1.2883E-01 -4.4052E-01 -1.2286E-01 -3.2154E-01
  1.2992E-01 -4.4354E-01 -1.2393E-01 -3.2425E-01
  1.3101E-01 -4.4643E-01 -1.2500E-01 -3.2699E-01
  1.3212E-01 -4.4918E-01 -1.2609E-01 -3.2975E-01
  1.3323E-01 -4.5179E-01 -1.2718E-01 -3.3253E-01
  1.3436E-01 -4.5426E-01 -1.2829E-01 -3.3534E-01
  1.3549E-01 -4.5659E-01 -1.2940E-01 -3.3817E-01
  1.3663E-01 -4.5876E-01 -1.3053E-01 -3.4103E-01
  1.3778E-01 -4.6078E-01 -1.3166E-01 -3.4390E-01
  1.3895E-01 -4.6265E-01 -1.3281E-01 -3.4681E-01
  1.4012E-01 -4.6435E-01 -1.3397E-01 -3.4973E-01
  1.4130E-01 -4.6590E-01 -1.3514E-01 -3.5268E-01
  1.4249E-01 -4.6728E-01 -1.3631E-01 -3.5566E-01
  1.4369E-01 -4.6850E-01 -1.3750E-01 -3.5866E-01
  1.4491E-01 -4.6955E-01 -1.3870E-01 -3.6169E-01
  1.4613E-01 -4.7042E-01 -1.3991E-01 -3.6474E-01
  1.4736E-01 -4.7112E-01 -1.4114E-01 -3.6782E-01
  1.4860E-01 -4.7164E-01 -1.4237E-01 -3.7092E-01
  1.4986E-01 -4.7198E-01 -1.4362E-01 -3.7405E-01
  1.5112E-01 -4.7214E-01 -1.4487E-01 -3.7721E-01
  1.5239E-01 -4.7212E-01 -1.4614E-01 -3.8039E-01
  1.5368E-01 -4.7190E-01 -1.4742E-01 -3.8360E-01
  1.5498E-01 -4.7150E-01 -1.4871E-01 -3.8683E-01
  1.5628E-01 -4.7090E-01 -1.5002E-01 -3.9009E-01
  1.5760E-01 -4.7011E-01 -1.5134E-01 -3.9338E-01
  1.5893E-01 -4.6912E-01 -1.5267E-01 -3.9670E-01
  1.6027E-01 -4.6793E-01 -1.5401E-01 -4.0005E-01
  1.6162E-01 -4.6654E-01 -1.5536E-01 -4.0342E-01
  1.6298E-01 -4.6495E-01 -1.5673E-01 -4.0682E-01
  1.6436E-01 -4.6315E-01 -1.5811E-01 -4.1025E-01
  1.6574E-01 -4.6114E-01 -1.5950E-01 -4.1371E-01
  1.6714E-01 -4.5893E-01 -1.6091E-01 -4.1720E-01
  1.6855E-01 -4.5650E-01 -1.6233E-01 -4.2071E-01
  1.6997E-01 -4.5386E-01 -1.6376E-01 -4.2426E-01
  1.7140E-01 -4.5101E-01 -1.6521E-01 -4.2783E-01
  1.7285E-01 -4.4794E-01 -1.6667E-01 -4.3144E-01
  1.7431E-01 -4.4465E-01 -1.6814E-01 -4.3507E-01
  1.7578E-01 -4.4115E-01 -1.6963E-01 -4.3874E-01
  1.7726E-01 -4.3742E-01 -1.7113E-01 -4.4243E-01
  1.7875E-01 -4.3348E-01 -1.7265E-01 -4.4616E-01
  1.8026E-01 -4.2931E-01 -1.7418E-01 -4.4992E-01
  1.8178E-01 -4.2492E-01 -1.7573E-01 -4.5371E-01
  1.8331E-01 -4.2031E-01 -1.7729E-01 -4.5753E-01
  1.8486E-01 -4.1547E-01 -1.7887E-01 -4.6138E-01
  1.8642E-01 -4.1041E-01 -1.8046E-01 -4.6526E-01
  1.8799E-01 -4.0512E-01 -1.8207E-01 -4.6918E-01
  1.8957E-01 -3.9961E-01 -1.8369E-01 -4.7313E-01
  1.9117E-01 -3.9387E-01 -1.8533E-01 -4.7711E-01
  1.9278E-01 -3.8790E-01 -1.8698E-01 -4.8112E-01
  1.9441E-01 -3.8171E-01 -1.8865E-01 -4.8517E-01
  1.9604E-01 -3.7529E-01 -1.9034E-01 -4.8925E-01
  1.9770E-01 -3.6865E-01 -1.9205E-01 -4.9336E-01
  1.9936E-01 -3.6178E-01 -1.9377E-01 -4.9751E-01
  2.0104E-01 -3.5469E-01 -1.9550E-01 -5.0169E-01
  2.0274E-01 -3.4737E-01 -1.9726E-01 -5.0590E-01
  2.0445E-01 -3.3983E-01 -1.9903E-01 -5.1015E-01
  2.0617E-01 -3.3207E-01 -2.0082E-01 -5.1444E-01
  2.0791E-01 -3.2409E-01 -2.0263E-01 -5.1876E-01
  2.0966E-01 -3.1589E-01 -2.0445E-01 -5.2311E-01
  2.1143E-01 -3.0747E-01 -2.0630E-01 -5.2750E-01
  2.1321E-01 -2.9883E-01 -2.0816E-01 -5.3193E-01
  2.1501E-01 -2.8998E-01 -2.1004E-01 -5.3639E-01
  2.1682E-01 -2.8091E-01 -2.1194E-01 -5.4089E-01
  2.1865E-01 -2.7163E-01 -2.1386E-01 -5.4543E-01
  2.2049E-01 -2.6214E-01 -2.1580E-01 -5.5000E-01
  2.2235E-01 -2.5245E-01 -2.1775E-01 -5.5461E-01
  2.2422E-01 -2.4255E-01 -2.1973E-01 -5.5925E-01
  2.2611E-01 -2.3245E-01 -2.2173E-01 -5.6394E-01
  2.2802E-01 -2.2215E-01 -2.2374E-01 -5.6866E-01
  2.2994E-01 -2.1166E-01 -2.2578E-01 -5.7342E-01
  2.3188E-01 -2.0097E-01 -2.2784E-01 -5.7821E-01
  2.3383E-01 -1.9009E-01 -2.2992E-01 -5.8305E-01
  2.3580E-01 -1.7903E-01 -2.3202E-01 -5.8792E-01
  2.3779E-01 -1.6778E-01 -2.3414E-01 -5.9283E-01
  2.3979E-01 -1.5636E-01 -2.3629E-01 -5.9778E-01
  2.4181E-01 -1.4476E-01 -2.3846E-01 -6.0277E-01
  2.4385E-01 -1.3299E-01 -2.4064E-01 -6.0780E-01
  2.4591E-01 -1.2105E-01 -2.4286E-01 -6.1287E-01
  2.4798E-01 -1.0895E-01 -2.4509E-01 -6.1798E-01
  2.5007E-01 -9.6695E-02 -2.4735E-01 -6.2313E-01
  2.5218E-01 -8.4286E-02 -2.4963E-01 -6.2832E-01
  2.5430E-01 -7.1729E-02 -2.5193E-01 -6.3355E-01
  2.5644E-01 -5.9029E-02 -2.5426E-01 -6.3882E-01
  2.5860E-01 -4.6192E-02 -2.5662E-01 -6.4413E-01
  2.6078E-01 -3.3224E-02 -2.5899E-01 -6.4948E-01
  2.6298E-01 -2.0128E-02 -2.6140E-01 -6.5487E-01
  2.6520E-01 -6.9127E-03 -2.6382E-01 -6.6030E-01
  2.6743E-01  6.4176E-03 -2.6628E-01 -6.6578E-01
  2.6969E-01  1.9856E-02 -2.6876E-01 -6.7129E-01
  2.7196E-01  3.3398E-02 -2.7127E-01 -6.7685E-01
  2.7425E-01  4.7035E-02 -2.7380E-01 -6.8245E-01
  2.7656E-01  6.0761E-02 -2.7636E-01 -6.8809E-01
  2.7889E-01  7.4571E-02 -2.7894E-01 -6.9377E-01
  2.8124E-01  8.8456E-02 -2.8156E-01 -6.9950E-01
  2.8361E-01  1.0241E-01 -2.8420E-01 -7.0527E-01
  2.8600E-01  1.1643E-01 -2.8687E-01 -7.1107E-01
  2.8841E-01  1.3050E-01 -2.8957E-01 -7.1693E-01
  2.9084E-01  1.4461E-01 -2.9230E-01 -7.2282E-01
  2.9329E-01  1.5877E-01 -2.9506E-01 -7.2876E-01
  2.9576E-01  1.7296E-01 -2.9785E-01 -7.3473E-01
  2.9825E-01  1.8717E-01 -3.0067E-01 -7.4075E-01
  3.0077E-01  2.0140E-01 -3.0352E-01 -7.4682E-01
  3.0330E-01  2.1564E-01 -3.0640E-01 -7.5292E-01
  3.0585E-01  2.2987E-01 -3.0931E-01 -7.5907E-01
  3.0843E-01  2.4410E-01 -3.1225E-01 -7.6526E-01
  3.1103E-01  2.5831E-01 -3.1523E-01 -7.7149E-01
  3.1365E-01  2.7250E-01 -3.1824E-01 -7.7777E-01
  3.1629E-01  2.8665E-01 -3.2128E-01 -7.8408E-01
  3.1896E-01  3.0076E-01 -3.2436E-01 -7.9044E-01
  3.2164E-01  3.1482E-01 -3.2746E-01 -7.9684E-01
  3.2435E-01  3.2882E-01 -3.3061E-01 -8.0328E-01
  3.2709E-01  3.4275E-01 -3.3379E-01 -8.0976E-01
  3.2984E-01  3.5660E-01 -3.3700E-01 -8.1629E-01
  3.3262E-01  3.7037E-01 -3.4025E-01 -8.2285E-01
  3.3542E-01  3.8404E-01 -3.4353E-01 -8.2946E-01
  3.3825E-01  3.9760E-01 -3.4686E-01 -8.3610E-01
  3.4110E-01  4.1105E-01 -3.5022E-01 -8.4279E-01
  3.4397E-01  4.2437E-01 -3.5361E-01 -8.4951E-01
  3.4687E-01  4.3756E-01 -3.5705E-01 -8.5628E-01
  3.4979E-01  4.5061E-01 -3.6052E-01 -8.6308E-01
  3.5274E-01  4.6350E-01 -3.6403E-01 -8.6992E-01
  3.5571E-01  4.7624E-01 -3.6758E-01 -8.7680E-01
  3.5871E-01  4.8880E-01 -3.7118E-01 -8.8372E-01
  3.6173E-01  5.0118E-01 -3.7481E-01 -8.9067E-01
  3.6478E-01  5.1337E-01 -3.7848E-01 -8.9766E-01
  3.6785E-01  5.2536E-01 -3.8220E-01 -9.0469E-01
  3.7095E-01  5.3715E-01 -3.8595E-01 -9.1175E-01
  3.7407E-01  5.4871E-01 -3.8975E-01 -9.1884E-01
  3.7722E-01  5.6004E-01 -3.9359E-01 -9.2597E-01
  3.8040E-01  5.7114E-01 -3.9748E-01 -9.3313E-01
  3.8361E-01  5.8199E-01 -4.0141E-01 -9.4033E-01
  3.8684E-01  5.9258E-01 -4.0538E-01 -9.4755E-01
  3.9009E-01  6.0290E-01 -4.0940E-01 -9.5480E-01
  3.9338E-01  6.1295E-01 -4.1347E-01 -9.6208E-01
  3.9669E-01  6.2271E-01 -4.1758E-01 -9.6939E-01
  4.0004E-01  6.3218E-01 -4.2174E-01 -9.7673E-01
  4.0341E-01  6.4134E-01 -4.2595E-01 -9.8409E-01
  4.0680E-01  6.5019E-01 -4.3020E-01 -9.9147E-01
  4.1023E-01  6.5872E-01 -4.3450E-01 -9.9888E-01
  4.1369E-01  6.6692E-01 -4.3885E-01 -1.0063E+00
  4.1717E-01  6.7478E-01 -4.4326E-01 -1.0138E+00
  4.2068E-01  6.8230E-01 -4.4771E-01 -1.0212E+00
  4.2423E-01  6.8945E-01 -4.5221E-01 -1.0287E+00
  4.2780E-01  6.9624E-01 -4.5676E-01 -1.0362E+00
  4.3140E-01  7.0266E-01 -4.6137E-01 -1.0437E+00
  4.3504E-01  7.0869E-01 -4.6603E-01 -1.0512E+00
  4.3870E-01  7.1434E-01 -4.7074E-01 -1.0588E+00
  4.4240E-01  7.1959E-01 -4.7550E-01 -1.0663E+00
  4.4612E-01  7.2444E-01 -4.8032E-01 -1.0739E+00
  4.4988E-01  7.2888E-01 -4.8519E-01 -1.0814E+00
  4.5367E-01  7.3289E-01 -4.9012E-01 -1.0889E+00
  4.5749E-01  7.3649E-01 -4.9511E-01 -1.0965E+00
  4.6134E-01  7.3964E-01 -5.0015E-01 -1.1040E+00
  4.6523E-01  7.4237E-01 -5.0524E-01 -1.1116E+00
  4.6915E-01  7.4464E-01 -5.1040E-01 -1.1191E+00
  4.7310E-01  7.4647E-01 -5.1561E-01 -1.1266E+00
  4.7708E-01  7.4784E-01 -5.2088E-01 -1.1341E+00
  4.8110E-01  7.4875E-01 -5.2621E-01 -1.1416E+00
  4.8515E-01  7.4919E-01 -5.3160E-01 -1.1490E+00
  4.8924E-01  7.4916E-01 -5.3705E-01 -1.1564E+00
  4.9336E-01  7.4865E-01 -5.4257E-01 -1.1638E+00
  4.9752E-01  7.4766E-01 -5.4814E-01 -1.1712E+00
  5.0171E-01  7.4618E-01 -5.5377E-01 -1.1785E+00
  5.0593E-01  7.4422E-01 -5.5947E-01 -1.1858E+00
  5.1019E-01  7.4176E-01 -5.6522E-01 -1.1931E+00
  5.1449E-01  7.3881E-01 -5.7104E-01 -1.2002E+00
  5.1882E-01  7.3536E-01 -5.7693E-01 -1.2074E+00
  5.2319E-01  7.3140E-01 -5.8288E-01 -1.2145E+00
  5.2760E-01  7.2695E-01 -5.8889E-01 -1.2215E+00
  5.3204E-01  7.2198E-01 -5.9496E-01 -1.2284E+00
  5.3652E-01  7.1651E-01 -6.0110E-01 -1.2353E+00
  5.4104E-01  7.1054E-01 -6.0731E-01 -1.2421E+00
  5.4560E-01  7.0405E-01 -6.1358E-01 -1.2488E+00
  5.5019E-01  6.9705E-01 -6.1992E-01 -1.2555E+00
  5.5483E-01  6.8954E-01 -6.2632E-01 -1.2620E+00
  5.5950E-01  6.8152E-01 -6.3279E-01 -1.2684E+00
  5.6421E-01  6.7299E-01 -6.3933E-01 -1.2748E+00
  5.6896E-01  6.6394E-01 -6.4593E-01 -1.2810E+00
  5.7375E-01  6.5440E-01 -6.5260E-01 -1.2871E+00
  5.7859E-01  6.4434E-01 -6.5934E-01 -1.2931E+00
  5.8346E-01  6.3378E-01 -6.6614E-01 -1.2989E+00
  5.8837E-01  6.2272E-01 -6.7301E-01 -1.3046E+00
  5.9333E-01  6.1115E-01 -6.7995E-01 -1.3102E+00
  5.9832E-01  5.9909E-01 -6.8695E-01 -1.3156E+00
  6.0336E-01  5.8653E-01 -6.9402E-01 -1.3208E+00
  6.0844E-01  5.7349E-01 -7.0116E-01 -1.3259E+00
  6.1357E-01  5.5996E-01 -7.0836E-01 -1.3308E+00
  6.1873E-01  5.4594E-01 -7.1563E-01 -1.3355E+00
  6.2394E-01  5.3145E-01 -7.2297E-01 -1.3400E+00
  6.2920E-01  5.1649E-01 -7.3037E-01 -1.3444E+00
  6.3450E-01  5.0106E-01 -7.3783E-01 -1.3485E+00
  6.3984E-01  4.8516E-01 -7.4536E-01 -1.3524E+00
  6.4523E-01  4.6882E-01 -7.5296E-01 -1.3561E+00
  6.5066E-01  4.5203E-01 -7.6061E-01 -1.3595E+00
  6.5614E-01  4.3479E-01 -7.6833E-01 -1.3627E+00
  6.6167E-01  4.1713E-01 -7.7611E-01 -1.3657E+00
  6.6724E-01  3.9904E-01 -7.8395E-01 -1.3683E+00
  6.7286E-01  3.8053E-01 -7.9186E-01 -1.3708E+00
  6.7852E-01  3.6161E-01 -7.9982E-01 -1.3729E+00
  6.8424E-01  3.4229E-01 -8.0783E-01 -1.3747E+00
  6.9000E-01  3.2258E-01 -8.1591E-01 -1.3763E+00
  6.9581E-01  3.0249E-01 -8.2404E-01 -1.3775E+00
  7.0167E-01  2.8203E-01 -8.3222E-01 -1.3784E+00
  7.0758E-01  2.6121E-01 -8.4046E-01 -1.3790E+00
  7.1353E-01  2.4004E-01 -8.4874E-01 -1.3792E+00
  7.1954E-01  2.1852E-01 -8.5708E-01 -1.3791E+00
  7.2560E-01  1.9668E-01 -8.6546E-01 -1.3787E+00
  7.3171E-01  1.7453E-01 -8.7388E-01 -1.3779E+00
  7.3787E-01  1.5207E-01 -8.8235E-01 -1.3766E+00
  7.4409E-01  1.2932E-01 -8.9086E-01 -1.3750E+00
  7.5035E-01  1.0629E-01 -8.9940E-01 -1.3731E+00
  7.5667E-01  8.2994E-02 -9.0799E-01 -1.3707E+00
  7.6304E-01  5.9446E-02 -9.1660E-01 -1.3678E+00
  7.6947E-01  3.5660E-02 -9.2524E-01 -1.3646E+00
  7.7595E-01  1.1650E-02 -9.3391E-01 -1.3609E+00
  7.8248E-01 -1.2570E-02 -9.4261E-01 -1.3568E+00
  7.8907E-01 -3.6986E-02 -9.5132E-01 -1.3522E+00
  7.9571E-01 -6.1582E-02 -9.6005E-01 -1.3472E+00
  8.0241E-01 -8.6342E-02 -9.6879E-01 -1.3417E+00
  8.0917E-01 -1.1125E-01 -9.7754E-01 -1.3358E+00
  8.1598E-01 -1.3629E-01 -9.8630E-01 -1.3293E+00
  8.2286E-01 -1.6145E-01 -9.9505E-01 -1.3224E+00
  8.2978E-01 -1.8671E-01 -1.0038E+00 -1.3150E+00
  8.3677E-01 -2.1206E-01 -1.0125E+00 -1.3071E+00
  8.4382E-01 -2.3747E-01 -1.0213E+00 -1.2986E+00
  8.5092E-01 -2.6292E-01 -1.0300E+00 -1.2897E+00
  8.5809E-01 -2.8841E-01 -1.0387E+00 -1.2803E+00
  8.6531E-01 -3.1392E-01 -1.0473E+00 -1.2703E+00
  8.7260E-01 -3.3941E-01 -1.0559E+00 -1.2599E+00
  8.7995E-01 -3.6488E-01 -1.0645E+00 -1.2489E+00
  8.8735E-01 -3.9032E-01 -1.0730E+00 -1.2374E+00
  8.9483E-01 -4.1568E-01 -1.0815E+00 -1.2254E+00
  9.0236E-01 -4.4097E-01 -1.0899E+00 -1.2128E+00
  9.0996E-01 -4.6616E-01 -1.0982E+00 -1.1998E+00
  9.1762E-01 -4.9123E-01 -1.1065E+00 -1.1863E+00
  9.2535E-01 -5.1615E-01 -1.1147E+00 -1.1722E+00
  9.3314E-01 -5.4092E-01 -1.1228E+00 -1.1577E+00
  9.4099E-01 -5.6551E-01 -1.1307E+00 -1.1426E+00
  9.4892E-01 -5.8990E-01 -1.1386E+00 -1.1271E+00
  9.5691E-01 -6.1406E-01 -1.1463E+00 -1.1111E+00
  9.6496E-01 -6.3798E-01 -1.1540E+00 -1.0946E+00
  9.7309E-01 -6.6164E-01 -1.1614E+00 -1.0777E+00
  9.8128E-01 -6.8501E-01 -1.1688E+00 -1.0604E+00
  9.8954E-01 -7.0808E-01 -1.1759E+00 -1.0426E+00
  9.9788E-01 -7.3082E-01 -1.1829E+00 -1.0244E+00
  1.0063E+00 -7.5320E-01 -1.1897E+00 -1.0058E+00
  1.0148E+00 -7.7522E-01 -1.1964E+00 -9.8686E-01
  1.0233E+00 -7.9685E-01 -1.2028E+00 -9.6754E-01
  1.0319E+00 -8.1805E-01 -1.2090E+00 -9.4790E-01
  1.0406E+00 -8.3883E-01 -1.2150E+00 -9.2794E-01
  1.0494E+00 -8.5914E-01 -1.2207E+00 -9.0769E-01
  1.0582E+00 -8.7897E-01 -1.2262E+00 -8.8717E-01
  1.0671E+00 -8.9829E-01 -1.2314E+00 -8.6642E-01
  1.0761E+00 -9.1709E-01 -1.2363E+00 -8.4546E-01
  1.0852E+00 -9.3534E-01 -1.2410E+00 -8.2432E-01
  1.0943E+00 -9.5303E-01 -1.2453E+00 -8.0302E-01
  1.1035E+00 -9.7011E-01 -1.2493E+00 -7.8159E-01
  1.1128E+00 -9.8659E-01 -1.2529E+00 -7.6008E-01
  1.1222E+00 -1.0024E+00 -1.2562E+00 -7.3850E-01
  1.1316E+00 -1.0176E+00 -1.2592E+00 -7.1690E-01
  1.1411E+00 -1.0321E+00 -1.2617E+00 -6.9530E-01
  1.1507E+00 -1.0459E+00 -1.2639E+00 -6.7374E-01
  1.1604E+00 -1.0590E+00 -1.2656E+00 -6.5225E-01
  1.1702E+00 -1.0713E+00 -1.2668E+00 -6.3087E-01
  1.1801E+00 -1.0828E+00 -1.2677E+00 -6.0963E-01
  1.1900E+00 -1.0936E+00 -1.2680E+00 -5.8856E-01
  1.2000E+00 -1.1035E+00 -1.2679E+00 -5.6769E-01
  1.2101E+00 -1.1127E+00 -1.2672E+00 -5.4706E-01
  1.2203E+00 -1.1209E+00 -1.2660E+00 -5.2669E-01
  1.2306E+00 -1.1283E+00 -1.2643E+00 -5.0663E-01
  1.2409E+00 -1.1348E+00 -1.2620E+00 -4.8688E-01
  1.2514E+00 -1.1404E+00 -1.2591E+00 -4.6749E-01
  1.2619E+00 -1.1451E+00 -1.2557E+00 -4.4848E-01
  1.2725E+00 -1.1488E+00 -1.2516E+00 -4.2986E-01
  1.2833E+00 -1.1516E+00 -1.2468E+00 -4.1165E-01
  1.2941E+00 -1.1534E+00 -1.2414E+00 -3.9389E-01
  1.3050E+00 -1.1541E+00 -1.2354E+00 -3.7657E-01
  1.3159E+00 -1.1539E+00 -1.2286E+00 -3.5971E-01
  1.3270E+00 -1.1526E+00 -1.2211E+00 -3.4331E-01
  1.3382E+00 -1.1503E+00 -1.2129E+00 -3.2739E-01
  1.3495E+00 -1.1469E+00 -1.2039E+00 -3.1195E-01
  1.3608E+00 -1.1424E+00 -1.1941E+00 -2.9697E-01
  1.3723E+00 -1.1369E+00 -1.1836E+00 -2.8246E-01
  1.3838E+00 -1.1302E+00 -1.1723E+00 -2.6840E-01
  1.3955E+00 -1.1224E+00 -1.1601E+00 -2.5479E-01
  1.4072E+00 -1.1135E+00 -1.1471E+00 -2.4161E-01
  1.4191E+00 -1.1035E+00 -1.1332E+00 -2.2884E-01
  1.4310E+00 -1.0923E+00 -1.1184E+00 -2.1647E-01
  1.4431E+00 -1.0799E+00 -1.1028E+00 -2.0446E-01
  1.4552E+00 -1.0664E+00 -1.0862E+00 -1.9281E-01
  1.4675E+00 -1.0518E+00 -1.0687E+00 -1.8148E-01
  1.4798E+00 -1.0359E+00 -1.0503E+00 -1.7045E-01
  1.4923E+00 -1.0189E+00 -1.0310E+00 -1.5971E-01
  1.5049E+00 -1.0007E+00 -1.0107E+00 -1.4924E-01
  1.5175E+00 -9.8137E-01 -9.8938E-01 -1.3902E-01
  1.5303E+00 -9.6083E-01 -9.6712E-01 -1.2905E-01
  1.5432E+00 -9.3912E-01 -9.4388E-01 -1.1932E-01
  1.5562E+00 -9.1624E-01 -9.1965E-01 -1.0983E-01
  1.5693E+00 -8.9219E-01 -8.9441E-01 -1.0060E-01
  1.5825E+00 -8.6699E-01 -8.6818E-01 -9.1649E-02
  1.5958E+00 -8.4063E-01 -8.4094E-01 -8.3009E-02
  1.6092E+00 -8.1313E-01 -8.1270E-01 -7.4722E-02
  1.6228E+00 -7.8450E-01 -7.8346E-01 -6.6831E-02
  1.6365E+00 -7.5475E-01 -7.5322E-01 -5.9348E-02
  1.6502E+00 -7.2390E-01 -7.2198E-01 -5.2278E-02
  1.6641E+00 -6.9197E-01 -6.8976E-01 -4.5620E-02
  1.6781E+00 -6.5897E-01 -6.5655E-01 -3.9378E-02
  1.6923E+00 -6.2493E-01 -6.2238E-01 -3.3550E-02
  1.7065E+00 -5.8987E-01 -5.8726E-01 -2.8135E-02
  1.7209E+00 -5.5380E-01 -5.5120E-01 -2.3133E-02
  1.7354E+00 -5.1677E-01 -5.1422E-01 -1.8540E-02
  1.7500E+00 -4.7880E-01 -4.7634E-01 -1.4351E-02
  1.7647E+00 -4.3993E-01 -4.3759E-01 -1.0562E-02
  1.7796E+00 -4.0018E-01 -3.9799E-01 -7.1653E-03
  1.7945E+00 -3.5959E-01 -3.5757E-01 -4.1538E-03
  1.8097E+00 -3.1820E-01 -3.1637E-01 -1.5182E-03
  1.8249E+00 -2.7605E-01 -2.7442E-01  7.5187E-04
  1.8402E+00 -2.3320E-01 -2.3175E-01  2.6681E-03
  1.8557E+00 -1.8967E-01 -1.8842E-01  4.2434E-03
  1.8714E+00 -1.4553E-01 -1.4446E-01  5.4924E-03
  1.8871E+00 -1.0081E-01 -9.9924E-02  6.4307E-03
  1.9030E+00 -5.5590E-02 -5.4861E-02  7.0755E-03
  1.9190E+00 -9.9070E-03 -9.3254E-03  7.4452E-03
  1.9352E+00  3.6174E-02  3.6625E-02  7.5599E-03
  1.9515E+00  8.2591E-02  8.2930E-02  7.4406E-03
  1.9679E+00  1.2928E-01  1.2953E-01  7.1100E-03
  1.9845E+00  1.7618E-01  1.7634E-01  6.5920E-03
  2.0012E+00  2.2321E-01  2.2332E-01  5.9116E-03
  2.0180E+00  2.7030E-01  2.7037E-01  5.0954E-03
  2.0350E+00  3.1739E-01  3.1742E-01  4.1708E-03
  2.0521E+00  3.6439E-01  3.6441E-01  3.1666E-03
  2.0694E+00  4.1122E-01  4.1123E-01  2.1125E-03
  2.0868E+00  4.5781E-01  4.5781E-01  1.0391E-03
  2.1044E+00  5.0407E-01  5.0407E-01  0.0000E+00
  2.1221E+00  5.4990E-01  5.4990E-01  0.0000E+00
  2.1400E+00  5.9523E-01  5.9523E-01  0.0000E+00
  2.1580E+00  6.3997E-01  6.3997E-01  0.0000E+00
  2.1762E+00  6.8401E-01  6.8401E-01  0.0000E+00
  2.1945E+00  7.2728E-01  7.2728E-01  0.0000E+00
  2.2130E+00  7.6966E-01  7.6966E-01  0.0000E+00
  2.2316E+00  8.1107E-01  8.1107E-01  0.0000E+00
  2.2504E+00  8.5141E-01  8.5141E-01  0.0000E+00
  2.2693E+00  8.9057E-01  8.9057E-01  0.0000E+00
  2.2884E+00  9.2846E-01  9.2846E-01  0.0000E+00
  2.3077E+00  9.6497E-01  9.6497E-01  0.0000E+00
  2.3271E+00  1.0000E+00  1.0000E+00  0.0000E+00
  2.3467E+00  1.0335E+00  1.0335E+00  0.0000E+00
  2.3665E+00  1.0652E+00  1.0652E+00  0.0000E+00
  2.3864E+00  1.0952E+00  1.0952E+00  0.0000E+00
  2.4065E+00  1.1233E+00  1.1233E+00  0.0000E+00
  2.4267E+00  1.1494E+00  1.1494E+00  0.0000E+00
  2.4472E+00  1.1734E+00  1.1734E+00  0.0000E+00
  2.4678E+00  1.1953E+00  1.1953E+00  0.0000E+00
  2.4885E+00  1.2148E+00  1.2148E+00  0.0000E+00
  2.5095E+00  1.2320E+00  1.2320E+00  0.0000E+00
  2.5306E+00  1.2467E+00  1.2467E+00  0.0000E+00
  2.5519E+00  1.2589E+00  1.2589E+00  0.0000E+00
  2.5734E+00  1.2684E+00  1.2684E+00  0.0000E+00
  2.5951E+00  1.2752E+00  1.2752E+00  0.0000E+00
  2.6169E+00  1.2791E+00  1.2791E+00  0.0000E+00
  2.6389E+00  1.2802E+00  1.2802E+00  0.0000E+00
  2.6612E+00  1.2784E+00  1.2784E+00  0.0000E+00
  2.6836E+00  1.2735E+00  1.2735E+00  0.0000E+00
  2.7062E+00  1.2656E+00  1.2656E+00  0.0000E+00
  2.7289E+00  1.2546E+00  1.2546E+00  0.0000E+00
  2.7519E+00  1.2404E+00  1.2404E+00  0.0000E+00
  2.7751E+00  1.2230E+00  1.2230E+00  0.0000E+00
  2.7984E+00  1.2024E+00  1.2024E+00  0.0000E+00
  2.8220E+00  1.1786E+00  1.1786E+00  0.0000E+00
  2.8458E+00  1.1515E+00  1.1515E+00  0.0000E+00
  2.8697E+00  1.1211E+00  1.1211E+00  0.0000E+00
  2.8939E+00  1.0876E+00  1.0876E+00  0.0000E+00
  2.9182E+00  1.0508E+00  1.0508E+00  0.0000E+00
  2.9428E+00  1.0108E+00  1.0108E+00  0.0000E+00
  2.9676E+00  9.6765E-01  9.6765E-01  0.0000E+00
  2.9925E+00  9.2142E-01  9.2142E-01  0.0000E+00
  3.0177E+00  8.7216E-01  8.7216E-01  0.0000E+00
  3.0431E+00  8.1996E-01  8.1996E-01  0.0000E+00
  3.0688E+00  7.6490E-01  7.6490E-01  0.0000E+00
  3.0946E+00  7.0709E-01  7.0709E-01  0.0000E+00
  3.1206E+00  6.4664E-01  6.4664E-01  0.0000E+00
  3.1469E+00  5.8370E-01  5.8370E-01  0.0000E+00
  3.1734E+00  5.1840E-01  5.1840E-01  0.0000E+00
  3.2001E+00  4.5090E-01  4.5090E-01  0.0000E+00
  3.2271E+00  3.8139E-01  3.8139E-01  0.0000E+00
  3.2542E+00  3.1004E-01  3.1004E-01  0.0000E+00
  3.2816E+00  2.3707E-01  2.3707E-01  0.0000E+00
  3.3092E+00  1.6268E-01  1.6268E-01  0.0000E+00
  3.3371E+00  8.7114E-02  8.7114E-02  0.0000E+00
  3.3652E+00  1.0608E-02  1.0608E-02  0.0000E+00
  3.3935E+00 -6.6579E-02 -6.6579E-02  0.0000E+00
  3.4221E+00 -1.4418E-01 -1.4418E-01  0.0000E+00
  3.4509E+00 -2.2190E-01 -2.2190E-01  0.0000E+00
  3.4799E+00 -2.9947E-01 -2.9947E-01  0.0000E+00
  3.5092E+00 -3.7656E-01 -3.7656E-01  0.0000E+00
