 # l=           1 basis function with energy    0.000000000000000E+000
  0.0000E+00  0.0000E+00  0.0000E+00  0.0000E+00
  2.3519E-06  3.4397E-09  2.6514E-12  4.5554E-11
  4.7235E-06  1.1404E-08  1.0695E-11  1.8375E-10
  7.1152E-06  2.3064E-08  2.4267E-11  4.1694E-10
  9.5269E-06  3.8101E-08  4.3507E-11  7.4749E-10
  1.1959E-05  5.6286E-08  6.8555E-11  1.1779E-09
  1.4412E-05  7.7580E-08  9.9556E-11  1.7105E-09
  1.6885E-05  1.0189E-07  1.3666E-10  2.3479E-09
  1.9379E-05  1.2916E-07  1.8001E-10  3.0928E-09
  2.1894E-05  1.5937E-07  2.2977E-10  3.9477E-09
  2.4430E-05  1.9248E-07  2.8608E-10  4.9152E-09
  2.6987E-05  2.2850E-07  3.4912E-10  5.9982E-09
  2.9566E-05  2.6742E-07  4.1903E-10  7.1994E-09
  3.2167E-05  3.0925E-07  4.9599E-10  8.5217E-09
  3.4790E-05  3.5401E-07  5.8017E-10  9.9679E-09
  3.7434E-05  4.0169E-07  6.7173E-10  1.1541E-08
  4.0101E-05  4.5234E-07  7.7085E-10  1.3244E-08
  4.2791E-05  5.0595E-07  8.7771E-10  1.5080E-08
  4.5503E-05  5.6258E-07  9.9249E-10  1.7052E-08
  4.8238E-05  6.2223E-07  1.1154E-09  1.9164E-08
  5.0996E-05  6.8495E-07  1.2466E-09  2.1418E-08
  5.3777E-05  7.5076E-07  1.3862E-09  2.3817E-08
  5.6581E-05  8.1971E-07  1.5346E-09  2.6366E-08
  5.9409E-05  8.9182E-07  1.6918E-09  2.9068E-08
  6.2261E-05  9.6714E-07  1.8582E-09  3.1926E-08
  6.5137E-05  1.0457E-06  2.0338E-09  3.4943E-08
  6.8038E-05  1.1276E-06  2.2189E-09  3.8124E-08
  7.0962E-05  1.2128E-06  2.4138E-09  4.1472E-08
  7.3911E-05  1.3013E-06  2.6186E-09  4.4991E-08
  7.6885E-05  1.3934E-06  2.8336E-09  4.8684E-08
  7.9884E-05  1.4888E-06  3.0590E-09  5.2556E-08
  8.2909E-05  1.5878E-06  3.2950E-09  5.6611E-08
  8.5958E-05  1.6904E-06  3.5418E-09  6.0852E-08
  8.9034E-05  1.7967E-06  3.7998E-09  6.5285E-08
  9.2135E-05  1.9066E-06  4.0691E-09  6.9912E-08
  9.5263E-05  2.0202E-06  4.3500E-09  7.4739E-08
  9.8416E-05  2.1377E-06  4.6428E-09  7.9769E-08
  1.0160E-04  2.2590E-06  4.9477E-09  8.5008E-08
  1.0480E-04  2.3843E-06  5.2650E-09  9.0459E-08
  1.0804E-04  2.5135E-06  5.5950E-09  9.6128E-08
  1.1130E-04  2.6468E-06  5.9379E-09  1.0202E-07
  1.1459E-04  2.7842E-06  6.2940E-09  1.0814E-07
  1.1790E-04  2.9257E-06  6.6636E-09  1.1449E-07
  1.2125E-04  3.0715E-06  7.0469E-09  1.2107E-07
  1.2462E-04  3.2217E-06  7.4444E-09  1.2790E-07
  1.2802E-04  3.3762E-06  7.8563E-09  1.3498E-07
  1.3145E-04  3.5351E-06  8.2828E-09  1.4231E-07
  1.3491E-04  3.6986E-06  8.7244E-09  1.4989E-07
  1.3840E-04  3.8667E-06  9.1813E-09  1.5774E-07
  1.4191E-04  4.0394E-06  9.6538E-09  1.6586E-07
  1.4546E-04  4.2169E-06  1.0142E-08  1.7426E-07
  1.4904E-04  4.3993E-06  1.0647E-08  1.8293E-07
  1.5264E-04  4.5865E-06  1.1169E-08  1.9189E-07
  1.5628E-04  4.7788E-06  1.1707E-08  2.0114E-07
  1.5995E-04  4.9761E-06  1.2263E-08  2.1069E-07
  1.6365E-04  5.1786E-06  1.2837E-08  2.2055E-07
  1.6737E-04  5.3864E-06  1.3428E-08  2.3072E-07
  1.7114E-04  5.5994E-06  1.4039E-08  2.4120E-07
  1.7493E-04  5.8179E-06  1.4668E-08  2.5201E-07
  1.7875E-04  6.0420E-06  1.5316E-08  2.6315E-07
  1.8261E-04  6.2716E-06  1.5984E-08  2.7463E-07
  1.8650E-04  6.5069E-06  1.6672E-08  2.8645E-07
  1.9042E-04  6.7481E-06  1.7381E-08  2.9862E-07
  1.9437E-04  6.9951E-06  1.8110E-08  3.1115E-07
  1.9836E-04  7.2482E-06  1.8861E-08  3.2405E-07
  2.0238E-04  7.5073E-06  1.9634E-08  3.3733E-07
  2.0644E-04  7.7727E-06  2.0428E-08  3.5098E-07
  2.1053E-04  8.0443E-06  2.1246E-08  3.6502E-07
  2.1465E-04  8.3224E-06  2.2086E-08  3.7947E-07
  2.1881E-04  8.6070E-06  2.2950E-08  3.9431E-07
  2.2300E-04  8.8982E-06  2.3838E-08  4.0957E-07
  2.2723E-04  9.1962E-06  2.4751E-08  4.2525E-07
  2.3150E-04  9.5011E-06  2.5689E-08  4.4136E-07
  2.3580E-04  9.8129E-06  2.6652E-08  4.5791E-07
  2.4014E-04  1.0132E-05  2.7641E-08  4.7491E-07
  2.4451E-04  1.0458E-05  2.8657E-08  4.9237E-07
  2.4892E-04  1.0792E-05  2.9700E-08  5.1029E-07
  2.5337E-04  1.1132E-05  3.0771E-08  5.2868E-07
  2.5785E-04  1.1481E-05  3.1870E-08  5.4757E-07
  2.6237E-04  1.1837E-05  3.2998E-08  5.6694E-07
  2.6693E-04  1.2202E-05  3.4155E-08  5.8682E-07
  2.7153E-04  1.2574E-05  3.5342E-08  6.0721E-07
  2.7617E-04  1.2954E-05  3.6559E-08  6.2813E-07
  2.8085E-04  1.3342E-05  3.7808E-08  6.4959E-07
  2.8556E-04  1.3739E-05  3.9088E-08  6.7158E-07
  2.9032E-04  1.4145E-05  4.0401E-08  6.9414E-07
  2.9511E-04  1.4559E-05  4.1747E-08  7.1726E-07
  2.9995E-04  1.4982E-05  4.3126E-08  7.4096E-07
  3.0483E-04  1.5414E-05  4.4540E-08  7.6525E-07
  3.0974E-04  1.5855E-05  4.5989E-08  7.9014E-07
  3.1470E-04  1.6306E-05  4.7473E-08  8.1564E-07
  3.1970E-04  1.6766E-05  4.8994E-08  8.4177E-07
  3.2475E-04  1.7236E-05  5.0552E-08  8.6854E-07
  3.2983E-04  1.7715E-05  5.2147E-08  8.9595E-07
  3.3496E-04  1.8204E-05  5.3782E-08  9.2403E-07
  3.4013E-04  1.8704E-05  5.5455E-08  9.5278E-07
  3.4535E-04  1.9213E-05  5.7168E-08  9.8222E-07
  3.5060E-04  1.9734E-05  5.8923E-08  1.0124E-06
  3.5591E-04  2.0265E-05  6.0719E-08  1.0432E-06
  3.6125E-04  2.0806E-05  6.2557E-08  1.0748E-06
  3.6665E-04  2.1359E-05  6.4439E-08  1.1071E-06
  3.7209E-04  2.1923E-05  6.6364E-08  1.1402E-06
  3.7757E-04  2.2498E-05  6.8335E-08  1.1741E-06
  3.8310E-04  2.3085E-05  7.0351E-08  1.2087E-06
  3.8868E-04  2.3684E-05  7.2414E-08  1.2442E-06
  3.9430E-04  2.4295E-05  7.4525E-08  1.2804E-06
  3.9997E-04  2.4918E-05  7.6684E-08  1.3175E-06
  4.0569E-04  2.5553E-05  7.8893E-08  1.3555E-06
  4.1146E-04  2.6201E-05  8.1151E-08  1.3943E-06
  4.1727E-04  2.6862E-05  8.3461E-08  1.4340E-06
  4.2314E-04  2.7536E-05  8.5824E-08  1.4746E-06
  4.2905E-04  2.8223E-05  8.8239E-08  1.5161E-06
  4.3501E-04  2.8924E-05  9.0709E-08  1.5585E-06
  4.4103E-04  2.9638E-05  9.3235E-08  1.6019E-06
  4.4709E-04  3.0366E-05  9.5816E-08  1.6462E-06
  4.5321E-04  3.1109E-05  9.8455E-08  1.6916E-06
  4.5937E-04  3.1865E-05  1.0115E-07  1.7379E-06
  4.6559E-04  3.2637E-05  1.0391E-07  1.7853E-06
  4.7186E-04  3.3424E-05  1.0673E-07  1.8337E-06
  4.7819E-04  3.4225E-05  1.0961E-07  1.8832E-06
  4.8456E-04  3.5042E-05  1.1255E-07  1.9338E-06
  4.9099E-04  3.5875E-05  1.1556E-07  1.9854E-06
  4.9748E-04  3.6724E-05  1.1863E-07  2.0382E-06
  5.0402E-04  3.7589E-05  1.2177E-07  2.0921E-06
  5.1061E-04  3.8471E-05  1.2498E-07  2.1472E-06
  5.1726E-04  3.9369E-05  1.2825E-07  2.2035E-06
  5.2397E-04  4.0284E-05  1.3160E-07  2.2610E-06
  5.3073E-04  4.1217E-05  1.3502E-07  2.3198E-06
  5.3755E-04  4.2167E-05  1.3851E-07  2.3798E-06
  5.4443E-04  4.3136E-05  1.4208E-07  2.4411E-06
  5.5136E-04  4.4123E-05  1.4572E-07  2.5036E-06
  5.5835E-04  4.5128E-05  1.4944E-07  2.5675E-06
  5.6540E-04  4.6152E-05  1.5324E-07  2.6328E-06
  5.7252E-04  4.7195E-05  1.5712E-07  2.6995E-06
  5.7969E-04  4.8258E-05  1.6108E-07  2.7675E-06
  5.8692E-04  4.9341E-05  1.6512E-07  2.8370E-06
  5.9421E-04  5.0443E-05  1.6925E-07  2.9079E-06
  6.0156E-04  5.1567E-05  1.7347E-07  2.9803E-06
  6.0898E-04  5.2711E-05  1.7777E-07  3.0543E-06
  6.1646E-04  5.3877E-05  1.8216E-07  3.1297E-06
  6.2400E-04  5.5064E-05  1.8664E-07  3.2068E-06
  6.3160E-04  5.6273E-05  1.9122E-07  3.2854E-06
  6.3927E-04  5.7504E-05  1.9589E-07  3.3657E-06
  6.4700E-04  5.8758E-05  2.0066E-07  3.4476E-06
  6.5480E-04  6.0035E-05  2.0553E-07  3.5312E-06
  6.6266E-04  6.1336E-05  2.1049E-07  3.6165E-06
  6.7059E-04  6.2660E-05  2.1556E-07  3.7036E-06
  6.7859E-04  6.4009E-05  2.2073E-07  3.7924E-06
  6.8665E-04  6.5382E-05  2.2601E-07  3.8831E-06
  6.9479E-04  6.6781E-05  2.3139E-07  3.9756E-06
  7.0299E-04  6.8205E-05  2.3689E-07  4.0700E-06
  7.1126E-04  6.9655E-05  2.4249E-07  4.1663E-06
  7.1959E-04  7.1131E-05  2.4821E-07  4.2646E-06
  7.2800E-04  7.2634E-05  2.5405E-07  4.3648E-06
  7.3648E-04  7.4164E-05  2.6000E-07  4.4671E-06
  7.4503E-04  7.5723E-05  2.6607E-07  4.5715E-06
  7.5366E-04  7.7309E-05  2.7227E-07  4.6779E-06
  7.6235E-04  7.8924E-05  2.7859E-07  4.7865E-06
  7.7112E-04  8.0568E-05  2.8503E-07  4.8972E-06
  7.7996E-04  8.2241E-05  2.9161E-07  5.0102E-06
  7.8888E-04  8.3945E-05  2.9831E-07  5.1254E-06
  7.9787E-04  8.5680E-05  3.0515E-07  5.2429E-06
  8.0694E-04  8.7445E-05  3.1213E-07  5.3627E-06
  8.1609E-04  8.9242E-05  3.1924E-07  5.4850E-06
  8.2531E-04  9.1072E-05  3.2650E-07  5.6096E-06
  8.3461E-04  9.2934E-05  3.3390E-07  5.7367E-06
  8.4398E-04  9.4829E-05  3.4144E-07  5.8664E-06
  8.5344E-04  9.6759E-05  3.4914E-07  5.9986E-06
  8.6298E-04  9.8722E-05  3.5698E-07  6.1334E-06
  8.7259E-04  1.0072E-04  3.6498E-07  6.2708E-06
  8.8229E-04  1.0276E-04  3.7314E-07  6.4109E-06
  8.9207E-04  1.0483E-04  3.8146E-07  6.5538E-06
  9.0193E-04  1.0693E-04  3.8993E-07  6.6995E-06
  9.1187E-04  1.0908E-04  3.9858E-07  6.8481E-06
  9.2190E-04  1.1126E-04  4.0739E-07  6.9995E-06
  9.3201E-04  1.1348E-04  4.1638E-07  7.1539E-06
  9.4221E-04  1.1574E-04  4.2554E-07  7.3113E-06
  9.5249E-04  1.1804E-04  4.3488E-07  7.4718E-06
  9.6286E-04  1.2038E-04  4.4440E-07  7.6353E-06
  9.7332E-04  1.2276E-04  4.5411E-07  7.8021E-06
  9.8386E-04  1.2519E-04  4.6400E-07  7.9720E-06
  9.9449E-04  1.2765E-04  4.7408E-07  8.1453E-06
  1.0052E-03  1.3016E-04  4.8436E-07  8.3219E-06
  1.0160E-03  1.3272E-04  4.9484E-07  8.5019E-06
  1.0269E-03  1.3532E-04  5.0552E-07  8.6853E-06
  1.0379E-03  1.3796E-04  5.1640E-07  8.8723E-06
  1.0490E-03  1.4065E-04  5.2749E-07  9.0629E-06
  1.0602E-03  1.4339E-04  5.3880E-07  9.2572E-06
  1.0715E-03  1.4618E-04  5.5032E-07  9.4551E-06
  1.0828E-03  1.4901E-04  5.6206E-07  9.6569E-06
  1.0943E-03  1.5189E-04  5.7403E-07  9.8625E-06
  1.1059E-03  1.5483E-04  5.8622E-07  1.0072E-05
  1.1175E-03  1.5781E-04  5.9865E-07  1.0286E-05
  1.1293E-03  1.6085E-04  6.1131E-07  1.0503E-05
  1.1412E-03  1.6394E-04  6.2422E-07  1.0725E-05
  1.1531E-03  1.6708E-04  6.3737E-07  1.0951E-05
  1.1652E-03  1.7028E-04  6.5077E-07  1.1181E-05
  1.1773E-03  1.7354E-04  6.6442E-07  1.1416E-05
  1.1896E-03  1.7685E-04  6.7834E-07  1.1655E-05
  1.2020E-03  1.8021E-04  6.9251E-07  1.1898E-05
  1.2144E-03  1.8364E-04  7.0695E-07  1.2146E-05
  1.2270E-03  1.8712E-04  7.2167E-07  1.2399E-05
  1.2397E-03  1.9067E-04  7.3666E-07  1.2657E-05
  1.2525E-03  1.9428E-04  7.5194E-07  1.2919E-05
  1.2654E-03  1.9794E-04  7.6750E-07  1.3187E-05
  1.2784E-03  2.0168E-04  7.8335E-07  1.3459E-05
  1.2915E-03  2.0547E-04  7.9951E-07  1.3736E-05
  1.3047E-03  2.0933E-04  8.1596E-07  1.4019E-05
  1.3180E-03  2.1326E-04  8.3272E-07  1.4307E-05
  1.3315E-03  2.1726E-04  8.4980E-07  1.4601E-05
  1.3450E-03  2.2132E-04  8.6720E-07  1.4899E-05
  1.3587E-03  2.2546E-04  8.8492E-07  1.5204E-05
  1.3725E-03  2.2966E-04  9.0297E-07  1.5514E-05
  1.3864E-03  2.3394E-04  9.2136E-07  1.5830E-05
  1.4004E-03  2.3829E-04  9.4009E-07  1.6152E-05
  1.4146E-03  2.4271E-04  9.5917E-07  1.6480E-05
  1.4288E-03  2.4721E-04  9.7861E-07  1.6814E-05
  1.4432E-03  2.5179E-04  9.9840E-07  1.7154E-05
  1.4577E-03  2.5645E-04  1.0186E-06  1.7500E-05
  1.4723E-03  2.6118E-04  1.0391E-06  1.7853E-05
  1.4871E-03  2.6600E-04  1.0600E-06  1.8212E-05
  1.5019E-03  2.7090E-04  1.0813E-06  1.8578E-05
  1.5169E-03  2.7588E-04  1.1030E-06  1.8951E-05
  1.5321E-03  2.8095E-04  1.1251E-06  1.9331E-05
  1.5473E-03  2.8610E-04  1.1476E-06  1.9718E-05
  1.5627E-03  2.9134E-04  1.1705E-06  2.0111E-05
  1.5782E-03  2.9667E-04  1.1939E-06  2.0512E-05
  1.5938E-03  3.0209E-04  1.2177E-06  2.0921E-05
  1.6096E-03  3.0760E-04  1.2419E-06  2.1337E-05
  1.6255E-03  3.1321E-04  1.2665E-06  2.1761E-05
  1.6415E-03  3.1891E-04  1.2916E-06  2.2192E-05
  1.6577E-03  3.2471E-04  1.3172E-06  2.2631E-05
  1.6740E-03  3.3060E-04  1.3433E-06  2.3079E-05
  1.6904E-03  3.3660E-04  1.3698E-06  2.3534E-05
  1.7070E-03  3.4270E-04  1.3968E-06  2.3998E-05
  1.7237E-03  3.4890E-04  1.4243E-06  2.4471E-05
  1.7406E-03  3.5520E-04  1.4523E-06  2.4952E-05
  1.7576E-03  3.6161E-04  1.4808E-06  2.5442E-05
  1.7748E-03  3.6813E-04  1.5098E-06  2.5940E-05
  1.7920E-03  3.7476E-04  1.5394E-06  2.6448E-05
  1.8095E-03  3.8151E-04  1.5695E-06  2.6966E-05
  1.8271E-03  3.8836E-04  1.6001E-06  2.7492E-05
  1.8448E-03  3.9533E-04  1.6313E-06  2.8028E-05
  1.8627E-03  4.0242E-04  1.6631E-06  2.8574E-05
  1.8807E-03  4.0963E-04  1.6955E-06  2.9130E-05
  1.8989E-03  4.1696E-04  1.7284E-06  2.9696E-05
  1.9172E-03  4.2441E-04  1.7620E-06  3.0272E-05
  1.9357E-03  4.3199E-04  1.7961E-06  3.0859E-05
  1.9544E-03  4.3969E-04  1.8309E-06  3.1456E-05
  1.9732E-03  4.4753E-04  1.8663E-06  3.2065E-05
  1.9921E-03  4.5549E-04  1.9023E-06  3.2684E-05
  2.0112E-03  4.6359E-04  1.9390E-06  3.3314E-05
  2.0305E-03  4.7183E-04  1.9764E-06  3.3956E-05
  2.0500E-03  4.8020E-04  2.0144E-06  3.4610E-05
  2.0696E-03  4.8871E-04  2.0531E-06  3.5275E-05
  2.0893E-03  4.9737E-04  2.0925E-06  3.5952E-05
  2.1093E-03  5.0617E-04  2.1327E-06  3.6641E-05
  2.1294E-03  5.1511E-04  2.1735E-06  3.7343E-05
  2.1497E-03  5.2421E-04  2.2151E-06  3.8058E-05
  2.1701E-03  5.3346E-04  2.2574E-06  3.8785E-05
  2.1907E-03  5.4286E-04  2.3005E-06  3.9526E-05
  2.2115E-03  5.5242E-04  2.3444E-06  4.0280E-05
  2.2325E-03  5.6214E-04  2.3891E-06  4.1047E-05
  2.2536E-03  5.7202E-04  2.4345E-06  4.1828E-05
  2.2750E-03  5.8206E-04  2.4808E-06  4.2623E-05
  2.2965E-03  5.9227E-04  2.5279E-06  4.3433E-05
  2.3181E-03  6.0266E-04  2.5759E-06  4.4257E-05
  2.3400E-03  6.1321E-04  2.6247E-06  4.5096E-05
  2.3621E-03  6.2394E-04  2.6744E-06  4.5950E-05
  2.3843E-03  6.3485E-04  2.7250E-06  4.6819E-05
  2.4067E-03  6.4594E-04  2.7765E-06  4.7703E-05
  2.4293E-03  6.5721E-04  2.8289E-06  4.8604E-05
  2.4521E-03  6.6867E-04  2.8823E-06  4.9520E-05
  2.4751E-03  6.8032E-04  2.9366E-06  5.0453E-05
  2.4983E-03  6.9217E-04  2.9918E-06  5.1403E-05
  2.5217E-03  7.0421E-04  3.0481E-06  5.2370E-05
  2.5453E-03  7.1645E-04  3.1054E-06  5.3354E-05
  2.5690E-03  7.2889E-04  3.1636E-06  5.4355E-05
  2.5930E-03  7.4153E-04  3.2230E-06  5.5374E-05
  2.6172E-03  7.5439E-04  3.2834E-06  5.6412E-05
  2.6416E-03  7.6746E-04  3.3448E-06  5.7468E-05
  2.6662E-03  7.8074E-04  3.4074E-06  5.8543E-05
  2.6910E-03  7.9425E-04  3.4710E-06  5.9637E-05
  2.7160E-03  8.0797E-04  3.5358E-06  6.0750E-05
  2.7412E-03  8.2192E-04  3.6018E-06  6.1883E-05
  2.7666E-03  8.3611E-04  3.6689E-06  6.3036E-05
  2.7922E-03  8.5052E-04  3.7372E-06  6.4210E-05
  2.8181E-03  8.6518E-04  3.8068E-06  6.5405E-05
  2.8442E-03  8.8007E-04  3.8775E-06  6.6621E-05
  2.8705E-03  8.9521E-04  3.9496E-06  6.7858E-05
  2.8970E-03  9.1060E-04  4.0229E-06  6.9117E-05
  2.9237E-03  9.2624E-04  4.0975E-06  7.0399E-05
  2.9507E-03  9.4214E-04  4.1734E-06  7.1704E-05
  2.9779E-03  9.5829E-04  4.2506E-06  7.3031E-05
  3.0053E-03  9.7472E-04  4.3293E-06  7.4382E-05
  3.0329E-03  9.9141E-04  4.4093E-06  7.5757E-05
  3.0608E-03  1.0084E-03  4.4907E-06  7.7156E-05
  3.0889E-03  1.0256E-03  4.5736E-06  7.8580E-05
  3.1173E-03  1.0431E-03  4.6580E-06  8.0029E-05
  3.1459E-03  1.0610E-03  4.7438E-06  8.1504E-05
  3.1747E-03  1.0791E-03  4.8312E-06  8.3005E-05
  3.2038E-03  1.0975E-03  4.9201E-06  8.4532E-05
  3.2331E-03  1.1162E-03  5.0105E-06  8.6087E-05
  3.2627E-03  1.1352E-03  5.1026E-06  8.7668E-05
  3.2925E-03  1.1545E-03  5.1963E-06  8.9278E-05
  3.3225E-03  1.1741E-03  5.2916E-06  9.0916E-05
  3.3529E-03  1.1941E-03  5.3886E-06  9.2583E-05
  3.3834E-03  1.2143E-03  5.4873E-06  9.4279E-05
  3.4143E-03  1.2350E-03  5.5878E-06  9.6005E-05
  3.4453E-03  1.2559E-03  5.6900E-06  9.7761E-05
  3.4767E-03  1.2772E-03  5.7941E-06  9.9549E-05
  3.5083E-03  1.2988E-03  5.8999E-06  1.0137E-04
  3.5402E-03  1.3208E-03  6.0076E-06  1.0322E-04
  3.5724E-03  1.3431E-03  6.1173E-06  1.0510E-04
  3.6048E-03  1.3658E-03  6.2288E-06  1.0702E-04
  3.6375E-03  1.3889E-03  6.3423E-06  1.0897E-04
  3.6704E-03  1.4123E-03  6.4578E-06  1.1095E-04
  3.7037E-03  1.4362E-03  6.5753E-06  1.1297E-04
  3.7372E-03  1.4604E-03  6.6949E-06  1.1503E-04
  3.7710E-03  1.4850E-03  6.8166E-06  1.1712E-04
  3.8051E-03  1.5100E-03  6.9404E-06  1.1924E-04
  3.8395E-03  1.5354E-03  7.0664E-06  1.2141E-04
  3.8742E-03  1.5612E-03  7.1946E-06  1.2361E-04
  3.9091E-03  1.5874E-03  7.3250E-06  1.2585E-04
  3.9444E-03  1.6141E-03  7.4577E-06  1.2813E-04
  3.9799E-03  1.6412E-03  7.5928E-06  1.3045E-04
  4.0158E-03  1.6687E-03  7.7302E-06  1.3281E-04
  4.0519E-03  1.6966E-03  7.8700E-06  1.3522E-04
  4.0884E-03  1.7251E-03  8.0123E-06  1.3766E-04
  4.1252E-03  1.7539E-03  8.1570E-06  1.4015E-04
  4.1622E-03  1.7833E-03  8.3043E-06  1.4268E-04
  4.1996E-03  1.8131E-03  8.4542E-06  1.4525E-04
  4.2373E-03  1.8434E-03  8.6066E-06  1.4787E-04
  4.2754E-03  1.8741E-03  8.7618E-06  1.5054E-04
  4.3137E-03  1.9054E-03  8.9196E-06  1.5325E-04
  4.3524E-03  1.9372E-03  9.0802E-06  1.5601E-04
  4.3913E-03  1.9695E-03  9.2436E-06  1.5882E-04
  4.4307E-03  2.0023E-03  9.4099E-06  1.6167E-04
  4.4703E-03  2.0356E-03  9.5790E-06  1.6458E-04
  4.5103E-03  2.0694E-03  9.7511E-06  1.6754E-04
  4.5506E-03  2.1038E-03  9.9262E-06  1.7054E-04
  4.5913E-03  2.1388E-03  1.0104E-05  1.7361E-04
  4.6323E-03  2.1743E-03  1.0286E-05  1.7672E-04
  4.6736E-03  2.2104E-03  1.0470E-05  1.7989E-04
  4.7153E-03  2.2470E-03  1.0658E-05  1.8311E-04
  4.7573E-03  2.2842E-03  1.0849E-05  1.8639E-04
  4.7997E-03  2.3221E-03  1.1043E-05  1.8973E-04
  4.8425E-03  2.3605E-03  1.1240E-05  1.9312E-04
  4.8856E-03  2.3995E-03  1.1441E-05  1.9658E-04
  4.9291E-03  2.4392E-03  1.1646E-05  2.0009E-04
  4.9729E-03  2.4795E-03  1.1854E-05  2.0367E-04
  5.0171E-03  2.5204E-03  1.2066E-05  2.0730E-04
  5.0617E-03  2.5620E-03  1.2281E-05  2.1101E-04
  5.1067E-03  2.6043E-03  1.2500E-05  2.1477E-04
  5.1520E-03  2.6472E-03  1.2723E-05  2.1860E-04
  5.1977E-03  2.6908E-03  1.2950E-05  2.2250E-04
  5.2438E-03  2.7350E-03  1.3181E-05  2.2646E-04
  5.2903E-03  2.7800E-03  1.3416E-05  2.3050E-04
  5.3372E-03  2.8257E-03  1.3654E-05  2.3460E-04
  5.3845E-03  2.8721E-03  1.3897E-05  2.3877E-04
  5.4322E-03  2.9193E-03  1.4145E-05  2.4302E-04
  5.4802E-03  2.9672E-03  1.4396E-05  2.4734E-04
  5.5287E-03  3.0159E-03  1.4652E-05  2.5174E-04
  5.5776E-03  3.0653E-03  1.4912E-05  2.5621E-04
  5.6269E-03  3.1155E-03  1.5177E-05  2.6076E-04
  5.6766E-03  3.1665E-03  1.5446E-05  2.6539E-04
  5.7267E-03  3.2182E-03  1.5720E-05  2.7009E-04
  5.7773E-03  3.2708E-03  1.5999E-05  2.7488E-04
  5.8283E-03  3.3243E-03  1.6283E-05  2.7976E-04
  5.8797E-03  3.3785E-03  1.6571E-05  2.8471E-04
  5.9315E-03  3.4337E-03  1.6865E-05  2.8976E-04
  5.9838E-03  3.4896E-03  1.7163E-05  2.9489E-04
  6.0365E-03  3.5465E-03  1.7467E-05  3.0011E-04
  6.0897E-03  3.6043E-03  1.7776E-05  3.0542E-04
  6.1433E-03  3.6629E-03  1.8091E-05  3.1082E-04
  6.1974E-03  3.7225E-03  1.8410E-05  3.1631E-04
  6.2519E-03  3.7830E-03  1.8736E-05  3.2190E-04
  6.3069E-03  3.8444E-03  1.9067E-05  3.2759E-04
  6.3623E-03  3.9068E-03  1.9403E-05  3.3337E-04
  6.4182E-03  3.9702E-03  1.9746E-05  3.3926E-04
  6.4746E-03  4.0346E-03  2.0094E-05  3.4524E-04
  6.5314E-03  4.0999E-03  2.0449E-05  3.5133E-04
  6.5888E-03  4.1663E-03  2.0809E-05  3.5753E-04
  6.6466E-03  4.2337E-03  2.1176E-05  3.6383E-04
  6.7049E-03  4.3022E-03  2.1549E-05  3.7024E-04
  6.7637E-03  4.3717E-03  2.1929E-05  3.7676E-04
  6.8230E-03  4.4423E-03  2.2315E-05  3.8339E-04
  6.8827E-03  4.5140E-03  2.2707E-05  3.9014E-04
  6.9430E-03  4.5868E-03  2.3107E-05  3.9701E-04
  7.0038E-03  4.6607E-03  2.3513E-05  4.0399E-04
  7.0651E-03  4.7357E-03  2.3927E-05  4.1109E-04
  7.1270E-03  4.8120E-03  2.4347E-05  4.1832E-04
  7.1893E-03  4.8894E-03  2.4775E-05  4.2567E-04
  7.2522E-03  4.9679E-03  2.5210E-05  4.3314E-04
  7.3156E-03  5.0477E-03  2.5653E-05  4.4075E-04
  7.3795E-03  5.1288E-03  2.6103E-05  4.4849E-04
  7.4440E-03  5.2110E-03  2.6561E-05  4.5636E-04
  7.5090E-03  5.2946E-03  2.7027E-05  4.6436E-04
  7.5745E-03  5.3794E-03  2.7501E-05  4.7251E-04
  7.6406E-03  5.4655E-03  2.7984E-05  4.8079E-04
  7.7073E-03  5.5529E-03  2.8474E-05  4.8922E-04
  7.7745E-03  5.6417E-03  2.8973E-05  4.9779E-04
  7.8423E-03  5.7318E-03  2.9480E-05  5.0651E-04
  7.9107E-03  5.8233E-03  2.9997E-05  5.1538E-04
  7.9796E-03  5.9162E-03  3.0522E-05  5.2440E-04
  8.0491E-03  6.0105E-03  3.1056E-05  5.3358E-04
  8.1192E-03  6.1062E-03  3.1599E-05  5.4291E-04
  8.1899E-03  6.2034E-03  3.2152E-05  5.5241E-04
  8.2612E-03  6.3021E-03  3.2714E-05  5.6206E-04
  8.3331E-03  6.4022E-03  3.3286E-05  5.7189E-04
  8.4056E-03  6.5039E-03  3.3867E-05  5.8188E-04
  8.4787E-03  6.6072E-03  3.4459E-05  5.9205E-04
  8.5524E-03  6.7119E-03  3.5061E-05  6.0239E-04
  8.6268E-03  6.8183E-03  3.5673E-05  6.1291E-04
  8.7018E-03  6.9263E-03  3.6296E-05  6.2360E-04
  8.7774E-03  7.0359E-03  3.6929E-05  6.3449E-04
  8.8536E-03  7.1471E-03  3.7573E-05  6.4556E-04
  8.9305E-03  7.2601E-03  3.8229E-05  6.5681E-04
  9.0080E-03  7.3747E-03  3.8895E-05  6.6827E-04
  9.0862E-03  7.4911E-03  3.9573E-05  6.7992E-04
  9.1650E-03  7.6091E-03  4.0263E-05  6.9177E-04
  9.2445E-03  7.7290E-03  4.0964E-05  7.0382E-04
  9.3247E-03  7.8507E-03  4.1678E-05  7.1608E-04
  9.4055E-03  7.9741E-03  4.2404E-05  7.2855E-04
  9.4870E-03  8.0995E-03  4.3142E-05  7.4123E-04
  9.5692E-03  8.2266E-03  4.3893E-05  7.5413E-04
  9.6521E-03  8.3557E-03  4.4657E-05  7.6726E-04
  9.7357E-03  8.4867E-03  4.5434E-05  7.8060E-04
  9.8200E-03  8.6197E-03  4.6224E-05  7.9418E-04
  9.9050E-03  8.7546E-03  4.7027E-05  8.0799E-04
  9.9908E-03  8.8915E-03  4.7845E-05  8.2204E-04
  1.0077E-02  9.0305E-03  4.8677E-05  8.3632E-04
  1.0164E-02  9.1715E-03  4.9522E-05  8.5086E-04
  1.0252E-02  9.3146E-03  5.0383E-05  8.6564E-04
  1.0341E-02  9.4598E-03  5.1258E-05  8.8067E-04
  1.0430E-02  9.6071E-03  5.2148E-05  8.9596E-04
  1.0520E-02  9.7566E-03  5.3053E-05  9.1152E-04
  1.0611E-02  9.9083E-03  5.3974E-05  9.2734E-04
  1.0703E-02  1.0062E-02  5.4910E-05  9.4343E-04
  1.0796E-02  1.0218E-02  5.5863E-05  9.5980E-04
  1.0889E-02  1.0377E-02  5.6832E-05  9.7644E-04
  1.0983E-02  1.0538E-02  5.7817E-05  9.9338E-04
  1.1078E-02  1.0701E-02  5.8820E-05  1.0106E-03
  1.1173E-02  1.0866E-02  5.9839E-05  1.0281E-03
  1.1270E-02  1.1034E-02  6.0876E-05  1.0459E-03
  1.1367E-02  1.1205E-02  6.1931E-05  1.0641E-03
  1.1465E-02  1.1377E-02  6.3004E-05  1.0825E-03
  1.1564E-02  1.1553E-02  6.4095E-05  1.1012E-03
  1.1663E-02  1.1731E-02  6.5205E-05  1.1203E-03
  1.1764E-02  1.1911E-02  6.6334E-05  1.1397E-03
  1.1865E-02  1.2094E-02  6.7482E-05  1.1594E-03
  1.1967E-02  1.2280E-02  6.8650E-05  1.1795E-03
  1.2071E-02  1.2468E-02  6.9837E-05  1.1999E-03
  1.2174E-02  1.2659E-02  7.1045E-05  1.2206E-03
  1.2279E-02  1.2853E-02  7.2274E-05  1.2418E-03
  1.2385E-02  1.3050E-02  7.3524E-05  1.2632E-03
  1.2492E-02  1.3249E-02  7.4795E-05  1.2851E-03
  1.2599E-02  1.3451E-02  7.6088E-05  1.3073E-03
  1.2708E-02  1.3657E-02  7.7403E-05  1.3299E-03
  1.2817E-02  1.3865E-02  7.8740E-05  1.3529E-03
  1.2927E-02  1.4076E-02  8.0100E-05  1.3762E-03
  1.3038E-02  1.4290E-02  8.1484E-05  1.4000E-03
  1.3150E-02  1.4507E-02  8.2891E-05  1.4242E-03
  1.3263E-02  1.4727E-02  8.4322E-05  1.4488E-03
  1.3377E-02  1.4950E-02  8.5778E-05  1.4738E-03
  1.3492E-02  1.5176E-02  8.7258E-05  1.4992E-03
  1.3608E-02  1.5406E-02  8.8764E-05  1.5251E-03
  1.3725E-02  1.5639E-02  9.0295E-05  1.5514E-03
  1.3843E-02  1.5875E-02  9.1853E-05  1.5782E-03
  1.3962E-02  1.6114E-02  9.3437E-05  1.6054E-03
  1.4082E-02  1.6357E-02  9.5049E-05  1.6331E-03
  1.4203E-02  1.6603E-02  9.6687E-05  1.6612E-03
  1.4325E-02  1.6852E-02  9.8354E-05  1.6899E-03
  1.4448E-02  1.7105E-02  1.0005E-04  1.7190E-03
  1.4571E-02  1.7362E-02  1.0177E-04  1.7486E-03
  1.4696E-02  1.7622E-02  1.0353E-04  1.7787E-03
  1.4823E-02  1.7886E-02  1.0531E-04  1.8094E-03
  1.4950E-02  1.8153E-02  1.0712E-04  1.8405E-03
  1.5078E-02  1.8424E-02  1.0897E-04  1.8722E-03
  1.5207E-02  1.8698E-02  1.1085E-04  1.9045E-03
  1.5337E-02  1.8977E-02  1.1275E-04  1.9373E-03
  1.5469E-02  1.9259E-02  1.1470E-04  1.9706E-03
  1.5601E-02  1.9545E-02  1.1667E-04  2.0045E-03
  1.5735E-02  1.9835E-02  1.1868E-04  2.0390E-03
  1.5870E-02  2.0129E-02  1.2072E-04  2.0741E-03
  1.6006E-02  2.0427E-02  1.2280E-04  2.1098E-03
  1.6143E-02  2.0729E-02  1.2491E-04  2.1461E-03
  1.6281E-02  2.1035E-02  1.2706E-04  2.1830E-03
  1.6421E-02  2.1345E-02  1.2924E-04  2.2205E-03
  1.6561E-02  2.1659E-02  1.3146E-04  2.2587E-03
  1.6703E-02  2.1978E-02  1.3372E-04  2.2975E-03
  1.6846E-02  2.2301E-02  1.3602E-04  2.3370E-03
  1.6990E-02  2.2628E-02  1.3836E-04  2.3772E-03
  1.7135E-02  2.2959E-02  1.4074E-04  2.4181E-03
  1.7282E-02  2.3295E-02  1.4316E-04  2.4596E-03
  1.7430E-02  2.3636E-02  1.4561E-04  2.5019E-03
  1.7579E-02  2.3980E-02  1.4812E-04  2.5448E-03
  1.7729E-02  2.4330E-02  1.5066E-04  2.5885E-03
  1.7881E-02  2.4684E-02  1.5325E-04  2.6330E-03
  1.8034E-02  2.5042E-02  1.5588E-04  2.6782E-03
  1.8188E-02  2.5406E-02  1.5855E-04  2.7242E-03
  1.8343E-02  2.5774E-02  1.6128E-04  2.7709E-03
  1.8500E-02  2.6147E-02  1.6404E-04  2.8185E-03
  1.8658E-02  2.6524E-02  1.6686E-04  2.8669E-03
  1.8817E-02  2.6907E-02  1.6972E-04  2.9160E-03
  1.8978E-02  2.7295E-02  1.7263E-04  2.9661E-03
  1.9140E-02  2.7687E-02  1.7559E-04  3.0170E-03
  1.9304E-02  2.8085E-02  1.7861E-04  3.0687E-03
  1.9469E-02  2.8488E-02  1.8167E-04  3.1213E-03
  1.9635E-02  2.8895E-02  1.8478E-04  3.1749E-03
  1.9802E-02  2.9309E-02  1.8795E-04  3.2293E-03
  1.9972E-02  2.9727E-02  1.9118E-04  3.2847E-03
  2.0142E-02  3.0151E-02  1.9445E-04  3.3410E-03
  2.0314E-02  3.0580E-02  1.9779E-04  3.3982E-03
  2.0487E-02  3.1014E-02  2.0117E-04  3.4565E-03
  2.0662E-02  3.1454E-02  2.0462E-04  3.5157E-03
  2.0838E-02  3.1899E-02  2.0813E-04  3.5759E-03
  2.1016E-02  3.2350E-02  2.1169E-04  3.6372E-03
  2.1195E-02  3.2807E-02  2.1532E-04  3.6995E-03
  2.1376E-02  3.3269E-02  2.1901E-04  3.7629E-03
  2.1558E-02  3.3737E-02  2.2276E-04  3.8273E-03
  2.1742E-02  3.4211E-02  2.2657E-04  3.8928E-03
  2.1928E-02  3.4690E-02  2.3045E-04  3.9595E-03
  2.2114E-02  3.5176E-02  2.3440E-04  4.0273E-03
  2.2303E-02  3.5667E-02  2.3841E-04  4.0962E-03
  2.2493E-02  3.6164E-02  2.4249E-04  4.1663E-03
  2.2685E-02  3.6667E-02  2.4664E-04  4.2376E-03
  2.2878E-02  3.7177E-02  2.5086E-04  4.3102E-03
  2.3073E-02  3.7692E-02  2.5515E-04  4.3839E-03
  2.3269E-02  3.8214E-02  2.5952E-04  4.4589E-03
  2.3468E-02  3.8742E-02  2.6396E-04  4.5352E-03
  2.3668E-02  3.9276E-02  2.6847E-04  4.6128E-03
  2.3869E-02  3.9817E-02  2.7307E-04  4.6917E-03
  2.4072E-02  4.0364E-02  2.7774E-04  4.7719E-03
  2.4277E-02  4.0917E-02  2.8249E-04  4.8535E-03
  2.4484E-02  4.1477E-02  2.8732E-04  4.9365E-03
  2.4693E-02  4.2044E-02  2.9223E-04  5.0209E-03
  2.4903E-02  4.2617E-02  2.9722E-04  5.1068E-03
  2.5115E-02  4.3196E-02  3.0230E-04  5.1941E-03
  2.5328E-02  4.3783E-02  3.0747E-04  5.2828E-03
  2.5544E-02  4.4376E-02  3.1273E-04  5.3731E-03
  2.5761E-02  4.4976E-02  3.1807E-04  5.4649E-03
  2.5981E-02  4.5582E-02  3.2351E-04  5.5583E-03
  2.6202E-02  4.6196E-02  3.2903E-04  5.6533E-03
  2.6425E-02  4.6816E-02  3.3465E-04  5.7499E-03
  2.6649E-02  4.7444E-02  3.4037E-04  5.8481E-03
  2.6876E-02  4.8078E-02  3.4618E-04  5.9480E-03
  2.7105E-02  4.8720E-02  3.5210E-04  6.0496E-03
  2.7335E-02  4.9368E-02  3.5811E-04  6.1529E-03
  2.7568E-02  5.0024E-02  3.6422E-04  6.2580E-03
  2.7802E-02  5.0687E-02  3.7044E-04  6.3648E-03
  2.8038E-02  5.1357E-02  3.7677E-04  6.4735E-03
  2.8277E-02  5.2035E-02  3.8320E-04  6.5840E-03
  2.8517E-02  5.2720E-02  3.8974E-04  6.6964E-03
  2.8759E-02  5.3412E-02  3.9639E-04  6.8107E-03
  2.9004E-02  5.4111E-02  4.0316E-04  6.9270E-03
  2.9250E-02  5.4818E-02  4.1004E-04  7.0452E-03
  2.9499E-02  5.5533E-02  4.1704E-04  7.1654E-03
  2.9750E-02  5.6254E-02  4.2415E-04  7.2877E-03
  3.0002E-02  5.6984E-02  4.3139E-04  7.4120E-03
  3.0257E-02  5.7721E-02  4.3875E-04  7.5385E-03
  3.0514E-02  5.8466E-02  4.4623E-04  7.6671E-03
  3.0773E-02  5.9218E-02  4.5385E-04  7.7978E-03
  3.1035E-02  5.9978E-02  4.6159E-04  7.9308E-03
  3.1298E-02  6.0746E-02  4.6946E-04  8.0661E-03
  3.1564E-02  6.1521E-02  4.7746E-04  8.2037E-03
  3.1832E-02  6.2304E-02  4.8561E-04  8.3436E-03
  3.2103E-02  6.3095E-02  4.9389E-04  8.4858E-03
  3.2375E-02  6.3894E-02  5.0231E-04  8.6305E-03
  3.2650E-02  6.4700E-02  5.1087E-04  8.7777E-03
  3.2927E-02  6.5515E-02  5.1958E-04  8.9273E-03
  3.3207E-02  6.6337E-02  5.2844E-04  9.0795E-03
  3.3489E-02  6.7167E-02  5.3744E-04  9.2342E-03
  3.3773E-02  6.8006E-02  5.4660E-04  9.3916E-03
  3.4059E-02  6.8852E-02  5.5592E-04  9.5517E-03
  3.4348E-02  6.9706E-02  5.6539E-04  9.7144E-03
  3.4640E-02  7.0568E-02  5.7502E-04  9.8800E-03
  3.4934E-02  7.1438E-02  5.8482E-04  1.0048E-02
  3.5230E-02  7.2315E-02  5.9478E-04  1.0219E-02
  3.5529E-02  7.3201E-02  6.0492E-04  1.0394E-02
  3.5831E-02  7.4095E-02  6.1522E-04  1.0571E-02
  3.6135E-02  7.4997E-02  6.2570E-04  1.0751E-02
  3.6441E-02  7.5907E-02  6.3636E-04  1.0934E-02
  3.6750E-02  7.6825E-02  6.4719E-04  1.1120E-02
  3.7062E-02  7.7751E-02  6.5822E-04  1.1309E-02
  3.7376E-02  7.8684E-02  6.6942E-04  1.1502E-02
  3.7693E-02  7.9626E-02  6.8082E-04  1.1698E-02
  3.8013E-02  8.0576E-02  6.9241E-04  1.1897E-02
  3.8335E-02  8.1533E-02  7.0420E-04  1.2100E-02
  3.8660E-02  8.2499E-02  7.1619E-04  1.2306E-02
  3.8988E-02  8.3473E-02  7.2838E-04  1.2515E-02
  3.9318E-02  8.4454E-02  7.4078E-04  1.2728E-02
  3.9652E-02  8.5443E-02  7.5339E-04  1.2945E-02
  3.9988E-02  8.6440E-02  7.6621E-04  1.3165E-02
  4.0327E-02  8.7445E-02  7.7925E-04  1.3389E-02
  4.0669E-02  8.8458E-02  7.9251E-04  1.3617E-02
  4.1013E-02  8.9478E-02  8.0599E-04  1.3849E-02
  4.1361E-02  9.0506E-02  8.1971E-04  1.4084E-02
  4.1711E-02  9.1542E-02  8.3365E-04  1.4324E-02
  4.2065E-02  9.2586E-02  8.4784E-04  1.4568E-02
  4.2421E-02  9.3637E-02  8.6226E-04  1.4815E-02
  4.2781E-02  9.4695E-02  8.7693E-04  1.5068E-02
  4.3143E-02  9.5761E-02  8.9184E-04  1.5324E-02
  4.3509E-02  9.6835E-02  9.0701E-04  1.5584E-02
  4.3877E-02  9.7915E-02  9.2244E-04  1.5850E-02
  4.4249E-02  9.9003E-02  9.3812E-04  1.6119E-02
  4.4624E-02  1.0010E-01  9.5408E-04  1.6393E-02
  4.5002E-02  1.0120E-01  9.7030E-04  1.6672E-02
  4.5383E-02  1.0231E-01  9.8680E-04  1.6955E-02
  4.5767E-02  1.0343E-01  1.0036E-03  1.7244E-02
  4.6155E-02  1.0455E-01  1.0206E-03  1.7537E-02
  4.6546E-02  1.0568E-01  1.0380E-03  1.7835E-02
  4.6940E-02  1.0682E-01  1.0556E-03  1.8138E-02
  4.7337E-02  1.0796E-01  1.0736E-03  1.8447E-02
  4.7738E-02  1.0911E-01  1.0918E-03  1.8760E-02
  4.8142E-02  1.1027E-01  1.1104E-03  1.9079E-02
  4.8550E-02  1.1143E-01  1.1293E-03  1.9403E-02
  4.8961E-02  1.1260E-01  1.1484E-03  1.9733E-02
  4.9375E-02  1.1377E-01  1.1680E-03  2.0068E-02
  4.9793E-02  1.1495E-01  1.1878E-03  2.0409E-02
  5.0215E-02  1.1614E-01  1.2080E-03  2.0756E-02
  5.0640E-02  1.1733E-01  1.2285E-03  2.1109E-02
  5.1068E-02  1.1853E-01  1.2494E-03  2.1468E-02
  5.1501E-02  1.1974E-01  1.2706E-03  2.1832E-02
  5.1936E-02  1.2094E-01  1.2922E-03  2.2203E-02
  5.2376E-02  1.2216E-01  1.3141E-03  2.2580E-02
  5.2819E-02  1.2338E-01  1.3365E-03  2.2964E-02
  5.3266E-02  1.2460E-01  1.3592E-03  2.3354E-02
  5.3717E-02  1.2583E-01  1.3822E-03  2.3751E-02
  5.4171E-02  1.2706E-01  1.4057E-03  2.4154E-02
  5.4630E-02  1.2830E-01  1.4296E-03  2.4564E-02
  5.5092E-02  1.2954E-01  1.4539E-03  2.4981E-02
  5.5558E-02  1.3078E-01  1.4786E-03  2.5406E-02
  5.6028E-02  1.3203E-01  1.5037E-03  2.5837E-02
  5.6502E-02  1.3328E-01  1.5292E-03  2.6276E-02
  5.6980E-02  1.3454E-01  1.5552E-03  2.6722E-02
  5.7462E-02  1.3580E-01  1.5816E-03  2.7176E-02
  5.7948E-02  1.3706E-01  1.6084E-03  2.7637E-02
  5.8438E-02  1.3832E-01  1.6357E-03  2.8106E-02
  5.8932E-02  1.3959E-01  1.6635E-03  2.8583E-02
  5.9431E-02  1.4086E-01  1.6917E-03  2.9068E-02
  5.9933E-02  1.4213E-01  1.7204E-03  2.9562E-02
  6.0440E-02  1.4340E-01  1.7496E-03  3.0063E-02
  6.0951E-02  1.4467E-01  1.7793E-03  3.0574E-02
  6.1467E-02  1.4595E-01  1.8095E-03  3.1092E-02
  6.1986E-02  1.4722E-01  1.8402E-03  3.1620E-02
  6.2510E-02  1.4850E-01  1.8714E-03  3.2157E-02
  6.3039E-02  1.4977E-01  1.9032E-03  3.2702E-02
  6.3572E-02  1.5105E-01  1.9355E-03  3.3257E-02
  6.4109E-02  1.5232E-01  1.9683E-03  3.3821E-02
  6.4651E-02  1.5360E-01  2.0017E-03  3.4395E-02
  6.5198E-02  1.5487E-01  2.0356E-03  3.4979E-02
  6.5749E-02  1.5615E-01  2.0702E-03  3.5572E-02
  6.6305E-02  1.5742E-01  2.1053E-03  3.6175E-02
  6.6865E-02  1.5869E-01  2.1410E-03  3.6789E-02
  6.7430E-02  1.5995E-01  2.1773E-03  3.7413E-02
  6.8000E-02  1.6122E-01  2.2142E-03  3.8047E-02
  6.8575E-02  1.6248E-01  2.2518E-03  3.8693E-02
  6.9155E-02  1.6374E-01  2.2899E-03  3.9349E-02
  6.9739E-02  1.6499E-01  2.3288E-03  4.0016E-02
  7.0329E-02  1.6624E-01  2.3682E-03  4.0695E-02
  7.0923E-02  1.6749E-01  2.4084E-03  4.1385E-02
  7.1522E-02  1.6873E-01  2.4492E-03  4.2086E-02
  7.2127E-02  1.6996E-01  2.4907E-03  4.2800E-02
  7.2736E-02  1.7119E-01  2.5330E-03  4.3525E-02
  7.3351E-02  1.7241E-01  2.5759E-03  4.4263E-02
  7.3970E-02  1.7363E-01  2.6196E-03  4.5013E-02
  7.4595E-02  1.7484E-01  2.6640E-03  4.5776E-02
  7.5226E-02  1.7604E-01  2.7091E-03  4.6552E-02
  7.5861E-02  1.7724E-01  2.7550E-03  4.7341E-02
  7.6502E-02  1.7842E-01  2.8017E-03  4.8143E-02
  7.7148E-02  1.7960E-01  2.8492E-03  4.8959E-02
  7.7800E-02  1.8077E-01  2.8975E-03  4.9789E-02
  7.8457E-02  1.8193E-01  2.9465E-03  5.0633E-02
  7.9120E-02  1.8308E-01  2.9965E-03  5.1490E-02
  7.9789E-02  1.8422E-01  3.0472E-03  5.2363E-02
  8.0463E-02  1.8534E-01  3.0988E-03  5.3250E-02
  8.1142E-02  1.8646E-01  3.1513E-03  5.4152E-02
  8.1828E-02  1.8756E-01  3.2047E-03  5.5069E-02
  8.2519E-02  1.8865E-01  3.2590E-03  5.6002E-02
  8.3216E-02  1.8972E-01  3.3142E-03  5.6951E-02
  8.3918E-02  1.9079E-01  3.3703E-03  5.7915E-02
  8.4627E-02  1.9183E-01  3.4274E-03  5.8896E-02
  8.5342E-02  1.9287E-01  3.4854E-03  5.9894E-02
  8.6063E-02  1.9389E-01  3.5445E-03  6.0908E-02
  8.6789E-02  1.9489E-01  3.6045E-03  6.1939E-02
  8.7522E-02  1.9587E-01  3.6655E-03  6.2988E-02
  8.8261E-02  1.9684E-01  3.7276E-03  6.4054E-02
  8.9007E-02  1.9779E-01  3.7907E-03  6.5139E-02
  8.9758E-02  1.9872E-01  3.8548E-03  6.6242E-02
  9.0516E-02  1.9963E-01  3.9201E-03  6.7363E-02
  9.1280E-02  2.0052E-01  3.9864E-03  6.8503E-02
  9.2051E-02  2.0140E-01  4.0539E-03  6.9663E-02
  9.2828E-02  2.0225E-01  4.1225E-03  7.0842E-02
  9.3612E-02  2.0308E-01  4.1923E-03  7.2040E-02
  9.4402E-02  2.0388E-01  4.2632E-03  7.3260E-02
  9.5199E-02  2.0467E-01  4.3354E-03  7.4499E-02
  9.6003E-02  2.0543E-01  4.4087E-03  7.5760E-02
  9.6813E-02  2.0617E-01  4.4833E-03  7.7042E-02
  9.7631E-02  2.0688E-01  4.5591E-03  7.8345E-02
  9.8455E-02  2.0757E-01  4.6363E-03  7.9670E-02
  9.9286E-02  2.0823E-01  4.7147E-03  8.1018E-02
  1.0012E-01  2.0886E-01  4.7945E-03  8.2389E-02
  1.0097E-01  2.0946E-01  4.8755E-03  8.3782E-02
  1.0182E-01  2.1004E-01  4.9580E-03  8.5199E-02
  1.0268E-01  2.1059E-01  5.0419E-03  8.6640E-02
  1.0355E-01  2.1111E-01  5.1271E-03  8.8105E-02
  1.0442E-01  2.1160E-01  5.2138E-03  8.9595E-02
  1.0530E-01  2.1206E-01  5.3020E-03  9.1110E-02
  1.0619E-01  2.1248E-01  5.3916E-03  9.2650E-02
  1.0709E-01  2.1288E-01  5.4828E-03  9.4216E-02
  1.0799E-01  2.1324E-01  5.5755E-03  9.5809E-02
  1.0890E-01  2.1356E-01  5.6697E-03  9.7428E-02
  1.0982E-01  2.1386E-01  5.7655E-03  9.9075E-02
  1.1075E-01  2.1411E-01  5.8630E-03  1.0075E-01
  1.1168E-01  2.1433E-01  5.9621E-03  1.0245E-01
  1.1263E-01  2.1452E-01  6.0628E-03  1.0418E-01
  1.1358E-01  2.1466E-01  6.1653E-03  1.0594E-01
  1.1453E-01  2.1477E-01  6.2695E-03  1.0773E-01
  1.1550E-01  2.1484E-01  6.3754E-03  1.0955E-01
  1.1648E-01  2.1487E-01  6.4831E-03  1.1140E-01
  1.1746E-01  2.1486E-01  6.5926E-03  1.1329E-01
  1.1845E-01  2.1480E-01  6.7040E-03  1.1520E-01
  1.1945E-01  2.1471E-01  6.8172E-03  1.1714E-01
  1.2046E-01  2.1457E-01  6.9324E-03  1.1912E-01
  1.2147E-01  2.1439E-01  7.0494E-03  1.2113E-01
  1.2250E-01  2.1417E-01  7.1685E-03  1.2318E-01
  1.2353E-01  2.1390E-01  7.2895E-03  1.2526E-01
  1.2457E-01  2.1358E-01  7.4126E-03  1.2737E-01
  1.2562E-01  2.1322E-01  7.5378E-03  1.2952E-01
  1.2668E-01  2.1282E-01  7.6650E-03  1.3171E-01
  1.2775E-01  2.1236E-01  7.7944E-03  1.3393E-01
  1.2883E-01  2.1186E-01  7.9260E-03  1.3619E-01
  1.2992E-01  2.1130E-01  8.0597E-03  1.3849E-01
  1.3101E-01  2.1070E-01  8.1958E-03  1.4082E-01
  1.3212E-01  2.1005E-01  8.3341E-03  1.4320E-01
  1.3323E-01  2.0934E-01  8.4747E-03  1.4561E-01
  1.3436E-01  2.0859E-01  8.6177E-03  1.4807E-01
  1.3549E-01  2.0778E-01  8.7631E-03  1.5057E-01
  1.3663E-01  2.0692E-01  8.9109E-03  1.5310E-01
  1.3778E-01  2.0600E-01  9.0612E-03  1.5569E-01
  1.3895E-01  2.0503E-01  9.2140E-03  1.5831E-01
  1.4012E-01  2.0401E-01  9.3694E-03  1.6098E-01
  1.4130E-01  2.0293E-01  9.5274E-03  1.6369E-01
  1.4249E-01  2.0179E-01  9.6881E-03  1.6645E-01
  1.4369E-01  2.0060E-01  9.8514E-03  1.6925E-01
  1.4491E-01  1.9935E-01  1.0017E-02  1.7210E-01
  1.4613E-01  1.9804E-01  1.0186E-02  1.7500E-01
  1.4736E-01  1.9668E-01  1.0358E-02  1.7795E-01
  1.4860E-01  1.9525E-01  1.0533E-02  1.8095E-01
  1.4986E-01  1.9377E-01  1.0710E-02  1.8399E-01
  1.5112E-01  1.9222E-01  1.0891E-02  1.8709E-01
  1.5239E-01  1.9062E-01  1.1074E-02  1.9024E-01
  1.5368E-01  1.8895E-01  1.1261E-02  1.9344E-01
  1.5498E-01  1.8722E-01  1.1450E-02  1.9669E-01
  1.5628E-01  1.8543E-01  1.1643E-02  2.0000E-01
  1.5760E-01  1.8358E-01  1.1839E-02  2.0337E-01
  1.5893E-01  1.8167E-01  1.2039E-02  2.0679E-01
  1.6027E-01  1.7969E-01  1.2241E-02  2.1026E-01
  1.6162E-01  1.7765E-01  1.2447E-02  2.1380E-01
  1.6298E-01  1.7555E-01  1.2657E-02  2.1739E-01
  1.6436E-01  1.7338E-01  1.2870E-02  2.2104E-01
  1.6574E-01  1.7115E-01  1.3087E-02  2.2476E-01
  1.6714E-01  1.6885E-01  1.3307E-02  2.2853E-01
  1.6855E-01  1.6649E-01  1.3531E-02  2.3237E-01
  1.6997E-01  1.6406E-01  1.3758E-02  2.3627E-01
  1.7140E-01  1.6157E-01  1.3990E-02  2.4024E-01
  1.7285E-01  1.5901E-01  1.4225E-02  2.4427E-01
  1.7431E-01  1.5639E-01  1.4464E-02  2.4837E-01
  1.7578E-01  1.5370E-01  1.4707E-02  2.5254E-01
  1.7726E-01  1.5094E-01  1.4955E-02  2.5678E-01
  1.7875E-01  1.4812E-01  1.5206E-02  2.6108E-01
  1.8026E-01  1.4524E-01  1.5462E-02  2.6546E-01
  1.8178E-01  1.4229E-01  1.5722E-02  2.6991E-01
  1.8331E-01  1.3927E-01  1.5986E-02  2.7443E-01
  1.8486E-01  1.3618E-01  1.6254E-02  2.7903E-01
  1.8642E-01  1.3304E-01  1.6527E-02  2.8370E-01
  1.8799E-01  1.2982E-01  1.6805E-02  2.8845E-01
  1.8957E-01  1.2654E-01  1.7087E-02  2.9328E-01
  1.9117E-01  1.2320E-01  1.7374E-02  2.9819E-01
  1.9278E-01  1.1979E-01  1.7666E-02  3.0318E-01
  1.9441E-01  1.1631E-01  1.7962E-02  3.0825E-01
  1.9604E-01  1.1277E-01  1.8264E-02  3.1340E-01
  1.9770E-01  1.0917E-01  1.8570E-02  3.1864E-01
  1.9936E-01  1.0550E-01  1.8882E-02  3.2397E-01
  2.0104E-01  1.0177E-01  1.9199E-02  3.2938E-01
  2.0274E-01  9.7976E-02  1.9521E-02  3.3488E-01
  2.0445E-01  9.4120E-02  1.9848E-02  3.4047E-01
  2.0617E-01  9.0203E-02  2.0181E-02  3.4615E-01
  2.0791E-01  8.6223E-02  2.0519E-02  3.5192E-01
  2.0966E-01  8.2183E-02  2.0863E-02  3.5779E-01
  2.1143E-01  7.8083E-02  2.1212E-02  3.6376E-01
  2.1321E-01  7.3924E-02  2.1568E-02  3.6982E-01
  2.1501E-01  6.9705E-02  2.1929E-02  3.7598E-01
  2.1682E-01  6.5429E-02  2.2296E-02  3.8224E-01
  2.1865E-01  6.1095E-02  2.2670E-02  3.8860E-01
  2.2049E-01  5.6705E-02  2.3049E-02  3.9506E-01
  2.2235E-01  5.2259E-02  2.3435E-02  4.0163E-01
  2.2422E-01  4.7759E-02  2.3827E-02  4.0831E-01
  2.2611E-01  4.3204E-02  2.4226E-02  4.1509E-01
  2.2802E-01  3.8598E-02  2.4631E-02  4.2199E-01
  2.2994E-01  3.3939E-02  2.5043E-02  4.2899E-01
  2.3188E-01  2.9230E-02  2.5462E-02  4.3611E-01
  2.3383E-01  2.4471E-02  2.5888E-02  4.4334E-01
  2.3580E-01  1.9665E-02  2.6320E-02  4.5068E-01
  2.3779E-01  1.4810E-02  2.6760E-02  4.5815E-01
  2.3979E-01  9.9106E-03  2.7207E-02  4.6573E-01
  2.4181E-01  4.9661E-03  2.7662E-02  4.7344E-01
  2.4385E-01 -2.1633E-05  2.8124E-02  4.8127E-01
  2.4591E-01 -5.0512E-03  2.8593E-02  4.8922E-01
  2.4798E-01 -1.0121E-02  2.9070E-02  4.9730E-01
  2.5007E-01 -1.5230E-02  2.9555E-02  5.0551E-01
  2.5218E-01 -2.0377E-02  3.0049E-02  5.1384E-01
  2.5430E-01 -2.5559E-02  3.0550E-02  5.2231E-01
  2.5644E-01 -3.0776E-02  3.1059E-02  5.3092E-01
  2.5860E-01 -3.6026E-02  3.1577E-02  5.3966E-01
  2.6078E-01 -4.1306E-02  3.2103E-02  5.4853E-01
  2.6298E-01 -4.6616E-02  3.2638E-02  5.5755E-01
  2.6520E-01 -5.1954E-02  3.3182E-02  5.6670E-01
  2.6743E-01 -5.7317E-02  3.3734E-02  5.7600E-01
  2.6969E-01 -6.2705E-02  3.4296E-02  5.8545E-01
  2.7196E-01 -6.8114E-02  3.4866E-02  5.9504E-01
  2.7425E-01 -7.3544E-02  3.5446E-02  6.0478E-01
  2.7656E-01 -7.8992E-02  3.6036E-02  6.1467E-01
  2.7889E-01 -8.4456E-02  3.6635E-02  6.2472E-01
  2.8124E-01 -8.9934E-02  3.7244E-02  6.3492E-01
  2.8361E-01 -9.5425E-02  3.7863E-02  6.4527E-01
  2.8600E-01 -1.0093E-01  3.8492E-02  6.5579E-01
  2.8841E-01 -1.0643E-01  3.9131E-02  6.6646E-01
  2.9084E-01 -1.1195E-01  3.9781E-02  6.7730E-01
  2.9329E-01 -1.1747E-01  4.0441E-02  6.8830E-01
  2.9576E-01 -1.2299E-01  4.1112E-02  6.9947E-01
  2.9825E-01 -1.2851E-01  4.1794E-02  7.1081E-01
  3.0077E-01 -1.3402E-01  4.2487E-02  7.2231E-01
  3.0330E-01 -1.3953E-01  4.3191E-02  7.3399E-01
  3.0585E-01 -1.4503E-01  4.3906E-02  7.4585E-01
  3.0843E-01 -1.5053E-01  4.4633E-02  7.5788E-01
  3.1103E-01 -1.5601E-01  4.5372E-02  7.7009E-01
  3.1365E-01 -1.6147E-01  4.6123E-02  7.8248E-01
  3.1629E-01 -1.6692E-01  4.6886E-02  7.9505E-01
  3.1896E-01 -1.7234E-01  4.7661E-02  8.0780E-01
  3.2164E-01 -1.7775E-01  4.8449E-02  8.2074E-01
  3.2435E-01 -1.8313E-01  4.9249E-02  8.3387E-01
  3.2709E-01 -1.8848E-01  5.0063E-02  8.4719E-01
  3.2984E-01 -1.9380E-01  5.0889E-02  8.6070E-01
  3.3262E-01 -1.9909E-01  5.1729E-02  8.7441E-01
  3.3542E-01 -2.0435E-01  5.2582E-02  8.8830E-01
  3.3825E-01 -2.0957E-01  5.3449E-02  9.0240E-01
  3.4110E-01 -2.1474E-01  5.4330E-02  9.1669E-01
  3.4397E-01 -2.1988E-01  5.5225E-02  9.3119E-01
  3.4687E-01 -2.2497E-01  5.6134E-02  9.4588E-01
  3.4979E-01 -2.3001E-01  5.7058E-02  9.6078E-01
  3.5274E-01 -2.3500E-01  5.7996E-02  9.7588E-01
  3.5571E-01 -2.3993E-01  5.8949E-02  9.9119E-01
  3.5871E-01 -2.4481E-01  5.9918E-02  1.0067E+00
  3.6173E-01 -2.4963E-01  6.0902E-02  1.0224E+00
  3.6478E-01 -2.5439E-01  6.1902E-02  1.0384E+00
  3.6785E-01 -2.5909E-01  6.2918E-02  1.0545E+00
  3.7095E-01 -2.6372E-01  6.3949E-02  1.0709E+00
  3.7407E-01 -2.6827E-01  6.4998E-02  1.0875E+00
  3.7722E-01 -2.7276E-01  6.6062E-02  1.1042E+00
  3.8040E-01 -2.7717E-01  6.7144E-02  1.1213E+00
  3.8361E-01 -2.8150E-01  6.8242E-02  1.1385E+00
  3.8684E-01 -2.8575E-01  6.9358E-02  1.1559E+00
  3.9009E-01 -2.8992E-01  7.0492E-02  1.1736E+00
  3.9338E-01 -2.9400E-01  7.1643E-02  1.1914E+00
  3.9669E-01 -2.9800E-01  7.2813E-02  1.2095E+00
  4.0004E-01 -3.0190E-01  7.4001E-02  1.2278E+00
  4.0341E-01 -3.0571E-01  7.5207E-02  1.2464E+00
  4.0680E-01 -3.0942E-01  7.6433E-02  1.2651E+00
  4.1023E-01 -3.1304E-01  7.7677E-02  1.2841E+00
  4.1369E-01 -3.1655E-01  7.8941E-02  1.3033E+00
  4.1717E-01 -3.1995E-01  8.0225E-02  1.3227E+00
  4.2068E-01 -3.2325E-01  8.1529E-02  1.3423E+00
  4.2423E-01 -3.2645E-01  8.2853E-02  1.3621E+00
  4.2780E-01 -3.2953E-01  8.4198E-02  1.3822E+00
  4.3140E-01 -3.3249E-01  8.5563E-02  1.4024E+00
  4.3504E-01 -3.3534E-01  8.6950E-02  1.4229E+00
  4.3870E-01 -3.3807E-01  8.8358E-02  1.4436E+00
  4.4240E-01 -3.4068E-01  8.9787E-02  1.4645E+00
  4.4612E-01 -3.4317E-01  9.1239E-02  1.4856E+00
  4.4988E-01 -3.4553E-01  9.2713E-02  1.5069E+00
  4.5367E-01 -3.4776E-01  9.4210E-02  1.5284E+00
  4.5749E-01 -3.4986E-01  9.5730E-02  1.5501E+00
  4.6134E-01 -3.5183E-01  9.7273E-02  1.5719E+00
  4.6523E-01 -3.5367E-01  9.8839E-02  1.5940E+00
  4.6915E-01 -3.5537E-01  1.0043E-01  1.6163E+00
  4.7310E-01 -3.5694E-01  1.0204E-01  1.6388E+00
  4.7708E-01 -3.5836E-01  1.0368E-01  1.6614E+00
  4.8110E-01 -3.5965E-01  1.0535E-01  1.6842E+00
  4.8515E-01 -3.6079E-01  1.0704E-01  1.7072E+00
  4.8924E-01 -3.6179E-01  1.0875E-01  1.7303E+00
  4.9336E-01 -3.6264E-01  1.1049E-01  1.7536E+00
  4.9752E-01 -3.6334E-01  1.1226E-01  1.7771E+00
  5.0171E-01 -3.6389E-01  1.1405E-01  1.8007E+00
  5.0593E-01 -3.6430E-01  1.1587E-01  1.8244E+00
  5.1019E-01 -3.6455E-01  1.1772E-01  1.8483E+00
  5.1449E-01 -3.6465E-01  1.1959E-01  1.8723E+00
  5.1882E-01 -3.6459E-01  1.2150E-01  1.8964E+00
  5.2319E-01 -3.6438E-01  1.2343E-01  1.9206E+00
  5.2760E-01 -3.6401E-01  1.2539E-01  1.9449E+00
  5.3204E-01 -3.6348E-01  1.2738E-01  1.9693E+00
  5.3652E-01 -3.6280E-01  1.2940E-01  1.9938E+00
  5.4104E-01 -3.6195E-01  1.3144E-01  2.0183E+00
  5.4560E-01 -3.6095E-01  1.3352E-01  2.0429E+00
  5.5019E-01 -3.5979E-01  1.3563E-01  2.0675E+00
  5.5483E-01 -3.5846E-01  1.3777E-01  2.0922E+00
  5.5950E-01 -3.5697E-01  1.3994E-01  2.1169E+00
  5.6421E-01 -3.5532E-01  1.4214E-01  2.1415E+00
  5.6896E-01 -3.5351E-01  1.4437E-01  2.1662E+00
  5.7375E-01 -3.5153E-01  1.4664E-01  2.1909E+00
  5.7859E-01 -3.4939E-01  1.4894E-01  2.2155E+00
  5.8346E-01 -3.4709E-01  1.5127E-01  2.2400E+00
  5.8837E-01 -3.4462E-01  1.5363E-01  2.2645E+00
  5.9333E-01 -3.4199E-01  1.5603E-01  2.2889E+00
  5.9832E-01 -3.3919E-01  1.5846E-01  2.3132E+00
  6.0336E-01 -3.3624E-01  1.6093E-01  2.3373E+00
  6.0844E-01 -3.3311E-01  1.6343E-01  2.3613E+00
  6.1357E-01 -3.2983E-01  1.6597E-01  2.3852E+00
  6.1873E-01 -3.2638E-01  1.6854E-01  2.4088E+00
  6.2394E-01 -3.2277E-01  1.7115E-01  2.4323E+00
  6.2920E-01 -3.1900E-01  1.7380E-01  2.4555E+00
  6.3450E-01 -3.1507E-01  1.7648E-01  2.4785E+00
  6.3984E-01 -3.1097E-01  1.7920E-01  2.5012E+00
  6.4523E-01 -3.0672E-01  1.8196E-01  2.5236E+00
  6.5066E-01 -3.0231E-01  1.8475E-01  2.5456E+00
  6.5614E-01 -2.9773E-01  1.8758E-01  2.5674E+00
  6.6167E-01 -2.9300E-01  1.9045E-01  2.5887E+00
  6.6724E-01 -2.8812E-01  1.9337E-01  2.6096E+00
  6.7286E-01 -2.8308E-01  1.9632E-01  2.6302E+00
  6.7852E-01 -2.7788E-01  1.9930E-01  2.6502E+00
  6.8424E-01 -2.7253E-01  2.0233E-01  2.6698E+00
  6.9000E-01 -2.6703E-01  2.0540E-01  2.6889E+00
  6.9581E-01 -2.6138E-01  2.0852E-01  2.7074E+00
  7.0167E-01 -2.5557E-01  2.1167E-01  2.7253E+00
  7.0758E-01 -2.4962E-01  2.1486E-01  2.7427E+00
  7.1353E-01 -2.4353E-01  2.1810E-01  2.7594E+00
  7.1954E-01 -2.3728E-01  2.2138E-01  2.7754E+00
  7.2560E-01 -2.3090E-01  2.2470E-01  2.7908E+00
  7.3171E-01 -2.2437E-01  2.2806E-01  2.8054E+00
  7.3787E-01 -2.1770E-01  2.3147E-01  2.8192E+00
  7.4409E-01 -2.1089E-01  2.3492E-01  2.8323E+00
  7.5035E-01 -2.0395E-01  2.3841E-01  2.8445E+00
  7.5667E-01 -1.9687E-01  2.4195E-01  2.8559E+00
  7.6304E-01 -1.8966E-01  2.4553E-01  2.8664E+00
  7.6947E-01 -1.8231E-01  2.4916E-01  2.8759E+00
  7.7595E-01 -1.7484E-01  2.5283E-01  2.8845E+00
  7.8248E-01 -1.6724E-01  2.5655E-01  2.8921E+00
  7.8907E-01 -1.5951E-01  2.6031E-01  2.8987E+00
  7.9571E-01 -1.5166E-01  2.6412E-01  2.9042E+00
  8.0241E-01 -1.4369E-01  2.6798E-01  2.9086E+00
  8.0917E-01 -1.3559E-01  2.7188E-01  2.9119E+00
  8.1598E-01 -1.2739E-01  2.7583E-01  2.9140E+00
  8.2286E-01 -1.1906E-01  2.7983E-01  2.9150E+00
  8.2978E-01 -1.1063E-01  2.8387E-01  2.9148E+00
  8.3677E-01 -1.0208E-01  2.8797E-01  2.9133E+00
  8.4382E-01 -9.3426E-02  2.9210E-01  2.9105E+00
  8.5092E-01 -8.4665E-02  2.9629E-01  2.9065E+00
  8.5809E-01 -7.5802E-02  3.0053E-01  2.9011E+00
  8.6531E-01 -6.6837E-02  3.0481E-01  2.8944E+00
  8.7260E-01 -5.7773E-02  3.0914E-01  2.8864E+00
  8.7995E-01 -4.8614E-02  3.1352E-01  2.8769E+00
  8.8735E-01 -3.9360E-02  3.1795E-01  2.8661E+00
  8.9483E-01 -3.0015E-02  3.2243E-01  2.8538E+00
  9.0236E-01 -2.0582E-02  3.2695E-01  2.8401E+00
  9.0996E-01 -1.1062E-02  3.3153E-01  2.8250E+00
  9.1762E-01 -1.4576E-03  3.3616E-01  2.8084E+00
  9.2535E-01  8.2277E-03  3.4083E-01  2.7903E+00
  9.3314E-01  1.7992E-02  3.4555E-01  2.7708E+00
  9.4099E-01  2.7832E-02  3.5033E-01  2.7499E+00
  9.4892E-01  3.7746E-02  3.5515E-01  2.7275E+00
  9.5691E-01  4.7731E-02  3.6002E-01  2.7036E+00
  9.6496E-01  5.7784E-02  3.6494E-01  2.6783E+00
  9.7309E-01  6.7903E-02  3.6991E-01  2.6515E+00
  9.8128E-01  7.8085E-02  3.7493E-01  2.6234E+00
  9.8954E-01  8.8328E-02  3.7999E-01  2.5939E+00
  9.9788E-01  9.8629E-02  3.8511E-01  2.5630E+00
  1.0063E+00  1.0899E-01  3.9028E-01  2.5307E+00
  1.0148E+00  1.1939E-01  3.9549E-01  2.4972E+00
  1.0233E+00  1.2985E-01  4.0075E-01  2.4624E+00
  1.0319E+00  1.4036E-01  4.0606E-01  2.4264E+00
  1.0406E+00  1.5091E-01  4.1142E-01  2.3892E+00
  1.0494E+00  1.6150E-01  4.1683E-01  2.3510E+00
  1.0582E+00  1.7214E-01  4.2228E-01  2.3116E+00
  1.0671E+00  1.8281E-01  4.2779E-01  2.2713E+00
  1.0761E+00  1.9351E-01  4.3334E-01  2.2300E+00
  1.0852E+00  2.0425E-01  4.3893E-01  2.1879E+00
  1.0943E+00  2.1501E-01  4.4457E-01  2.1451E+00
  1.1035E+00  2.2580E-01  4.5026E-01  2.1015E+00
  1.1128E+00  2.3662E-01  4.5599E-01  2.0574E+00
  1.1222E+00  2.4745E-01  4.6177E-01  2.0127E+00
  1.1316E+00  2.5831E-01  4.6760E-01  1.9676E+00
  1.1411E+00  2.6918E-01  4.7346E-01  1.9223E+00
  1.1507E+00  2.8006E-01  4.7938E-01  1.8767E+00
  1.1604E+00  2.9095E-01  4.8533E-01  1.8310E+00
  1.1702E+00  3.0186E-01  4.9133E-01  1.7853E+00
  1.1801E+00  3.1276E-01  4.9736E-01  1.7398E+00
  1.1900E+00  3.2367E-01  5.0344E-01  1.6945E+00
  1.2000E+00  3.3459E-01  5.0956E-01  1.6496E+00
  1.2101E+00  3.4549E-01  5.1572E-01  1.6052E+00
  1.2203E+00  3.5640E-01  5.2192E-01  1.5614E+00
  1.2306E+00  3.6730E-01  5.2816E-01  1.5183E+00
  1.2409E+00  3.7818E-01  5.3444E-01  1.4760E+00
  1.2514E+00  3.8906E-01  5.4075E-01  1.4346E+00
  1.2619E+00  3.9992E-01  5.4709E-01  1.3943E+00
  1.2725E+00  4.1076E-01  5.5348E-01  1.3552E+00
  1.2833E+00  4.2159E-01  5.5989E-01  1.3173E+00
  1.2941E+00  4.3239E-01  5.6634E-01  1.2807E+00
  1.3050E+00  4.4316E-01  5.7282E-01  1.2456E+00
  1.3159E+00  4.5391E-01  5.7934E-01  1.2119E+00
  1.3270E+00  4.6464E-01  5.8588E-01  1.1797E+00
  1.3382E+00  4.7532E-01  5.9245E-01  1.1491E+00
  1.3495E+00  4.8598E-01  5.9905E-01  1.1200E+00
  1.3608E+00  4.9660E-01  6.0567E-01  1.0925E+00
  1.3723E+00  5.0718E-01  6.1232E-01  1.0666E+00
  1.3838E+00  5.1772E-01  6.1900E-01  1.0422E+00
  1.3955E+00  5.2821E-01  6.2569E-01  1.0193E+00
  1.4072E+00  5.3866E-01  6.3241E-01  9.9772E-01
  1.4191E+00  5.4906E-01  6.3915E-01  9.7744E-01
  1.4310E+00  5.5941E-01  6.4591E-01  9.5831E-01
  1.4431E+00  5.6971E-01  6.5268E-01  9.4019E-01
  1.4552E+00  5.7996E-01  6.5947E-01  9.2292E-01
  1.4675E+00  5.9014E-01  6.6628E-01  9.0629E-01
  1.4798E+00  6.0027E-01  6.7310E-01  8.9013E-01
  1.4923E+00  6.1034E-01  6.7992E-01  8.7423E-01
  1.5049E+00  6.2034E-01  6.8676E-01  8.5837E-01
  1.5175E+00  6.3027E-01  6.9361E-01  8.4237E-01
  1.5303E+00  6.4014E-01  7.0046E-01  8.2602E-01
  1.5432E+00  6.4994E-01  7.0732E-01  8.0917E-01
  1.5562E+00  6.5966E-01  7.1418E-01  7.9172E-01
  1.5693E+00  6.6931E-01  7.2104E-01  7.7362E-01
  1.5825E+00  6.7888E-01  7.2790E-01  7.5489E-01
  1.5958E+00  6.8838E-01  7.3476E-01  7.3570E-01
  1.6092E+00  6.9779E-01  7.4162E-01  7.1633E-01
  1.6228E+00  7.0712E-01  7.4847E-01  6.9716E-01
  1.6365E+00  7.1636E-01  7.5531E-01  6.7827E-01
  1.6502E+00  7.2552E-01  7.6214E-01  6.5966E-01
  1.6641E+00  7.3459E-01  7.6895E-01  6.4132E-01
  1.6781E+00  7.4356E-01  7.7576E-01  6.2325E-01
  1.6923E+00  7.5245E-01  7.8254E-01  6.0544E-01
  1.7065E+00  7.6123E-01  7.8931E-01  5.8789E-01
  1.7209E+00  7.6992E-01  7.9606E-01  5.7058E-01
  1.7354E+00  7.7851E-01  8.0278E-01  5.5351E-01
  1.7500E+00  7.8699E-01  8.0948E-01  5.3667E-01
  1.7647E+00  7.9538E-01  8.1615E-01  5.2005E-01
  1.7796E+00  8.0365E-01  8.2279E-01  5.0364E-01
  1.7945E+00  8.1182E-01  8.2939E-01  4.8742E-01
  1.8097E+00  8.1987E-01  8.3597E-01  4.7138E-01
  1.8249E+00  8.2782E-01  8.4250E-01  4.5550E-01
  1.8402E+00  8.3565E-01  8.4899E-01  4.3978E-01
  1.8557E+00  8.4336E-01  8.5544E-01  4.2419E-01
  1.8714E+00  8.5096E-01  8.6184E-01  4.0873E-01
  1.8871E+00  8.5843E-01  8.6820E-01  3.9336E-01
  1.9030E+00  8.6578E-01  8.7450E-01  3.7807E-01
  1.9190E+00  8.7301E-01  8.8074E-01  3.6285E-01
  1.9352E+00  8.8011E-01  8.8693E-01  3.4768E-01
  1.9515E+00  8.8708E-01  8.9306E-01  3.3252E-01
  1.9679E+00  8.9391E-01  8.9912E-01  3.1737E-01
  1.9845E+00  9.0062E-01  9.0511E-01  3.0220E-01
  2.0012E+00  9.0719E-01  9.1103E-01  2.8698E-01
  2.0180E+00  9.1362E-01  9.1687E-01  2.7170E-01
  2.0350E+00  9.1992E-01  9.2263E-01  2.5634E-01
  2.0521E+00  9.2607E-01  9.2831E-01  2.4086E-01
  2.0694E+00  9.3208E-01  9.3390E-01  2.2525E-01
  2.0868E+00  9.3794E-01  9.3940E-01  2.0949E-01
  2.1044E+00  9.4366E-01  9.4480E-01  1.9354E-01
  2.1221E+00  9.4923E-01  9.5009E-01  1.7740E-01
  2.1400E+00  9.5464E-01  9.5528E-01  1.6102E-01
  2.1580E+00  9.5990E-01  9.6036E-01  1.4440E-01
  2.1762E+00  9.6501E-01  9.6532E-01  1.2751E-01
  2.1945E+00  9.6995E-01  9.7015E-01  1.1033E-01
  2.2130E+00  9.7474E-01  9.7486E-01  9.2833E-02
  2.2316E+00  9.7937E-01  9.7943E-01  7.5004E-02
  2.2504E+00  9.8383E-01  9.8385E-01  5.6822E-02
  2.2693E+00  9.8812E-01  9.8813E-01  3.8271E-02
  2.2884E+00  9.9225E-01  9.9225E-01  1.9332E-02
  2.3077E+00  9.9621E-01  9.9621E-01  0.0000E+00
  2.3271E+00  1.0000E+00  1.0000E+00  0.0000E+00
  2.3467E+00  1.0036E+00  1.0036E+00  0.0000E+00
  2.3665E+00  1.0071E+00  1.0071E+00  0.0000E+00
  2.3864E+00  1.0103E+00  1.0103E+00  0.0000E+00
  2.4065E+00  1.0134E+00  1.0134E+00  0.0000E+00
  2.4267E+00  1.0163E+00  1.0163E+00  0.0000E+00
  2.4472E+00  1.0190E+00  1.0190E+00  0.0000E+00
  2.4678E+00  1.0215E+00  1.0215E+00  0.0000E+00
  2.4885E+00  1.0239E+00  1.0239E+00  0.0000E+00
  2.5095E+00  1.0261E+00  1.0261E+00  0.0000E+00
  2.5306E+00  1.0280E+00  1.0280E+00  0.0000E+00
  2.5519E+00  1.0298E+00  1.0298E+00  0.0000E+00
  2.5734E+00  1.0314E+00  1.0314E+00  0.0000E+00
  2.5951E+00  1.0328E+00  1.0328E+00  0.0000E+00
  2.6169E+00  1.0340E+00  1.0340E+00  0.0000E+00
  2.6389E+00  1.0350E+00  1.0350E+00  0.0000E+00
  2.6612E+00  1.0358E+00  1.0358E+00  0.0000E+00
  2.6836E+00  1.0364E+00  1.0364E+00  0.0000E+00
  2.7062E+00  1.0368E+00  1.0368E+00  0.0000E+00
  2.7289E+00  1.0369E+00  1.0369E+00  0.0000E+00
  2.7519E+00  1.0369E+00  1.0369E+00  0.0000E+00
  2.7751E+00  1.0367E+00  1.0367E+00  0.0000E+00
  2.7984E+00  1.0363E+00  1.0363E+00  0.0000E+00
  2.8220E+00  1.0356E+00  1.0356E+00  0.0000E+00
  2.8458E+00  1.0348E+00  1.0348E+00  0.0000E+00
  2.8697E+00  1.0337E+00  1.0337E+00  0.0000E+00
  2.8939E+00  1.0324E+00  1.0324E+00  0.0000E+00
  2.9182E+00  1.0310E+00  1.0310E+00  0.0000E+00
  2.9428E+00  1.0292E+00  1.0292E+00  0.0000E+00
  2.9676E+00  1.0273E+00  1.0273E+00  0.0000E+00
  2.9925E+00  1.0252E+00  1.0252E+00  0.0000E+00
  3.0177E+00  1.0228E+00  1.0228E+00  0.0000E+00
  3.0431E+00  1.0203E+00  1.0203E+00  0.0000E+00
  3.0688E+00  1.0175E+00  1.0175E+00  0.0000E+00
  3.0946E+00  1.0145E+00  1.0145E+00  0.0000E+00
  3.1206E+00  1.0112E+00  1.0112E+00  0.0000E+00
  3.1469E+00  1.0078E+00  1.0078E+00  0.0000E+00
  3.1734E+00  1.0041E+00  1.0041E+00  0.0000E+00
  3.2001E+00  1.0002E+00  1.0002E+00  0.0000E+00
  3.2271E+00  9.9610E-01  9.9610E-01  0.0000E+00
  3.2542E+00  9.9175E-01  9.9175E-01  0.0000E+00
  3.2816E+00  9.8719E-01  9.8719E-01  0.0000E+00
  3.3092E+00  9.8240E-01  9.8240E-01  0.0000E+00
  3.3371E+00  9.7739E-01  9.7739E-01  0.0000E+00
  3.3652E+00  9.7215E-01  9.7215E-01  0.0000E+00
  3.3935E+00  9.6669E-01  9.6669E-01  0.0000E+00
  3.4221E+00  9.6100E-01  9.6100E-01  0.0000E+00
  3.4509E+00  9.5509E-01  9.5509E-01  0.0000E+00
  3.4799E+00  9.4895E-01  9.4895E-01  0.0000E+00
  3.5092E+00  9.4259E-01  9.4259E-01  0.0000E+00
