 # l=           0 basis function with energy   -0.439438885081038     
  0.0000E+00  0.0000E+00  0.0000E+00  0.0000E+00
  2.3519E-06 -2.7415E-05  1.0454E-06  1.4021E-05
  4.7235E-06 -5.4133E-05  2.0996E-06  2.8160E-05
  7.1152E-06 -8.0729E-05  3.1626E-06  4.2417E-05
  9.5269E-06 -1.0732E-04  4.2346E-06  5.6795E-05
  1.1959E-05 -1.3330E-04  5.3156E-06  7.1294E-05
  1.4412E-05 -1.5986E-04  6.4057E-06  8.5915E-05
  1.6885E-05 -1.8659E-04  7.5050E-06  1.0066E-04
  1.9379E-05 -2.1341E-04  8.6136E-06  1.1553E-04
  2.1894E-05 -2.4038E-04  9.7315E-06  1.3052E-04
  2.4430E-05 -2.6749E-04  1.0859E-05  1.4564E-04
  2.6987E-05 -2.9476E-04  1.1996E-05  1.6089E-04
  2.9566E-05 -3.2218E-04  1.3142E-05  1.7626E-04
  3.2167E-05 -3.4978E-04  1.4298E-05  1.9177E-04
  3.4790E-05 -3.7755E-04  1.5464E-05  2.0740E-04
  3.7434E-05 -4.0550E-04  1.6639E-05  2.2317E-04
  4.0101E-05 -4.3363E-04  1.7825E-05  2.3907E-04
  4.2791E-05 -4.6194E-04  1.9020E-05  2.5510E-04
  4.5503E-05 -4.9044E-04  2.0225E-05  2.7127E-04
  4.8238E-05 -5.1914E-04  2.1441E-05  2.8757E-04
  5.0996E-05 -5.4804E-04  2.2667E-05  3.0401E-04
  5.3777E-05 -5.7713E-04  2.3903E-05  3.2059E-04
  5.6581E-05 -6.0643E-04  2.5150E-05  3.3731E-04
  5.9409E-05 -6.3593E-04  2.6407E-05  3.5417E-04
  6.2261E-05 -6.6564E-04  2.7674E-05  3.7117E-04
  6.5137E-05 -6.9557E-04  2.8953E-05  3.8832E-04
  6.8038E-05 -7.2570E-04  3.0242E-05  4.0561E-04
  7.0962E-05 -7.5606E-04  3.1542E-05  4.2304E-04
  7.3911E-05 -7.8663E-04  3.2853E-05  4.4063E-04
  7.6885E-05 -8.1742E-04  3.4175E-05  4.5836E-04
  7.9884E-05 -8.4844E-04  3.5508E-05  4.7623E-04
  8.2909E-05 -8.7969E-04  3.6852E-05  4.9426E-04
  8.5958E-05 -9.1116E-04  3.8207E-05  5.1244E-04
  8.9034E-05 -9.4286E-04  3.9574E-05  5.3078E-04
  9.2135E-05 -9.7480E-04  4.0953E-05  5.4927E-04
  9.5263E-05 -1.0070E-03  4.2343E-05  5.6791E-04
  9.8416E-05 -1.0394E-03  4.3745E-05  5.8671E-04
  1.0160E-04 -1.0720E-03  4.5158E-05  6.0567E-04
  1.0480E-04 -1.1049E-03  4.6584E-05  6.2479E-04
  1.0804E-04 -1.1381E-03  4.8021E-05  6.4407E-04
  1.1130E-04 -1.1715E-03  4.9471E-05  6.6351E-04
  1.1459E-04 -1.2051E-03  5.0933E-05  6.8312E-04
  1.1790E-04 -1.2390E-03  5.2407E-05  7.0289E-04
  1.2125E-04 -1.2732E-03  5.3893E-05  7.2283E-04
  1.2462E-04 -1.3076E-03  5.5392E-05  7.4293E-04
  1.2802E-04 -1.3422E-03  5.6904E-05  7.6321E-04
  1.3145E-04 -1.3771E-03  5.8428E-05  7.8365E-04
  1.3491E-04 -1.4123E-03  5.9966E-05  8.0427E-04
  1.3840E-04 -1.4478E-03  6.1516E-05  8.2506E-04
  1.4191E-04 -1.4835E-03  6.3079E-05  8.4603E-04
  1.4546E-04 -1.5195E-03  6.4655E-05  8.6717E-04
  1.4904E-04 -1.5558E-03  6.6245E-05  8.8849E-04
  1.5264E-04 -1.5923E-03  6.7848E-05  9.0999E-04
  1.5628E-04 -1.6291E-03  6.9464E-05  9.3167E-04
  1.5995E-04 -1.6662E-03  7.1094E-05  9.5353E-04
  1.6365E-04 -1.7036E-03  7.2738E-05  9.7558E-04
  1.6737E-04 -1.7413E-03  7.4396E-05  9.9781E-04
  1.7114E-04 -1.7793E-03  7.6068E-05  1.0202E-03
  1.7493E-04 -1.8175E-03  7.7753E-05  1.0428E-03
  1.7875E-04 -1.8560E-03  7.9453E-05  1.0656E-03
  1.8261E-04 -1.8949E-03  8.1167E-05  1.0886E-03
  1.8650E-04 -1.9340E-03  8.2896E-05  1.1118E-03
  1.9042E-04 -1.9734E-03  8.4639E-05  1.1352E-03
  1.9437E-04 -2.0132E-03  8.6397E-05  1.1588E-03
  1.9836E-04 -2.0532E-03  8.8169E-05  1.1825E-03
  2.0238E-04 -2.0936E-03  8.9957E-05  1.2065E-03
  2.0644E-04 -2.1342E-03  9.1759E-05  1.2307E-03
  2.1053E-04 -2.1752E-03  9.3577E-05  1.2551E-03
  2.1465E-04 -2.2165E-03  9.5410E-05  1.2797E-03
  2.1881E-04 -2.2581E-03  9.7259E-05  1.3045E-03
  2.2300E-04 -2.3000E-03  9.9123E-05  1.3295E-03
  2.2723E-04 -2.3422E-03  1.0100E-04  1.3547E-03
  2.3150E-04 -2.3848E-03  1.0290E-04  1.3801E-03
  2.3580E-04 -2.4277E-03  1.0481E-04  1.4057E-03
  2.4014E-04 -2.4709E-03  1.0674E-04  1.4316E-03
  2.4451E-04 -2.5145E-03  1.0868E-04  1.4576E-03
  2.4892E-04 -2.5584E-03  1.1064E-04  1.4839E-03
  2.5337E-04 -2.6026E-03  1.1262E-04  1.5105E-03
  2.5785E-04 -2.6472E-03  1.1461E-04  1.5372E-03
  2.6237E-04 -2.6921E-03  1.1662E-04  1.5641E-03
  2.6693E-04 -2.7373E-03  1.1865E-04  1.5913E-03
  2.7153E-04 -2.7829E-03  1.2069E-04  1.6187E-03
  2.7617E-04 -2.8289E-03  1.2275E-04  1.6464E-03
  2.8085E-04 -2.8752E-03  1.2483E-04  1.6743E-03
  2.8556E-04 -2.9219E-03  1.2693E-04  1.7024E-03
  2.9032E-04 -2.9689E-03  1.2904E-04  1.7307E-03
  2.9511E-04 -3.0163E-03  1.3117E-04  1.7593E-03
  2.9995E-04 -3.0641E-03  1.3332E-04  1.7882E-03
  3.0483E-04 -3.1122E-03  1.3549E-04  1.8172E-03
  3.0974E-04 -3.1607E-03  1.3768E-04  1.8465E-03
  3.1470E-04 -3.2096E-03  1.3988E-04  1.8761E-03
  3.1970E-04 -3.2588E-03  1.4210E-04  1.9059E-03
  3.2475E-04 -3.3085E-03  1.4435E-04  1.9360E-03
  3.2983E-04 -3.3585E-03  1.4661E-04  1.9663E-03
  3.3496E-04 -3.4089E-03  1.4889E-04  1.9969E-03
  3.4013E-04 -3.4597E-03  1.5118E-04  2.0277E-03
  3.4535E-04 -3.5108E-03  1.5350E-04  2.0588E-03
  3.5060E-04 -3.5624E-03  1.5584E-04  2.0901E-03
  3.5591E-04 -3.6144E-03  1.5820E-04  2.1218E-03
  3.6125E-04 -3.6668E-03  1.6057E-04  2.1536E-03
  3.6665E-04 -3.7195E-03  1.6297E-04  2.1858E-03
  3.7209E-04 -3.7727E-03  1.6539E-04  2.2182E-03
  3.7757E-04 -3.8263E-03  1.6783E-04  2.2509E-03
  3.8310E-04 -3.8803E-03  1.7028E-04  2.2839E-03
  3.8868E-04 -3.9348E-03  1.7276E-04  2.3171E-03
  3.9430E-04 -3.9896E-03  1.7526E-04  2.3506E-03
  3.9997E-04 -4.0449E-03  1.7778E-04  2.3844E-03
  4.0569E-04 -4.1006E-03  1.8032E-04  2.4185E-03
  4.1146E-04 -4.1567E-03  1.8289E-04  2.4529E-03
  4.1727E-04 -4.2133E-03  1.8547E-04  2.4876E-03
  4.2314E-04 -4.2703E-03  1.8808E-04  2.5225E-03
  4.2905E-04 -4.3277E-03  1.9071E-04  2.5578E-03
  4.3501E-04 -4.3856E-03  1.9336E-04  2.5933E-03
  4.4103E-04 -4.4439E-03  1.9603E-04  2.6292E-03
  4.4709E-04 -4.5026E-03  1.9873E-04  2.6653E-03
  4.5321E-04 -4.5619E-03  2.0144E-04  2.7018E-03
  4.5937E-04 -4.6215E-03  2.0419E-04  2.7386E-03
  4.6559E-04 -4.6817E-03  2.0695E-04  2.7756E-03
  4.7186E-04 -4.7423E-03  2.0974E-04  2.8130E-03
  4.7819E-04 -4.8033E-03  2.1255E-04  2.8507E-03
  4.8456E-04 -4.8649E-03  2.1538E-04  2.8887E-03
  4.9099E-04 -4.9269E-03  2.1824E-04  2.9271E-03
  4.9748E-04 -4.9894E-03  2.2112E-04  2.9657E-03
  5.0402E-04 -5.0523E-03  2.2403E-04  3.0047E-03
  5.1061E-04 -5.1158E-03  2.2696E-04  3.0440E-03
  5.1726E-04 -5.1797E-03  2.2992E-04  3.0837E-03
  5.2397E-04 -5.2442E-03  2.3290E-04  3.1237E-03
  5.3073E-04 -5.3091E-03  2.3590E-04  3.1640E-03
  5.3755E-04 -5.3745E-03  2.3893E-04  3.2046E-03
  5.4443E-04 -5.4404E-03  2.4199E-04  3.2456E-03
  5.5136E-04 -5.5068E-03  2.4507E-04  3.2870E-03
  5.5835E-04 -5.5738E-03  2.4818E-04  3.3286E-03
  5.6540E-04 -5.6412E-03  2.5132E-04  3.3707E-03
  5.7252E-04 -5.7092E-03  2.5448E-04  3.4131E-03
  5.7969E-04 -5.7777E-03  2.5766E-04  3.4558E-03
  5.8692E-04 -5.8467E-03  2.6088E-04  3.4989E-03
  5.9421E-04 -5.9162E-03  2.6412E-04  3.5424E-03
  6.0156E-04 -5.9863E-03  2.6739E-04  3.5862E-03
  6.0898E-04 -6.0569E-03  2.7068E-04  3.6305E-03
  6.1646E-04 -6.1281E-03  2.7401E-04  3.6750E-03
  6.2400E-04 -6.1998E-03  2.7736E-04  3.7200E-03
  6.3160E-04 -6.2720E-03  2.8074E-04  3.7653E-03
  6.3927E-04 -6.3448E-03  2.8415E-04  3.8110E-03
  6.4700E-04 -6.4181E-03  2.8759E-04  3.8571E-03
  6.5480E-04 -6.4920E-03  2.9105E-04  3.9036E-03
  6.6266E-04 -6.5665E-03  2.9455E-04  3.9505E-03
  6.7059E-04 -6.6416E-03  2.9807E-04  3.9978E-03
  6.7859E-04 -6.7172E-03  3.0163E-04  4.0455E-03
  6.8665E-04 -6.7933E-03  3.0521E-04  4.0935E-03
  6.9479E-04 -6.8701E-03  3.0882E-04  4.1420E-03
  7.0299E-04 -6.9475E-03  3.1247E-04  4.1909E-03
  7.1126E-04 -7.0254E-03  3.1614E-04  4.2402E-03
  7.1959E-04 -7.1039E-03  3.1985E-04  4.2899E-03
  7.2800E-04 -7.1831E-03  3.2359E-04  4.3400E-03
  7.3648E-04 -7.2628E-03  3.2736E-04  4.3906E-03
  7.4503E-04 -7.3431E-03  3.3116E-04  4.4416E-03
  7.5366E-04 -7.4241E-03  3.3499E-04  4.4930E-03
  7.6235E-04 -7.5056E-03  3.3886E-04  4.5448E-03
  7.7112E-04 -7.5878E-03  3.4275E-04  4.5971E-03
  7.7996E-04 -7.6706E-03  3.4669E-04  4.6498E-03
  7.8888E-04 -7.7540E-03  3.5065E-04  4.7030E-03
  7.9787E-04 -7.8381E-03  3.5465E-04  4.7566E-03
  8.0694E-04 -7.9228E-03  3.5868E-04  4.8106E-03
  8.1609E-04 -8.0081E-03  3.6274E-04  4.8651E-03
  8.2531E-04 -8.0941E-03  3.6684E-04  4.9201E-03
  8.3461E-04 -8.1807E-03  3.7097E-04  4.9755E-03
  8.4398E-04 -8.2680E-03  3.7514E-04  5.0314E-03
  8.5344E-04 -8.3559E-03  3.7934E-04  5.0878E-03
  8.6298E-04 -8.4445E-03  3.8358E-04  5.1447E-03
  8.7259E-04 -8.5338E-03  3.8786E-04  5.2020E-03
  8.8229E-04 -8.6238E-03  3.9217E-04  5.2598E-03
  8.9207E-04 -8.7144E-03  3.9651E-04  5.3181E-03
  9.0193E-04 -8.8057E-03  4.0090E-04  5.3769E-03
  9.1187E-04 -8.8977E-03  4.0532E-04  5.4362E-03
  9.2190E-04 -8.9904E-03  4.0977E-04  5.4959E-03
  9.3201E-04 -9.0837E-03  4.1427E-04  5.5562E-03
  9.4221E-04 -9.1778E-03  4.1880E-04  5.6170E-03
  9.5249E-04 -9.2726E-03  4.2337E-04  5.6783E-03
  9.6286E-04 -9.3681E-03  4.2798E-04  5.7401E-03
  9.7332E-04 -9.4643E-03  4.3263E-04  5.8025E-03
  9.8386E-04 -9.5612E-03  4.3731E-04  5.8653E-03
  9.9449E-04 -9.6588E-03  4.4204E-04  5.9287E-03
  1.0052E-03 -9.7572E-03  4.4681E-04  5.9926E-03
  1.0160E-03 -9.8563E-03  4.5161E-04  6.0571E-03
  1.0269E-03 -9.9562E-03  4.5646E-04  6.1221E-03
  1.0379E-03 -1.0057E-02  4.6135E-04  6.1877E-03
  1.0490E-03 -1.0158E-02  4.6628E-04  6.2538E-03
  1.0602E-03 -1.0260E-02  4.7125E-04  6.3204E-03
  1.0715E-03 -1.0363E-02  4.7626E-04  6.3877E-03
  1.0828E-03 -1.0467E-02  4.8131E-04  6.4554E-03
  1.0943E-03 -1.0571E-02  4.8641E-04  6.5238E-03
  1.1059E-03 -1.0676E-02  4.9155E-04  6.5927E-03
  1.1175E-03 -1.0782E-02  4.9673E-04  6.6623E-03
  1.1293E-03 -1.0889E-02  5.0196E-04  6.7324E-03
  1.1412E-03 -1.0996E-02  5.0723E-04  6.8030E-03
  1.1531E-03 -1.1105E-02  5.1254E-04  6.8743E-03
  1.1652E-03 -1.1214E-02  5.1790E-04  6.9462E-03
  1.1773E-03 -1.1324E-02  5.2331E-04  7.0187E-03
  1.1896E-03 -1.1435E-02  5.2876E-04  7.0918E-03
  1.2020E-03 -1.1546E-02  5.3426E-04  7.1655E-03
  1.2144E-03 -1.1659E-02  5.3980E-04  7.2399E-03
  1.2270E-03 -1.1772E-02  5.4539E-04  7.3148E-03
  1.2397E-03 -1.1886E-02  5.5102E-04  7.3904E-03
  1.2525E-03 -1.2001E-02  5.5671E-04  7.4666E-03
  1.2654E-03 -1.2116E-02  5.6244E-04  7.5435E-03
  1.2784E-03 -1.2233E-02  5.6822E-04  7.6210E-03
  1.2915E-03 -1.2350E-02  5.7405E-04  7.6992E-03
  1.3047E-03 -1.2469E-02  5.7992E-04  7.7780E-03
  1.3180E-03 -1.2588E-02  5.8585E-04  7.8575E-03
  1.3315E-03 -1.2708E-02  5.9183E-04  7.9377E-03
  1.3450E-03 -1.2829E-02  5.9785E-04  8.0185E-03
  1.3587E-03 -1.2950E-02  6.0393E-04  8.1000E-03
  1.3725E-03 -1.3073E-02  6.1006E-04  8.1822E-03
  1.3864E-03 -1.3197E-02  6.1624E-04  8.2651E-03
  1.4004E-03 -1.3321E-02  6.2247E-04  8.3487E-03
  1.4146E-03 -1.3446E-02  6.2876E-04  8.4330E-03
  1.4288E-03 -1.3573E-02  6.3510E-04  8.5180E-03
  1.4432E-03 -1.3700E-02  6.4149E-04  8.6037E-03
  1.4577E-03 -1.3828E-02  6.4793E-04  8.6902E-03
  1.4723E-03 -1.3957E-02  6.5443E-04  8.7773E-03
  1.4871E-03 -1.4087E-02  6.6099E-04  8.8652E-03
  1.5019E-03 -1.4218E-02  6.6759E-04  8.9539E-03
  1.5169E-03 -1.4350E-02  6.7426E-04  9.0433E-03
  1.5321E-03 -1.4482E-02  6.8098E-04  9.1334E-03
  1.5473E-03 -1.4616E-02  6.8776E-04  9.2243E-03
  1.5627E-03 -1.4751E-02  6.9459E-04  9.3160E-03
  1.5782E-03 -1.4886E-02  7.0148E-04  9.4084E-03
  1.5938E-03 -1.5023E-02  7.0843E-04  9.5016E-03
  1.6096E-03 -1.5161E-02  7.1544E-04  9.5956E-03
  1.6255E-03 -1.5299E-02  7.2251E-04  9.6904E-03
  1.6415E-03 -1.5439E-02  7.2964E-04  9.7860E-03
  1.6577E-03 -1.5579E-02  7.3682E-04  9.8824E-03
  1.6740E-03 -1.5721E-02  7.4407E-04  9.9796E-03
  1.6904E-03 -1.5863E-02  7.5138E-04  1.0078E-02
  1.7070E-03 -1.6007E-02  7.5875E-04  1.0176E-02
  1.7237E-03 -1.6152E-02  7.6618E-04  1.0276E-02
  1.7406E-03 -1.6297E-02  7.7368E-04  1.0377E-02
  1.7576E-03 -1.6444E-02  7.8124E-04  1.0478E-02
  1.7748E-03 -1.6592E-02  7.8886E-04  1.0580E-02
  1.7920E-03 -1.6740E-02  7.9654E-04  1.0683E-02
  1.8095E-03 -1.6890E-02  8.0429E-04  1.0787E-02
  1.8271E-03 -1.7041E-02  8.1211E-04  1.0892E-02
  1.8448E-03 -1.7193E-02  8.1999E-04  1.0998E-02
  1.8627E-03 -1.7346E-02  8.2794E-04  1.1104E-02
  1.8807E-03 -1.7500E-02  8.3595E-04  1.1212E-02
  1.8989E-03 -1.7655E-02  8.4403E-04  1.1320E-02
  1.9172E-03 -1.7811E-02  8.5218E-04  1.1430E-02
  1.9357E-03 -1.7969E-02  8.6040E-04  1.1540E-02
  1.9544E-03 -1.8127E-02  8.6869E-04  1.1651E-02
  1.9732E-03 -1.8286E-02  8.7705E-04  1.1763E-02
  1.9921E-03 -1.8447E-02  8.8547E-04  1.1876E-02
  2.0112E-03 -1.8609E-02  8.9397E-04  1.1990E-02
  2.0305E-03 -1.8771E-02  9.0254E-04  1.2105E-02
  2.0500E-03 -1.8935E-02  9.1119E-04  1.2221E-02
  2.0696E-03 -1.9100E-02  9.1990E-04  1.2338E-02
  2.0893E-03 -1.9267E-02  9.2869E-04  1.2456E-02
  2.1093E-03 -1.9434E-02  9.3755E-04  1.2575E-02
  2.1294E-03 -1.9603E-02  9.4649E-04  1.2694E-02
  2.1497E-03 -1.9772E-02  9.5550E-04  1.2815E-02
  2.1701E-03 -1.9943E-02  9.6459E-04  1.2937E-02
  2.1907E-03 -2.0115E-02  9.7375E-04  1.3060E-02
  2.2115E-03 -2.0288E-02  9.8300E-04  1.3184E-02
  2.2325E-03 -2.0462E-02  9.9232E-04  1.3309E-02
  2.2536E-03 -2.0638E-02  1.0017E-03  1.3435E-02
  2.2750E-03 -2.0815E-02  1.0112E-03  1.3562E-02
  2.2965E-03 -2.0993E-02  1.0207E-03  1.3690E-02
  2.3181E-03 -2.1172E-02  1.0304E-03  1.3820E-02
  2.3400E-03 -2.1352E-02  1.0401E-03  1.3950E-02
  2.3621E-03 -2.1533E-02  1.0499E-03  1.4081E-02
  2.3843E-03 -2.1716E-02  1.0598E-03  1.4214E-02
  2.4067E-03 -2.1900E-02  1.0698E-03  1.4348E-02
  2.4293E-03 -2.2085E-02  1.0798E-03  1.4482E-02
  2.4521E-03 -2.2272E-02  1.0899E-03  1.4618E-02
  2.4751E-03 -2.2459E-02  1.1002E-03  1.4755E-02
  2.4983E-03 -2.2648E-02  1.1105E-03  1.4894E-02
  2.5217E-03 -2.2838E-02  1.1209E-03  1.5033E-02
  2.5453E-03 -2.3030E-02  1.1313E-03  1.5174E-02
  2.5690E-03 -2.3223E-02  1.1419E-03  1.5315E-02
  2.5930E-03 -2.3417E-02  1.1526E-03  1.5458E-02
  2.6172E-03 -2.3612E-02  1.1633E-03  1.5602E-02
  2.6416E-03 -2.3808E-02  1.1741E-03  1.5748E-02
  2.6662E-03 -2.4006E-02  1.1851E-03  1.5894E-02
  2.6910E-03 -2.4205E-02  1.1961E-03  1.6042E-02
  2.7160E-03 -2.4406E-02  1.2072E-03  1.6191E-02
  2.7412E-03 -2.4607E-02  1.2184E-03  1.6342E-02
  2.7666E-03 -2.4810E-02  1.2297E-03  1.6493E-02
  2.7922E-03 -2.5014E-02  1.2411E-03  1.6646E-02
  2.8181E-03 -2.5220E-02  1.2526E-03  1.6800E-02
  2.8442E-03 -2.5427E-02  1.2642E-03  1.6956E-02
  2.8705E-03 -2.5635E-02  1.2759E-03  1.7112E-02
  2.8970E-03 -2.5845E-02  1.2877E-03  1.7270E-02
  2.9237E-03 -2.6056E-02  1.2996E-03  1.7430E-02
  2.9507E-03 -2.6268E-02  1.3115E-03  1.7591E-02
  2.9779E-03 -2.6482E-02  1.3236E-03  1.7753E-02
  3.0053E-03 -2.6697E-02  1.3358E-03  1.7916E-02
  3.0329E-03 -2.6913E-02  1.3481E-03  1.8081E-02
  3.0608E-03 -2.7131E-02  1.3605E-03  1.8247E-02
  3.0889E-03 -2.7350E-02  1.3730E-03  1.8415E-02
  3.1173E-03 -2.7570E-02  1.3856E-03  1.8584E-02
  3.1459E-03 -2.7792E-02  1.3983E-03  1.8754E-02
  3.1747E-03 -2.8015E-02  1.4111E-03  1.8926E-02
  3.2038E-03 -2.8240E-02  1.4240E-03  1.9099E-02
  3.2331E-03 -2.8466E-02  1.4371E-03  1.9274E-02
  3.2627E-03 -2.8693E-02  1.4502E-03  1.9450E-02
  3.2925E-03 -2.8922E-02  1.4635E-03  1.9628E-02
  3.3225E-03 -2.9152E-02  1.4768E-03  1.9807E-02
  3.3529E-03 -2.9384E-02  1.4903E-03  1.9988E-02
  3.3834E-03 -2.9617E-02  1.5039E-03  2.0170E-02
  3.4143E-03 -2.9851E-02  1.5176E-03  2.0354E-02
  3.4453E-03 -3.0087E-02  1.5314E-03  2.0540E-02
  3.4767E-03 -3.0325E-02  1.5454E-03  2.0727E-02
  3.5083E-03 -3.0563E-02  1.5594E-03  2.0915E-02
  3.5402E-03 -3.0803E-02  1.5736E-03  2.1105E-02
  3.5724E-03 -3.1045E-02  1.5879E-03  2.1297E-02
  3.6048E-03 -3.1288E-02  1.6023E-03  2.1490E-02
  3.6375E-03 -3.1533E-02  1.6168E-03  2.1685E-02
  3.6704E-03 -3.1778E-02  1.6315E-03  2.1881E-02
  3.7037E-03 -3.2026E-02  1.6462E-03  2.2080E-02
  3.7372E-03 -3.2275E-02  1.6611E-03  2.2280E-02
  3.7710E-03 -3.2525E-02  1.6762E-03  2.2481E-02
  3.8051E-03 -3.2777E-02  1.6913E-03  2.2684E-02
  3.8395E-03 -3.3030E-02  1.7066E-03  2.2889E-02
  3.8742E-03 -3.3284E-02  1.7220E-03  2.3096E-02
  3.9091E-03 -3.3541E-02  1.7376E-03  2.3304E-02
  3.9444E-03 -3.3798E-02  1.7532E-03  2.3515E-02
  3.9799E-03 -3.4057E-02  1.7690E-03  2.3727E-02
  4.0158E-03 -3.4318E-02  1.7850E-03  2.3940E-02
  4.0519E-03 -3.4580E-02  1.8010E-03  2.4156E-02
  4.0884E-03 -3.4843E-02  1.8172E-03  2.4373E-02
  4.1252E-03 -3.5108E-02  1.8336E-03  2.4592E-02
  4.1622E-03 -3.5375E-02  1.8501E-03  2.4813E-02
  4.1996E-03 -3.5643E-02  1.8667E-03  2.5036E-02
  4.2373E-03 -3.5912E-02  1.8834E-03  2.5261E-02
  4.2754E-03 -3.6183E-02  1.9003E-03  2.5488E-02
  4.3137E-03 -3.6455E-02  1.9174E-03  2.5716E-02
  4.3524E-03 -3.6729E-02  1.9346E-03  2.5947E-02
  4.3913E-03 -3.7004E-02  1.9519E-03  2.6179E-02
  4.4307E-03 -3.7281E-02  1.9694E-03  2.6414E-02
  4.4703E-03 -3.7560E-02  1.9870E-03  2.6650E-02
  4.5103E-03 -3.7840E-02  2.0048E-03  2.6888E-02
  4.5506E-03 -3.8121E-02  2.0227E-03  2.7129E-02
  4.5913E-03 -3.8404E-02  2.0408E-03  2.7371E-02
  4.6323E-03 -3.8688E-02  2.0590E-03  2.7615E-02
  4.6736E-03 -3.8974E-02  2.0774E-03  2.7862E-02
  4.7153E-03 -3.9261E-02  2.0959E-03  2.8110E-02
  4.7573E-03 -3.9550E-02  2.1146E-03  2.8361E-02
  4.7997E-03 -3.9840E-02  2.1334E-03  2.8614E-02
  4.8425E-03 -4.0132E-02  2.1524E-03  2.8869E-02
  4.8856E-03 -4.0425E-02  2.1716E-03  2.9126E-02
  4.9291E-03 -4.0720E-02  2.1909E-03  2.9385E-02
  4.9729E-03 -4.1016E-02  2.2104E-03  2.9646E-02
  5.0171E-03 -4.1314E-02  2.2300E-03  2.9910E-02
  5.0617E-03 -4.1613E-02  2.2499E-03  3.0176E-02
  5.1067E-03 -4.1913E-02  2.2698E-03  3.0444E-02
  5.1520E-03 -4.2216E-02  2.2900E-03  3.0714E-02
  5.1977E-03 -4.2519E-02  2.3103E-03  3.0986E-02
  5.2438E-03 -4.2824E-02  2.3308E-03  3.1261E-02
  5.2903E-03 -4.3131E-02  2.3515E-03  3.1538E-02
  5.3372E-03 -4.3439E-02  2.3723E-03  3.1818E-02
  5.3845E-03 -4.3748E-02  2.3933E-03  3.2100E-02
  5.4322E-03 -4.4059E-02  2.4145E-03  3.2384E-02
  5.4802E-03 -4.4371E-02  2.4359E-03  3.2671E-02
  5.5287E-03 -4.4685E-02  2.4574E-03  3.2960E-02
  5.5776E-03 -4.5000E-02  2.4792E-03  3.3251E-02
  5.6269E-03 -4.5317E-02  2.5011E-03  3.3545E-02
  5.6766E-03 -4.5635E-02  2.5232E-03  3.3841E-02
  5.7267E-03 -4.5955E-02  2.5455E-03  3.4140E-02
  5.7773E-03 -4.6276E-02  2.5679E-03  3.4442E-02
  5.8283E-03 -4.6598E-02  2.5906E-03  3.4746E-02
  5.8797E-03 -4.6922E-02  2.6135E-03  3.5052E-02
  5.9315E-03 -4.7247E-02  2.6365E-03  3.5361E-02
  5.9838E-03 -4.7573E-02  2.6597E-03  3.5673E-02
  6.0365E-03 -4.7901E-02  2.6832E-03  3.5987E-02
  6.0897E-03 -4.8230E-02  2.7068E-03  3.6304E-02
  6.1433E-03 -4.8561E-02  2.7306E-03  3.6624E-02
  6.1974E-03 -4.8893E-02  2.7547E-03  3.6946E-02
  6.2519E-03 -4.9226E-02  2.7789E-03  3.7271E-02
  6.3069E-03 -4.9561E-02  2.8033E-03  3.7599E-02
  6.3623E-03 -4.9897E-02  2.8280E-03  3.7929E-02
  6.4182E-03 -5.0235E-02  2.8528E-03  3.8262E-02
  6.4746E-03 -5.0573E-02  2.8779E-03  3.8599E-02
  6.5314E-03 -5.0913E-02  2.9031E-03  3.8937E-02
  6.5888E-03 -5.1255E-02  2.9286E-03  3.9279E-02
  6.6466E-03 -5.1597E-02  2.9543E-03  3.9624E-02
  6.7049E-03 -5.1941E-02  2.9802E-03  3.9971E-02
  6.7637E-03 -5.2286E-02  3.0064E-03  4.0322E-02
  6.8230E-03 -5.2632E-02  3.0327E-03  4.0675E-02
  6.8827E-03 -5.2980E-02  3.0593E-03  4.1032E-02
  6.9430E-03 -5.3329E-02  3.0861E-03  4.1391E-02
  7.0038E-03 -5.3679E-02  3.1131E-03  4.1754E-02
  7.0651E-03 -5.4030E-02  3.1404E-03  4.2119E-02
  7.1270E-03 -5.4382E-02  3.1678E-03  4.2488E-02
  7.1893E-03 -5.4736E-02  3.1956E-03  4.2859E-02
  7.2522E-03 -5.5090E-02  3.2235E-03  4.3234E-02
  7.3156E-03 -5.5446E-02  3.2517E-03  4.3612E-02
  7.3795E-03 -5.5803E-02  3.2801E-03  4.3993E-02
  7.4440E-03 -5.6161E-02  3.3087E-03  4.4377E-02
  7.5090E-03 -5.6520E-02  3.3376E-03  4.4765E-02
  7.5745E-03 -5.6880E-02  3.3668E-03  4.5156E-02
  7.6406E-03 -5.7241E-02  3.3962E-03  4.5550E-02
  7.7073E-03 -5.7603E-02  3.4258E-03  4.5947E-02
  7.7745E-03 -5.7967E-02  3.4557E-03  4.6348E-02
  7.8423E-03 -5.8331E-02  3.4858E-03  4.6752E-02
  7.9107E-03 -5.8696E-02  3.5162E-03  4.7160E-02
  7.9796E-03 -5.9062E-02  3.5468E-03  4.7571E-02
  8.0491E-03 -5.9429E-02  3.5777E-03  4.7985E-02
  8.1192E-03 -5.9797E-02  3.6089E-03  4.8403E-02
  8.1899E-03 -6.0166E-02  3.6403E-03  4.8825E-02
  8.2612E-03 -6.0535E-02  3.6720E-03  4.9250E-02
  8.3331E-03 -6.0906E-02  3.7040E-03  4.9678E-02
  8.4056E-03 -6.1277E-02  3.7362E-03  5.0110E-02
  8.4787E-03 -6.1649E-02  3.7687E-03  5.0546E-02
  8.5524E-03 -6.2022E-02  3.8015E-03  5.0986E-02
  8.6268E-03 -6.2396E-02  3.8345E-03  5.1429E-02
  8.7018E-03 -6.2770E-02  3.8678E-03  5.1876E-02
  8.7774E-03 -6.3145E-02  3.9014E-03  5.2326E-02
  8.8536E-03 -6.3521E-02  3.9353E-03  5.2781E-02
  8.9305E-03 -6.3897E-02  3.9695E-03  5.3239E-02
  9.0080E-03 -6.4274E-02  4.0039E-03  5.3701E-02
  9.0862E-03 -6.4651E-02  4.0387E-03  5.4167E-02
  9.1650E-03 -6.5029E-02  4.0737E-03  5.4637E-02
  9.2445E-03 -6.5408E-02  4.1091E-03  5.5111E-02
  9.3247E-03 -6.5787E-02  4.1447E-03  5.5589E-02
  9.4055E-03 -6.6166E-02  4.1806E-03  5.6071E-02
  9.4870E-03 -6.6546E-02  4.2169E-03  5.6557E-02
  9.5692E-03 -6.6926E-02  4.2534E-03  5.7047E-02
  9.6521E-03 -6.7307E-02  4.2902E-03  5.7541E-02
  9.7357E-03 -6.7687E-02  4.3274E-03  5.8040E-02
  9.8200E-03 -6.8068E-02  4.3649E-03  5.8542E-02
  9.9050E-03 -6.8450E-02  4.4027E-03  5.9049E-02
  9.9908E-03 -6.8831E-02  4.4408E-03  5.9560E-02
  1.0077E-02 -6.9213E-02  4.4792E-03  6.0075E-02
  1.0164E-02 -6.9595E-02  4.5179E-03  6.0595E-02
  1.0252E-02 -6.9977E-02  4.5570E-03  6.1119E-02
  1.0341E-02 -7.0359E-02  4.5964E-03  6.1648E-02
  1.0430E-02 -7.0741E-02  4.6361E-03  6.2181E-02
  1.0520E-02 -7.1123E-02  4.6762E-03  6.2718E-02
  1.0611E-02 -7.1505E-02  4.7166E-03  6.3260E-02
  1.0703E-02 -7.1886E-02  4.7574E-03  6.3806E-02
  1.0796E-02 -7.2268E-02  4.7985E-03  6.4358E-02
  1.0889E-02 -7.2649E-02  4.8399E-03  6.4913E-02
  1.0983E-02 -7.3030E-02  4.8817E-03  6.5474E-02
  1.1078E-02 -7.3411E-02  4.9238E-03  6.6039E-02
  1.1173E-02 -7.3791E-02  4.9663E-03  6.6609E-02
  1.1270E-02 -7.4172E-02  5.0092E-03  6.7183E-02
  1.1367E-02 -7.4551E-02  5.0524E-03  6.7763E-02
  1.1465E-02 -7.4930E-02  5.0959E-03  6.8347E-02
  1.1564E-02 -7.5309E-02  5.1399E-03  6.8937E-02
  1.1663E-02 -7.5687E-02  5.1842E-03  6.9531E-02
  1.1764E-02 -7.6064E-02  5.2289E-03  7.0130E-02
  1.1865E-02 -7.6440E-02  5.2739E-03  7.0735E-02
  1.1967E-02 -7.6816E-02  5.3194E-03  7.1344E-02
  1.2071E-02 -7.7191E-02  5.3652E-03  7.1959E-02
  1.2174E-02 -7.7565E-02  5.4114E-03  7.2578E-02
  1.2279E-02 -7.7939E-02  5.4580E-03  7.3203E-02
  1.2385E-02 -7.8311E-02  5.5050E-03  7.3833E-02
  1.2492E-02 -7.8682E-02  5.5524E-03  7.4469E-02
  1.2599E-02 -7.9052E-02  5.6001E-03  7.5110E-02
  1.2708E-02 -7.9421E-02  5.6483E-03  7.5756E-02
  1.2817E-02 -7.9789E-02  5.6969E-03  7.6408E-02
  1.2927E-02 -8.0155E-02  5.7459E-03  7.7065E-02
  1.3038E-02 -8.0520E-02  5.7953E-03  7.7727E-02
  1.3150E-02 -8.0883E-02  5.8451E-03  7.8396E-02
  1.3263E-02 -8.1245E-02  5.8954E-03  7.9070E-02
  1.3377E-02 -8.1606E-02  5.9461E-03  7.9749E-02
  1.3492E-02 -8.1965E-02  5.9972E-03  8.0435E-02
  1.3608E-02 -8.2322E-02  6.0487E-03  8.1126E-02
  1.3725E-02 -8.2677E-02  6.1006E-03  8.1822E-02
  1.3843E-02 -8.3031E-02  6.1530E-03  8.2525E-02
  1.3962E-02 -8.3383E-02  6.2059E-03  8.3234E-02
  1.4082E-02 -8.3732E-02  6.2592E-03  8.3948E-02
  1.4203E-02 -8.4080E-02  6.3129E-03  8.4669E-02
  1.4325E-02 -8.4426E-02  6.3671E-03  8.5396E-02
  1.4448E-02 -8.4769E-02  6.4217E-03  8.6129E-02
  1.4571E-02 -8.5110E-02  6.4768E-03  8.6868E-02
  1.4696E-02 -8.5448E-02  6.5324E-03  8.7613E-02
  1.4823E-02 -8.5785E-02  6.5884E-03  8.8364E-02
  1.4950E-02 -8.6118E-02  6.6449E-03  8.9122E-02
  1.5078E-02 -8.6449E-02  6.7019E-03  8.9886E-02
  1.5207E-02 -8.6778E-02  6.7593E-03  9.0657E-02
  1.5337E-02 -8.7103E-02  6.8173E-03  9.1434E-02
  1.5469E-02 -8.7426E-02  6.8757E-03  9.2218E-02
  1.5601E-02 -8.7746E-02  6.9346E-03  9.3008E-02
  1.5735E-02 -8.8062E-02  6.9940E-03  9.3805E-02
  1.5870E-02 -8.8376E-02  7.0540E-03  9.4608E-02
  1.6006E-02 -8.8686E-02  7.1144E-03  9.5419E-02
  1.6143E-02 -8.8993E-02  7.1753E-03  9.6236E-02
  1.6281E-02 -8.9297E-02  7.2367E-03  9.7060E-02
  1.6421E-02 -8.9597E-02  7.2987E-03  9.7891E-02
  1.6561E-02 -8.9894E-02  7.3612E-03  9.8729E-02
  1.6703E-02 -9.0186E-02  7.4242E-03  9.9574E-02
  1.6846E-02 -9.0475E-02  7.4877E-03  1.0043E-01
  1.6990E-02 -9.0761E-02  7.5518E-03  1.0129E-01
  1.7135E-02 -9.1042E-02  7.6164E-03  1.0215E-01
  1.7282E-02 -9.1319E-02  7.6816E-03  1.0303E-01
  1.7430E-02 -9.1592E-02  7.7473E-03  1.0391E-01
  1.7579E-02 -9.1860E-02  7.8135E-03  1.0480E-01
  1.7729E-02 -9.2124E-02  7.8803E-03  1.0569E-01
  1.7881E-02 -9.2384E-02  7.9477E-03  1.0660E-01
  1.8034E-02 -9.2639E-02  8.0157E-03  1.0751E-01
  1.8188E-02 -9.2889E-02  8.0842E-03  1.0843E-01
  1.8343E-02 -9.3135E-02  8.1533E-03  1.0935E-01
  1.8500E-02 -9.3375E-02  8.2229E-03  1.1029E-01
  1.8658E-02 -9.3611E-02  8.2932E-03  1.1123E-01
  1.8817E-02 -9.3841E-02  8.3640E-03  1.1218E-01
  1.8978E-02 -9.4066E-02  8.4355E-03  1.1314E-01
  1.9140E-02 -9.4286E-02  8.5075E-03  1.1410E-01
  1.9304E-02 -9.4500E-02  8.5802E-03  1.1508E-01
  1.9469E-02 -9.4709E-02  8.6535E-03  1.1606E-01
  1.9635E-02 -9.4911E-02  8.7273E-03  1.1705E-01
  1.9802E-02 -9.5108E-02  8.8019E-03  1.1805E-01
  1.9972E-02 -9.5299E-02  8.8770E-03  1.1906E-01
  2.0142E-02 -9.5484E-02  8.9528E-03  1.2007E-01
  2.0314E-02 -9.5662E-02  9.0292E-03  1.2110E-01
  2.0487E-02 -9.5834E-02  9.1062E-03  1.2213E-01
  2.0662E-02 -9.6000E-02  9.1839E-03  1.2317E-01
  2.0838E-02 -9.6159E-02  9.2622E-03  1.2423E-01
  2.1016E-02 -9.6311E-02  9.3412E-03  1.2529E-01
  2.1195E-02 -9.6457E-02  9.4209E-03  1.2635E-01
  2.1376E-02 -9.6595E-02  9.5013E-03  1.2743E-01
  2.1558E-02 -9.6726E-02  9.5823E-03  1.2852E-01
  2.1742E-02 -9.6850E-02  9.6640E-03  1.2961E-01
  2.1928E-02 -9.6967E-02  9.7464E-03  1.3072E-01
  2.2114E-02 -9.7076E-02  9.8295E-03  1.3183E-01
  2.2303E-02 -9.7177E-02  9.9132E-03  1.3296E-01
  2.2493E-02 -9.7270E-02  9.9977E-03  1.3409E-01
  2.2685E-02 -9.7356E-02  1.0083E-02  1.3523E-01
  2.2878E-02 -9.7433E-02  1.0169E-02  1.3638E-01
  2.3073E-02 -9.7503E-02  1.0255E-02  1.3755E-01
  2.3269E-02 -9.7563E-02  1.0343E-02  1.3872E-01
  2.3468E-02 -9.7616E-02  1.0431E-02  1.3990E-01
  2.3668E-02 -9.7659E-02  1.0520E-02  1.4109E-01
  2.3869E-02 -9.7694E-02  1.0609E-02  1.4229E-01
  2.4072E-02 -9.7720E-02  1.0700E-02  1.4350E-01
  2.4277E-02 -9.7737E-02  1.0791E-02  1.4473E-01
  2.4484E-02 -9.7744E-02  1.0883E-02  1.4596E-01
  2.4693E-02 -9.7743E-02  1.0975E-02  1.4720E-01
  2.4903E-02 -9.7731E-02  1.1069E-02  1.4845E-01
  2.5115E-02 -9.7710E-02  1.1163E-02  1.4972E-01
  2.5328E-02 -9.7679E-02  1.1258E-02  1.5099E-01
  2.5544E-02 -9.7638E-02  1.1354E-02  1.5228E-01
  2.5761E-02 -9.7587E-02  1.1450E-02  1.5357E-01
  2.5981E-02 -9.7526E-02  1.1548E-02  1.5488E-01
  2.6202E-02 -9.7454E-02  1.1646E-02  1.5620E-01
  2.6425E-02 -9.7372E-02  1.1745E-02  1.5753E-01
  2.6649E-02 -9.7279E-02  1.1845E-02  1.5887E-01
  2.6876E-02 -9.7174E-02  1.1946E-02  1.6022E-01
  2.7105E-02 -9.7059E-02  1.2047E-02  1.6158E-01
  2.7335E-02 -9.6933E-02  1.2150E-02  1.6295E-01
  2.7568E-02 -9.6795E-02  1.2253E-02  1.6434E-01
  2.7802E-02 -9.6646E-02  1.2357E-02  1.6574E-01
  2.8038E-02 -9.6485E-02  1.2462E-02  1.6714E-01
  2.8277E-02 -9.6313E-02  1.2568E-02  1.6857E-01
  2.8517E-02 -9.6128E-02  1.2675E-02  1.7000E-01
  2.8759E-02 -9.5931E-02  1.2783E-02  1.7144E-01
  2.9004E-02 -9.5722E-02  1.2892E-02  1.7290E-01
  2.9250E-02 -9.5500E-02  1.3001E-02  1.7437E-01
  2.9499E-02 -9.5266E-02  1.3112E-02  1.7585E-01
  2.9750E-02 -9.5019E-02  1.3223E-02  1.7735E-01
  3.0002E-02 -9.4759E-02  1.3335E-02  1.7885E-01
  3.0257E-02 -9.4486E-02  1.3449E-02  1.8037E-01
  3.0514E-02 -9.4199E-02  1.3563E-02  1.8190E-01
  3.0773E-02 -9.3900E-02  1.3678E-02  1.8345E-01
  3.1035E-02 -9.3586E-02  1.3794E-02  1.8501E-01
  3.1298E-02 -9.3259E-02  1.3911E-02  1.8658E-01
  3.1564E-02 -9.2918E-02  1.4029E-02  1.8816E-01
  3.1832E-02 -9.2564E-02  1.4149E-02  1.8976E-01
  3.2103E-02 -9.2194E-02  1.4269E-02  1.9137E-01
  3.2375E-02 -9.1811E-02  1.4390E-02  1.9300E-01
  3.2650E-02 -9.1413E-02  1.4512E-02  1.9463E-01
  3.2927E-02 -9.1000E-02  1.4635E-02  1.9629E-01
  3.3207E-02 -9.0573E-02  1.4759E-02  1.9795E-01
  3.3489E-02 -9.0131E-02  1.4885E-02  1.9963E-01
  3.3773E-02 -8.9673E-02  1.5011E-02  2.0133E-01
  3.4059E-02 -8.9200E-02  1.5138E-02  2.0303E-01
  3.4348E-02 -8.8712E-02  1.5267E-02  2.0476E-01
  3.4640E-02 -8.8209E-02  1.5396E-02  2.0649E-01
  3.4934E-02 -8.7689E-02  1.5527E-02  2.0825E-01
  3.5230E-02 -8.7154E-02  1.5659E-02  2.1001E-01
  3.5529E-02 -8.6603E-02  1.5792E-02  2.1179E-01
  3.5831E-02 -8.6035E-02  1.5926E-02  2.1359E-01
  3.6135E-02 -8.5452E-02  1.6061E-02  2.1540E-01
  3.6441E-02 -8.4852E-02  1.6197E-02  2.1723E-01
  3.6750E-02 -8.4235E-02  1.6334E-02  2.1907E-01
  3.7062E-02 -8.3602E-02  1.6473E-02  2.2093E-01
  3.7376E-02 -8.2952E-02  1.6613E-02  2.2280E-01
  3.7693E-02 -8.2285E-02  1.6753E-02  2.2469E-01
  3.8013E-02 -8.1601E-02  1.6895E-02  2.2660E-01
  3.8335E-02 -8.0900E-02  1.7039E-02  2.2852E-01
  3.8660E-02 -8.0181E-02  1.7183E-02  2.3046E-01
  3.8988E-02 -7.9445E-02  1.7329E-02  2.3241E-01
  3.9318E-02 -7.8692E-02  1.7476E-02  2.3438E-01
  3.9652E-02 -7.7920E-02  1.7624E-02  2.3637E-01
  3.9988E-02 -7.7131E-02  1.7773E-02  2.3837E-01
  4.0327E-02 -7.6324E-02  1.7924E-02  2.4039E-01
  4.0669E-02 -7.5499E-02  1.8076E-02  2.4243E-01
  4.1013E-02 -7.4656E-02  1.8229E-02  2.4448E-01
  4.1361E-02 -7.3794E-02  1.8383E-02  2.4655E-01
  4.1711E-02 -7.2915E-02  1.8539E-02  2.4864E-01
  4.2065E-02 -7.2016E-02  1.8696E-02  2.5075E-01
  4.2421E-02 -7.1100E-02  1.8855E-02  2.5287E-01
  4.2781E-02 -7.0164E-02  1.9014E-02  2.5501E-01
  4.3143E-02 -6.9210E-02  1.9176E-02  2.5717E-01
  4.3509E-02 -6.8238E-02  1.9338E-02  2.5935E-01
  4.3877E-02 -6.7246E-02  1.9502E-02  2.6155E-01
  4.4249E-02 -6.6235E-02  1.9667E-02  2.6376E-01
  4.4624E-02 -6.5206E-02  1.9834E-02  2.6600E-01
  4.5002E-02 -6.4157E-02  2.0001E-02  2.6825E-01
  4.5383E-02 -6.3089E-02  2.0171E-02  2.7052E-01
  4.5767E-02 -6.2002E-02  2.0342E-02  2.7281E-01
  4.6155E-02 -6.0896E-02  2.0514E-02  2.7512E-01
  4.6546E-02 -5.9770E-02  2.0688E-02  2.7745E-01
  4.6940E-02 -5.8625E-02  2.0863E-02  2.7980E-01
  4.7337E-02 -5.7461E-02  2.1039E-02  2.8217E-01
  4.7738E-02 -5.6277E-02  2.1218E-02  2.8456E-01
  4.8142E-02 -5.5074E-02  2.1397E-02  2.8697E-01
  4.8550E-02 -5.3851E-02  2.1578E-02  2.8940E-01
  4.8961E-02 -5.2609E-02  2.1761E-02  2.9184E-01
  4.9375E-02 -5.1348E-02  2.1945E-02  2.9431E-01
  4.9793E-02 -5.0067E-02  2.2131E-02  2.9681E-01
  5.0215E-02 -4.8766E-02  2.2318E-02  2.9932E-01
  5.0640E-02 -4.7446E-02  2.2507E-02  3.0185E-01
  5.1068E-02 -4.6107E-02  2.2697E-02  3.0440E-01
  5.1501E-02 -4.4748E-02  2.2890E-02  3.0698E-01
  5.1936E-02 -4.3370E-02  2.3083E-02  3.0958E-01
  5.2376E-02 -4.1972E-02  2.3279E-02  3.1220E-01
  5.2819E-02 -4.0555E-02  2.3476E-02  3.1484E-01
  5.3266E-02 -3.9119E-02  2.3674E-02  3.1750E-01
  5.3717E-02 -3.7663E-02  2.3874E-02  3.2019E-01
  5.4171E-02 -3.6188E-02  2.4076E-02  3.2289E-01
  5.4630E-02 -3.4695E-02  2.4280E-02  3.2562E-01
  5.5092E-02 -3.3182E-02  2.4485E-02  3.2838E-01
  5.5558E-02 -3.1650E-02  2.4693E-02  3.3116E-01
  5.6028E-02 -3.0100E-02  2.4901E-02  3.3396E-01
  5.6502E-02 -2.8530E-02  2.5112E-02  3.3678E-01
  5.6980E-02 -2.6943E-02  2.5324E-02  3.3963E-01
  5.7462E-02 -2.5336E-02  2.5539E-02  3.4250E-01
  5.7948E-02 -2.3712E-02  2.5755E-02  3.4540E-01
  5.8438E-02 -2.2069E-02  2.5972E-02  3.4832E-01
  5.8932E-02 -2.0407E-02  2.6192E-02  3.5126E-01
  5.9431E-02 -1.8729E-02  2.6413E-02  3.5423E-01
  5.9933E-02 -1.7032E-02  2.6637E-02  3.5722E-01
  6.0440E-02 -1.5317E-02  2.6862E-02  3.6024E-01
  6.0951E-02 -1.3586E-02  2.7089E-02  3.6329E-01
  6.1467E-02 -1.1837E-02  2.7318E-02  3.6636E-01
  6.1986E-02 -1.0071E-02  2.7549E-02  3.6946E-01
  6.2510E-02 -8.2880E-03  2.7782E-02  3.7258E-01
  6.3039E-02 -6.4886E-03  2.8017E-02  3.7573E-01
  6.3572E-02 -4.6729E-03  2.8254E-02  3.7890E-01
  6.4109E-02 -2.8411E-03  2.8492E-02  3.8210E-01
  6.4651E-02 -9.9349E-04  2.8733E-02  3.8533E-01
  6.5198E-02  8.6975E-04  2.8976E-02  3.8859E-01
  6.5749E-02  2.7483E-03  2.9221E-02  3.9187E-01
  6.6305E-02  4.6419E-03  2.9468E-02  3.9518E-01
  6.6865E-02  6.5501E-03  2.9717E-02  3.9852E-01
  6.7430E-02  8.4729E-03  2.9968E-02  4.0189E-01
  6.8000E-02  1.0410E-02  3.0221E-02  4.0528E-01
  6.8575E-02  1.2360E-02  3.0477E-02  4.0870E-01
  6.9155E-02  1.4324E-02  3.0734E-02  4.1216E-01
  6.9739E-02  1.6301E-02  3.0994E-02  4.1564E-01
  7.0329E-02  1.8291E-02  3.1256E-02  4.1915E-01
  7.0923E-02  2.0293E-02  3.1520E-02  4.2269E-01
  7.1522E-02  2.2307E-02  3.1786E-02  4.2626E-01
  7.2127E-02  2.4333E-02  3.2054E-02  4.2986E-01
  7.2736E-02  2.6370E-02  3.2325E-02  4.3349E-01
  7.3351E-02  2.8417E-02  3.2598E-02  4.3715E-01
  7.3970E-02  3.0475E-02  3.2874E-02  4.4084E-01
  7.4595E-02  3.2542E-02  3.3151E-02  4.4456E-01
  7.5226E-02  3.4619E-02  3.3431E-02  4.4831E-01
  7.5861E-02  3.6705E-02  3.3714E-02  4.5210E-01
  7.6502E-02  3.8799E-02  3.3998E-02  4.5591E-01
  7.7148E-02  4.0901E-02  3.4286E-02  4.5976E-01
  7.7800E-02  4.3010E-02  3.4575E-02  4.6364E-01
  7.8457E-02  4.5126E-02  3.4867E-02  4.6756E-01
  7.9120E-02  4.7249E-02  3.5161E-02  4.7150E-01
  7.9789E-02  4.9377E-02  3.5458E-02  4.7548E-01
  8.0463E-02  5.1510E-02  3.5758E-02  4.7949E-01
  8.1142E-02  5.3648E-02  3.6060E-02  4.8354E-01
  8.1828E-02  5.5790E-02  3.6364E-02  4.8762E-01
  8.2519E-02  5.7936E-02  3.6671E-02  4.9174E-01
  8.3216E-02  6.0084E-02  3.6981E-02  4.9589E-01
  8.3918E-02  6.2235E-02  3.7293E-02  5.0007E-01
  8.4627E-02  6.4387E-02  3.7608E-02  5.0429E-01
  8.5342E-02  6.6539E-02  3.7925E-02  5.0854E-01
  8.6063E-02  6.8692E-02  3.8245E-02  5.1283E-01
  8.6789E-02  7.0845E-02  3.8568E-02  5.1716E-01
  8.7522E-02  7.2996E-02  3.8894E-02  5.2152E-01
  8.8261E-02  7.5146E-02  3.9222E-02  5.2592E-01
  8.9007E-02  7.7293E-02  3.9553E-02  5.3035E-01
  8.9758E-02  7.9436E-02  3.9887E-02  5.3483E-01
  9.0516E-02  8.1576E-02  4.0223E-02  5.3934E-01
  9.1280E-02  8.3710E-02  4.0563E-02  5.4389E-01
  9.2051E-02  8.5839E-02  4.0905E-02  5.4847E-01
  9.2828E-02  8.7962E-02  4.1250E-02  5.5310E-01
  9.3612E-02  9.0077E-02  4.1598E-02  5.5776E-01
  9.4402E-02  9.2184E-02  4.1949E-02  5.6246E-01
  9.5199E-02  9.4283E-02  4.2303E-02  5.6720E-01
  9.6003E-02  9.6371E-02  4.2660E-02  5.7199E-01
  9.6813E-02  9.8450E-02  4.3020E-02  5.7681E-01
  9.7631E-02  1.0052E-01  4.3383E-02  5.8167E-01
  9.8455E-02  1.0257E-01  4.3749E-02  5.8657E-01
  9.9286E-02  1.0461E-01  4.4118E-02  5.9151E-01
  1.0012E-01  1.0664E-01  4.4491E-02  5.9650E-01
  1.0097E-01  1.0865E-01  4.4866E-02  6.0153E-01
  1.0182E-01  1.1065E-01  4.5244E-02  6.0659E-01
  1.0268E-01  1.1263E-01  4.5626E-02  6.1171E-01
  1.0355E-01  1.1459E-01  4.6011E-02  6.1686E-01
  1.0442E-01  1.1654E-01  4.6399E-02  6.2206E-01
  1.0530E-01  1.1846E-01  4.6790E-02  6.2730E-01
  1.0619E-01  1.2036E-01  4.7185E-02  6.3258E-01
  1.0709E-01  1.2224E-01  4.7583E-02  6.3791E-01
  1.0799E-01  1.2410E-01  4.7984E-02  6.4328E-01
  1.0890E-01  1.2594E-01  4.8389E-02  6.4870E-01
  1.0982E-01  1.2775E-01  4.8797E-02  6.5416E-01
  1.1075E-01  1.2954E-01  4.9208E-02  6.5967E-01
  1.1168E-01  1.3130E-01  4.9623E-02  6.6522E-01
  1.1263E-01  1.3303E-01  5.0042E-02  6.7083E-01
  1.1358E-01  1.3473E-01  5.0464E-02  6.7647E-01
  1.1453E-01  1.3641E-01  5.0889E-02  6.8217E-01
  1.1550E-01  1.3805E-01  5.1318E-02  6.8791E-01
  1.1648E-01  1.3966E-01  5.1751E-02  6.9370E-01
  1.1746E-01  1.4124E-01  5.2187E-02  6.9954E-01
  1.1845E-01  1.4279E-01  5.2627E-02  7.0542E-01
  1.1945E-01  1.4430E-01  5.3071E-02  7.1136E-01
  1.2046E-01  1.4577E-01  5.3518E-02  7.1734E-01
  1.2147E-01  1.4721E-01  5.3969E-02  7.2338E-01
  1.2250E-01  1.4861E-01  5.4424E-02  7.2947E-01
  1.2353E-01  1.4997E-01  5.4883E-02  7.3560E-01
  1.2457E-01  1.5129E-01  5.5345E-02  7.4179E-01
  1.2562E-01  1.5257E-01  5.5812E-02  7.4803E-01
  1.2668E-01  1.5380E-01  5.6282E-02  7.5432E-01
  1.2775E-01  1.5500E-01  5.6757E-02  7.6066E-01
  1.2883E-01  1.5615E-01  5.7235E-02  7.6705E-01
  1.2992E-01  1.5725E-01  5.7717E-02  7.7350E-01
  1.3101E-01  1.5831E-01  5.8204E-02  7.8000E-01
  1.3212E-01  1.5932E-01  5.8694E-02  7.8656E-01
  1.3323E-01  1.6028E-01  5.9189E-02  7.9317E-01
  1.3436E-01  1.6119E-01  5.9687E-02  7.9983E-01
  1.3549E-01  1.6205E-01  6.0190E-02  8.0655E-01
  1.3663E-01  1.6286E-01  6.0697E-02  8.1333E-01
  1.3778E-01  1.6361E-01  6.1209E-02  8.2016E-01
  1.3895E-01  1.6431E-01  6.1724E-02  8.2705E-01
  1.4012E-01  1.6496E-01  6.2244E-02  8.3399E-01
  1.4130E-01  1.6555E-01  6.2769E-02  8.4100E-01
  1.4249E-01  1.6609E-01  6.3298E-02  8.4806E-01
  1.4369E-01  1.6657E-01  6.3831E-02  8.5518E-01
  1.4491E-01  1.6698E-01  6.4368E-02  8.6235E-01
  1.4613E-01  1.6734E-01  6.4911E-02  8.6959E-01
  1.4736E-01  1.6764E-01  6.5457E-02  8.7689E-01
  1.4860E-01  1.6788E-01  6.6009E-02  8.8424E-01
  1.4986E-01  1.6805E-01  6.6564E-02  8.9166E-01
  1.5112E-01  1.6816E-01  6.7125E-02  8.9914E-01
  1.5239E-01  1.6820E-01  6.7690E-02  9.0668E-01
  1.5368E-01  1.6818E-01  6.8260E-02  9.1428E-01
  1.5498E-01  1.6810E-01  6.8835E-02  9.2194E-01
  1.5628E-01  1.6795E-01  6.9415E-02  9.2967E-01
  1.5760E-01  1.6773E-01  6.9999E-02  9.3746E-01
  1.5893E-01  1.6744E-01  7.0588E-02  9.4531E-01
  1.6027E-01  1.6708E-01  7.1183E-02  9.5323E-01
  1.6162E-01  1.6665E-01  7.1782E-02  9.6121E-01
  1.6298E-01  1.6615E-01  7.2386E-02  9.6926E-01
  1.6436E-01  1.6558E-01  7.2996E-02  9.7737E-01
  1.6574E-01  1.6494E-01  7.3610E-02  9.8555E-01
  1.6714E-01  1.6423E-01  7.4230E-02  9.9380E-01
  1.6855E-01  1.6344E-01  7.4855E-02  1.0021E+00
  1.6997E-01  1.6257E-01  7.5485E-02  1.0105E+00
  1.7140E-01  1.6164E-01  7.6120E-02  1.0189E+00
  1.7285E-01  1.6062E-01  7.6760E-02  1.0275E+00
  1.7431E-01  1.5954E-01  7.7406E-02  1.0360E+00
  1.7578E-01  1.5837E-01  7.8058E-02  1.0447E+00
  1.7726E-01  1.5713E-01  7.8715E-02  1.0534E+00
  1.7875E-01  1.5581E-01  7.9377E-02  1.0622E+00
  1.8026E-01  1.5442E-01  8.0045E-02  1.0711E+00
  1.8178E-01  1.5295E-01  8.0718E-02  1.0800E+00
  1.8331E-01  1.5140E-01  8.1397E-02  1.0890E+00
  1.8486E-01  1.4977E-01  8.2082E-02  1.0981E+00
  1.8642E-01  1.4806E-01  8.2773E-02  1.1073E+00
  1.8799E-01  1.4628E-01  8.3469E-02  1.1165E+00
  1.8957E-01  1.4441E-01  8.4171E-02  1.1258E+00
  1.9117E-01  1.4247E-01  8.4879E-02  1.1352E+00
  1.9278E-01  1.4045E-01  8.5593E-02  1.1446E+00
  1.9441E-01  1.3834E-01  8.6313E-02  1.1542E+00
  1.9604E-01  1.3616E-01  8.7038E-02  1.1638E+00
  1.9770E-01  1.3390E-01  8.7770E-02  1.1735E+00
  1.9936E-01  1.3157E-01  8.8508E-02  1.1832E+00
  2.0104E-01  1.2915E-01  8.9253E-02  1.1930E+00
  2.0274E-01  1.2665E-01  9.0003E-02  1.2030E+00
  2.0445E-01  1.2408E-01  9.0760E-02  1.2129E+00
  2.0617E-01  1.2143E-01  9.1523E-02  1.2230E+00
  2.0791E-01  1.1870E-01  9.2292E-02  1.2332E+00
  2.0966E-01  1.1589E-01  9.3068E-02  1.2434E+00
  2.1143E-01  1.1301E-01  9.3850E-02  1.2537E+00
  2.1321E-01  1.1005E-01  9.4639E-02  1.2641E+00
  2.1501E-01  1.0701E-01  9.5434E-02  1.2745E+00
  2.1682E-01  1.0390E-01  9.6236E-02  1.2851E+00
  2.1865E-01  1.0072E-01  9.7045E-02  1.2957E+00
  2.2049E-01  9.7458E-02  9.7861E-02  1.3064E+00
  2.2235E-01  9.4126E-02  9.8683E-02  1.3172E+00
  2.2422E-01  9.0721E-02  9.9512E-02  1.3281E+00
  2.2611E-01  8.7245E-02  1.0035E-01  1.3391E+00
  2.2802E-01  8.3698E-02  1.0119E-01  1.3501E+00
  2.2994E-01  8.0081E-02  1.0204E-01  1.3612E+00
  2.3188E-01  7.6396E-02  1.0290E-01  1.3724E+00
  2.3383E-01  7.2643E-02  1.0376E-01  1.3837E+00
  2.3580E-01  6.8823E-02  1.0463E-01  1.3951E+00
  2.3779E-01  6.4938E-02  1.0551E-01  1.4066E+00
  2.3979E-01  6.0989E-02  1.0640E-01  1.4181E+00
  2.4181E-01  5.6978E-02  1.0729E-01  1.4298E+00
  2.4385E-01  5.2904E-02  1.0819E-01  1.4415E+00
  2.4591E-01  4.8771E-02  1.0910E-01  1.4533E+00
  2.4798E-01  4.4579E-02  1.1002E-01  1.4652E+00
  2.5007E-01  4.0329E-02  1.1094E-01  1.4772E+00
  2.5218E-01  3.6024E-02  1.1187E-01  1.4892E+00
  2.5430E-01  3.1665E-02  1.1281E-01  1.5014E+00
  2.5644E-01  2.7254E-02  1.1376E-01  1.5136E+00
  2.5860E-01  2.2792E-02  1.1471E-01  1.5260E+00
  2.6078E-01  1.8281E-02  1.1567E-01  1.5384E+00
  2.6298E-01  1.3723E-02  1.1664E-01  1.5509E+00
  2.6520E-01  9.1203E-03  1.1762E-01  1.5635E+00
  2.6743E-01  4.4739E-03  1.1861E-01  1.5762E+00
  2.6969E-01 -2.1377E-04  1.1960E-01  1.5889E+00
  2.7196E-01 -4.9407E-03  1.2061E-01  1.6018E+00
  2.7425E-01 -9.7048E-03  1.2162E-01  1.6148E+00
  2.7656E-01 -1.4504E-02  1.2264E-01  1.6278E+00
  2.7889E-01 -1.9336E-02  1.2367E-01  1.6409E+00
  2.8124E-01 -2.4199E-02  1.2470E-01  1.6541E+00
  2.8361E-01 -2.9090E-02  1.2575E-01  1.6674E+00
  2.8600E-01 -3.4007E-02  1.2680E-01  1.6808E+00
  2.8841E-01 -3.8948E-02  1.2787E-01  1.6943E+00
  2.9084E-01 -4.3910E-02  1.2894E-01  1.7078E+00
  2.9329E-01 -4.8891E-02  1.3002E-01  1.7215E+00
  2.9576E-01 -5.3888E-02  1.3111E-01  1.7352E+00
  2.9825E-01 -5.8900E-02  1.3220E-01  1.7491E+00
  3.0077E-01 -6.3922E-02  1.3331E-01  1.7630E+00
  3.0330E-01 -6.8953E-02  1.3443E-01  1.7770E+00
  3.0585E-01 -7.3990E-02  1.3555E-01  1.7910E+00
  3.0843E-01 -7.9030E-02  1.3669E-01  1.8052E+00
  3.1103E-01 -8.4071E-02  1.3783E-01  1.8194E+00
  3.1365E-01 -8.9110E-02  1.3899E-01  1.8338E+00
  3.1629E-01 -9.4144E-02  1.4015E-01  1.8482E+00
  3.1896E-01 -9.9170E-02  1.4132E-01  1.8627E+00
  3.2164E-01 -1.0419E-01  1.4251E-01  1.8773E+00
  3.2435E-01 -1.0919E-01  1.4370E-01  1.8919E+00
  3.2709E-01 -1.1417E-01  1.4490E-01  1.9067E+00
  3.2984E-01 -1.1914E-01  1.4611E-01  1.9215E+00
  3.3262E-01 -1.2408E-01  1.4733E-01  1.9364E+00
  3.3542E-01 -1.2900E-01  1.4857E-01  1.9513E+00
  3.3825E-01 -1.3389E-01  1.4981E-01  1.9664E+00
  3.4110E-01 -1.3875E-01  1.5106E-01  1.9815E+00
  3.4397E-01 -1.4358E-01  1.5232E-01  1.9967E+00
  3.4687E-01 -1.4837E-01  1.5360E-01  2.0120E+00
  3.4979E-01 -1.5312E-01  1.5488E-01  2.0273E+00
  3.5274E-01 -1.5782E-01  1.5617E-01  2.0427E+00
  3.5571E-01 -1.6248E-01  1.5748E-01  2.0582E+00
  3.5871E-01 -1.6709E-01  1.5879E-01  2.0737E+00
  3.6173E-01 -1.7165E-01  1.6012E-01  2.0893E+00
  3.6478E-01 -1.7615E-01  1.6146E-01  2.1049E+00
  3.6785E-01 -1.8059E-01  1.6280E-01  2.1207E+00
  3.7095E-01 -1.8497E-01  1.6416E-01  2.1364E+00
  3.7407E-01 -1.8929E-01  1.6553E-01  2.1523E+00
  3.7722E-01 -1.9354E-01  1.6691E-01  2.1681E+00
  3.8040E-01 -1.9772E-01  1.6831E-01  2.1841E+00
  3.8361E-01 -2.0182E-01  1.6971E-01  2.2001E+00
  3.8684E-01 -2.0585E-01  1.7112E-01  2.2161E+00
  3.9009E-01 -2.0980E-01  1.7255E-01  2.2321E+00
  3.9338E-01 -2.1366E-01  1.7399E-01  2.2482E+00
  3.9669E-01 -2.1744E-01  1.7544E-01  2.2644E+00
  4.0004E-01 -2.2113E-01  1.7690E-01  2.2806E+00
  4.0341E-01 -2.2473E-01  1.7837E-01  2.2968E+00
  4.0680E-01 -2.2823E-01  1.7986E-01  2.3130E+00
  4.1023E-01 -2.3163E-01  1.8136E-01  2.3292E+00
  4.1369E-01 -2.3494E-01  1.8287E-01  2.3455E+00
  4.1717E-01 -2.3814E-01  1.8439E-01  2.3618E+00
  4.2068E-01 -2.4123E-01  1.8592E-01  2.3781E+00
  4.2423E-01 -2.4422E-01  1.8747E-01  2.3944E+00
  4.2780E-01 -2.4709E-01  1.8903E-01  2.4107E+00
  4.3140E-01 -2.4985E-01  1.9060E-01  2.4269E+00
  4.3504E-01 -2.5249E-01  1.9218E-01  2.4432E+00
  4.3870E-01 -2.5501E-01  1.9378E-01  2.4595E+00
  4.4240E-01 -2.5742E-01  1.9539E-01  2.4758E+00
  4.4612E-01 -2.5969E-01  1.9701E-01  2.4920E+00
  4.4988E-01 -2.6184E-01  1.9865E-01  2.5082E+00
  4.5367E-01 -2.6386E-01  2.0029E-01  2.5243E+00
  4.5749E-01 -2.6575E-01  2.0196E-01  2.5405E+00
  4.6134E-01 -2.6751E-01  2.0363E-01  2.5565E+00
  4.6523E-01 -2.6913E-01  2.0532E-01  2.5725E+00
  4.6915E-01 -2.7061E-01  2.0702E-01  2.5885E+00
  4.7310E-01 -2.7196E-01  2.0874E-01  2.6044E+00
  4.7708E-01 -2.7316E-01  2.1046E-01  2.6202E+00
  4.8110E-01 -2.7422E-01  2.1221E-01  2.6359E+00
  4.8515E-01 -2.7513E-01  2.1396E-01  2.6516E+00
  4.8924E-01 -2.7590E-01  2.1573E-01  2.6671E+00
  4.9336E-01 -2.7652E-01  2.1752E-01  2.6826E+00
  4.9752E-01 -2.7699E-01  2.1932E-01  2.6979E+00
  5.0171E-01 -2.7731E-01  2.2113E-01  2.7131E+00
  5.0593E-01 -2.7747E-01  2.2296E-01  2.7282E+00
  5.1019E-01 -2.7748E-01  2.2480E-01  2.7431E+00
  5.1449E-01 -2.7734E-01  2.2665E-01  2.7579E+00
  5.1882E-01 -2.7704E-01  2.2852E-01  2.7725E+00
  5.2319E-01 -2.7658E-01  2.3041E-01  2.7869E+00
  5.2760E-01 -2.7597E-01  2.3231E-01  2.8012E+00
  5.3204E-01 -2.7519E-01  2.3422E-01  2.8152E+00
  5.3652E-01 -2.7426E-01  2.3615E-01  2.8291E+00
  5.4104E-01 -2.7317E-01  2.3810E-01  2.8428E+00
  5.4560E-01 -2.7191E-01  2.4006E-01  2.8562E+00
  5.5019E-01 -2.7050E-01  2.4203E-01  2.8694E+00
  5.5483E-01 -2.6892E-01  2.4402E-01  2.8824E+00
  5.5950E-01 -2.6718E-01  2.4603E-01  2.8950E+00
  5.6421E-01 -2.6528E-01  2.4805E-01  2.9075E+00
  5.6896E-01 -2.6322E-01  2.5008E-01  2.9196E+00
  5.7375E-01 -2.6099E-01  2.5213E-01  2.9314E+00
  5.7859E-01 -2.5860E-01  2.5420E-01  2.9429E+00
  5.8346E-01 -2.5606E-01  2.5628E-01  2.9541E+00
  5.8837E-01 -2.5334E-01  2.5838E-01  2.9650E+00
  5.9333E-01 -2.5047E-01  2.6050E-01  2.9755E+00
  5.9832E-01 -2.4744E-01  2.6263E-01  2.9856E+00
  6.0336E-01 -2.4425E-01  2.6478E-01  2.9953E+00
  6.0844E-01 -2.4090E-01  2.6694E-01  3.0047E+00
  6.1357E-01 -2.3739E-01  2.6912E-01  3.0136E+00
  6.1873E-01 -2.3372E-01  2.7131E-01  3.0221E+00
  6.2394E-01 -2.2990E-01  2.7352E-01  3.0302E+00
  6.2920E-01 -2.2592E-01  2.7575E-01  3.0378E+00
  6.3450E-01 -2.2179E-01  2.7800E-01  3.0449E+00
  6.3984E-01 -2.1750E-01  2.8026E-01  3.0515E+00
  6.4523E-01 -2.1307E-01  2.8254E-01  3.0576E+00
  6.5066E-01 -2.0848E-01  2.8483E-01  3.0632E+00
  6.5614E-01 -2.0374E-01  2.8714E-01  3.0683E+00
  6.6167E-01 -1.9885E-01  2.8947E-01  3.0728E+00
  6.6724E-01 -1.9382E-01  2.9182E-01  3.0767E+00
  6.7286E-01 -1.8865E-01  2.9418E-01  3.0800E+00
  6.7852E-01 -1.8333E-01  2.9656E-01  3.0827E+00
  6.8424E-01 -1.7787E-01  2.9896E-01  3.0848E+00
  6.9000E-01 -1.7228E-01  3.0137E-01  3.0862E+00
  6.9581E-01 -1.6655E-01  3.0380E-01  3.0870E+00
  7.0167E-01 -1.6068E-01  3.0625E-01  3.0871E+00
  7.0758E-01 -1.5468E-01  3.0871E-01  3.0865E+00
  7.1353E-01 -1.4855E-01  3.1120E-01  3.0851E+00
  7.1954E-01 -1.4230E-01  3.1370E-01  3.0831E+00
  7.2560E-01 -1.3591E-01  3.1621E-01  3.0803E+00
  7.3171E-01 -1.2941E-01  3.1875E-01  3.0767E+00
  7.3787E-01 -1.2279E-01  3.2130E-01  3.0723E+00
  7.4409E-01 -1.1605E-01  3.2387E-01  3.0672E+00
  7.5035E-01 -1.0919E-01  3.2646E-01  3.0612E+00
  7.5667E-01 -1.0222E-01  3.2906E-01  3.0544E+00
  7.6304E-01 -9.5142E-02  3.3168E-01  3.0468E+00
  7.6947E-01 -8.7957E-02  3.3432E-01  3.0383E+00
  7.7595E-01 -8.0668E-02  3.3698E-01  3.0289E+00
  7.8248E-01 -7.3278E-02  3.3965E-01  3.0187E+00
  7.8907E-01 -6.5789E-02  3.4234E-01  3.0075E+00
  7.9571E-01 -5.8206E-02  3.4505E-01  2.9955E+00
  8.0241E-01 -5.0531E-02  3.4778E-01  2.9825E+00
  8.0917E-01 -4.2766E-02  3.5052E-01  2.9686E+00
  8.1598E-01 -3.4915E-02  3.5329E-01  2.9537E+00
  8.2286E-01 -2.6982E-02  3.5606E-01  2.9379E+00
  8.2978E-01 -1.8969E-02  3.5886E-01  2.9211E+00
  8.3677E-01 -1.0880E-02  3.6167E-01  2.9034E+00
  8.4382E-01 -2.7169E-03  3.6450E-01  2.8847E+00
  8.5092E-01  5.5158E-03  3.6735E-01  2.8650E+00
  8.5809E-01  1.3815E-02  3.7022E-01  2.8444E+00
  8.6531E-01  2.2178E-02  3.7310E-01  2.8227E+00
  8.7260E-01  3.0601E-02  3.7600E-01  2.8001E+00
  8.7995E-01  3.9080E-02  3.7891E-01  2.7765E+00
  8.8735E-01  4.7613E-02  3.8184E-01  2.7520E+00
  8.9483E-01  5.6196E-02  3.8479E-01  2.7264E+00
  9.0236E-01  6.4825E-02  3.8776E-01  2.6999E+00
  9.0996E-01  7.3498E-02  3.9074E-01  2.6724E+00
  9.1762E-01  8.2210E-02  3.9374E-01  2.6440E+00
  9.2535E-01  9.0958E-02  3.9675E-01  2.6147E+00
  9.3314E-01  9.9740E-02  3.9978E-01  2.5844E+00
  9.4099E-01  1.0855E-01  4.0283E-01  2.5532E+00
  9.4892E-01  1.1739E-01  4.0589E-01  2.5211E+00
  9.5691E-01  1.2625E-01  4.0896E-01  2.4882E+00
  9.6496E-01  1.3512E-01  4.1205E-01  2.4544E+00
  9.7309E-01  1.4402E-01  4.1516E-01  2.4198E+00
  9.8128E-01  1.5292E-01  4.1828E-01  2.3844E+00
  9.8954E-01  1.6184E-01  4.2142E-01  2.3482E+00
  9.9788E-01  1.7076E-01  4.2457E-01  2.3113E+00
  1.0063E+00  1.7968E-01  4.2773E-01  2.2737E+00
  1.0148E+00  1.8860E-01  4.3091E-01  2.2354E+00
  1.0233E+00  1.9752E-01  4.3410E-01  2.1965E+00
  1.0319E+00  2.0643E-01  4.3730E-01  2.1570E+00
  1.0406E+00  2.1532E-01  4.4051E-01  2.1170E+00
  1.0494E+00  2.2421E-01  4.4374E-01  2.0765E+00
  1.0582E+00  2.3307E-01  4.4698E-01  2.0356E+00
  1.0671E+00  2.4191E-01  4.5023E-01  1.9942E+00
  1.0761E+00  2.5073E-01  4.5350E-01  1.9526E+00
  1.0852E+00  2.5952E-01  4.5677E-01  1.9106E+00
  1.0943E+00  2.6827E-01  4.6005E-01  1.8684E+00
  1.1035E+00  2.7700E-01  4.6335E-01  1.8261E+00
  1.1128E+00  2.8568E-01  4.6665E-01  1.7837E+00
  1.1222E+00  2.9433E-01  4.6996E-01  1.7412E+00
  1.1316E+00  3.0293E-01  4.7328E-01  1.6988E+00
  1.1411E+00  3.1149E-01  4.7661E-01  1.6565E+00
  1.1507E+00  3.1999E-01  4.7994E-01  1.6144E+00
  1.1604E+00  3.2844E-01  4.8328E-01  1.5725E+00
  1.1702E+00  3.3684E-01  4.8663E-01  1.5309E+00
  1.1801E+00  3.4518E-01  4.8998E-01  1.4897E+00
  1.1900E+00  3.5345E-01  4.9334E-01  1.4490E+00
  1.2000E+00  3.6166E-01  4.9670E-01  1.4088E+00
  1.2101E+00  3.6981E-01  5.0006E-01  1.3692E+00
  1.2203E+00  3.7788E-01  5.0342E-01  1.3303E+00
  1.2306E+00  3.8588E-01  5.0679E-01  1.2921E+00
  1.2409E+00  3.9380E-01  5.1016E-01  1.2547E+00
  1.2514E+00  4.0165E-01  5.1353E-01  1.2181E+00
  1.2619E+00  4.0942E-01  5.1690E-01  1.1825E+00
  1.2725E+00  4.1710E-01  5.2026E-01  1.1478E+00
  1.2833E+00  4.2470E-01  5.2362E-01  1.1141E+00
  1.2941E+00  4.3221E-01  5.2698E-01  1.0814E+00
  1.3050E+00  4.3962E-01  5.3034E-01  1.0499E+00
  1.3159E+00  4.4695E-01  5.3368E-01  1.0194E+00
  1.3270E+00  4.5418E-01  5.3702E-01  9.8999E-01
  1.3382E+00  4.6131E-01  5.4036E-01  9.6174E-01
  1.3495E+00  4.6834E-01  5.4368E-01  9.3459E-01
  1.3608E+00  4.7527E-01  5.4699E-01  9.0854E-01
  1.3723E+00  4.8210E-01  5.5030E-01  8.8356E-01
  1.3838E+00  4.8882E-01  5.5358E-01  8.5960E-01
  1.3955E+00  4.9543E-01  5.5686E-01  8.3662E-01
  1.4072E+00  5.0193E-01  5.6012E-01  8.1455E-01
  1.4191E+00  5.0832E-01  5.6336E-01  7.9331E-01
  1.4310E+00  5.1459E-01  5.6658E-01  7.7283E-01
  1.4431E+00  5.2075E-01  5.6979E-01  7.5299E-01
  1.4552E+00  5.2680E-01  5.7297E-01  7.3369E-01
  1.4675E+00  5.3272E-01  5.7613E-01  7.1482E-01
  1.4798E+00  5.3852E-01  5.7926E-01  6.9624E-01
  1.4923E+00  5.4420E-01  5.8237E-01  6.7784E-01
  1.5049E+00  5.4976E-01  5.8545E-01  6.5949E-01
  1.5175E+00  5.5519E-01  5.8850E-01  6.4107E-01
  1.5303E+00  5.6049E-01  5.9152E-01  6.2248E-01
  1.5432E+00  5.6567E-01  5.9450E-01  6.0363E-01
  1.5562E+00  5.7071E-01  5.9745E-01  5.8447E-01
  1.5693E+00  5.7563E-01  6.0036E-01  5.6496E-01
  1.5825E+00  5.8041E-01  6.0324E-01  5.4516E-01
  1.5958E+00  5.8507E-01  6.0607E-01  5.2515E-01
  1.6092E+00  5.8958E-01  6.0885E-01  5.0510E-01
  1.6228E+00  5.9396E-01  6.1159E-01  4.8525E-01
  1.6365E+00  5.9821E-01  6.1429E-01  4.6564E-01
  1.6502E+00  6.0232E-01  6.1693E-01  4.4627E-01
  1.6641E+00  6.0629E-01  6.1952E-01  4.2715E-01
  1.6781E+00  6.1012E-01  6.2206E-01  4.0827E-01
  1.6923E+00  6.1381E-01  6.2453E-01  3.8964E-01
  1.7065E+00  6.1737E-01  6.2695E-01  3.7127E-01
  1.7209E+00  6.2078E-01  6.2931E-01  3.5315E-01
  1.7354E+00  6.2405E-01  6.3160E-01  3.3528E-01
  1.7500E+00  6.2718E-01  6.3382E-01  3.1767E-01
  1.7647E+00  6.3016E-01  6.3597E-01  3.0032E-01
  1.7796E+00  6.3300E-01  6.3805E-01  2.8323E-01
  1.7945E+00  6.3570E-01  6.4005E-01  2.6641E-01
  1.8097E+00  6.3826E-01  6.4197E-01  2.4985E-01
  1.8249E+00  6.4067E-01  6.4381E-01  2.3356E-01
  1.8402E+00  6.4293E-01  6.4557E-01  2.1754E-01
  1.8557E+00  6.4506E-01  6.4724E-01  2.0179E-01
  1.8714E+00  6.4703E-01  6.4882E-01  1.8632E-01
  1.8871E+00  6.4887E-01  6.5030E-01  1.7113E-01
  1.9030E+00  6.5055E-01  6.5169E-01  1.5621E-01
  1.9190E+00  6.5210E-01  6.5297E-01  1.4158E-01
  1.9352E+00  6.5349E-01  6.5416E-01  1.2723E-01
  1.9515E+00  6.5475E-01  6.5523E-01  1.1317E-01
  1.9679E+00  6.5586E-01  6.5620E-01  9.9403E-02
  1.9845E+00  6.5682E-01  6.5705E-01  8.5924E-02
  2.0012E+00  6.5764E-01  6.5779E-01  7.2741E-02
  2.0180E+00  6.5832E-01  6.5840E-01  5.9856E-02
  2.0350E+00  6.5885E-01  6.5889E-01  4.7272E-02
  2.0521E+00  6.5924E-01  6.5926E-01  3.4991E-02
  2.0694E+00  6.5949E-01  6.5949E-01  2.3017E-02
  2.0868E+00  6.5959E-01  6.5959E-01  1.1352E-02
  2.1044E+00  6.5955E-01  6.5955E-01  0.0000E+00
  2.1221E+00  6.5937E-01  6.5937E-01  0.0000E+00
  2.1400E+00  6.5906E-01  6.5906E-01  0.0000E+00
  2.1580E+00  6.5860E-01  6.5860E-01  0.0000E+00
  2.1762E+00  6.5800E-01  6.5800E-01  0.0000E+00
  2.1945E+00  6.5727E-01  6.5727E-01  0.0000E+00
  2.2130E+00  6.5639E-01  6.5639E-01  0.0000E+00
  2.2316E+00  6.5538E-01  6.5538E-01  0.0000E+00
  2.2504E+00  6.5424E-01  6.5424E-01  0.0000E+00
  2.2693E+00  6.5296E-01  6.5296E-01  0.0000E+00
  2.2884E+00  6.5155E-01  6.5155E-01  0.0000E+00
  2.3077E+00  6.5001E-01  6.5001E-01  0.0000E+00
  2.3271E+00  6.4833E-01  6.4833E-01  0.0000E+00
  2.3467E+00  6.4653E-01  6.4653E-01  0.0000E+00
  2.3665E+00  6.4459E-01  6.4459E-01  0.0000E+00
  2.3864E+00  6.4253E-01  6.4253E-01  0.0000E+00
  2.4065E+00  6.4034E-01  6.4034E-01  0.0000E+00
  2.4267E+00  6.3803E-01  6.3803E-01  0.0000E+00
  2.4472E+00  6.3560E-01  6.3560E-01  0.0000E+00
  2.4678E+00  6.3304E-01  6.3304E-01  0.0000E+00
  2.4885E+00  6.3037E-01  6.3037E-01  0.0000E+00
  2.5095E+00  6.2757E-01  6.2757E-01  0.0000E+00
  2.5306E+00  6.2466E-01  6.2466E-01  0.0000E+00
  2.5519E+00  6.2163E-01  6.2163E-01  0.0000E+00
  2.5734E+00  6.1849E-01  6.1849E-01  0.0000E+00
  2.5951E+00  6.1524E-01  6.1524E-01  0.0000E+00
  2.6169E+00  6.1188E-01  6.1188E-01  0.0000E+00
  2.6389E+00  6.0841E-01  6.0841E-01  0.0000E+00
  2.6612E+00  6.0484E-01  6.0484E-01  0.0000E+00
  2.6836E+00  6.0116E-01  6.0116E-01  0.0000E+00
  2.7062E+00  5.9738E-01  5.9738E-01  0.0000E+00
  2.7289E+00  5.9350E-01  5.9350E-01  0.0000E+00
  2.7519E+00  5.8952E-01  5.8952E-01  0.0000E+00
  2.7751E+00  5.8545E-01  5.8545E-01  0.0000E+00
  2.7984E+00  5.8128E-01  5.8128E-01  0.0000E+00
  2.8220E+00  5.7702E-01  5.7702E-01  0.0000E+00
  2.8458E+00  5.7267E-01  5.7267E-01  0.0000E+00
  2.8697E+00  5.6824E-01  5.6824E-01  0.0000E+00
  2.8939E+00  5.6372E-01  5.6372E-01  0.0000E+00
  2.9182E+00  5.5912E-01  5.5912E-01  0.0000E+00
  2.9428E+00  5.5444E-01  5.5444E-01  0.0000E+00
  2.9676E+00  5.4968E-01  5.4968E-01  0.0000E+00
  2.9925E+00  5.4485E-01  5.4485E-01  0.0000E+00
  3.0177E+00  5.3995E-01  5.3995E-01  0.0000E+00
  3.0431E+00  5.3497E-01  5.3497E-01  0.0000E+00
  3.0688E+00  5.2993E-01  5.2993E-01  0.0000E+00
  3.0946E+00  5.2482E-01  5.2482E-01  0.0000E+00
  3.1206E+00  5.1966E-01  5.1966E-01  0.0000E+00
  3.1469E+00  5.1443E-01  5.1443E-01  0.0000E+00
  3.1734E+00  5.0914E-01  5.0914E-01  0.0000E+00
  3.2001E+00  5.0380E-01  5.0380E-01  0.0000E+00
  3.2271E+00  4.9841E-01  4.9841E-01  0.0000E+00
  3.2542E+00  4.9297E-01  4.9297E-01  0.0000E+00
  3.2816E+00  4.8749E-01  4.8749E-01  0.0000E+00
  3.3092E+00  4.8196E-01  4.8196E-01  0.0000E+00
  3.3371E+00  4.7638E-01  4.7638E-01  0.0000E+00
  3.3652E+00  4.7077E-01  4.7077E-01  0.0000E+00
  3.3935E+00  4.6513E-01  4.6513E-01  0.0000E+00
  3.4221E+00  4.5945E-01  4.5945E-01  0.0000E+00
  3.4509E+00  4.5374E-01  4.5374E-01  0.0000E+00
  3.4799E+00  4.4800E-01  4.4800E-01  0.0000E+00
  3.5092E+00  4.4224E-01  4.4224E-01  0.0000E+00
