 # l=           0 basis function with energy     4.00000000000000     
  0.0000E+00  0.0000E+00  0.0000E+00  0.0000E+00
  2.3519E-06  4.3709E-05  1.2785E-06 -1.7727E-06
  4.7235E-06  8.6307E-05  2.5678E-06 -3.5603E-06
  7.1152E-06  1.2871E-04  3.8679E-06 -5.3629E-06
  9.5269E-06  1.7112E-04  5.1790E-06 -7.1807E-06
  1.1959E-05  2.1254E-04  6.5011E-06 -9.0138E-06
  1.4412E-05  2.5489E-04  7.8343E-06 -1.0862E-05
  1.6885E-05  2.9751E-04  9.1788E-06 -1.2726E-05
  1.9379E-05  3.4027E-04  1.0535E-05 -1.4606E-05
  2.1894E-05  3.8327E-04  1.1902E-05 -1.6502E-05
  2.4430E-05  4.2650E-04  1.3280E-05 -1.8413E-05
  2.6987E-05  4.6997E-04  1.4671E-05 -2.0341E-05
  2.9566E-05  5.1371E-04  1.6073E-05 -2.2285E-05
  3.2167E-05  5.5771E-04  1.7487E-05 -2.4245E-05
  3.4790E-05  6.0199E-04  1.8912E-05 -2.6222E-05
  3.7434E-05  6.4655E-04  2.0350E-05 -2.8215E-05
  4.0101E-05  6.9140E-04  2.1800E-05 -3.0226E-05
  4.2791E-05  7.3655E-04  2.3262E-05 -3.2253E-05
  4.5503E-05  7.8200E-04  2.4736E-05 -3.4297E-05
  4.8238E-05  8.2775E-04  2.6223E-05 -3.6358E-05
  5.0996E-05  8.7383E-04  2.7722E-05 -3.8437E-05
  5.3777E-05  9.2022E-04  2.9234E-05 -4.0533E-05
  5.6581E-05  9.6693E-04  3.0759E-05 -4.2647E-05
  5.9409E-05  1.0140E-03  3.2296E-05 -4.4779E-05
  6.2261E-05  1.0613E-03  3.3846E-05 -4.6928E-05
  6.5137E-05  1.1091E-03  3.5410E-05 -4.9096E-05
  6.8038E-05  1.1571E-03  3.6986E-05 -5.1282E-05
  7.0962E-05  1.2055E-03  3.8576E-05 -5.3486E-05
  7.3911E-05  1.2543E-03  4.0179E-05 -5.5709E-05
  7.6885E-05  1.3034E-03  4.1796E-05 -5.7951E-05
  7.9884E-05  1.3528E-03  4.3426E-05 -6.0211E-05
  8.2909E-05  1.4026E-03  4.5070E-05 -6.2491E-05
  8.5958E-05  1.4528E-03  4.6728E-05 -6.4789E-05
  8.9034E-05  1.5034E-03  4.8400E-05 -6.7107E-05
  9.2135E-05  1.5543E-03  5.0086E-05 -6.9445E-05
  9.5263E-05  1.6056E-03  5.1786E-05 -7.1802E-05
  9.8416E-05  1.6573E-03  5.3501E-05 -7.4179E-05
  1.0160E-04  1.7093E-03  5.5229E-05 -7.6576E-05
  1.0480E-04  1.7618E-03  5.6973E-05 -7.8994E-05
  1.0804E-04  1.8146E-03  5.8731E-05 -8.1431E-05
  1.1130E-04  1.8679E-03  6.0504E-05 -8.3889E-05
  1.1459E-04  1.9215E-03  6.2292E-05 -8.6368E-05
  1.1790E-04  1.9756E-03  6.4094E-05 -8.8868E-05
  1.2125E-04  2.0300E-03  6.5912E-05 -9.1388E-05
  1.2462E-04  2.0849E-03  6.7746E-05 -9.3930E-05
  1.2802E-04  2.1401E-03  6.9595E-05 -9.6494E-05
  1.3145E-04  2.1958E-03  7.1459E-05 -9.9079E-05
  1.3491E-04  2.2519E-03  7.3339E-05 -1.0169E-04
  1.3840E-04  2.3084E-03  7.5235E-05 -1.0431E-04
  1.4191E-04  2.3654E-03  7.7147E-05 -1.0696E-04
  1.4546E-04  2.4228E-03  7.9074E-05 -1.0964E-04
  1.4904E-04  2.4806E-03  8.1019E-05 -1.1233E-04
  1.5264E-04  2.5389E-03  8.2979E-05 -1.1505E-04
  1.5628E-04  2.5976E-03  8.4956E-05 -1.1779E-04
  1.5995E-04  2.6568E-03  8.6950E-05 -1.2056E-04
  1.6365E-04  2.7164E-03  8.8960E-05 -1.2334E-04
  1.6737E-04  2.7764E-03  9.0987E-05 -1.2615E-04
  1.7114E-04  2.8370E-03  9.3032E-05 -1.2899E-04
  1.7493E-04  2.8979E-03  9.5093E-05 -1.3185E-04
  1.7875E-04  2.9594E-03  9.7172E-05 -1.3473E-04
  1.8261E-04  3.0213E-03  9.9269E-05 -1.3764E-04
  1.8650E-04  3.0837E-03  1.0138E-04 -1.4057E-04
  1.9042E-04  3.1466E-03  1.0351E-04 -1.4352E-04
  1.9437E-04  3.2099E-03  1.0566E-04 -1.4651E-04
  1.9836E-04  3.2738E-03  1.0783E-04 -1.4951E-04
  2.0238E-04  3.3381E-03  1.1002E-04 -1.5254E-04
  2.0644E-04  3.4029E-03  1.1222E-04 -1.5560E-04
  2.1053E-04  3.4682E-03  1.1445E-04 -1.5868E-04
  2.1465E-04  3.5341E-03  1.1669E-04 -1.6179E-04
  2.1881E-04  3.6004E-03  1.1895E-04 -1.6492E-04
  2.2300E-04  3.6672E-03  1.2123E-04 -1.6809E-04
  2.2723E-04  3.7346E-03  1.2353E-04 -1.7127E-04
  2.3150E-04  3.8024E-03  1.2585E-04 -1.7449E-04
  2.3580E-04  3.8708E-03  1.2818E-04 -1.7773E-04
  2.4014E-04  3.9398E-03  1.3054E-04 -1.8100E-04
  2.4451E-04  4.0092E-03  1.3292E-04 -1.8429E-04
  2.4892E-04  4.0792E-03  1.3532E-04 -1.8762E-04
  2.5337E-04  4.1497E-03  1.3773E-04 -1.9097E-04
  2.5785E-04  4.2208E-03  1.4017E-04 -1.9435E-04
  2.6237E-04  4.2924E-03  1.4263E-04 -1.9776E-04
  2.6693E-04  4.3646E-03  1.4511E-04 -2.0120E-04
  2.7153E-04  4.4373E-03  1.4761E-04 -2.0466E-04
  2.7617E-04  4.5106E-03  1.5013E-04 -2.0816E-04
  2.8085E-04  4.5844E-03  1.5267E-04 -2.1168E-04
  2.8556E-04  4.6588E-03  1.5524E-04 -2.1524E-04
  2.9032E-04  4.7338E-03  1.5782E-04 -2.1882E-04
  2.9511E-04  4.8094E-03  1.6043E-04 -2.2243E-04
  2.9995E-04  4.8855E-03  1.6306E-04 -2.2608E-04
  3.0483E-04  4.9623E-03  1.6571E-04 -2.2976E-04
  3.0974E-04  5.0396E-03  1.6838E-04 -2.3346E-04
  3.1470E-04  5.1175E-03  1.7108E-04 -2.3720E-04
  3.1970E-04  5.1961E-03  1.7380E-04 -2.4097E-04
  3.2475E-04  5.2752E-03  1.7654E-04 -2.4477E-04
  3.2983E-04  5.3549E-03  1.7930E-04 -2.4860E-04
  3.3496E-04  5.4353E-03  1.8209E-04 -2.5247E-04
  3.4013E-04  5.5163E-03  1.8490E-04 -2.5637E-04
  3.4535E-04  5.5979E-03  1.8774E-04 -2.6030E-04
  3.5060E-04  5.6801E-03  1.9059E-04 -2.6426E-04
  3.5591E-04  5.7630E-03  1.9348E-04 -2.6826E-04
  3.6125E-04  5.8465E-03  1.9638E-04 -2.7229E-04
  3.6665E-04  5.9306E-03  1.9932E-04 -2.7635E-04
  3.7209E-04  6.0154E-03  2.0227E-04 -2.8045E-04
  3.7757E-04  6.1009E-03  2.0525E-04 -2.8459E-04
  3.8310E-04  6.1870E-03  2.0826E-04 -2.8875E-04
  3.8868E-04  6.2738E-03  2.1129E-04 -2.9296E-04
  3.9430E-04  6.3612E-03  2.1435E-04 -2.9720E-04
  3.9997E-04  6.4494E-03  2.1743E-04 -3.0147E-04
  4.0569E-04  6.5382E-03  2.2054E-04 -3.0578E-04
  4.1146E-04  6.6277E-03  2.2367E-04 -3.1013E-04
  4.1727E-04  6.7178E-03  2.2683E-04 -3.1451E-04
  4.2314E-04  6.8087E-03  2.3002E-04 -3.1893E-04
  4.2905E-04  6.9003E-03  2.3324E-04 -3.2339E-04
  4.3501E-04  6.9926E-03  2.3648E-04 -3.2788E-04
  4.4103E-04  7.0855E-03  2.3975E-04 -3.3241E-04
  4.4709E-04  7.1792E-03  2.4304E-04 -3.3698E-04
  4.5321E-04  7.2737E-03  2.4637E-04 -3.4159E-04
  4.5937E-04  7.3688E-03  2.4972E-04 -3.4624E-04
  4.6559E-04  7.4647E-03  2.5310E-04 -3.5093E-04
  4.7186E-04  7.5613E-03  2.5651E-04 -3.5566E-04
  4.7819E-04  7.6587E-03  2.5995E-04 -3.6042E-04
  4.8456E-04  7.7568E-03  2.6342E-04 -3.6523E-04
  4.9099E-04  7.8557E-03  2.6691E-04 -3.7008E-04
  4.9748E-04  7.9553E-03  2.7044E-04 -3.7496E-04
  5.0402E-04  8.0557E-03  2.7399E-04 -3.7989E-04
  5.1061E-04  8.1569E-03  2.7758E-04 -3.8486E-04
  5.1726E-04  8.2588E-03  2.8119E-04 -3.8987E-04
  5.2397E-04  8.3615E-03  2.8484E-04 -3.9493E-04
  5.3073E-04  8.4650E-03  2.8851E-04 -4.0003E-04
  5.3755E-04  8.5693E-03  2.9222E-04 -4.0517E-04
  5.4443E-04  8.6744E-03  2.9596E-04 -4.1035E-04
  5.5136E-04  8.7804E-03  2.9973E-04 -4.1558E-04
  5.5835E-04  8.8871E-03  3.0353E-04 -4.2085E-04
  5.6540E-04  8.9946E-03  3.0736E-04 -4.2616E-04
  5.7252E-04  9.1030E-03  3.1123E-04 -4.3152E-04
  5.7969E-04  9.2122E-03  3.1513E-04 -4.3693E-04
  5.8692E-04  9.3222E-03  3.1906E-04 -4.4238E-04
  5.9421E-04  9.4331E-03  3.2302E-04 -4.4787E-04
  6.0156E-04  9.5448E-03  3.2702E-04 -4.5342E-04
  6.0898E-04  9.6574E-03  3.3105E-04 -4.5901E-04
  6.1646E-04  9.7708E-03  3.3511E-04 -4.6464E-04
  6.2400E-04  9.8852E-03  3.3921E-04 -4.7033E-04
  6.3160E-04  1.0000E-02  3.4335E-04 -4.7606E-04
  6.3927E-04  1.0116E-02  3.4752E-04 -4.8184E-04
  6.4700E-04  1.0233E-02  3.5172E-04 -4.8767E-04
  6.5480E-04  1.0351E-02  3.5596E-04 -4.9354E-04
  6.6266E-04  1.0470E-02  3.6023E-04 -4.9947E-04
  6.7059E-04  1.0590E-02  3.6454E-04 -5.0545E-04
  6.7859E-04  1.0710E-02  3.6889E-04 -5.1147E-04
  6.8665E-04  1.0832E-02  3.7328E-04 -5.1755E-04
  6.9479E-04  1.0954E-02  3.7770E-04 -5.2368E-04
  7.0299E-04  1.1077E-02  3.8215E-04 -5.2986E-04
  7.1126E-04  1.1202E-02  3.8665E-04 -5.3609E-04
  7.1959E-04  1.1327E-02  3.9118E-04 -5.4238E-04
  7.2800E-04  1.1453E-02  3.9575E-04 -5.4872E-04
  7.3648E-04  1.1580E-02  4.0036E-04 -5.5511E-04
  7.4503E-04  1.1708E-02  4.0501E-04 -5.6155E-04
  7.5366E-04  1.1837E-02  4.0970E-04 -5.6805E-04
  7.6235E-04  1.1967E-02  4.1443E-04 -5.7461E-04
  7.7112E-04  1.2098E-02  4.1919E-04 -5.8122E-04
  7.7996E-04  1.2230E-02  4.2400E-04 -5.8788E-04
  7.8888E-04  1.2363E-02  4.2885E-04 -5.9460E-04
  7.9787E-04  1.2497E-02  4.3374E-04 -6.0138E-04
  8.0694E-04  1.2632E-02  4.3866E-04 -6.0822E-04
  8.1609E-04  1.2768E-02  4.4364E-04 -6.1511E-04
  8.2531E-04  1.2905E-02  4.4865E-04 -6.2206E-04
  8.3461E-04  1.3044E-02  4.5370E-04 -6.2907E-04
  8.4398E-04  1.3183E-02  4.5880E-04 -6.3614E-04
  8.5344E-04  1.3323E-02  4.6394E-04 -6.4326E-04
  8.6298E-04  1.3464E-02  4.6912E-04 -6.5045E-04
  8.7259E-04  1.3607E-02  4.7435E-04 -6.5770E-04
  8.8229E-04  1.3750E-02  4.7962E-04 -6.6501E-04
  8.9207E-04  1.3894E-02  4.8494E-04 -6.7238E-04
  9.0193E-04  1.4040E-02  4.9030E-04 -6.7981E-04
  9.1187E-04  1.4187E-02  4.9570E-04 -6.8730E-04
  9.2190E-04  1.4334E-02  5.0116E-04 -6.9486E-04
  9.3201E-04  1.4483E-02  5.0665E-04 -7.0248E-04
  9.4221E-04  1.4633E-02  5.1220E-04 -7.1017E-04
  9.5249E-04  1.4784E-02  5.1779E-04 -7.1792E-04
  9.6286E-04  1.4937E-02  5.2342E-04 -7.2574E-04
  9.7332E-04  1.5090E-02  5.2911E-04 -7.3362E-04
  9.8386E-04  1.5245E-02  5.3484E-04 -7.4157E-04
  9.9449E-04  1.5400E-02  5.4062E-04 -7.4958E-04
  1.0052E-03  1.5557E-02  5.4645E-04 -7.5766E-04
  1.0160E-03  1.5715E-02  5.5233E-04 -7.6581E-04
  1.0269E-03  1.5874E-02  5.5825E-04 -7.7403E-04
  1.0379E-03  1.6035E-02  5.6423E-04 -7.8232E-04
  1.0490E-03  1.6196E-02  5.7026E-04 -7.9068E-04
  1.0602E-03  1.6359E-02  5.7634E-04 -7.9911E-04
  1.0715E-03  1.6523E-02  5.8247E-04 -8.0760E-04
  1.0828E-03  1.6688E-02  5.8865E-04 -8.1618E-04
  1.0943E-03  1.6855E-02  5.9488E-04 -8.2482E-04
  1.1059E-03  1.7022E-02  6.0117E-04 -8.3353E-04
  1.1175E-03  1.7191E-02  6.0751E-04 -8.4232E-04
  1.1293E-03  1.7362E-02  6.1390E-04 -8.5119E-04
  1.1412E-03  1.7533E-02  6.2034E-04 -8.6012E-04
  1.1531E-03  1.7706E-02  6.2684E-04 -8.6914E-04
  1.1652E-03  1.7880E-02  6.3340E-04 -8.7822E-04
  1.1773E-03  1.8055E-02  6.4001E-04 -8.8739E-04
  1.1896E-03  1.8231E-02  6.4667E-04 -8.9663E-04
  1.2020E-03  1.8409E-02  6.5340E-04 -9.0595E-04
  1.2144E-03  1.8588E-02  6.6017E-04 -9.1535E-04
  1.2270E-03  1.8769E-02  6.6701E-04 -9.2483E-04
  1.2397E-03  1.8951E-02  6.7390E-04 -9.3438E-04
  1.2525E-03  1.9134E-02  6.8085E-04 -9.4402E-04
  1.2654E-03  1.9318E-02  6.8786E-04 -9.5374E-04
  1.2784E-03  1.9504E-02  6.9493E-04 -9.6354E-04
  1.2915E-03  1.9691E-02  7.0206E-04 -9.7343E-04
  1.3047E-03  1.9880E-02  7.0925E-04 -9.8339E-04
  1.3180E-03  2.0070E-02  7.1650E-04 -9.9344E-04
  1.3315E-03  2.0261E-02  7.2380E-04 -1.0036E-03
  1.3450E-03  2.0454E-02  7.3118E-04 -1.0138E-03
  1.3587E-03  2.0648E-02  7.3861E-04 -1.0241E-03
  1.3725E-03  2.0844E-02  7.4610E-04 -1.0345E-03
  1.3864E-03  2.1041E-02  7.5366E-04 -1.0450E-03
  1.4004E-03  2.1239E-02  7.6128E-04 -1.0555E-03
  1.4146E-03  2.1439E-02  7.6897E-04 -1.0662E-03
  1.4288E-03  2.1640E-02  7.7672E-04 -1.0770E-03
  1.4432E-03  2.1843E-02  7.8454E-04 -1.0878E-03
  1.4577E-03  2.2047E-02  7.9242E-04 -1.0987E-03
  1.4723E-03  2.2253E-02  8.0037E-04 -1.1097E-03
  1.4871E-03  2.2460E-02  8.0838E-04 -1.1209E-03
  1.5019E-03  2.2669E-02  8.1647E-04 -1.1321E-03
  1.5169E-03  2.2879E-02  8.2462E-04 -1.1434E-03
  1.5321E-03  2.3090E-02  8.3284E-04 -1.1548E-03
  1.5473E-03  2.3304E-02  8.4113E-04 -1.1663E-03
  1.5627E-03  2.3518E-02  8.4948E-04 -1.1778E-03
  1.5782E-03  2.3735E-02  8.5791E-04 -1.1895E-03
  1.5938E-03  2.3953E-02  8.6641E-04 -1.2013E-03
  1.6096E-03  2.4172E-02  8.7498E-04 -1.2132E-03
  1.6255E-03  2.4393E-02  8.8363E-04 -1.2252E-03
  1.6415E-03  2.4615E-02  8.9234E-04 -1.2373E-03
  1.6577E-03  2.4839E-02  9.0113E-04 -1.2495E-03
  1.6740E-03  2.5065E-02  9.1000E-04 -1.2617E-03
  1.6904E-03  2.5292E-02  9.1893E-04 -1.2741E-03
  1.7070E-03  2.5521E-02  9.2795E-04 -1.2866E-03
  1.7237E-03  2.5752E-02  9.3704E-04 -1.2992E-03
  1.7406E-03  2.5984E-02  9.4620E-04 -1.3119E-03
  1.7576E-03  2.6218E-02  9.5544E-04 -1.3248E-03
  1.7748E-03  2.6453E-02  9.6476E-04 -1.3377E-03
  1.7920E-03  2.6690E-02  9.7416E-04 -1.3507E-03
  1.8095E-03  2.6929E-02  9.8364E-04 -1.3639E-03
  1.8271E-03  2.7170E-02  9.9320E-04 -1.3771E-03
  1.8448E-03  2.7412E-02  1.0028E-03 -1.3905E-03
  1.8627E-03  2.7656E-02  1.0126E-03 -1.4040E-03
  1.8807E-03  2.7901E-02  1.0224E-03 -1.4175E-03
  1.8989E-03  2.8149E-02  1.0322E-03 -1.4313E-03
  1.9172E-03  2.8398E-02  1.0422E-03 -1.4451E-03
  1.9357E-03  2.8648E-02  1.0523E-03 -1.4590E-03
  1.9544E-03  2.8901E-02  1.0624E-03 -1.4731E-03
  1.9732E-03  2.9155E-02  1.0726E-03 -1.4872E-03
  1.9921E-03  2.9411E-02  1.0829E-03 -1.5015E-03
  2.0112E-03  2.9669E-02  1.0933E-03 -1.5159E-03
  2.0305E-03  2.9928E-02  1.1038E-03 -1.5305E-03
  2.0500E-03  3.0190E-02  1.1144E-03 -1.5451E-03
  2.0696E-03  3.0453E-02  1.1250E-03 -1.5599E-03
  2.0893E-03  3.0718E-02  1.1358E-03 -1.5748E-03
  2.1093E-03  3.0985E-02  1.1466E-03 -1.5898E-03
  2.1294E-03  3.1253E-02  1.1575E-03 -1.6050E-03
  2.1497E-03  3.1524E-02  1.1686E-03 -1.6203E-03
  2.1701E-03  3.1796E-02  1.1797E-03 -1.6357E-03
  2.1907E-03  3.2070E-02  1.1909E-03 -1.6512E-03
  2.2115E-03  3.2346E-02  1.2022E-03 -1.6669E-03
  2.2325E-03  3.2624E-02  1.2136E-03 -1.6827E-03
  2.2536E-03  3.2904E-02  1.2251E-03 -1.6986E-03
  2.2750E-03  3.3186E-02  1.2367E-03 -1.7147E-03
  2.2965E-03  3.3469E-02  1.2483E-03 -1.7309E-03
  2.3181E-03  3.3755E-02  1.2601E-03 -1.7473E-03
  2.3400E-03  3.4042E-02  1.2720E-03 -1.7637E-03
  2.3621E-03  3.4332E-02  1.2840E-03 -1.7804E-03
  2.3843E-03  3.4623E-02  1.2961E-03 -1.7971E-03
  2.4067E-03  3.4916E-02  1.3083E-03 -1.8140E-03
  2.4293E-03  3.5211E-02  1.3206E-03 -1.8311E-03
  2.4521E-03  3.5508E-02  1.3330E-03 -1.8483E-03
  2.4751E-03  3.5808E-02  1.3455E-03 -1.8656E-03
  2.4983E-03  3.6109E-02  1.3581E-03 -1.8831E-03
  2.5217E-03  3.6412E-02  1.3708E-03 -1.9007E-03
  2.5453E-03  3.6717E-02  1.3836E-03 -1.9185E-03
  2.5690E-03  3.7024E-02  1.3965E-03 -1.9364E-03
  2.5930E-03  3.7333E-02  1.4095E-03 -1.9544E-03
  2.6172E-03  3.7645E-02  1.4227E-03 -1.9727E-03
  2.6416E-03  3.7958E-02  1.4359E-03 -1.9910E-03
  2.6662E-03  3.8273E-02  1.4493E-03 -2.0096E-03
  2.6910E-03  3.8590E-02  1.4628E-03 -2.0283E-03
  2.7160E-03  3.8910E-02  1.4764E-03 -2.0471E-03
  2.7412E-03  3.9231E-02  1.4901E-03 -2.0661E-03
  2.7666E-03  3.9555E-02  1.5039E-03 -2.0853E-03
  2.7922E-03  3.9881E-02  1.5178E-03 -2.1046E-03
  2.8181E-03  4.0208E-02  1.5319E-03 -2.1241E-03
  2.8442E-03  4.0538E-02  1.5461E-03 -2.1438E-03
  2.8705E-03  4.0870E-02  1.5603E-03 -2.1636E-03
  2.8970E-03  4.1204E-02  1.5748E-03 -2.1836E-03
  2.9237E-03  4.1541E-02  1.5893E-03 -2.2037E-03
  2.9507E-03  4.1879E-02  1.6039E-03 -2.2240E-03
  2.9779E-03  4.2220E-02  1.6187E-03 -2.2445E-03
  3.0053E-03  4.2562E-02  1.6336E-03 -2.2652E-03
  3.0329E-03  4.2907E-02  1.6486E-03 -2.2860E-03
  3.0608E-03  4.3254E-02  1.6638E-03 -2.3070E-03
  3.0889E-03  4.3603E-02  1.6791E-03 -2.3282E-03
  3.1173E-03  4.3955E-02  1.6945E-03 -2.3496E-03
  3.1459E-03  4.4308E-02  1.7100E-03 -2.3712E-03
  3.1747E-03  4.4664E-02  1.7257E-03 -2.3929E-03
  3.2038E-03  4.5022E-02  1.7415E-03 -2.4148E-03
  3.2331E-03  4.5382E-02  1.7574E-03 -2.4369E-03
  3.2627E-03  4.5745E-02  1.7735E-03 -2.4592E-03
  3.2925E-03  4.6109E-02  1.7897E-03 -2.4817E-03
  3.3225E-03  4.6476E-02  1.8061E-03 -2.5043E-03
  3.3529E-03  4.6846E-02  1.8225E-03 -2.5272E-03
  3.3834E-03  4.7217E-02  1.8392E-03 -2.5502E-03
  3.4143E-03  4.7591E-02  1.8559E-03 -2.5735E-03
  3.4453E-03  4.7967E-02  1.8728E-03 -2.5969E-03
  3.4767E-03  4.8345E-02  1.8898E-03 -2.6205E-03
  3.5083E-03  4.8725E-02  1.9070E-03 -2.6444E-03
  3.5402E-03  4.9108E-02  1.9244E-03 -2.6684E-03
  3.5724E-03  4.9493E-02  1.9418E-03 -2.6926E-03
  3.6048E-03  4.9880E-02  1.9595E-03 -2.7171E-03
  3.6375E-03  5.0270E-02  1.9772E-03 -2.7417E-03
  3.6704E-03  5.0662E-02  1.9951E-03 -2.7666E-03
  3.7037E-03  5.1056E-02  2.0132E-03 -2.7916E-03
  3.7372E-03  5.1453E-02  2.0314E-03 -2.8169E-03
  3.7710E-03  5.1851E-02  2.0498E-03 -2.8424E-03
  3.8051E-03  5.2253E-02  2.0683E-03 -2.8681E-03
  3.8395E-03  5.2656E-02  2.0870E-03 -2.8940E-03
  3.8742E-03  5.3062E-02  2.1059E-03 -2.9201E-03
  3.9091E-03  5.3470E-02  2.1249E-03 -2.9465E-03
  3.9444E-03  5.3881E-02  2.1440E-03 -2.9731E-03
  3.9799E-03  5.4294E-02  2.1633E-03 -2.9999E-03
  4.0158E-03  5.4709E-02  2.1828E-03 -3.0269E-03
  4.0519E-03  5.5126E-02  2.2025E-03 -3.0541E-03
  4.0884E-03  5.5546E-02  2.2223E-03 -3.0816E-03
  4.1252E-03  5.5968E-02  2.2423E-03 -3.1093E-03
  4.1622E-03  5.6393E-02  2.2624E-03 -3.1373E-03
  4.1996E-03  5.6820E-02  2.2827E-03 -3.1655E-03
  4.2373E-03  5.7249E-02  2.3032E-03 -3.1939E-03
  4.2754E-03  5.7681E-02  2.3239E-03 -3.2225E-03
  4.3137E-03  5.8115E-02  2.3447E-03 -3.2514E-03
  4.3524E-03  5.8552E-02  2.3657E-03 -3.2806E-03
  4.3913E-03  5.8990E-02  2.3869E-03 -3.3100E-03
  4.4307E-03  5.9432E-02  2.4083E-03 -3.3396E-03
  4.4703E-03  5.9875E-02  2.4298E-03 -3.3695E-03
  4.5103E-03  6.0321E-02  2.4515E-03 -3.3996E-03
  4.5506E-03  6.0769E-02  2.4735E-03 -3.4300E-03
  4.5913E-03  6.1220E-02  2.4955E-03 -3.4607E-03
  4.6323E-03  6.1673E-02  2.5178E-03 -3.4916E-03
  4.6736E-03  6.2128E-02  2.5403E-03 -3.5227E-03
  4.7153E-03  6.2586E-02  2.5629E-03 -3.5542E-03
  4.7573E-03  6.3046E-02  2.5858E-03 -3.5859E-03
  4.7997E-03  6.3509E-02  2.6088E-03 -3.6178E-03
  4.8425E-03  6.3974E-02  2.6321E-03 -3.6500E-03
  4.8856E-03  6.4441E-02  2.6555E-03 -3.6825E-03
  4.9291E-03  6.4910E-02  2.6791E-03 -3.7153E-03
  4.9729E-03  6.5382E-02  2.7029E-03 -3.7484E-03
  5.0171E-03  6.5857E-02  2.7270E-03 -3.7817E-03
  5.0617E-03  6.6333E-02  2.7512E-03 -3.8153E-03
  5.1067E-03  6.6812E-02  2.7756E-03 -3.8492E-03
  5.1520E-03  6.7294E-02  2.8002E-03 -3.8834E-03
  5.1977E-03  6.7777E-02  2.8251E-03 -3.9178E-03
  5.2438E-03  6.8263E-02  2.8501E-03 -3.9526E-03
  5.2903E-03  6.8752E-02  2.8754E-03 -3.9876E-03
  5.3372E-03  6.9242E-02  2.9009E-03 -4.0230E-03
  5.3845E-03  6.9735E-02  2.9266E-03 -4.0586E-03
  5.4322E-03  7.0231E-02  2.9525E-03 -4.0945E-03
  5.4802E-03  7.0728E-02  2.9786E-03 -4.1308E-03
  5.5287E-03  7.1228E-02  3.0049E-03 -4.1673E-03
  5.5776E-03  7.1730E-02  3.0315E-03 -4.2042E-03
  5.6269E-03  7.2235E-02  3.0583E-03 -4.2414E-03
  5.6766E-03  7.2741E-02  3.0853E-03 -4.2788E-03
  5.7267E-03  7.3250E-02  3.1125E-03 -4.3166E-03
  5.7773E-03  7.3761E-02  3.1400E-03 -4.3547E-03
  5.8283E-03  7.4275E-02  3.1677E-03 -4.3932E-03
  5.8797E-03  7.4791E-02  3.1956E-03 -4.4319E-03
  5.9315E-03  7.5308E-02  3.2238E-03 -4.4710E-03
  5.9838E-03  7.5829E-02  3.2522E-03 -4.5104E-03
  6.0365E-03  7.6351E-02  3.2808E-03 -4.5502E-03
  6.0897E-03  7.6875E-02  3.3097E-03 -4.5902E-03
  6.1433E-03  7.7402E-02  3.3388E-03 -4.6307E-03
  6.1974E-03  7.7931E-02  3.3682E-03 -4.6714E-03
  6.2519E-03  7.8462E-02  3.3978E-03 -4.7125E-03
  6.3069E-03  7.8995E-02  3.4277E-03 -4.7540E-03
  6.3623E-03  7.9530E-02  3.4578E-03 -4.7957E-03
  6.4182E-03  8.0067E-02  3.4881E-03 -4.8379E-03
  6.4746E-03  8.0607E-02  3.5188E-03 -4.8804E-03
  6.5314E-03  8.1148E-02  3.5496E-03 -4.9232E-03
  6.5888E-03  8.1691E-02  3.5808E-03 -4.9665E-03
  6.6466E-03  8.2237E-02  3.6122E-03 -5.0101E-03
  6.7049E-03  8.2784E-02  3.6438E-03 -5.0540E-03
  6.7637E-03  8.3334E-02  3.6758E-03 -5.0983E-03
  6.8230E-03  8.3885E-02  3.7080E-03 -5.1430E-03
  6.8827E-03  8.4439E-02  3.7405E-03 -5.1881E-03
  6.9430E-03  8.4994E-02  3.7732E-03 -5.2335E-03
  7.0038E-03  8.5551E-02  3.8062E-03 -5.2794E-03
  7.0651E-03  8.6110E-02  3.8395E-03 -5.3256E-03
  7.1270E-03  8.6671E-02  3.8731E-03 -5.3722E-03
  7.1893E-03  8.7234E-02  3.9069E-03 -5.4192E-03
  7.2522E-03  8.7799E-02  3.9411E-03 -5.4666E-03
  7.3156E-03  8.8365E-02  3.9755E-03 -5.5144E-03
  7.3795E-03  8.8933E-02  4.0102E-03 -5.5626E-03
  7.4440E-03  8.9503E-02  4.0452E-03 -5.6112E-03
  7.5090E-03  9.0075E-02  4.0805E-03 -5.6602E-03
  7.5745E-03  9.0648E-02  4.1161E-03 -5.7096E-03
  7.6406E-03  9.1223E-02  4.1520E-03 -5.7595E-03
  7.7073E-03  9.1799E-02  4.1882E-03 -5.8097E-03
  7.7745E-03  9.2377E-02  4.2247E-03 -5.8604E-03
  7.8423E-03  9.2957E-02  4.2616E-03 -5.9115E-03
  7.9107E-03  9.3538E-02  4.2987E-03 -5.9631E-03
  7.9796E-03  9.4121E-02  4.3361E-03 -6.0150E-03
  8.0491E-03  9.4705E-02  4.3739E-03 -6.0674E-03
  8.1192E-03  9.5290E-02  4.4119E-03 -6.1203E-03
  8.1899E-03  9.5877E-02  4.4503E-03 -6.1736E-03
  8.2612E-03  9.6465E-02  4.4890E-03 -6.2274E-03
  8.3331E-03  9.7055E-02  4.5280E-03 -6.2816E-03
  8.4056E-03  9.7646E-02  4.5674E-03 -6.3362E-03
  8.4787E-03  9.8238E-02  4.6071E-03 -6.3913E-03
  8.5524E-03  9.8831E-02  4.6471E-03 -6.4469E-03
  8.6268E-03  9.9425E-02  4.6875E-03 -6.5030E-03
  8.7018E-03  1.0002E-01  4.7282E-03 -6.5595E-03
  8.7774E-03  1.0062E-01  4.7692E-03 -6.6165E-03
  8.8536E-03  1.0121E-01  4.8106E-03 -6.6740E-03
  8.9305E-03  1.0181E-01  4.8523E-03 -6.7319E-03
  9.0080E-03  1.0241E-01  4.8944E-03 -6.7904E-03
  9.0862E-03  1.0301E-01  4.9368E-03 -6.8493E-03
  9.1650E-03  1.0361E-01  4.9796E-03 -6.9088E-03
  9.2445E-03  1.0422E-01  5.0227E-03 -6.9687E-03
  9.3247E-03  1.0482E-01  5.0663E-03 -7.0292E-03
  9.4055E-03  1.0542E-01  5.1101E-03 -7.0901E-03
  9.4870E-03  1.0603E-01  5.1544E-03 -7.1516E-03
  9.5692E-03  1.0663E-01  5.1990E-03 -7.2136E-03
  9.6521E-03  1.0724E-01  5.2440E-03 -7.2761E-03
  9.7357E-03  1.0784E-01  5.2893E-03 -7.3391E-03
  9.8200E-03  1.0845E-01  5.3351E-03 -7.4027E-03
  9.9050E-03  1.0905E-01  5.3812E-03 -7.4668E-03
  9.9908E-03  1.0966E-01  5.4277E-03 -7.5314E-03
  1.0077E-02  1.1027E-01  5.4746E-03 -7.5966E-03
  1.0164E-02  1.1087E-01  5.5219E-03 -7.6624E-03
  1.0252E-02  1.1148E-01  5.5696E-03 -7.7286E-03
  1.0341E-02  1.1209E-01  5.6177E-03 -7.7955E-03
  1.0430E-02  1.1269E-01  5.6662E-03 -7.8629E-03
  1.0520E-02  1.1330E-01  5.7151E-03 -7.9309E-03
  1.0611E-02  1.1391E-01  5.7644E-03 -7.9994E-03
  1.0703E-02  1.1451E-01  5.8142E-03 -8.0686E-03
  1.0796E-02  1.1512E-01  5.8643E-03 -8.1383E-03
  1.0889E-02  1.1572E-01  5.9149E-03 -8.2086E-03
  1.0983E-02  1.1633E-01  5.9659E-03 -8.2795E-03
  1.1078E-02  1.1693E-01  6.0173E-03 -8.3510E-03
  1.1173E-02  1.1754E-01  6.0691E-03 -8.4231E-03
  1.1270E-02  1.1814E-01  6.1214E-03 -8.4958E-03
  1.1367E-02  1.1875E-01  6.1741E-03 -8.5691E-03
  1.1465E-02  1.1935E-01  6.2273E-03 -8.6430E-03
  1.1564E-02  1.1995E-01  6.2809E-03 -8.7176E-03
  1.1663E-02  1.2055E-01  6.3349E-03 -8.7927E-03
  1.1764E-02  1.2115E-01  6.3894E-03 -8.8686E-03
  1.1865E-02  1.2174E-01  6.4444E-03 -8.9450E-03
  1.1967E-02  1.2234E-01  6.4998E-03 -9.0221E-03
  1.2071E-02  1.2293E-01  6.5557E-03 -9.0999E-03
  1.2174E-02  1.2353E-01  6.6121E-03 -9.1783E-03
  1.2279E-02  1.2412E-01  6.6689E-03 -9.2573E-03
  1.2385E-02  1.2471E-01  6.7262E-03 -9.3371E-03
  1.2492E-02  1.2530E-01  6.7840E-03 -9.4175E-03
  1.2599E-02  1.2589E-01  6.8422E-03 -9.4985E-03
  1.2708E-02  1.2647E-01  6.9010E-03 -9.5803E-03
  1.2817E-02  1.2705E-01  6.9602E-03 -9.6628E-03
  1.2927E-02  1.2763E-01  7.0200E-03 -9.7459E-03
  1.3038E-02  1.2821E-01  7.0802E-03 -9.8298E-03
  1.3150E-02  1.2879E-01  7.1409E-03 -9.9143E-03
  1.3263E-02  1.2936E-01  7.2022E-03 -9.9996E-03
  1.3377E-02  1.2993E-01  7.2640E-03 -1.0086E-02
  1.3492E-02  1.3050E-01  7.3262E-03 -1.0172E-02
  1.3608E-02  1.3107E-01  7.3890E-03 -1.0260E-02
  1.3725E-02  1.3163E-01  7.4524E-03 -1.0348E-02
  1.3843E-02  1.3219E-01  7.5162E-03 -1.0437E-02
  1.3962E-02  1.3274E-01  7.5806E-03 -1.0527E-02
  1.4082E-02  1.3330E-01  7.6455E-03 -1.0617E-02
  1.4203E-02  1.3385E-01  7.7110E-03 -1.0708E-02
  1.4325E-02  1.3439E-01  7.7770E-03 -1.0800E-02
  1.4448E-02  1.3494E-01  7.8436E-03 -1.0893E-02
  1.4571E-02  1.3548E-01  7.9107E-03 -1.0986E-02
  1.4696E-02  1.3601E-01  7.9784E-03 -1.1081E-02
  1.4823E-02  1.3654E-01  8.0466E-03 -1.1176E-02
  1.4950E-02  1.3707E-01  8.1154E-03 -1.1272E-02
  1.5078E-02  1.3759E-01  8.1848E-03 -1.1368E-02
  1.5207E-02  1.3811E-01  8.2548E-03 -1.1466E-02
  1.5337E-02  1.3862E-01  8.3253E-03 -1.1564E-02
  1.5469E-02  1.3913E-01  8.3965E-03 -1.1663E-02
  1.5601E-02  1.3964E-01  8.4682E-03 -1.1763E-02
  1.5735E-02  1.4014E-01  8.5405E-03 -1.1864E-02
  1.5870E-02  1.4063E-01  8.6135E-03 -1.1966E-02
  1.6006E-02  1.4112E-01  8.6870E-03 -1.2069E-02
  1.6143E-02  1.4160E-01  8.7612E-03 -1.2172E-02
  1.6281E-02  1.4208E-01  8.8359E-03 -1.2276E-02
  1.6421E-02  1.4255E-01  8.9113E-03 -1.2382E-02
  1.6561E-02  1.4302E-01  8.9873E-03 -1.2488E-02
  1.6703E-02  1.4348E-01  9.0640E-03 -1.2595E-02
  1.6846E-02  1.4393E-01  9.1413E-03 -1.2703E-02
  1.6990E-02  1.4438E-01  9.2192E-03 -1.2811E-02
  1.7135E-02  1.4482E-01  9.2978E-03 -1.2921E-02
  1.7282E-02  1.4526E-01  9.3771E-03 -1.3032E-02
  1.7430E-02  1.4569E-01  9.4570E-03 -1.3143E-02
  1.7579E-02  1.4611E-01  9.5375E-03 -1.3256E-02
  1.7729E-02  1.4652E-01  9.6188E-03 -1.3369E-02
  1.7881E-02  1.4693E-01  9.7007E-03 -1.3484E-02
  1.8034E-02  1.4733E-01  9.7833E-03 -1.3599E-02
  1.8188E-02  1.4772E-01  9.8665E-03 -1.3715E-02
  1.8343E-02  1.4810E-01  9.9505E-03 -1.3833E-02
  1.8500E-02  1.4848E-01  1.0035E-02 -1.3951E-02
  1.8658E-02  1.4884E-01  1.0121E-02 -1.4070E-02
  1.8817E-02  1.4920E-01  1.0207E-02 -1.4191E-02
  1.8978E-02  1.4955E-01  1.0293E-02 -1.4312E-02
  1.9140E-02  1.4989E-01  1.0381E-02 -1.4434E-02
  1.9304E-02  1.5022E-01  1.0469E-02 -1.4558E-02
  1.9469E-02  1.5055E-01  1.0558E-02 -1.4682E-02
  1.9635E-02  1.5086E-01  1.0648E-02 -1.4808E-02
  1.9802E-02  1.5117E-01  1.0738E-02 -1.4934E-02
  1.9972E-02  1.5146E-01  1.0830E-02 -1.5062E-02
  2.0142E-02  1.5175E-01  1.0921E-02 -1.5191E-02
  2.0314E-02  1.5202E-01  1.1014E-02 -1.5320E-02
  2.0487E-02  1.5228E-01  1.1108E-02 -1.5451E-02
  2.0662E-02  1.5254E-01  1.1202E-02 -1.5583E-02
  2.0838E-02  1.5278E-01  1.1297E-02 -1.5716E-02
  2.1016E-02  1.5301E-01  1.1393E-02 -1.5851E-02
  2.1195E-02  1.5323E-01  1.1489E-02 -1.5986E-02
  2.1376E-02  1.5344E-01  1.1587E-02 -1.6123E-02
  2.1558E-02  1.5364E-01  1.1685E-02 -1.6260E-02
  2.1742E-02  1.5382E-01  1.1784E-02 -1.6399E-02
  2.1928E-02  1.5400E-01  1.1884E-02 -1.6539E-02
  2.2114E-02  1.5416E-01  1.1985E-02 -1.6680E-02
  2.2303E-02  1.5431E-01  1.2086E-02 -1.6823E-02
  2.2493E-02  1.5445E-01  1.2189E-02 -1.6966E-02
  2.2685E-02  1.5457E-01  1.2292E-02 -1.7111E-02
  2.2878E-02  1.5468E-01  1.2396E-02 -1.7257E-02
  2.3073E-02  1.5478E-01  1.2501E-02 -1.7404E-02
  2.3269E-02  1.5486E-01  1.2606E-02 -1.7553E-02
  2.3468E-02  1.5493E-01  1.2713E-02 -1.7703E-02
  2.3668E-02  1.5498E-01  1.2821E-02 -1.7854E-02
  2.3869E-02  1.5503E-01  1.2929E-02 -1.8006E-02
  2.4072E-02  1.5505E-01  1.3038E-02 -1.8159E-02
  2.4277E-02  1.5506E-01  1.3149E-02 -1.8314E-02
  2.4484E-02  1.5506E-01  1.3260E-02 -1.8471E-02
  2.4693E-02  1.5504E-01  1.3372E-02 -1.8628E-02
  2.4903E-02  1.5501E-01  1.3485E-02 -1.8787E-02
  2.5115E-02  1.5496E-01  1.3598E-02 -1.8947E-02
  2.5328E-02  1.5489E-01  1.3713E-02 -1.9109E-02
  2.5544E-02  1.5481E-01  1.3829E-02 -1.9272E-02
  2.5761E-02  1.5471E-01  1.3946E-02 -1.9436E-02
  2.5981E-02  1.5460E-01  1.4063E-02 -1.9602E-02
  2.6202E-02  1.5447E-01  1.4182E-02 -1.9769E-02
  2.6425E-02  1.5432E-01  1.4302E-02 -1.9937E-02
  2.6649E-02  1.5415E-01  1.4422E-02 -2.0107E-02
  2.6876E-02  1.5397E-01  1.4544E-02 -2.0279E-02
  2.7105E-02  1.5376E-01  1.4666E-02 -2.0451E-02
  2.7335E-02  1.5354E-01  1.4790E-02 -2.0626E-02
  2.7568E-02  1.5330E-01  1.4914E-02 -2.0802E-02
  2.7802E-02  1.5305E-01  1.5040E-02 -2.0979E-02
  2.8038E-02  1.5277E-01  1.5167E-02 -2.1158E-02
  2.8277E-02  1.5247E-01  1.5294E-02 -2.1338E-02
  2.8517E-02  1.5216E-01  1.5423E-02 -2.1520E-02
  2.8759E-02  1.5182E-01  1.5553E-02 -2.1703E-02
  2.9004E-02  1.5147E-01  1.5683E-02 -2.1888E-02
  2.9250E-02  1.5109E-01  1.5815E-02 -2.2074E-02
  2.9499E-02  1.5070E-01  1.5948E-02 -2.2262E-02
  2.9750E-02  1.5028E-01  1.6082E-02 -2.2452E-02
  3.0002E-02  1.4984E-01  1.6217E-02 -2.2643E-02
  3.0257E-02  1.4939E-01  1.6353E-02 -2.2836E-02
  3.0514E-02  1.4891E-01  1.6491E-02 -2.3031E-02
  3.0773E-02  1.4840E-01  1.6629E-02 -2.3227E-02
  3.1035E-02  1.4788E-01  1.6769E-02 -2.3425E-02
  3.1298E-02  1.4733E-01  1.6909E-02 -2.3624E-02
  3.1564E-02  1.4677E-01  1.7051E-02 -2.3826E-02
  3.1832E-02  1.4617E-01  1.7194E-02 -2.4029E-02
  3.2103E-02  1.4556E-01  1.7338E-02 -2.4233E-02
  3.2375E-02  1.4492E-01  1.7483E-02 -2.4440E-02
  3.2650E-02  1.4426E-01  1.7630E-02 -2.4648E-02
  3.2927E-02  1.4358E-01  1.7777E-02 -2.4858E-02
  3.3207E-02  1.4287E-01  1.7926E-02 -2.5069E-02
  3.3489E-02  1.4213E-01  1.8076E-02 -2.5283E-02
  3.3773E-02  1.4138E-01  1.8227E-02 -2.5498E-02
  3.4059E-02  1.4059E-01  1.8380E-02 -2.5715E-02
  3.4348E-02  1.3979E-01  1.8534E-02 -2.5934E-02
  3.4640E-02  1.3895E-01  1.8688E-02 -2.6155E-02
  3.4934E-02  1.3810E-01  1.8845E-02 -2.6378E-02
  3.5230E-02  1.3721E-01  1.9002E-02 -2.6602E-02
  3.5529E-02  1.3630E-01  1.9161E-02 -2.6829E-02
  3.5831E-02  1.3537E-01  1.9321E-02 -2.7057E-02
  3.6135E-02  1.3441E-01  1.9482E-02 -2.7288E-02
  3.6441E-02  1.3342E-01  1.9644E-02 -2.7520E-02
  3.6750E-02  1.3240E-01  1.9808E-02 -2.7754E-02
  3.7062E-02  1.3136E-01  1.9973E-02 -2.7991E-02
  3.7376E-02  1.3029E-01  2.0139E-02 -2.8229E-02
  3.7693E-02  1.2919E-01  2.0307E-02 -2.8470E-02
  3.8013E-02  1.2807E-01  2.0476E-02 -2.8712E-02
  3.8335E-02  1.2692E-01  2.0647E-02 -2.8957E-02
  3.8660E-02  1.2574E-01  2.0818E-02 -2.9203E-02
  3.8988E-02  1.2453E-01  2.0991E-02 -2.9452E-02
  3.9318E-02  1.2329E-01  2.1166E-02 -2.9703E-02
  3.9652E-02  1.2202E-01  2.1342E-02 -2.9956E-02
  3.9988E-02  1.2073E-01  2.1519E-02 -3.0211E-02
  4.0327E-02  1.1940E-01  2.1698E-02 -3.0468E-02
  4.0669E-02  1.1805E-01  2.1878E-02 -3.0727E-02
  4.1013E-02  1.1667E-01  2.2059E-02 -3.0989E-02
  4.1361E-02  1.1526E-01  2.2242E-02 -3.1253E-02
  4.1711E-02  1.1382E-01  2.2426E-02 -3.1519E-02
  4.2065E-02  1.1235E-01  2.2612E-02 -3.1788E-02
  4.2421E-02  1.1084E-01  2.2799E-02 -3.2059E-02
  4.2781E-02  1.0931E-01  2.2988E-02 -3.2332E-02
  4.3143E-02  1.0775E-01  2.3178E-02 -3.2607E-02
  4.3509E-02  1.0616E-01  2.3370E-02 -3.2885E-02
  4.3877E-02  1.0454E-01  2.3563E-02 -3.3165E-02
  4.4249E-02  1.0288E-01  2.3758E-02 -3.3447E-02
  4.4624E-02  1.0120E-01  2.3954E-02 -3.3732E-02
  4.5002E-02  9.9487E-02  2.4152E-02 -3.4020E-02
  4.5383E-02  9.7741E-02  2.4351E-02 -3.4310E-02
  4.5767E-02  9.5965E-02  2.4552E-02 -3.4602E-02
  4.6155E-02  9.4158E-02  2.4754E-02 -3.4897E-02
  4.6546E-02  9.2320E-02  2.4958E-02 -3.5194E-02
  4.6940E-02  9.0450E-02  2.5163E-02 -3.5494E-02
  4.7337E-02  8.8549E-02  2.5370E-02 -3.5797E-02
  4.7738E-02  8.6618E-02  2.5579E-02 -3.6102E-02
  4.8142E-02  8.4654E-02  2.5789E-02 -3.6410E-02
  4.8550E-02  8.2660E-02  2.6001E-02 -3.6720E-02
  4.8961E-02  8.0634E-02  2.6214E-02 -3.7033E-02
  4.9375E-02  7.8577E-02  2.6429E-02 -3.7349E-02
  4.9793E-02  7.6488E-02  2.6646E-02 -3.7667E-02
  5.0215E-02  7.4368E-02  2.6864E-02 -3.7989E-02
  5.0640E-02  7.2217E-02  2.7084E-02 -3.8312E-02
  5.1068E-02  7.0035E-02  2.7306E-02 -3.8639E-02
  5.1501E-02  6.7822E-02  2.7529E-02 -3.8969E-02
  5.1936E-02  6.5577E-02  2.7754E-02 -3.9301E-02
  5.2376E-02  6.3301E-02  2.7981E-02 -3.9636E-02
  5.2819E-02  6.0995E-02  2.8209E-02 -3.9975E-02
  5.3266E-02  5.8657E-02  2.8439E-02 -4.0316E-02
  5.3717E-02  5.6289E-02  2.8671E-02 -4.0660E-02
  5.4171E-02  5.3890E-02  2.8905E-02 -4.1007E-02
  5.4630E-02  5.1461E-02  2.9140E-02 -4.1357E-02
  5.5092E-02  4.9001E-02  2.9377E-02 -4.1710E-02
  5.5558E-02  4.6511E-02  2.9616E-02 -4.2066E-02
  5.6028E-02  4.3991E-02  2.9856E-02 -4.2425E-02
  5.6502E-02  4.1441E-02  3.0099E-02 -4.2787E-02
  5.6980E-02  3.8862E-02  3.0343E-02 -4.3153E-02
  5.7462E-02  3.6253E-02  3.0589E-02 -4.3521E-02
  5.7948E-02  3.3615E-02  3.0836E-02 -4.3893E-02
  5.8438E-02  3.0949E-02  3.1086E-02 -4.4268E-02
  5.8932E-02  2.8253E-02  3.1337E-02 -4.4646E-02
  5.9431E-02  2.5529E-02  3.1590E-02 -4.5028E-02
  5.9933E-02  2.2778E-02  3.1845E-02 -4.5412E-02
  6.0440E-02  1.9998E-02  3.2102E-02 -4.5801E-02
  6.0951E-02  1.7191E-02  3.2360E-02 -4.6192E-02
  6.1467E-02  1.4357E-02  3.2621E-02 -4.6587E-02
  6.1986E-02  1.1496E-02  3.2883E-02 -4.6985E-02
  6.2510E-02  8.6088E-03  3.3147E-02 -4.7387E-02
  6.3039E-02  5.6956E-03  3.3413E-02 -4.7793E-02
  6.3572E-02  2.7570E-03  3.3681E-02 -4.8201E-02
  6.4109E-02 -2.0673E-04  3.3951E-02 -4.8614E-02
  6.4651E-02 -3.1951E-03  3.4222E-02 -4.9030E-02
  6.5198E-02 -6.2077E-03  3.4496E-02 -4.9450E-02
  6.5749E-02 -9.2439E-03  3.4771E-02 -4.9873E-02
  6.6305E-02 -1.2303E-02  3.5049E-02 -5.0300E-02
  6.6865E-02 -1.5385E-02  3.5328E-02 -5.0731E-02
  6.7430E-02 -1.8489E-02  3.5609E-02 -5.1165E-02
  6.8000E-02 -2.1615E-02  3.5892E-02 -5.1604E-02
  6.8575E-02 -2.4762E-02  3.6177E-02 -5.2046E-02
  6.9155E-02 -2.7929E-02  3.6464E-02 -5.2492E-02
  6.9739E-02 -3.1115E-02  3.6753E-02 -5.2942E-02
  7.0329E-02 -3.4321E-02  3.7044E-02 -5.3396E-02
  7.0923E-02 -3.7545E-02  3.7337E-02 -5.3854E-02
  7.1522E-02 -4.0787E-02  3.7632E-02 -5.4316E-02
  7.2127E-02 -4.4046E-02  3.7929E-02 -5.4782E-02
  7.2736E-02 -4.7321E-02  3.8227E-02 -5.5252E-02
  7.3351E-02 -5.0612E-02  3.8528E-02 -5.5726E-02
  7.3970E-02 -5.3918E-02  3.8830E-02 -5.6205E-02
  7.4595E-02 -5.7237E-02  3.9135E-02 -5.6687E-02
  7.5226E-02 -6.0570E-02  3.9442E-02 -5.7174E-02
  7.5861E-02 -6.3914E-02  3.9750E-02 -5.7665E-02
  7.6502E-02 -6.7271E-02  4.0061E-02 -5.8161E-02
  7.7148E-02 -7.0638E-02  4.0373E-02 -5.8661E-02
  7.7800E-02 -7.4014E-02  4.0687E-02 -5.9166E-02
  7.8457E-02 -7.7399E-02  4.1004E-02 -5.9674E-02
  7.9120E-02 -8.0792E-02  4.1322E-02 -6.0188E-02
  7.9789E-02 -8.4192E-02  4.1642E-02 -6.0706E-02
  8.0463E-02 -8.7598E-02  4.1965E-02 -6.1228E-02
  8.1142E-02 -9.1008E-02  4.2289E-02 -6.1756E-02
  8.1828E-02 -9.4422E-02  4.2615E-02 -6.2288E-02
  8.2519E-02 -9.7839E-02  4.2943E-02 -6.2824E-02
  8.3216E-02 -1.0126E-01  4.3274E-02 -6.3366E-02
  8.3918E-02 -1.0468E-01  4.3606E-02 -6.3912E-02
  8.4627E-02 -1.0809E-01  4.3940E-02 -6.4463E-02
  8.5342E-02 -1.1151E-01  4.4276E-02 -6.5019E-02
  8.6063E-02 -1.1492E-01  4.4614E-02 -6.5581E-02
  8.6789E-02 -1.1833E-01  4.4953E-02 -6.6147E-02
  8.7522E-02 -1.2174E-01  4.5295E-02 -6.6718E-02
  8.8261E-02 -1.2513E-01  4.5639E-02 -6.7294E-02
  8.9007E-02 -1.2852E-01  4.5985E-02 -6.7876E-02
  8.9758E-02 -1.3190E-01  4.6332E-02 -6.8463E-02
  9.0516E-02 -1.3527E-01  4.6681E-02 -6.9055E-02
  9.1280E-02 -1.3863E-01  4.7033E-02 -6.9653E-02
  9.2051E-02 -1.4197E-01  4.7386E-02 -7.0255E-02
  9.2828E-02 -1.4530E-01  4.7741E-02 -7.0864E-02
  9.3612E-02 -1.4861E-01  4.8098E-02 -7.1478E-02
  9.4402E-02 -1.5191E-01  4.8457E-02 -7.2097E-02
  9.5199E-02 -1.5519E-01  4.8817E-02 -7.2722E-02
  9.6003E-02 -1.5844E-01  4.9179E-02 -7.3353E-02
  9.6813E-02 -1.6167E-01  4.9544E-02 -7.3989E-02
  9.7631E-02 -1.6489E-01  4.9909E-02 -7.4632E-02
  9.8455E-02 -1.6807E-01  5.0277E-02 -7.5280E-02
  9.9286E-02 -1.7123E-01  5.0647E-02 -7.5934E-02
  1.0012E-01 -1.7436E-01  5.1018E-02 -7.6594E-02
  1.0097E-01 -1.7746E-01  5.1391E-02 -7.7260E-02
  1.0182E-01 -1.8053E-01  5.1765E-02 -7.7933E-02
  1.0268E-01 -1.8357E-01  5.2141E-02 -7.8611E-02
  1.0355E-01 -1.8657E-01  5.2519E-02 -7.9296E-02
  1.0442E-01 -1.8953E-01  5.2898E-02 -7.9987E-02
  1.0530E-01 -1.9246E-01  5.3279E-02 -8.0684E-02
  1.0619E-01 -1.9535E-01  5.3662E-02 -8.1388E-02
  1.0709E-01 -1.9820E-01  5.4046E-02 -8.2098E-02
  1.0799E-01 -2.0100E-01  5.4432E-02 -8.2815E-02
  1.0890E-01 -2.0376E-01  5.4819E-02 -8.3539E-02
  1.0982E-01 -2.0647E-01  5.5207E-02 -8.4270E-02
  1.1075E-01 -2.0913E-01  5.5597E-02 -8.5007E-02
  1.1168E-01 -2.1174E-01  5.5988E-02 -8.5751E-02
  1.1263E-01 -2.1430E-01  5.6381E-02 -8.6502E-02
  1.1358E-01 -2.1681E-01  5.6775E-02 -8.7260E-02
  1.1453E-01 -2.1926E-01  5.7170E-02 -8.8025E-02
  1.1550E-01 -2.2165E-01  5.7567E-02 -8.8798E-02
  1.1648E-01 -2.2399E-01  5.7964E-02 -8.9577E-02
  1.1746E-01 -2.2626E-01  5.8363E-02 -9.0365E-02
  1.1845E-01 -2.2847E-01  5.8763E-02 -9.1159E-02
  1.1945E-01 -2.3061E-01  5.9163E-02 -9.1961E-02
  1.2046E-01 -2.3269E-01  5.9565E-02 -9.2771E-02
  1.2147E-01 -2.3470E-01  5.9968E-02 -9.3588E-02
  1.2250E-01 -2.3664E-01  6.0372E-02 -9.4413E-02
  1.2353E-01 -2.3850E-01  6.0776E-02 -9.5246E-02
  1.2457E-01 -2.4029E-01  6.1181E-02 -9.6087E-02
  1.2562E-01 -2.4201E-01  6.1587E-02 -9.6937E-02
  1.2668E-01 -2.4364E-01  6.1994E-02 -9.7794E-02
  1.2775E-01 -2.4520E-01  6.2401E-02 -9.8659E-02
  1.2883E-01 -2.4667E-01  6.2809E-02 -9.9533E-02
  1.2992E-01 -2.4806E-01  6.3217E-02 -1.0042E-01
  1.3101E-01 -2.4937E-01  6.3626E-02 -1.0131E-01
  1.3212E-01 -2.5058E-01  6.4035E-02 -1.0221E-01
  1.3323E-01 -2.5171E-01  6.4444E-02 -1.0311E-01
  1.3436E-01 -2.5275E-01  6.4853E-02 -1.0403E-01
  1.3549E-01 -2.5369E-01  6.5263E-02 -1.0496E-01
  1.3663E-01 -2.5454E-01  6.5672E-02 -1.0589E-01
  1.3778E-01 -2.5529E-01  6.6082E-02 -1.0684E-01
  1.3895E-01 -2.5594E-01  6.6491E-02 -1.0779E-01
  1.4012E-01 -2.5649E-01  6.6900E-02 -1.0875E-01
  1.4130E-01 -2.5694E-01  6.7309E-02 -1.0973E-01
  1.4249E-01 -2.5729E-01  6.7717E-02 -1.1071E-01
  1.4369E-01 -2.5753E-01  6.8125E-02 -1.1170E-01
  1.4491E-01 -2.5766E-01  6.8532E-02 -1.1270E-01
  1.4613E-01 -2.5769E-01  6.8938E-02 -1.1371E-01
  1.4736E-01 -2.5760E-01  6.9344E-02 -1.1474E-01
  1.4860E-01 -2.5740E-01  6.9748E-02 -1.1577E-01
  1.4986E-01 -2.5709E-01  7.0152E-02 -1.1681E-01
  1.5112E-01 -2.5667E-01  7.0554E-02 -1.1787E-01
  1.5239E-01 -2.5612E-01  7.0955E-02 -1.1893E-01
  1.5368E-01 -2.5546E-01  7.1354E-02 -1.2000E-01
  1.5498E-01 -2.5468E-01  7.1752E-02 -1.2109E-01
  1.5628E-01 -2.5378E-01  7.2149E-02 -1.2219E-01
  1.5760E-01 -2.5275E-01  7.2543E-02 -1.2329E-01
  1.5893E-01 -2.5161E-01  7.2935E-02 -1.2441E-01
  1.6027E-01 -2.5033E-01  7.3326E-02 -1.2555E-01
  1.6162E-01 -2.4893E-01  7.3714E-02 -1.2669E-01
  1.6298E-01 -2.4741E-01  7.4099E-02 -1.2784E-01
  1.6436E-01 -2.4575E-01  7.4483E-02 -1.2901E-01
  1.6574E-01 -2.4397E-01  7.4863E-02 -1.3019E-01
  1.6714E-01 -2.4205E-01  7.5240E-02 -1.3138E-01
  1.6855E-01 -2.4000E-01  7.5615E-02 -1.3258E-01
  1.6997E-01 -2.3782E-01  7.5986E-02 -1.3380E-01
  1.7140E-01 -2.3551E-01  7.6353E-02 -1.3503E-01
  1.7285E-01 -2.3307E-01  7.6717E-02 -1.3627E-01
  1.7431E-01 -2.3048E-01  7.7078E-02 -1.3753E-01
  1.7578E-01 -2.2777E-01  7.7434E-02 -1.3879E-01
  1.7726E-01 -2.2492E-01  7.7786E-02 -1.4008E-01
  1.7875E-01 -2.2193E-01  7.8134E-02 -1.4137E-01
  1.8026E-01 -2.1880E-01  7.8477E-02 -1.4268E-01
  1.8178E-01 -2.1554E-01  7.8815E-02 -1.4401E-01
  1.8331E-01 -2.1214E-01  7.9148E-02 -1.4534E-01
  1.8486E-01 -2.0860E-01  7.9475E-02 -1.4670E-01
  1.8642E-01 -2.0493E-01  7.9798E-02 -1.4807E-01
  1.8799E-01 -2.0111E-01  8.0114E-02 -1.4945E-01
  1.8957E-01 -1.9716E-01  8.0424E-02 -1.5085E-01
  1.9117E-01 -1.9307E-01  8.0729E-02 -1.5226E-01
  1.9278E-01 -1.8885E-01  8.1026E-02 -1.5369E-01
  1.9441E-01 -1.8448E-01  8.1317E-02 -1.5513E-01
  1.9604E-01 -1.7999E-01  8.1601E-02 -1.5660E-01
  1.9770E-01 -1.7535E-01  8.1877E-02 -1.5807E-01
  1.9936E-01 -1.7058E-01  8.2145E-02 -1.5957E-01
  2.0104E-01 -1.6568E-01  8.2406E-02 -1.6108E-01
  2.0274E-01 -1.6064E-01  8.2659E-02 -1.6261E-01
  2.0445E-01 -1.5547E-01  8.2902E-02 -1.6415E-01
  2.0617E-01 -1.5016E-01  8.3137E-02 -1.6572E-01
  2.0791E-01 -1.4473E-01  8.3363E-02 -1.6730E-01
  2.0966E-01 -1.3916E-01  8.3579E-02 -1.6890E-01
  2.1143E-01 -1.3347E-01  8.3785E-02 -1.7051E-01
  2.1321E-01 -1.2765E-01  8.3981E-02 -1.7215E-01
  2.1501E-01 -1.2171E-01  8.4166E-02 -1.7381E-01
  2.1682E-01 -1.1565E-01  8.4341E-02 -1.7548E-01
  2.1865E-01 -1.0946E-01  8.4504E-02 -1.7718E-01
  2.2049E-01 -1.0315E-01  8.4655E-02 -1.7889E-01
  2.2235E-01 -9.6726E-02  8.4794E-02 -1.8063E-01
  2.2422E-01 -9.0186E-02  8.4920E-02 -1.8238E-01
  2.2611E-01 -8.3534E-02  8.5033E-02 -1.8416E-01
  2.2802E-01 -7.6771E-02  8.5133E-02 -1.8595E-01
  2.2994E-01 -6.9900E-02  8.5219E-02 -1.8777E-01
  2.3188E-01 -6.2925E-02  8.5291E-02 -1.8961E-01
  2.3383E-01 -5.5846E-02  8.5348E-02 -1.9148E-01
  2.3580E-01 -4.8669E-02  8.5390E-02 -1.9336E-01
  2.3779E-01 -4.1395E-02  8.5416E-02 -1.9527E-01
  2.3979E-01 -3.4029E-02  8.5426E-02 -1.9721E-01
  2.4181E-01 -2.6572E-02  8.5419E-02 -1.9916E-01
  2.4385E-01 -1.9030E-02  8.5394E-02 -2.0114E-01
  2.4591E-01 -1.1405E-02  8.5353E-02 -2.0315E-01
  2.4798E-01 -3.7013E-03  8.5292E-02 -2.0518E-01
  2.5007E-01  4.0773E-03  8.5213E-02 -2.0723E-01
  2.5218E-01  1.1927E-02  8.5115E-02 -2.0931E-01
  2.5430E-01  1.9843E-02  8.4996E-02 -2.1142E-01
  2.5644E-01  2.7822E-02  8.4857E-02 -2.1355E-01
  2.5860E-01  3.5858E-02  8.4697E-02 -2.1571E-01
  2.6078E-01  4.3948E-02  8.4515E-02 -2.1790E-01
  2.6298E-01  5.2086E-02  8.4311E-02 -2.2011E-01
  2.6520E-01  6.0269E-02  8.4083E-02 -2.2236E-01
  2.6743E-01  6.8490E-02  8.3832E-02 -2.2463E-01
  2.6969E-01  7.6745E-02  8.3557E-02 -2.2693E-01
  2.7196E-01  8.5029E-02  8.3256E-02 -2.2926E-01
  2.7425E-01  9.3336E-02  8.2930E-02 -2.3163E-01
  2.7656E-01  1.0166E-01  8.2577E-02 -2.3402E-01
  2.7889E-01  1.1000E-01  8.2197E-02 -2.3644E-01
  2.8124E-01  1.1834E-01  8.1790E-02 -2.3890E-01
  2.8361E-01  1.2668E-01  8.1353E-02 -2.4139E-01
  2.8600E-01  1.3502E-01  8.0887E-02 -2.4391E-01
  2.8841E-01  1.4335E-01  8.0391E-02 -2.4646E-01
  2.9084E-01  1.5165E-01  7.9864E-02 -2.4905E-01
  2.9329E-01  1.5994E-01  7.9306E-02 -2.5167E-01
  2.9576E-01  1.6819E-01  7.8714E-02 -2.5433E-01
  2.9825E-01  1.7640E-01  7.8089E-02 -2.5702E-01
  3.0077E-01  1.8458E-01  7.7430E-02 -2.5975E-01
  3.0330E-01  1.9269E-01  7.6736E-02 -2.6252E-01
  3.0585E-01  2.0076E-01  7.6005E-02 -2.6532E-01
  3.0843E-01  2.0875E-01  7.5237E-02 -2.6816E-01
  3.1103E-01  2.1668E-01  7.4432E-02 -2.7104E-01
  3.1365E-01  2.2452E-01  7.3588E-02 -2.7396E-01
  3.1629E-01  2.3228E-01  7.2704E-02 -2.7692E-01
  3.1896E-01  2.3995E-01  7.1779E-02 -2.7992E-01
  3.2164E-01  2.4751E-01  7.0812E-02 -2.8295E-01
  3.2435E-01  2.5497E-01  6.9803E-02 -2.8603E-01
  3.2709E-01  2.6230E-01  6.8750E-02 -2.8916E-01
  3.2984E-01  2.6952E-01  6.7652E-02 -2.9232E-01
  3.3262E-01  2.7660E-01  6.6508E-02 -2.9553E-01
  3.3542E-01  2.8354E-01  6.5317E-02 -2.9878E-01
  3.3825E-01  2.9033E-01  6.4078E-02 -3.0208E-01
  3.4110E-01  2.9696E-01  6.2790E-02 -3.0542E-01
  3.4397E-01  3.0343E-01  6.1452E-02 -3.0881E-01
  3.4687E-01  3.0973E-01  6.0062E-02 -3.1224E-01
  3.4979E-01  3.1585E-01  5.8620E-02 -3.1572E-01
  3.5274E-01  3.2178E-01  5.7125E-02 -3.1925E-01
  3.5571E-01  3.2751E-01  5.5574E-02 -3.2283E-01
  3.5871E-01  3.3304E-01  5.3967E-02 -3.2645E-01
  3.6173E-01  3.3835E-01  5.2304E-02 -3.3013E-01
  3.6478E-01  3.4345E-01  5.0581E-02 -3.3385E-01
  3.6785E-01  3.4831E-01  4.8799E-02 -3.3763E-01
  3.7095E-01  3.5293E-01  4.6956E-02 -3.4146E-01
  3.7407E-01  3.5730E-01  4.5051E-02 -3.4533E-01
  3.7722E-01  3.6142E-01  4.3082E-02 -3.4926E-01
  3.8040E-01  3.6528E-01  4.1049E-02 -3.5325E-01
  3.8361E-01  3.6886E-01  3.8949E-02 -3.5728E-01
  3.8684E-01  3.7217E-01  3.6782E-02 -3.6137E-01
  3.9009E-01  3.7518E-01  3.4546E-02 -3.6552E-01
  3.9338E-01  3.7790E-01  3.2241E-02 -3.6972E-01
  3.9669E-01  3.8031E-01  2.9863E-02 -3.7397E-01
  4.0004E-01  3.8241E-01  2.7413E-02 -3.7828E-01
  4.0341E-01  3.8419E-01  2.4889E-02 -3.8264E-01
  4.0680E-01  3.8564E-01  2.2290E-02 -3.8707E-01
  4.1023E-01  3.8675E-01  1.9614E-02 -3.9154E-01
  4.1369E-01  3.8752E-01  1.6859E-02 -3.9608E-01
  4.1717E-01  3.8794E-01  1.4025E-02 -4.0067E-01
  4.2068E-01  3.8799E-01  1.1109E-02 -4.0532E-01
  4.2423E-01  3.8768E-01  8.1118E-03 -4.1002E-01
  4.2780E-01  3.8700E-01  5.0304E-03 -4.1479E-01
  4.3140E-01  3.8593E-01  1.8639E-03 -4.1961E-01
  4.3504E-01  3.8448E-01 -1.3892E-03 -4.2448E-01
  4.3870E-01  3.8263E-01 -4.7302E-03 -4.2942E-01
  4.4240E-01  3.8037E-01 -8.1606E-03 -4.3441E-01
  4.4612E-01  3.7771E-01 -1.1682E-02 -4.3946E-01
  4.4988E-01  3.7464E-01 -1.5295E-02 -4.4456E-01
  4.5367E-01  3.7115E-01 -1.9001E-02 -4.4972E-01
  4.5749E-01  3.6723E-01 -2.2802E-02 -4.5493E-01
  4.6134E-01  3.6288E-01 -2.6699E-02 -4.6020E-01
  4.6523E-01  3.5809E-01 -3.0694E-02 -4.6553E-01
  4.6915E-01  3.5286E-01 -3.4787E-02 -4.7091E-01
  4.7310E-01  3.4719E-01 -3.8980E-02 -4.7634E-01
  4.7708E-01  3.4106E-01 -4.3274E-02 -4.8182E-01
  4.8110E-01  3.3448E-01 -4.7670E-02 -4.8735E-01
  4.8515E-01  3.2744E-01 -5.2170E-02 -4.9293E-01
  4.8924E-01  3.1994E-01 -5.6775E-02 -4.9856E-01
  4.9336E-01  3.1197E-01 -6.1485E-02 -5.0424E-01
  4.9752E-01  3.0353E-01 -6.6303E-02 -5.0996E-01
  5.0171E-01  2.9462E-01 -7.1228E-02 -5.1572E-01
  5.0593E-01  2.8524E-01 -7.6262E-02 -5.2152E-01
  5.1019E-01  2.7538E-01 -8.1405E-02 -5.2737E-01
  5.1449E-01  2.6504E-01 -8.6660E-02 -5.3325E-01
  5.1882E-01  2.5423E-01 -9.2026E-02 -5.3916E-01
  5.2319E-01  2.4293E-01 -9.7504E-02 -5.4511E-01
  5.2760E-01  2.3116E-01 -1.0309E-01 -5.5108E-01
  5.3204E-01  2.1891E-01 -1.0880E-01 -5.5708E-01
  5.3652E-01  2.0617E-01 -1.1462E-01 -5.6310E-01
  5.4104E-01  1.9296E-01 -1.2055E-01 -5.6915E-01
  5.4560E-01  1.7927E-01 -1.2660E-01 -5.7521E-01
  5.5019E-01  1.6511E-01 -1.3276E-01 -5.8128E-01
  5.5483E-01  1.5047E-01 -1.3904E-01 -5.8735E-01
  5.5950E-01  1.3537E-01 -1.4543E-01 -5.9343E-01
  5.6421E-01  1.1979E-01 -1.5194E-01 -5.9951E-01
  5.6896E-01  1.0375E-01 -1.5857E-01 -6.0559E-01
  5.7375E-01  8.7254E-02 -1.6531E-01 -6.1165E-01
  5.7859E-01  7.0301E-02 -1.7216E-01 -6.1769E-01
  5.8346E-01  5.2899E-02 -1.7913E-01 -6.2372E-01
  5.8837E-01  3.5052E-02 -1.8621E-01 -6.2971E-01
  5.9333E-01  1.6768E-02 -1.9340E-01 -6.3567E-01
  5.9832E-01 -1.9467E-03 -2.0071E-01 -6.4159E-01
  6.0336E-01 -2.1085E-02 -2.0812E-01 -6.4746E-01
  6.0844E-01 -4.0638E-02 -2.1564E-01 -6.5328E-01
  6.1357E-01 -6.0599E-02 -2.2327E-01 -6.5904E-01
  6.1873E-01 -8.0957E-02 -2.3101E-01 -6.6472E-01
  6.2394E-01 -1.0170E-01 -2.3885E-01 -6.7033E-01
  6.2920E-01 -1.2283E-01 -2.4679E-01 -6.7585E-01
  6.3450E-01 -1.4432E-01 -2.5483E-01 -6.8128E-01
  6.3984E-01 -1.6616E-01 -2.6296E-01 -6.8660E-01
  6.4523E-01 -1.8835E-01 -2.7119E-01 -6.9181E-01
  6.5066E-01 -2.1086E-01 -2.7951E-01 -6.9689E-01
  6.5614E-01 -2.3370E-01 -2.8791E-01 -7.0184E-01
  6.6167E-01 -2.5683E-01 -2.9640E-01 -7.0665E-01
  6.6724E-01 -2.8025E-01 -3.0497E-01 -7.1131E-01
  6.7286E-01 -3.0394E-01 -3.1361E-01 -7.1580E-01
  6.7852E-01 -3.2789E-01 -3.2232E-01 -7.2011E-01
  6.8424E-01 -3.5207E-01 -3.3109E-01 -7.2424E-01
  6.9000E-01 -3.7648E-01 -3.3993E-01 -7.2817E-01
  6.9581E-01 -4.0108E-01 -3.4882E-01 -7.3188E-01
  7.0167E-01 -4.2587E-01 -3.5775E-01 -7.3538E-01
  7.0758E-01 -4.5082E-01 -3.6673E-01 -7.3863E-01
  7.1353E-01 -4.7591E-01 -3.7574E-01 -7.4164E-01
  7.1954E-01 -5.0112E-01 -3.8477E-01 -7.4439E-01
  7.2560E-01 -5.2643E-01 -3.9383E-01 -7.4686E-01
  7.3171E-01 -5.5181E-01 -4.0289E-01 -7.4905E-01
  7.3787E-01 -5.7725E-01 -4.1196E-01 -7.5093E-01
  7.4409E-01 -6.0271E-01 -4.2101E-01 -7.5250E-01
  7.5035E-01 -6.2817E-01 -4.3005E-01 -7.5374E-01
  7.5667E-01 -6.5360E-01 -4.3907E-01 -7.5464E-01
  7.6304E-01 -6.7899E-01 -4.4804E-01 -7.5518E-01
  7.6947E-01 -7.0429E-01 -4.5696E-01 -7.5535E-01
  7.7595E-01 -7.2948E-01 -4.6582E-01 -7.5514E-01
  7.8248E-01 -7.5454E-01 -4.7460E-01 -7.5454E-01
  7.8907E-01 -7.7942E-01 -4.8330E-01 -7.5352E-01
  7.9571E-01 -8.0411E-01 -4.9189E-01 -7.5208E-01
  8.0241E-01 -8.2856E-01 -5.0036E-01 -7.5021E-01
  8.0917E-01 -8.5275E-01 -5.0870E-01 -7.4789E-01
  8.1598E-01 -8.7664E-01 -5.1689E-01 -7.4510E-01
  8.2286E-01 -9.0020E-01 -5.2492E-01 -7.4185E-01
  8.2978E-01 -9.2339E-01 -5.3276E-01 -7.3811E-01
  8.3677E-01 -9.4617E-01 -5.4040E-01 -7.3388E-01
  8.4382E-01 -9.6852E-01 -5.4781E-01 -7.2914E-01
  8.5092E-01 -9.9038E-01 -5.5499E-01 -7.2389E-01
  8.5809E-01 -1.0117E+00 -5.6190E-01 -7.1812E-01
  8.6531E-01 -1.0325E+00 -5.6853E-01 -7.1182E-01
  8.7260E-01 -1.0527E+00 -5.7485E-01 -7.0497E-01
  8.7995E-01 -1.0723E+00 -5.8084E-01 -6.9758E-01
  8.8735E-01 -1.0911E+00 -5.8648E-01 -6.8965E-01
  8.9483E-01 -1.1093E+00 -5.9173E-01 -6.8115E-01
  9.0236E-01 -1.1266E+00 -5.9657E-01 -6.7210E-01
  9.0996E-01 -1.1432E+00 -6.0098E-01 -6.6248E-01
  9.1762E-01 -1.1589E+00 -6.0493E-01 -6.5231E-01
  9.2535E-01 -1.1737E+00 -6.0838E-01 -6.4157E-01
  9.3314E-01 -1.1876E+00 -6.1131E-01 -6.3027E-01
  9.4099E-01 -1.2004E+00 -6.1368E-01 -6.1841E-01
  9.4892E-01 -1.2122E+00 -6.1546E-01 -6.0600E-01
  9.5691E-01 -1.2229E+00 -6.1662E-01 -5.9304E-01
  9.6496E-01 -1.2325E+00 -6.1712E-01 -5.7953E-01
  9.7309E-01 -1.2408E+00 -6.1692E-01 -5.6550E-01
  9.8128E-01 -1.2479E+00 -6.1600E-01 -5.5093E-01
  9.8954E-01 -1.2537E+00 -6.1430E-01 -5.3586E-01
  9.9788E-01 -1.2582E+00 -6.1179E-01 -5.2029E-01
  1.0063E+00 -1.2613E+00 -6.0843E-01 -5.0423E-01
  1.0148E+00 -1.2628E+00 -6.0417E-01 -4.8770E-01
  1.0233E+00 -1.2629E+00 -5.9897E-01 -4.7072E-01
  1.0319E+00 -1.2614E+00 -5.9280E-01 -4.5330E-01
  1.0406E+00 -1.2583E+00 -5.8559E-01 -4.3547E-01
  1.0494E+00 -1.2535E+00 -5.7731E-01 -4.1724E-01
  1.0582E+00 -1.2470E+00 -5.6790E-01 -3.9864E-01
  1.0671E+00 -1.2386E+00 -5.5732E-01 -3.7969E-01
  1.0761E+00 -1.2285E+00 -5.4551E-01 -3.6042E-01
  1.0852E+00 -1.2164E+00 -5.3242E-01 -3.4085E-01
  1.0943E+00 -1.2023E+00 -5.1801E-01 -3.2100E-01
  1.1035E+00 -1.1863E+00 -5.0221E-01 -3.0091E-01
  1.1128E+00 -1.1681E+00 -4.8496E-01 -2.8059E-01
  1.1222E+00 -1.1478E+00 -4.6622E-01 -2.6008E-01
  1.1316E+00 -1.1253E+00 -4.4593E-01 -2.3939E-01
  1.1411E+00 -1.1006E+00 -4.2402E-01 -2.1857E-01
  1.1507E+00 -1.0735E+00 -4.0044E-01 -1.9763E-01
  1.1604E+00 -1.0441E+00 -3.7512E-01 -1.7660E-01
  1.1702E+00 -1.0123E+00 -3.4801E-01 -1.5550E-01
  1.1801E+00 -9.7795E-01 -3.1904E-01 -1.3436E-01
  1.1900E+00 -9.4109E-01 -2.8814E-01 -1.1320E-01
  1.2000E+00 -9.0163E-01 -2.5526E-01 -9.2041E-02
  1.2101E+00 -8.5953E-01 -2.2033E-01 -7.0904E-02
  1.2203E+00 -8.1472E-01 -1.8329E-01 -4.9807E-02
  1.2306E+00 -7.6716E-01 -1.4406E-01 -2.8768E-02
  1.2409E+00 -7.1678E-01 -1.0258E-01 -7.7995E-03
  1.2514E+00 -6.6355E-01 -5.8792E-02  1.3083E-02
  1.2619E+00 -6.0740E-01 -1.2620E-02  3.3868E-02
  1.2725E+00 -5.4829E-01  3.5999E-02  5.4545E-02
  1.2833E+00 -4.8617E-01  8.7133E-02  7.5104E-02
  1.2941E+00 -4.2100E-01  1.4085E-01  9.5537E-02
  1.3050E+00 -3.5273E-01  1.9721E-01  1.1584E-01
  1.3159E+00 -2.8131E-01  2.5628E-01  1.3599E-01
  1.3270E+00 -2.0671E-01  3.1813E-01  1.5599E-01
  1.3382E+00 -1.2888E-01  3.8282E-01  1.7584E-01
  1.3495E+00 -4.7795E-02  4.5042E-01  1.9550E-01
  1.3608E+00  3.6589E-02  5.2098E-01  2.1498E-01
  1.3723E+00  1.2430E-01  5.9457E-01  2.3425E-01
  1.3838E+00  2.1537E-01  6.7124E-01  2.5328E-01
  1.3955E+00  3.0983E-01  7.5105E-01  2.7204E-01
  1.4072E+00  4.0770E-01  8.3407E-01  2.9050E-01
  1.4191E+00  5.0899E-01  9.2033E-01  3.0861E-01
  1.4310E+00  6.1374E-01  1.0099E+00  3.2630E-01
  1.4431E+00  7.2194E-01  1.1028E+00  3.4352E-01
  1.4552E+00  8.3362E-01  1.1991E+00  3.6018E-01
  1.4675E+00  9.4878E-01  1.2988E+00  3.7619E-01
  1.4798E+00  1.0674E+00  1.4020E+00  3.9144E-01
  1.4923E+00  1.1895E+00  1.5087E+00  4.0584E-01
  1.5049E+00  1.3151E+00  1.6189E+00  4.1925E-01
  1.5175E+00  1.4442E+00  1.7327E+00  4.3155E-01
  1.5303E+00  1.5767E+00  1.8501E+00  4.4262E-01
  1.5432E+00  1.7126E+00  1.9710E+00  4.5233E-01
  1.5562E+00  1.8520E+00  2.0956E+00  4.6059E-01
  1.5693E+00  1.9947E+00  2.2237E+00  4.6731E-01
  1.5825E+00  2.1407E+00  2.3554E+00  4.7245E-01
  1.5958E+00  2.2900E+00  2.4907E+00  4.7604E-01
  1.6092E+00  2.4426E+00  2.6296E+00  4.7819E-01
  1.6228E+00  2.5984E+00  2.7720E+00  4.7905E-01
  1.6365E+00  2.7572E+00  2.9179E+00  4.7866E-01
  1.6502E+00  2.9192E+00  3.0673E+00  4.7702E-01
  1.6641E+00  3.0841E+00  3.2201E+00  4.7411E-01
  1.6781E+00  3.2519E+00  3.3762E+00  4.6993E-01
  1.6923E+00  3.4225E+00  3.5357E+00  4.6449E-01
  1.7065E+00  3.5958E+00  3.6983E+00  4.5779E-01
  1.7209E+00  3.7717E+00  3.8641E+00  4.4985E-01
  1.7354E+00  3.9501E+00  4.0329E+00  4.4067E-01
  1.7500E+00  4.1309E+00  4.2045E+00  4.3028E-01
  1.7647E+00  4.3139E+00  4.3790E+00  4.1871E-01
  1.7796E+00  4.4990E+00  4.5562E+00  4.0598E-01
  1.7945E+00  4.6860E+00  4.7358E+00  3.9213E-01
  1.8097E+00  4.8748E+00  4.9178E+00  3.7719E-01
  1.8249E+00  5.0652E+00  5.1020E+00  3.6122E-01
  1.8402E+00  5.2571E+00  5.2882E+00  3.4425E-01
  1.8557E+00  5.4503E+00  5.4762E+00  3.2635E-01
  1.8714E+00  5.6445E+00  5.6658E+00  3.0758E-01
  1.8871E+00  5.8395E+00  5.8569E+00  2.8800E-01
  1.9030E+00  6.0352E+00  6.0490E+00  2.6768E-01
  1.9190E+00  6.2314E+00  6.2421E+00  2.4670E-01
  1.9352E+00  6.4277E+00  6.4358E+00  2.2515E-01
  1.9515E+00  6.6239E+00  6.6299E+00  2.0311E-01
  1.9679E+00  6.8199E+00  6.8241E+00  1.8068E-01
  1.9845E+00  7.0153E+00  7.0181E+00  1.5795E-01
  2.0012E+00  7.2098E+00  7.2116E+00  1.3503E-01
  2.0180E+00  7.4032E+00  7.4043E+00  1.1203E-01
  2.0350E+00  7.5952E+00  7.5957E+00  8.9056E-02
  2.0521E+00  7.7854E+00  7.7857E+00  6.6235E-02
  2.0694E+00  7.9737E+00  7.9737E+00  4.3686E-02
  2.0868E+00  8.1596E+00  8.1596E+00  2.1536E-02
  2.1044E+00  8.3428E+00  8.3428E+00  0.0000E+00
  2.1221E+00  8.5230E+00  8.5230E+00  0.0000E+00
  2.1400E+00  8.6998E+00  8.6998E+00  0.0000E+00
  2.1580E+00  8.8729E+00  8.8729E+00  0.0000E+00
  2.1762E+00  9.0420E+00  9.0420E+00  0.0000E+00
  2.1945E+00  9.2066E+00  9.2066E+00  0.0000E+00
  2.2130E+00  9.3664E+00  9.3664E+00  0.0000E+00
  2.2316E+00  9.5211E+00  9.5211E+00  0.0000E+00
  2.2504E+00  9.6701E+00  9.6701E+00  0.0000E+00
  2.2693E+00  9.8132E+00  9.8132E+00  0.0000E+00
  2.2884E+00  9.9500E+00  9.9500E+00  0.0000E+00
  2.3077E+00  1.0080E+01  1.0080E+01  0.0000E+00
  2.3271E+00  1.0203E+01  1.0203E+01  0.0000E+00
  2.3467E+00  1.0318E+01  1.0318E+01  0.0000E+00
  2.3665E+00  1.0426E+01  1.0426E+01  0.0000E+00
  2.3864E+00  1.0525E+01  1.0525E+01  0.0000E+00
  2.4065E+00  1.0616E+01  1.0616E+01  0.0000E+00
  2.4267E+00  1.0697E+01  1.0697E+01  0.0000E+00
  2.4472E+00  1.0769E+01  1.0769E+01  0.0000E+00
  2.4678E+00  1.0831E+01  1.0831E+01  0.0000E+00
  2.4885E+00  1.0883E+01  1.0883E+01  0.0000E+00
  2.5095E+00  1.0924E+01  1.0924E+01  0.0000E+00
  2.5306E+00  1.0954E+01  1.0954E+01  0.0000E+00
  2.5519E+00  1.0974E+01  1.0974E+01  0.0000E+00
  2.5734E+00  1.0981E+01  1.0981E+01  0.0000E+00
  2.5951E+00  1.0977E+01  1.0977E+01  0.0000E+00
  2.6169E+00  1.0960E+01  1.0960E+01  0.0000E+00
  2.6389E+00  1.0931E+01  1.0931E+01  0.0000E+00
  2.6612E+00  1.0890E+01  1.0890E+01  0.0000E+00
  2.6836E+00  1.0835E+01  1.0835E+01  0.0000E+00
  2.7062E+00  1.0767E+01  1.0767E+01  0.0000E+00
  2.7289E+00  1.0686E+01  1.0686E+01  0.0000E+00
  2.7519E+00  1.0591E+01  1.0591E+01  0.0000E+00
  2.7751E+00  1.0483E+01  1.0483E+01  0.0000E+00
  2.7984E+00  1.0362E+01  1.0362E+01  0.0000E+00
  2.8220E+00  1.0226E+01  1.0226E+01  0.0000E+00
  2.8458E+00  1.0077E+01  1.0077E+01  0.0000E+00
  2.8697E+00  9.9136E+00  9.9136E+00  0.0000E+00
  2.8939E+00  9.7369E+00  9.7369E+00  0.0000E+00
  2.9182E+00  9.5466E+00  9.5466E+00  0.0000E+00
  2.9428E+00  9.3429E+00  9.3429E+00  0.0000E+00
  2.9676E+00  9.1260E+00  9.1260E+00  0.0000E+00
  2.9925E+00  8.8961E+00  8.8961E+00  0.0000E+00
  3.0177E+00  8.6534E+00  8.6534E+00  0.0000E+00
  3.0431E+00  8.3984E+00  8.3984E+00  0.0000E+00
  3.0688E+00  8.1314E+00  8.1314E+00  0.0000E+00
  3.0946E+00  7.8529E+00  7.8529E+00  0.0000E+00
  3.1206E+00  7.5633E+00  7.5633E+00  0.0000E+00
  3.1469E+00  7.2633E+00  7.2633E+00  0.0000E+00
  3.1734E+00  6.9533E+00  6.9533E+00  0.0000E+00
  3.2001E+00  6.6341E+00  6.6341E+00  0.0000E+00
  3.2271E+00  6.3064E+00  6.3064E+00  0.0000E+00
  3.2542E+00  5.9709E+00  5.9709E+00  0.0000E+00
  3.2816E+00  5.6286E+00  5.6286E+00  0.0000E+00
  3.3092E+00  5.2802E+00  5.2802E+00  0.0000E+00
  3.3371E+00  4.9267E+00  4.9267E+00  0.0000E+00
  3.3652E+00  4.5691E+00  4.5691E+00  0.0000E+00
  3.3935E+00  4.2085E+00  4.2085E+00  0.0000E+00
  3.4221E+00  3.8460E+00  3.8460E+00  0.0000E+00
  3.4509E+00  3.4826E+00  3.4826E+00  0.0000E+00
  3.4799E+00  3.1196E+00  3.1196E+00  0.0000E+00
  3.5092E+00  2.7583E+00  2.7583E+00  0.0000E+00
