 # l=           2 basis function with energy     3.00000000000000     
  0.0000E+00  0.0000E+00  0.0000E+00  0.0000E+00
  2.3519E-06 -2.0513E-13 -2.7900E-17 -3.4208E-16
  4.7235E-06 -1.2909E-12 -2.2603E-16 -2.7714E-15
  7.1152E-06 -3.8047E-12 -7.7253E-16 -9.4722E-15
  9.5269E-06 -8.2203E-12 -1.8545E-15 -2.2738E-14
  1.1959E-05 -1.4986E-11 -3.6681E-15 -4.4976E-14
  1.4412E-05 -2.4528E-11 -6.4194E-15 -7.8709E-14
  1.6885E-05 -3.7269E-11 -1.0324E-14 -1.2658E-13
  1.9379E-05 -5.3634E-11 -1.5608E-14 -1.9137E-13
  2.1894E-05 -7.4047E-11 -2.2507E-14 -2.7596E-13
  2.4430E-05 -9.8938E-11 -3.1270E-14 -3.8340E-13
  2.6987E-05 -1.2874E-10 -4.2154E-14 -5.1686E-13
  2.9566E-05 -1.6390E-10 -5.5432E-14 -6.7966E-13
  3.2167E-05 -2.0486E-10 -7.1384E-14 -8.7525E-13
  3.4790E-05 -2.5210E-10 -9.0306E-14 -1.1073E-12
  3.7434E-05 -3.0607E-10 -1.1251E-13 -1.3795E-12
  4.0101E-05 -3.6727E-10 -1.3831E-13 -1.6958E-12
  4.2791E-05 -4.3619E-10 -1.6804E-13 -2.0604E-12
  4.5503E-05 -5.1334E-10 -2.0206E-13 -2.4775E-12
  4.8238E-05 -5.9924E-10 -2.4073E-13 -2.9516E-12
  5.0996E-05 -6.9444E-10 -2.8442E-13 -3.4874E-12
  5.3777E-05 -7.9948E-10 -3.3354E-13 -4.0896E-12
  5.6581E-05 -9.1494E-10 -3.8849E-13 -4.7634E-12
  5.9409E-05 -1.0414E-09 -4.4971E-13 -5.5140E-12
  6.2261E-05 -1.1795E-09 -5.1763E-13 -6.3468E-12
  6.5137E-05 -1.3297E-09 -5.9273E-13 -7.2675E-12
  6.8038E-05 -1.4929E-09 -6.7547E-13 -8.2821E-12
  7.0962E-05 -1.6696E-09 -7.6638E-13 -9.3967E-12
  7.3911E-05 -1.8605E-09 -8.6596E-13 -1.0618E-11
  7.6885E-05 -2.0662E-09 -9.7475E-13 -1.1952E-11
  7.9884E-05 -2.2876E-09 -1.0933E-12 -1.3405E-11
  8.2909E-05 -2.5254E-09 -1.2223E-12 -1.4986E-11
  8.5958E-05 -2.7803E-09 -1.3622E-12 -1.6702E-11
  8.9034E-05 -3.0530E-09 -1.5137E-12 -1.8559E-11
  9.2135E-05 -3.3446E-09 -1.6774E-12 -2.0567E-11
  9.5263E-05 -3.6556E-09 -1.8541E-12 -2.2733E-11
  9.8416E-05 -3.9871E-09 -2.0444E-12 -2.5067E-11
  1.0160E-04 -4.3399E-09 -2.2491E-12 -2.7576E-11
  1.0480E-04 -4.7149E-09 -2.4688E-12 -3.0271E-11
  1.0804E-04 -5.1131E-09 -2.7045E-12 -3.3160E-11
  1.1130E-04 -5.5354E-09 -2.9569E-12 -3.6255E-11
  1.1459E-04 -5.9828E-09 -3.2268E-12 -3.9565E-11
  1.1790E-04 -6.4564E-09 -3.5152E-12 -4.3100E-11
  1.2125E-04 -6.9572E-09 -3.8229E-12 -4.6873E-11
  1.2462E-04 -7.4863E-09 -4.1508E-12 -5.0894E-11
  1.2802E-04 -8.0449E-09 -4.5000E-12 -5.5175E-11
  1.3145E-04 -8.6340E-09 -4.8714E-12 -5.9729E-11
  1.3491E-04 -9.2549E-09 -5.2661E-12 -6.4569E-11
  1.3840E-04 -9.9089E-09 -5.6852E-12 -6.9707E-11
  1.4191E-04 -1.0597E-08 -6.1297E-12 -7.5157E-11
  1.4546E-04 -1.1321E-08 -6.6008E-12 -8.0933E-11
  1.4904E-04 -1.2082E-08 -7.0997E-12 -8.7051E-11
  1.5264E-04 -1.2881E-08 -7.6277E-12 -9.3524E-11
  1.5628E-04 -1.3719E-08 -8.1859E-12 -1.0037E-10
  1.5995E-04 -1.4599E-08 -8.7759E-12 -1.0760E-10
  1.6365E-04 -1.5522E-08 -9.3988E-12 -1.1524E-10
  1.6737E-04 -1.6489E-08 -1.0056E-11 -1.2330E-10
  1.7114E-04 -1.7502E-08 -1.0749E-11 -1.3180E-10
  1.7493E-04 -1.8562E-08 -1.1480E-11 -1.4076E-10
  1.7875E-04 -1.9672E-08 -1.2249E-11 -1.5019E-10
  1.8261E-04 -2.0832E-08 -1.3059E-11 -1.6012E-10
  1.8650E-04 -2.2046E-08 -1.3912E-11 -1.7057E-10
  1.9042E-04 -2.3313E-08 -1.4808E-11 -1.8156E-10
  1.9437E-04 -2.4638E-08 -1.5750E-11 -1.9311E-10
  1.9836E-04 -2.6021E-08 -1.6739E-11 -2.0524E-10
  2.0238E-04 -2.7464E-08 -1.7778E-11 -2.1798E-10
  2.0644E-04 -2.8970E-08 -1.8868E-11 -2.3135E-10
  2.1053E-04 -3.0540E-08 -2.0012E-11 -2.4537E-10
  2.1465E-04 -3.2178E-08 -2.1211E-11 -2.6008E-10
  2.1881E-04 -3.3884E-08 -2.2468E-11 -2.7549E-10
  2.2300E-04 -3.5662E-08 -2.3785E-11 -2.9163E-10
  2.2723E-04 -3.7514E-08 -2.5164E-11 -3.0854E-10
  2.3150E-04 -3.9443E-08 -2.6608E-11 -3.2624E-10
  2.3580E-04 -4.1450E-08 -2.8118E-11 -3.4476E-10
  2.4014E-04 -4.3538E-08 -2.9698E-11 -3.6414E-10
  2.4451E-04 -4.5711E-08 -3.1350E-11 -3.8439E-10
  2.4892E-04 -4.7971E-08 -3.3078E-11 -4.0557E-10
  2.5337E-04 -5.0320E-08 -3.4882E-11 -4.2770E-10
  2.5785E-04 -5.2763E-08 -3.6768E-11 -4.5081E-10
  2.6237E-04 -5.5300E-08 -3.8736E-11 -4.7495E-10
  2.6693E-04 -5.7937E-08 -4.0791E-11 -5.0015E-10
  2.7153E-04 -6.0675E-08 -4.2936E-11 -5.2645E-10
  2.7617E-04 -6.3519E-08 -4.5174E-11 -5.5389E-10
  2.8085E-04 -6.6471E-08 -4.7508E-11 -5.8250E-10
  2.8556E-04 -6.9536E-08 -4.9941E-11 -6.1234E-10
  2.9032E-04 -7.2716E-08 -5.2478E-11 -6.4345E-10
  2.9511E-04 -7.6015E-08 -5.5122E-11 -6.7586E-10
  2.9995E-04 -7.9437E-08 -5.7877E-11 -7.0964E-10
  3.0483E-04 -8.2986E-08 -6.0746E-11 -7.4481E-10
  3.0974E-04 -8.6666E-08 -6.3733E-11 -7.8145E-10
  3.1470E-04 -9.0480E-08 -6.6844E-11 -8.1958E-10
  3.1970E-04 -9.4434E-08 -7.0081E-11 -8.5928E-10
  3.2475E-04 -9.8531E-08 -7.3450E-11 -9.0059E-10
  3.2983E-04 -1.0278E-07 -7.6955E-11 -9.4356E-10
  3.3496E-04 -1.0717E-07 -8.0601E-11 -9.8826E-10
  3.4013E-04 -1.1173E-07 -8.4392E-11 -1.0347E-09
  3.4535E-04 -1.1644E-07 -8.8333E-11 -1.0831E-09
  3.5060E-04 -1.2133E-07 -9.2430E-11 -1.1333E-09
  3.5591E-04 -1.2638E-07 -9.6688E-11 -1.1855E-09
  3.6125E-04 -1.3162E-07 -1.0111E-10 -1.2398E-09
  3.6665E-04 -1.3703E-07 -1.0571E-10 -1.2961E-09
  3.7209E-04 -1.4263E-07 -1.1048E-10 -1.3546E-09
  3.7757E-04 -1.4843E-07 -1.1544E-10 -1.4154E-09
  3.8310E-04 -1.5443E-07 -1.2059E-10 -1.4785E-09
  3.8868E-04 -1.6063E-07 -1.2593E-10 -1.5440E-09
  3.9430E-04 -1.6704E-07 -1.3147E-10 -1.6120E-09
  3.9997E-04 -1.7367E-07 -1.3723E-10 -1.6826E-09
  4.0569E-04 -1.8053E-07 -1.4320E-10 -1.7558E-09
  4.1146E-04 -1.8762E-07 -1.4939E-10 -1.8317E-09
  4.1727E-04 -1.9494E-07 -1.5582E-10 -1.9105E-09
  4.2314E-04 -2.0252E-07 -1.6248E-10 -1.9922E-09
  4.2905E-04 -2.1034E-07 -1.6939E-10 -2.0769E-09
  4.3501E-04 -2.1842E-07 -1.7655E-10 -2.1647E-09
  4.4103E-04 -2.2678E-07 -1.8397E-10 -2.2557E-09
  4.4709E-04 -2.3540E-07 -1.9167E-10 -2.3501E-09
  4.5321E-04 -2.4431E-07 -1.9964E-10 -2.4478E-09
  4.5937E-04 -2.5351E-07 -2.0790E-10 -2.5491E-09
  4.6559E-04 -2.6302E-07 -2.1646E-10 -2.6540E-09
  4.7186E-04 -2.7283E-07 -2.2532E-10 -2.7627E-09
  4.7819E-04 -2.8296E-07 -2.3450E-10 -2.8753E-09
  4.8456E-04 -2.9342E-07 -2.4401E-10 -2.9919E-09
  4.9099E-04 -3.0421E-07 -2.5386E-10 -3.1126E-09
  4.9748E-04 -3.1535E-07 -2.6405E-10 -3.2375E-09
  5.0402E-04 -3.2685E-07 -2.7460E-10 -3.3669E-09
  5.1061E-04 -3.3872E-07 -2.8552E-10 -3.5008E-09
  5.1726E-04 -3.5096E-07 -2.9682E-10 -3.6394E-09
  5.2397E-04 -3.6359E-07 -3.0851E-10 -3.7827E-09
  5.3073E-04 -3.7662E-07 -3.2061E-10 -3.9311E-09
  5.3755E-04 -3.9006E-07 -3.3313E-10 -4.0846E-09
  5.4443E-04 -4.0393E-07 -3.4608E-10 -4.2434E-09
  5.5136E-04 -4.1823E-07 -3.5947E-10 -4.4076E-09
  5.5835E-04 -4.3298E-07 -3.7333E-10 -4.5774E-09
  5.6540E-04 -4.4818E-07 -3.8765E-10 -4.7531E-09
  5.7252E-04 -4.6386E-07 -4.0246E-10 -4.9347E-09
  5.7969E-04 -4.8003E-07 -4.1777E-10 -5.1224E-09
  5.8692E-04 -4.9670E-07 -4.3360E-10 -5.3165E-09
  5.9421E-04 -5.1388E-07 -4.4997E-10 -5.5172E-09
  6.0156E-04 -5.3159E-07 -4.6688E-10 -5.7245E-09
  6.0898E-04 -5.4985E-07 -4.8436E-10 -5.9388E-09
  6.1646E-04 -5.6867E-07 -5.0242E-10 -6.1603E-09
  6.2400E-04 -5.8806E-07 -5.2109E-10 -6.3892E-09
  6.3160E-04 -6.0804E-07 -5.4037E-10 -6.6256E-09
  6.3927E-04 -6.2863E-07 -5.6029E-10 -6.8699E-09
  6.4700E-04 -6.4985E-07 -5.8087E-10 -7.1222E-09
  6.5480E-04 -6.7170E-07 -6.0213E-10 -7.3828E-09
  6.6266E-04 -6.9422E-07 -6.2409E-10 -7.6520E-09
  6.7059E-04 -7.1742E-07 -6.4676E-10 -7.9300E-09
  6.7859E-04 -7.4132E-07 -6.7017E-10 -8.2171E-09
  6.8665E-04 -7.6593E-07 -6.9435E-10 -8.5136E-09
  6.9479E-04 -7.9129E-07 -7.1931E-10 -8.8196E-09
  7.0299E-04 -8.1740E-07 -7.4508E-10 -9.1356E-09
  7.1126E-04 -8.4429E-07 -7.7168E-10 -9.4618E-09
  7.1959E-04 -8.7198E-07 -7.9915E-10 -9.7985E-09
  7.2800E-04 -9.0049E-07 -8.2749E-10 -1.0146E-08
  7.3648E-04 -9.2985E-07 -8.5674E-10 -1.0505E-08
  7.4503E-04 -9.6008E-07 -8.8693E-10 -1.0875E-08
  7.5366E-04 -9.9120E-07 -9.1809E-10 -1.1257E-08
  7.6235E-04 -1.0232E-06 -9.5024E-10 -1.1651E-08
  7.7112E-04 -1.0562E-06 -9.8340E-10 -1.2058E-08
  7.7996E-04 -1.0902E-06 -1.0176E-09 -1.2477E-08
  7.8888E-04 -1.1251E-06 -1.0529E-09 -1.2910E-08
  7.9787E-04 -1.1611E-06 -1.0893E-09 -1.3357E-08
  8.0694E-04 -1.1981E-06 -1.1269E-09 -1.3817E-08
  8.1609E-04 -1.2362E-06 -1.1657E-09 -1.4292E-08
  8.2531E-04 -1.2754E-06 -1.2056E-09 -1.4782E-08
  8.3461E-04 -1.3158E-06 -1.2468E-09 -1.5288E-08
  8.4398E-04 -1.3573E-06 -1.2893E-09 -1.5809E-08
  8.5344E-04 -1.4001E-06 -1.3332E-09 -1.6346E-08
  8.6298E-04 -1.4440E-06 -1.3783E-09 -1.6900E-08
  8.7259E-04 -1.4893E-06 -1.4249E-09 -1.7471E-08
  8.8229E-04 -1.5358E-06 -1.4730E-09 -1.8060E-08
  8.9207E-04 -1.5837E-06 -1.5225E-09 -1.8668E-08
  9.0193E-04 -1.6329E-06 -1.5735E-09 -1.9293E-08
  9.1187E-04 -1.6836E-06 -1.6262E-09 -1.9939E-08
  9.2190E-04 -1.7357E-06 -1.6804E-09 -2.0604E-08
  9.3201E-04 -1.7893E-06 -1.7363E-09 -2.1289E-08
  9.4221E-04 -1.8445E-06 -1.7939E-09 -2.1996E-08
  9.5249E-04 -1.9012E-06 -1.8533E-09 -2.2724E-08
  9.6286E-04 -1.9596E-06 -1.9145E-09 -2.3474E-08
  9.7332E-04 -2.0196E-06 -1.9775E-09 -2.4247E-08
  9.8386E-04 -2.0813E-06 -2.0425E-09 -2.5044E-08
  9.9449E-04 -2.1447E-06 -2.1094E-09 -2.5864E-08
  1.0052E-03 -2.2100E-06 -2.1784E-09 -2.6710E-08
  1.0160E-03 -2.2771E-06 -2.2495E-09 -2.7581E-08
  1.0269E-03 -2.3461E-06 -2.3227E-09 -2.8479E-08
  1.0379E-03 -2.4170E-06 -2.3981E-09 -2.9404E-08
  1.0490E-03 -2.4899E-06 -2.4758E-09 -3.0356E-08
  1.0602E-03 -2.5649E-06 -2.5558E-09 -3.1337E-08
  1.0715E-03 -2.6421E-06 -2.6382E-09 -3.2348E-08
  1.0828E-03 -2.7213E-06 -2.7231E-09 -3.3389E-08
  1.0943E-03 -2.8028E-06 -2.8105E-09 -3.4461E-08
  1.1059E-03 -2.8866E-06 -2.9006E-09 -3.5564E-08
  1.1175E-03 -2.9727E-06 -2.9933E-09 -3.6701E-08
  1.1293E-03 -3.0613E-06 -3.0888E-09 -3.7872E-08
  1.1412E-03 -3.1523E-06 -3.1871E-09 -3.9078E-08
  1.1531E-03 -3.2458E-06 -3.2883E-09 -4.0319E-08
  1.1652E-03 -3.3419E-06 -3.3926E-09 -4.1597E-08
  1.1773E-03 -3.4407E-06 -3.4999E-09 -4.2913E-08
  1.1896E-03 -3.5423E-06 -3.6104E-09 -4.4268E-08
  1.2020E-03 -3.6467E-06 -3.7242E-09 -4.5663E-08
  1.2144E-03 -3.7540E-06 -3.8413E-09 -4.7099E-08
  1.2270E-03 -3.8642E-06 -3.9618E-09 -4.8577E-08
  1.2397E-03 -3.9775E-06 -4.0859E-09 -5.0098E-08
  1.2525E-03 -4.0939E-06 -4.2137E-09 -5.1665E-08
  1.2654E-03 -4.2136E-06 -4.3452E-09 -5.3277E-08
  1.2784E-03 -4.3365E-06 -4.4805E-09 -5.4936E-08
  1.2915E-03 -4.4628E-06 -4.6198E-09 -5.6644E-08
  1.3047E-03 -4.5926E-06 -4.7631E-09 -5.8402E-08
  1.3180E-03 -4.7260E-06 -4.9107E-09 -6.0211E-08
  1.3315E-03 -4.8630E-06 -5.0625E-09 -6.2072E-08
  1.3450E-03 -5.0038E-06 -5.2187E-09 -6.3988E-08
  1.3587E-03 -5.1485E-06 -5.3795E-09 -6.5960E-08
  1.3725E-03 -5.2971E-06 -5.5450E-09 -6.7988E-08
  1.3864E-03 -5.4498E-06 -5.7152E-09 -7.0076E-08
  1.4004E-03 -5.6066E-06 -5.8904E-09 -7.2223E-08
  1.4146E-03 -5.7678E-06 -6.0706E-09 -7.4433E-08
  1.4288E-03 -5.9333E-06 -6.2560E-09 -7.6707E-08
  1.4432E-03 -6.1034E-06 -6.4468E-09 -7.9046E-08
  1.4577E-03 -6.2780E-06 -6.6431E-09 -8.1452E-08
  1.4723E-03 -6.4575E-06 -6.8450E-09 -8.3928E-08
  1.4871E-03 -6.6418E-06 -7.0527E-09 -8.6475E-08
  1.5019E-03 -6.8311E-06 -7.2664E-09 -8.9095E-08
  1.5169E-03 -7.0255E-06 -7.4862E-09 -9.1790E-08
  1.5321E-03 -7.2253E-06 -7.7123E-09 -9.4563E-08
  1.5473E-03 -7.4304E-06 -7.9449E-09 -9.7414E-08
  1.5627E-03 -7.6411E-06 -8.1841E-09 -1.0035E-07
  1.5782E-03 -7.8575E-06 -8.4302E-09 -1.0336E-07
  1.5938E-03 -8.0797E-06 -8.6832E-09 -1.0647E-07
  1.6096E-03 -8.3079E-06 -8.9435E-09 -1.0966E-07
  1.6255E-03 -8.5423E-06 -9.2112E-09 -1.1294E-07
  1.6415E-03 -8.7830E-06 -9.4864E-09 -1.1632E-07
  1.6577E-03 -9.0302E-06 -9.7695E-09 -1.1979E-07
  1.6740E-03 -9.2841E-06 -1.0061E-08 -1.2336E-07
  1.6904E-03 -9.5447E-06 -1.0360E-08 -1.2703E-07
  1.7070E-03 -9.8124E-06 -1.0668E-08 -1.3080E-07
  1.7237E-03 -1.0087E-05 -1.0984E-08 -1.3468E-07
  1.7406E-03 -1.0370E-05 -1.1310E-08 -1.3867E-07
  1.7576E-03 -1.0659E-05 -1.1645E-08 -1.4278E-07
  1.7748E-03 -1.0957E-05 -1.1989E-08 -1.4700E-07
  1.7920E-03 -1.1262E-05 -1.2343E-08 -1.5134E-07
  1.8095E-03 -1.1576E-05 -1.2706E-08 -1.5580E-07
  1.8271E-03 -1.1898E-05 -1.3080E-08 -1.6038E-07
  1.8448E-03 -1.2229E-05 -1.3465E-08 -1.6510E-07
  1.8627E-03 -1.2569E-05 -1.3860E-08 -1.6994E-07
  1.8807E-03 -1.2917E-05 -1.4267E-08 -1.7493E-07
  1.8989E-03 -1.3275E-05 -1.4684E-08 -1.8005E-07
  1.9172E-03 -1.3643E-05 -1.5114E-08 -1.8532E-07
  1.9357E-03 -1.4020E-05 -1.5556E-08 -1.9073E-07
  1.9544E-03 -1.4407E-05 -1.6009E-08 -1.9629E-07
  1.9732E-03 -1.4805E-05 -1.6476E-08 -2.0201E-07
  1.9921E-03 -1.5213E-05 -1.6955E-08 -2.0789E-07
  2.0112E-03 -1.5632E-05 -1.7448E-08 -2.1394E-07
  2.0305E-03 -1.6062E-05 -1.7955E-08 -2.2015E-07
  2.0500E-03 -1.6503E-05 -1.8476E-08 -2.2654E-07
  2.0696E-03 -1.6956E-05 -1.9011E-08 -2.3310E-07
  2.0893E-03 -1.7422E-05 -1.9561E-08 -2.3984E-07
  2.1093E-03 -1.7899E-05 -2.0126E-08 -2.4678E-07
  2.1294E-03 -1.8389E-05 -2.0707E-08 -2.5390E-07
  2.1497E-03 -1.8892E-05 -2.1305E-08 -2.6122E-07
  2.1701E-03 -1.9409E-05 -2.1918E-08 -2.6875E-07
  2.1907E-03 -1.9939E-05 -2.2549E-08 -2.7648E-07
  2.2115E-03 -2.0483E-05 -2.3197E-08 -2.8443E-07
  2.2325E-03 -2.1041E-05 -2.3863E-08 -2.9259E-07
  2.2536E-03 -2.1614E-05 -2.4548E-08 -3.0099E-07
  2.2750E-03 -2.2202E-05 -2.5251E-08 -3.0961E-07
  2.2965E-03 -2.2806E-05 -2.5974E-08 -3.1847E-07
  2.3181E-03 -2.3426E-05 -2.6717E-08 -3.2758E-07
  2.3400E-03 -2.4061E-05 -2.7480E-08 -3.3693E-07
  2.3621E-03 -2.4714E-05 -2.8264E-08 -3.4655E-07
  2.3843E-03 -2.5384E-05 -2.9069E-08 -3.5643E-07
  2.4067E-03 -2.6071E-05 -2.9897E-08 -3.6658E-07
  2.4293E-03 -2.6776E-05 -3.0748E-08 -3.7701E-07
  2.4521E-03 -2.7500E-05 -3.1622E-08 -3.8772E-07
  2.4751E-03 -2.8243E-05 -3.2520E-08 -3.9873E-07
  2.4983E-03 -2.9005E-05 -3.3442E-08 -4.1004E-07
  2.5217E-03 -2.9787E-05 -3.4390E-08 -4.2166E-07
  2.5453E-03 -3.0590E-05 -3.5363E-08 -4.3360E-07
  2.5690E-03 -3.1414E-05 -3.6364E-08 -4.4587E-07
  2.5930E-03 -3.2259E-05 -3.7391E-08 -4.5847E-07
  2.6172E-03 -3.3126E-05 -3.8447E-08 -4.7141E-07
  2.6416E-03 -3.4016E-05 -3.9532E-08 -4.8471E-07
  2.6662E-03 -3.4929E-05 -4.0646E-08 -4.9837E-07
  2.6910E-03 -3.5866E-05 -4.1790E-08 -5.1240E-07
  2.7160E-03 -3.6828E-05 -4.2966E-08 -5.2682E-07
  2.7412E-03 -3.7814E-05 -4.4174E-08 -5.4163E-07
  2.7666E-03 -3.8826E-05 -4.5415E-08 -5.5684E-07
  2.7922E-03 -3.9865E-05 -4.6689E-08 -5.7247E-07
  2.8181E-03 -4.0930E-05 -4.7998E-08 -5.8852E-07
  2.8442E-03 -4.2024E-05 -4.9342E-08 -6.0500E-07
  2.8705E-03 -4.3145E-05 -5.0724E-08 -6.2194E-07
  2.8970E-03 -4.4296E-05 -5.2142E-08 -6.3933E-07
  2.9237E-03 -4.5477E-05 -5.3599E-08 -6.5719E-07
  2.9507E-03 -4.6688E-05 -5.5096E-08 -6.7554E-07
  2.9779E-03 -4.7931E-05 -5.6633E-08 -6.9439E-07
  3.0053E-03 -4.9206E-05 -5.8212E-08 -7.1375E-07
  3.0329E-03 -5.0514E-05 -5.9833E-08 -7.3363E-07
  3.0608E-03 -5.1856E-05 -6.1498E-08 -7.5405E-07
  3.0889E-03 -5.3233E-05 -6.3209E-08 -7.7502E-07
  3.1173E-03 -5.4645E-05 -6.4965E-08 -7.9656E-07
  3.1459E-03 -5.6094E-05 -6.6769E-08 -8.1868E-07
  3.1747E-03 -5.7581E-05 -6.8622E-08 -8.4139E-07
  3.2038E-03 -5.9106E-05 -7.0525E-08 -8.6472E-07
  3.2331E-03 -6.0670E-05 -7.2479E-08 -8.8868E-07
  3.2627E-03 -6.2275E-05 -7.4485E-08 -9.1329E-07
  3.2925E-03 -6.3921E-05 -7.6546E-08 -9.3855E-07
  3.3225E-03 -6.5609E-05 -7.8662E-08 -9.6450E-07
  3.3529E-03 -6.7341E-05 -8.0835E-08 -9.9114E-07
  3.3834E-03 -6.9118E-05 -8.3067E-08 -1.0185E-06
  3.4143E-03 -7.0941E-05 -8.5358E-08 -1.0466E-06
  3.4453E-03 -7.2810E-05 -8.7711E-08 -1.0755E-06
  3.4767E-03 -7.4728E-05 -9.0128E-08 -1.1051E-06
  3.5083E-03 -7.6695E-05 -9.2609E-08 -1.1355E-06
  3.5402E-03 -7.8712E-05 -9.5157E-08 -1.1667E-06
  3.5724E-03 -8.0782E-05 -9.7773E-08 -1.1988E-06
  3.6048E-03 -8.2904E-05 -1.0046E-07 -1.2318E-06
  3.6375E-03 -8.5081E-05 -1.0322E-07 -1.2656E-06
  3.6704E-03 -8.7315E-05 -1.0605E-07 -1.3003E-06
  3.7037E-03 -8.9605E-05 -1.0896E-07 -1.3360E-06
  3.7372E-03 -9.1954E-05 -1.1194E-07 -1.3726E-06
  3.7710E-03 -9.4364E-05 -1.1501E-07 -1.4102E-06
  3.8051E-03 -9.6835E-05 -1.1816E-07 -1.4488E-06
  3.8395E-03 -9.9369E-05 -1.2139E-07 -1.4884E-06
  3.8742E-03 -1.0197E-04 -1.2471E-07 -1.5291E-06
  3.9091E-03 -1.0463E-04 -1.2811E-07 -1.5708E-06
  3.9444E-03 -1.0737E-04 -1.3161E-07 -1.6137E-06
  3.9799E-03 -1.1017E-04 -1.3520E-07 -1.6578E-06
  4.0158E-03 -1.1305E-04 -1.3889E-07 -1.7030E-06
  4.0519E-03 -1.1600E-04 -1.4267E-07 -1.7494E-06
  4.0884E-03 -1.1902E-04 -1.4656E-07 -1.7970E-06
  4.1252E-03 -1.2213E-04 -1.5055E-07 -1.8459E-06
  4.1622E-03 -1.2531E-04 -1.5465E-07 -1.8962E-06
  4.1996E-03 -1.2857E-04 -1.5885E-07 -1.9477E-06
  4.2373E-03 -1.3192E-04 -1.6317E-07 -2.0007E-06
  4.2754E-03 -1.3535E-04 -1.6760E-07 -2.0550E-06
  4.3137E-03 -1.3886E-04 -1.7215E-07 -2.1108E-06
  4.3524E-03 -1.4247E-04 -1.7682E-07 -2.1680E-06
  4.3913E-03 -1.4617E-04 -1.8161E-07 -2.2268E-06
  4.4307E-03 -1.4997E-04 -1.8653E-07 -2.2872E-06
  4.4703E-03 -1.5386E-04 -1.9159E-07 -2.3491E-06
  4.5103E-03 -1.5785E-04 -1.9677E-07 -2.4127E-06
  4.5506E-03 -1.6194E-04 -2.0210E-07 -2.4780E-06
  4.5913E-03 -1.6613E-04 -2.0756E-07 -2.5450E-06
  4.6323E-03 -1.7044E-04 -2.1317E-07 -2.6138E-06
  4.6736E-03 -1.7485E-04 -2.1893E-07 -2.6844E-06
  4.7153E-03 -1.7937E-04 -2.2484E-07 -2.7569E-06
  4.7573E-03 -1.8401E-04 -2.3091E-07 -2.8313E-06
  4.7997E-03 -1.8876E-04 -2.3714E-07 -2.9077E-06
  4.8425E-03 -1.9364E-04 -2.4353E-07 -2.9860E-06
  4.8856E-03 -1.9864E-04 -2.5009E-07 -3.0665E-06
  4.9291E-03 -2.0377E-04 -2.5683E-07 -3.1491E-06
  4.9729E-03 -2.0902E-04 -2.6374E-07 -3.2339E-06
  5.0171E-03 -2.1441E-04 -2.7084E-07 -3.3209E-06
  5.0617E-03 -2.1994E-04 -2.7813E-07 -3.4102E-06
  5.1067E-03 -2.2560E-04 -2.8560E-07 -3.5019E-06
  5.1520E-03 -2.3141E-04 -2.9328E-07 -3.5960E-06
  5.1977E-03 -2.3737E-04 -3.0115E-07 -3.6926E-06
  5.2438E-03 -2.4348E-04 -3.0924E-07 -3.7917E-06
  5.2903E-03 -2.4974E-04 -3.1754E-07 -3.8935E-06
  5.3372E-03 -2.5615E-04 -3.2605E-07 -3.9979E-06
  5.3845E-03 -2.6274E-04 -3.3480E-07 -4.1051E-06
  5.4322E-03 -2.6948E-04 -3.4377E-07 -4.2151E-06
  5.4802E-03 -2.7640E-04 -3.5298E-07 -4.3280E-06
  5.5287E-03 -2.8349E-04 -3.6243E-07 -4.4439E-06
  5.5776E-03 -2.9076E-04 -3.7213E-07 -4.5628E-06
  5.6269E-03 -2.9821E-04 -3.8208E-07 -4.6849E-06
  5.6766E-03 -3.0585E-04 -3.9230E-07 -4.8102E-06
  5.7267E-03 -3.1369E-04 -4.0278E-07 -4.9387E-06
  5.7773E-03 -3.2172E-04 -4.1355E-07 -5.0707E-06
  5.8283E-03 -3.2995E-04 -4.2459E-07 -5.2061E-06
  5.8797E-03 -3.3839E-04 -4.3592E-07 -5.3451E-06
  5.9315E-03 -3.4704E-04 -4.4756E-07 -5.4877E-06
  5.9838E-03 -3.5591E-04 -4.5950E-07 -5.6341E-06
  6.0365E-03 -3.6500E-04 -4.7175E-07 -5.7844E-06
  6.0897E-03 -3.7432E-04 -4.8432E-07 -5.9385E-06
  6.1433E-03 -3.8387E-04 -4.9723E-07 -6.0968E-06
  6.1974E-03 -3.9367E-04 -5.1047E-07 -6.2591E-06
  6.2519E-03 -4.0370E-04 -5.2406E-07 -6.4258E-06
  6.3069E-03 -4.1399E-04 -5.3800E-07 -6.5968E-06
  6.3623E-03 -4.2454E-04 -5.5232E-07 -6.7723E-06
  6.4182E-03 -4.3535E-04 -5.6700E-07 -6.9524E-06
  6.4746E-03 -4.4644E-04 -5.8208E-07 -7.1372E-06
  6.5314E-03 -4.5780E-04 -5.9755E-07 -7.3269E-06
  6.5888E-03 -4.6944E-04 -6.1342E-07 -7.5215E-06
  6.6466E-03 -4.8138E-04 -6.2971E-07 -7.7212E-06
  6.7049E-03 -4.9361E-04 -6.4642E-07 -7.9262E-06
  6.7637E-03 -5.0615E-04 -6.6357E-07 -8.1365E-06
  6.8230E-03 -5.1900E-04 -6.8118E-07 -8.3523E-06
  6.8827E-03 -5.3217E-04 -6.9924E-07 -8.5738E-06
  6.9430E-03 -5.4568E-04 -7.1777E-07 -8.8011E-06
  7.0038E-03 -5.5951E-04 -7.3679E-07 -9.0343E-06
  7.0651E-03 -5.7370E-04 -7.5631E-07 -9.2736E-06
  7.1270E-03 -5.8823E-04 -7.7634E-07 -9.5192E-06
  7.1893E-03 -6.0313E-04 -7.9689E-07 -9.7712E-06
  7.2522E-03 -6.1840E-04 -8.1798E-07 -1.0030E-05
  7.3156E-03 -6.3405E-04 -8.3961E-07 -1.0295E-05
  7.3795E-03 -6.5009E-04 -8.6182E-07 -1.0567E-05
  7.4440E-03 -6.6653E-04 -8.8460E-07 -1.0847E-05
  7.5090E-03 -6.8338E-04 -9.0798E-07 -1.1133E-05
  7.5745E-03 -7.0064E-04 -9.3197E-07 -1.1428E-05
  7.6406E-03 -7.1834E-04 -9.5658E-07 -1.1729E-05
  7.7073E-03 -7.3647E-04 -9.8184E-07 -1.2039E-05
  7.7745E-03 -7.5506E-04 -1.0078E-06 -1.2357E-05
  7.8423E-03 -7.7410E-04 -1.0344E-06 -1.2683E-05
  7.9107E-03 -7.9362E-04 -1.0616E-06 -1.3018E-05
  7.9796E-03 -8.1362E-04 -1.0896E-06 -1.3361E-05
  8.0491E-03 -8.3412E-04 -1.1184E-06 -1.3713E-05
  8.1192E-03 -8.5512E-04 -1.1478E-06 -1.4075E-05
  8.1899E-03 -8.7664E-04 -1.1781E-06 -1.4445E-05
  8.2612E-03 -8.9870E-04 -1.2091E-06 -1.4826E-05
  8.3331E-03 -9.2130E-04 -1.2409E-06 -1.5216E-05
  8.4056E-03 -9.4446E-04 -1.2736E-06 -1.5617E-05
  8.4787E-03 -9.6820E-04 -1.3071E-06 -1.6028E-05
  8.5524E-03 -9.9252E-04 -1.3415E-06 -1.6450E-05
  8.6268E-03 -1.0174E-03 -1.3768E-06 -1.6882E-05
  8.7018E-03 -1.0430E-03 -1.4130E-06 -1.7326E-05
  8.7774E-03 -1.0691E-03 -1.4502E-06 -1.7782E-05
  8.8536E-03 -1.0959E-03 -1.4883E-06 -1.8249E-05
  8.9305E-03 -1.1234E-03 -1.5274E-06 -1.8729E-05
  9.0080E-03 -1.1516E-03 -1.5675E-06 -1.9221E-05
  9.0862E-03 -1.1804E-03 -1.6087E-06 -1.9725E-05
  9.1650E-03 -1.2100E-03 -1.6509E-06 -2.0243E-05
  9.2445E-03 -1.2402E-03 -1.6942E-06 -2.0775E-05
  9.3247E-03 -1.2713E-03 -1.7387E-06 -2.1320E-05
  9.4055E-03 -1.3030E-03 -1.7843E-06 -2.1879E-05
  9.4870E-03 -1.3356E-03 -1.8311E-06 -2.2453E-05
  9.5692E-03 -1.3690E-03 -1.8791E-06 -2.3042E-05
  9.6521E-03 -1.4031E-03 -1.9284E-06 -2.3646E-05
  9.7357E-03 -1.4382E-03 -1.9789E-06 -2.4265E-05
  9.8200E-03 -1.4741E-03 -2.0307E-06 -2.4901E-05
  9.9050E-03 -1.5108E-03 -2.0839E-06 -2.5554E-05
  9.9908E-03 -1.5485E-03 -2.1385E-06 -2.6223E-05
  1.0077E-02 -1.5871E-03 -2.1945E-06 -2.6909E-05
  1.0164E-02 -1.6266E-03 -2.2519E-06 -2.7614E-05
  1.0252E-02 -1.6671E-03 -2.3109E-06 -2.8336E-05
  1.0341E-02 -1.7086E-03 -2.3713E-06 -2.9078E-05
  1.0430E-02 -1.7511E-03 -2.4334E-06 -2.9838E-05
  1.0520E-02 -1.7946E-03 -2.4970E-06 -3.0619E-05
  1.0611E-02 -1.8392E-03 -2.5623E-06 -3.1419E-05
  1.0703E-02 -1.8849E-03 -2.6293E-06 -3.2241E-05
  1.0796E-02 -1.9317E-03 -2.6980E-06 -3.3083E-05
  1.0889E-02 -1.9796E-03 -2.7685E-06 -3.3948E-05
  1.0983E-02 -2.0287E-03 -2.8408E-06 -3.4835E-05
  1.1078E-02 -2.0790E-03 -2.9150E-06 -3.5744E-05
  1.1173E-02 -2.1306E-03 -2.9911E-06 -3.6678E-05
  1.1270E-02 -2.1833E-03 -3.0692E-06 -3.7635E-05
  1.1367E-02 -2.2374E-03 -3.1493E-06 -3.8618E-05
  1.1465E-02 -2.2928E-03 -3.2315E-06 -3.9626E-05
  1.1564E-02 -2.3495E-03 -3.3158E-06 -4.0659E-05
  1.1663E-02 -2.4076E-03 -3.4022E-06 -4.1720E-05
  1.1764E-02 -2.4671E-03 -3.4910E-06 -4.2808E-05
  1.1865E-02 -2.5281E-03 -3.5820E-06 -4.3924E-05
  1.1967E-02 -2.5905E-03 -3.6754E-06 -4.5069E-05
  1.2071E-02 -2.6545E-03 -3.7712E-06 -4.6244E-05
  1.2174E-02 -2.7200E-03 -3.8694E-06 -4.7449E-05
  1.2279E-02 -2.7871E-03 -3.9702E-06 -4.8685E-05
  1.2385E-02 -2.8558E-03 -4.0736E-06 -4.9954E-05
  1.2492E-02 -2.9261E-03 -4.1797E-06 -5.1254E-05
  1.2599E-02 -2.9982E-03 -4.2885E-06 -5.2589E-05
  1.2708E-02 -3.0720E-03 -4.4002E-06 -5.3958E-05
  1.2817E-02 -3.1476E-03 -4.5147E-06 -5.5363E-05
  1.2927E-02 -3.2250E-03 -4.6322E-06 -5.6803E-05
  1.3038E-02 -3.3042E-03 -4.7527E-06 -5.8281E-05
  1.3150E-02 -3.3854E-03 -4.8763E-06 -5.9798E-05
  1.3263E-02 -3.4686E-03 -5.0032E-06 -6.1353E-05
  1.3377E-02 -3.5537E-03 -5.1333E-06 -6.2949E-05
  1.3492E-02 -3.6409E-03 -5.2667E-06 -6.4585E-05
  1.3608E-02 -3.7302E-03 -5.4036E-06 -6.6264E-05
  1.3725E-02 -3.8216E-03 -5.5440E-06 -6.7987E-05
  1.3843E-02 -3.9152E-03 -5.6881E-06 -6.9753E-05
  1.3962E-02 -4.0111E-03 -5.8359E-06 -7.1566E-05
  1.4082E-02 -4.1092E-03 -5.9875E-06 -7.3425E-05
  1.4203E-02 -4.2097E-03 -6.1430E-06 -7.5332E-05
  1.4325E-02 -4.3127E-03 -6.3025E-06 -7.7288E-05
  1.4448E-02 -4.4180E-03 -6.4661E-06 -7.9295E-05
  1.4571E-02 -4.5259E-03 -6.6340E-06 -8.1354E-05
  1.4696E-02 -4.6364E-03 -6.8061E-06 -8.3465E-05
  1.4823E-02 -4.7496E-03 -6.9828E-06 -8.5631E-05
  1.4950E-02 -4.8654E-03 -7.1639E-06 -8.7853E-05
  1.5078E-02 -4.9840E-03 -7.3498E-06 -9.0133E-05
  1.5207E-02 -5.1054E-03 -7.5404E-06 -9.2471E-05
  1.5337E-02 -5.2297E-03 -7.7359E-06 -9.4869E-05
  1.5469E-02 -5.3569E-03 -7.9365E-06 -9.7329E-05
  1.5601E-02 -5.4872E-03 -8.1423E-06 -9.9853E-05
  1.5735E-02 -5.6206E-03 -8.3533E-06 -1.0244E-04
  1.5870E-02 -5.7572E-03 -8.5698E-06 -1.0510E-04
  1.6006E-02 -5.8970E-03 -8.7919E-06 -1.0782E-04
  1.6143E-02 -6.0401E-03 -9.0197E-06 -1.1061E-04
  1.6281E-02 -6.1866E-03 -9.2533E-06 -1.1348E-04
  1.6421E-02 -6.3366E-03 -9.4930E-06 -1.1642E-04
  1.6561E-02 -6.4902E-03 -9.7388E-06 -1.1944E-04
  1.6703E-02 -6.6473E-03 -9.9910E-06 -1.2253E-04
  1.6846E-02 -6.8082E-03 -1.0250E-05 -1.2570E-04
  1.6990E-02 -6.9729E-03 -1.0515E-05 -1.2896E-04
  1.7135E-02 -7.1415E-03 -1.0787E-05 -1.3229E-04
  1.7282E-02 -7.3141E-03 -1.1066E-05 -1.3572E-04
  1.7430E-02 -7.4907E-03 -1.1353E-05 -1.3923E-04
  1.7579E-02 -7.6715E-03 -1.1646E-05 -1.4283E-04
  1.7729E-02 -7.8565E-03 -1.1948E-05 -1.4653E-04
  1.7881E-02 -8.0459E-03 -1.2257E-05 -1.5032E-04
  1.8034E-02 -8.2398E-03 -1.2574E-05 -1.5421E-04
  1.8188E-02 -8.4382E-03 -1.2899E-05 -1.5819E-04
  1.8343E-02 -8.6413E-03 -1.3232E-05 -1.6228E-04
  1.8500E-02 -8.8491E-03 -1.3574E-05 -1.6648E-04
  1.8658E-02 -9.0618E-03 -1.3925E-05 -1.7078E-04
  1.8817E-02 -9.2795E-03 -1.4285E-05 -1.7520E-04
  1.8978E-02 -9.5023E-03 -1.4654E-05 -1.7973E-04
  1.9140E-02 -9.7303E-03 -1.5033E-05 -1.8437E-04
  1.9304E-02 -9.9636E-03 -1.5421E-05 -1.8913E-04
  1.9469E-02 -1.0202E-02 -1.5819E-05 -1.9402E-04
  1.9635E-02 -1.0447E-02 -1.6228E-05 -1.9903E-04
  1.9802E-02 -1.0697E-02 -1.6647E-05 -2.0417E-04
  1.9972E-02 -1.0953E-02 -1.7077E-05 -2.0945E-04
  2.0142E-02 -1.1214E-02 -1.7518E-05 -2.1485E-04
  2.0314E-02 -1.1482E-02 -1.7970E-05 -2.2040E-04
  2.0487E-02 -1.1756E-02 -1.8434E-05 -2.2609E-04
  2.0662E-02 -1.2037E-02 -1.8909E-05 -2.3193E-04
  2.0838E-02 -1.2324E-02 -1.9397E-05 -2.3791E-04
  2.1016E-02 -1.2618E-02 -1.9898E-05 -2.4405E-04
  2.1195E-02 -1.2918E-02 -2.0411E-05 -2.5035E-04
  2.1376E-02 -1.3225E-02 -2.0938E-05 -2.5681E-04
  2.1558E-02 -1.3540E-02 -2.1478E-05 -2.6344E-04
  2.1742E-02 -1.3862E-02 -2.2032E-05 -2.7023E-04
  2.1928E-02 -1.4191E-02 -2.2600E-05 -2.7720E-04
  2.2114E-02 -1.4528E-02 -2.3182E-05 -2.8435E-04
  2.2303E-02 -1.4872E-02 -2.3780E-05 -2.9168E-04
  2.2493E-02 -1.5225E-02 -2.4393E-05 -2.9920E-04
  2.2685E-02 -1.5585E-02 -2.5022E-05 -3.0692E-04
  2.2878E-02 -1.5954E-02 -2.5667E-05 -3.1483E-04
  2.3073E-02 -1.6331E-02 -2.6328E-05 -3.2295E-04
  2.3269E-02 -1.6717E-02 -2.7006E-05 -3.3127E-04
  2.3468E-02 -1.7112E-02 -2.7702E-05 -3.3981E-04
  2.3668E-02 -1.7516E-02 -2.8416E-05 -3.4856E-04
  2.3869E-02 -1.7929E-02 -2.9148E-05 -3.5754E-04
  2.4072E-02 -1.8352E-02 -2.9899E-05 -3.6675E-04
  2.4277E-02 -1.8784E-02 -3.0668E-05 -3.7620E-04
  2.4484E-02 -1.9226E-02 -3.1458E-05 -3.8589E-04
  2.4693E-02 -1.9678E-02 -3.2268E-05 -3.9583E-04
  2.4903E-02 -2.0140E-02 -3.3099E-05 -4.0602E-04
  2.5115E-02 -2.0613E-02 -3.3951E-05 -4.1648E-04
  2.5328E-02 -2.1097E-02 -3.4825E-05 -4.2720E-04
  2.5544E-02 -2.1591E-02 -3.5721E-05 -4.3820E-04
  2.5761E-02 -2.2097E-02 -3.6640E-05 -4.4948E-04
  2.5981E-02 -2.2614E-02 -3.7583E-05 -4.6105E-04
  2.6202E-02 -2.3143E-02 -3.8550E-05 -4.7292E-04
  2.6425E-02 -2.3684E-02 -3.9542E-05 -4.8509E-04
  2.6649E-02 -2.4237E-02 -4.0559E-05 -4.9757E-04
  2.6876E-02 -2.4803E-02 -4.1602E-05 -5.1037E-04
  2.7105E-02 -2.5381E-02 -4.2672E-05 -5.2351E-04
  2.7335E-02 -2.5972E-02 -4.3769E-05 -5.3697E-04
  2.7568E-02 -2.6577E-02 -4.4895E-05 -5.5079E-04
  2.7802E-02 -2.7195E-02 -4.6049E-05 -5.6495E-04
  2.8038E-02 -2.7827E-02 -4.7233E-05 -5.7948E-04
  2.8277E-02 -2.8473E-02 -4.8447E-05 -5.9439E-04
  2.8517E-02 -2.9134E-02 -4.9693E-05 -6.0967E-04
  2.8759E-02 -2.9809E-02 -5.0970E-05 -6.2535E-04
  2.9004E-02 -3.0500E-02 -5.2280E-05 -6.4142E-04
  2.9250E-02 -3.1205E-02 -5.3623E-05 -6.5791E-04
  2.9499E-02 -3.1927E-02 -5.5001E-05 -6.7483E-04
  2.9750E-02 -3.2664E-02 -5.6414E-05 -6.9217E-04
  3.0002E-02 -3.3418E-02 -5.7863E-05 -7.0996E-04
  3.0257E-02 -3.4189E-02 -5.9350E-05 -7.2821E-04
  3.0514E-02 -3.4977E-02 -6.0874E-05 -7.4692E-04
  3.0773E-02 -3.5782E-02 -6.2437E-05 -7.6611E-04
  3.1035E-02 -3.6605E-02 -6.4041E-05 -7.8580E-04
  3.1298E-02 -3.7446E-02 -6.5685E-05 -8.0598E-04
  3.1564E-02 -3.8306E-02 -6.7372E-05 -8.2669E-04
  3.1832E-02 -3.9184E-02 -6.9101E-05 -8.4792E-04
  3.2103E-02 -4.0082E-02 -7.0875E-05 -8.6970E-04
  3.2375E-02 -4.1000E-02 -7.2695E-05 -8.9204E-04
  3.2650E-02 -4.1937E-02 -7.4561E-05 -9.1495E-04
  3.2927E-02 -4.2896E-02 -7.6474E-05 -9.3844E-04
  3.3207E-02 -4.3875E-02 -7.8437E-05 -9.6254E-04
  3.3489E-02 -4.4876E-02 -8.0449E-05 -9.8725E-04
  3.3773E-02 -4.5898E-02 -8.2514E-05 -1.0126E-03
  3.4059E-02 -4.6943E-02 -8.4631E-05 -1.0386E-03
  3.4348E-02 -4.8010E-02 -8.6802E-05 -1.0653E-03
  3.4640E-02 -4.9101E-02 -8.9028E-05 -1.0926E-03
  3.4934E-02 -5.0215E-02 -9.1312E-05 -1.1206E-03
  3.5230E-02 -5.1354E-02 -9.3654E-05 -1.1494E-03
  3.5529E-02 -5.2517E-02 -9.6056E-05 -1.1789E-03
  3.5831E-02 -5.3705E-02 -9.8519E-05 -1.2091E-03
  3.6135E-02 -5.4919E-02 -1.0104E-04 -1.2402E-03
  3.6441E-02 -5.6159E-02 -1.0364E-04 -1.2720E-03
  3.6750E-02 -5.7425E-02 -1.0629E-04 -1.3046E-03
  3.7062E-02 -5.8719E-02 -1.0902E-04 -1.3381E-03
  3.7376E-02 -6.0041E-02 -1.1181E-04 -1.3724E-03
  3.7693E-02 -6.1390E-02 -1.1468E-04 -1.4076E-03
  3.8013E-02 -6.2769E-02 -1.1762E-04 -1.4437E-03
  3.8335E-02 -6.4177E-02 -1.2063E-04 -1.4807E-03
  3.8660E-02 -6.5615E-02 -1.2372E-04 -1.5187E-03
  3.8988E-02 -6.7084E-02 -1.2689E-04 -1.5577E-03
  3.9318E-02 -6.8584E-02 -1.3014E-04 -1.5976E-03
  3.9652E-02 -7.0116E-02 -1.3348E-04 -1.6386E-03
  3.9988E-02 -7.1680E-02 -1.3690E-04 -1.6806E-03
  4.0327E-02 -7.3277E-02 -1.4040E-04 -1.7236E-03
  4.0669E-02 -7.4908E-02 -1.4400E-04 -1.7678E-03
  4.1013E-02 -7.6574E-02 -1.4769E-04 -1.8131E-03
  4.1361E-02 -7.8274E-02 -1.5147E-04 -1.8596E-03
  4.1711E-02 -8.0010E-02 -1.5535E-04 -1.9073E-03
  4.2065E-02 -8.1783E-02 -1.5933E-04 -1.9562E-03
  4.2421E-02 -8.3592E-02 -1.6340E-04 -2.0063E-03
  4.2781E-02 -8.5440E-02 -1.6759E-04 -2.0577E-03
  4.3143E-02 -8.7326E-02 -1.7188E-04 -2.1104E-03
  4.3509E-02 -8.9251E-02 -1.7628E-04 -2.1645E-03
  4.3877E-02 -9.1216E-02 -1.8079E-04 -2.2199E-03
  4.4249E-02 -9.3222E-02 -1.8542E-04 -2.2768E-03
  4.4624E-02 -9.5270E-02 -1.9016E-04 -2.3351E-03
  4.5002E-02 -9.7360E-02 -1.9503E-04 -2.3949E-03
  4.5383E-02 -9.9493E-02 -2.0002E-04 -2.4563E-03
  4.5767E-02 -1.0167E-01 -2.0513E-04 -2.5192E-03
  4.6155E-02 -1.0389E-01 -2.1038E-04 -2.5837E-03
  4.6546E-02 -1.0616E-01 -2.1576E-04 -2.6499E-03
  4.6940E-02 -1.0847E-01 -2.2128E-04 -2.7177E-03
  4.7337E-02 -1.1083E-01 -2.2694E-04 -2.7873E-03
  4.7738E-02 -1.1324E-01 -2.3275E-04 -2.8587E-03
  4.8142E-02 -1.1570E-01 -2.3870E-04 -2.9319E-03
  4.8550E-02 -1.1821E-01 -2.4480E-04 -3.0069E-03
  4.8961E-02 -1.2077E-01 -2.5106E-04 -3.0839E-03
  4.9375E-02 -1.2338E-01 -2.5748E-04 -3.1629E-03
  4.9793E-02 -1.2604E-01 -2.6406E-04 -3.2438E-03
  5.0215E-02 -1.2876E-01 -2.7081E-04 -3.3268E-03
  5.0640E-02 -1.3153E-01 -2.7773E-04 -3.4120E-03
  5.1068E-02 -1.3436E-01 -2.8483E-04 -3.4993E-03
  5.1501E-02 -1.3724E-01 -2.9211E-04 -3.5889E-03
  5.1936E-02 -1.4018E-01 -2.9958E-04 -3.6807E-03
  5.2376E-02 -1.4319E-01 -3.0723E-04 -3.7749E-03
  5.2819E-02 -1.4625E-01 -3.1508E-04 -3.8715E-03
  5.3266E-02 -1.4937E-01 -3.2313E-04 -3.9705E-03
  5.3717E-02 -1.5255E-01 -3.3139E-04 -4.0721E-03
  5.4171E-02 -1.5579E-01 -3.3985E-04 -4.1763E-03
  5.4630E-02 -1.5910E-01 -3.4853E-04 -4.2831E-03
  5.5092E-02 -1.6248E-01 -3.5743E-04 -4.3926E-03
  5.5558E-02 -1.6592E-01 -3.6656E-04 -4.5050E-03
  5.6028E-02 -1.6943E-01 -3.7592E-04 -4.6202E-03
  5.6502E-02 -1.7301E-01 -3.8552E-04 -4.7384E-03
  5.6980E-02 -1.7665E-01 -3.9536E-04 -4.8596E-03
  5.7462E-02 -1.8037E-01 -4.0546E-04 -4.9838E-03
  5.7948E-02 -1.8416E-01 -4.1581E-04 -5.1113E-03
  5.8438E-02 -1.8802E-01 -4.2642E-04 -5.2420E-03
  5.8932E-02 -1.9196E-01 -4.3730E-04 -5.3760E-03
  5.9431E-02 -1.9597E-01 -4.4846E-04 -5.5134E-03
  5.9933E-02 -2.0007E-01 -4.5991E-04 -5.6544E-03
  6.0440E-02 -2.0423E-01 -4.7164E-04 -5.7989E-03
  6.0951E-02 -2.0848E-01 -4.8368E-04 -5.9472E-03
  6.1467E-02 -2.1281E-01 -4.9602E-04 -6.0992E-03
  6.1986E-02 -2.1722E-01 -5.0867E-04 -6.2551E-03
  6.2510E-02 -2.2172E-01 -5.2165E-04 -6.4149E-03
  6.3039E-02 -2.2630E-01 -5.3495E-04 -6.5789E-03
  6.3572E-02 -2.3097E-01 -5.4860E-04 -6.7470E-03
  6.4109E-02 -2.3572E-01 -5.6259E-04 -6.9194E-03
  6.4651E-02 -2.4057E-01 -5.7693E-04 -7.0962E-03
  6.5198E-02 -2.4550E-01 -5.9164E-04 -7.2776E-03
  6.5749E-02 -2.5053E-01 -6.0673E-04 -7.4635E-03
  6.6305E-02 -2.5565E-01 -6.2219E-04 -7.6542E-03
  6.6865E-02 -2.6087E-01 -6.3805E-04 -7.8497E-03
  6.7430E-02 -2.6618E-01 -6.5432E-04 -8.0502E-03
  6.8000E-02 -2.7159E-01 -6.7099E-04 -8.2559E-03
  6.8575E-02 -2.7710E-01 -6.8809E-04 -8.4668E-03
  6.9155E-02 -2.8271E-01 -7.0562E-04 -8.6830E-03
  6.9739E-02 -2.8842E-01 -7.2360E-04 -8.9048E-03
  7.0329E-02 -2.9424E-01 -7.4204E-04 -9.1322E-03
  7.0923E-02 -3.0016E-01 -7.6094E-04 -9.3654E-03
  7.1522E-02 -3.0619E-01 -7.8032E-04 -9.6046E-03
  7.2127E-02 -3.1233E-01 -8.0020E-04 -9.8498E-03
  7.2736E-02 -3.1858E-01 -8.2057E-04 -1.0101E-02
  7.3351E-02 -3.2494E-01 -8.4147E-04 -1.0359E-02
  7.3970E-02 -3.3142E-01 -8.6290E-04 -1.0624E-02
  7.4595E-02 -3.3801E-01 -8.8486E-04 -1.0895E-02
  7.5226E-02 -3.4471E-01 -9.0739E-04 -1.1173E-02
  7.5861E-02 -3.5154E-01 -9.3049E-04 -1.1458E-02
  7.6502E-02 -3.5849E-01 -9.5417E-04 -1.1751E-02
  7.7148E-02 -3.6556E-01 -9.7845E-04 -1.2051E-02
  7.7800E-02 -3.7275E-01 -1.0033E-03 -1.2358E-02
  7.8457E-02 -3.8007E-01 -1.0289E-03 -1.2673E-02
  7.9120E-02 -3.8751E-01 -1.0550E-03 -1.2997E-02
  7.9789E-02 -3.9509E-01 -1.0819E-03 -1.3329E-02
  8.0463E-02 -4.0280E-01 -1.1094E-03 -1.3669E-02
  8.1142E-02 -4.1064E-01 -1.1376E-03 -1.4017E-02
  8.1828E-02 -4.1861E-01 -1.1665E-03 -1.4375E-02
  8.2519E-02 -4.2672E-01 -1.1962E-03 -1.4742E-02
  8.3216E-02 -4.3497E-01 -1.2266E-03 -1.5118E-02
  8.3918E-02 -4.4335E-01 -1.2578E-03 -1.5503E-02
  8.4627E-02 -4.5188E-01 -1.2898E-03 -1.5899E-02
  8.5342E-02 -4.6056E-01 -1.3226E-03 -1.6304E-02
  8.6063E-02 -4.6938E-01 -1.3562E-03 -1.6720E-02
  8.6789E-02 -4.7834E-01 -1.3906E-03 -1.7146E-02
  8.7522E-02 -4.8746E-01 -1.4259E-03 -1.7584E-02
  8.8261E-02 -4.9672E-01 -1.4622E-03 -1.8032E-02
  8.9007E-02 -5.0614E-01 -1.4993E-03 -1.8492E-02
  8.9758E-02 -5.1571E-01 -1.5374E-03 -1.8963E-02
  9.0516E-02 -5.2544E-01 -1.5764E-03 -1.9447E-02
  9.1280E-02 -5.3533E-01 -1.6165E-03 -1.9942E-02
  9.2051E-02 -5.4538E-01 -1.6575E-03 -2.0451E-02
  9.2828E-02 -5.5559E-01 -1.6996E-03 -2.0972E-02
  9.3612E-02 -5.6596E-01 -1.7427E-03 -2.1507E-02
  9.4402E-02 -5.7651E-01 -1.7869E-03 -2.2055E-02
  9.5199E-02 -5.8721E-01 -1.8323E-03 -2.2617E-02
  9.6003E-02 -5.9809E-01 -1.8787E-03 -2.3193E-02
  9.6813E-02 -6.0914E-01 -1.9264E-03 -2.3784E-02
  9.7631E-02 -6.2036E-01 -1.9753E-03 -2.4390E-02
  9.8455E-02 -6.3176E-01 -2.0253E-03 -2.5011E-02
  9.9286E-02 -6.4334E-01 -2.0767E-03 -2.5648E-02
  1.0012E-01 -6.5509E-01 -2.1293E-03 -2.6302E-02
  1.0097E-01 -6.6703E-01 -2.1833E-03 -2.6972E-02
  1.0182E-01 -6.7915E-01 -2.2386E-03 -2.7659E-02
  1.0268E-01 -6.9145E-01 -2.2954E-03 -2.8363E-02
  1.0355E-01 -7.0394E-01 -2.3535E-03 -2.9085E-02
  1.0442E-01 -7.1662E-01 -2.4131E-03 -2.9826E-02
  1.0530E-01 -7.2948E-01 -2.4743E-03 -3.0585E-02
  1.0619E-01 -7.4254E-01 -2.5369E-03 -3.1364E-02
  1.0709E-01 -7.5579E-01 -2.6012E-03 -3.2162E-02
  1.0799E-01 -7.6924E-01 -2.6670E-03 -3.2981E-02
  1.0890E-01 -7.8289E-01 -2.7345E-03 -3.3820E-02
  1.0982E-01 -7.9673E-01 -2.8037E-03 -3.4681E-02
  1.1075E-01 -8.1078E-01 -2.8747E-03 -3.5563E-02
  1.1168E-01 -8.2502E-01 -2.9474E-03 -3.6468E-02
  1.1263E-01 -8.3947E-01 -3.0219E-03 -3.7396E-02
  1.1358E-01 -8.5413E-01 -3.0984E-03 -3.8348E-02
  1.1453E-01 -8.6899E-01 -3.1767E-03 -3.9323E-02
  1.1550E-01 -8.8407E-01 -3.2570E-03 -4.0323E-02
  1.1648E-01 -8.9935E-01 -3.3393E-03 -4.1349E-02
  1.1746E-01 -9.1484E-01 -3.4237E-03 -4.2400E-02
  1.1845E-01 -9.3055E-01 -3.5102E-03 -4.3479E-02
  1.1945E-01 -9.4648E-01 -3.5989E-03 -4.4584E-02
  1.2046E-01 -9.6262E-01 -3.6898E-03 -4.5718E-02
  1.2147E-01 -9.7897E-01 -3.7829E-03 -4.6880E-02
  1.2250E-01 -9.9555E-01 -3.8784E-03 -4.8071E-02
  1.2353E-01 -1.0124E+00 -3.9763E-03 -4.9293E-02
  1.2457E-01 -1.0294E+00 -4.0767E-03 -5.0546E-02
  1.2562E-01 -1.0466E+00 -4.1795E-03 -5.1830E-02
  1.2668E-01 -1.0641E+00 -4.2849E-03 -5.3147E-02
  1.2775E-01 -1.0818E+00 -4.3930E-03 -5.4497E-02
  1.2883E-01 -1.0997E+00 -4.5038E-03 -5.5882E-02
  1.2992E-01 -1.1179E+00 -4.6173E-03 -5.7301E-02
  1.3101E-01 -1.1362E+00 -4.7336E-03 -5.8756E-02
  1.3212E-01 -1.1548E+00 -4.8529E-03 -6.0248E-02
  1.3323E-01 -1.1737E+00 -4.9751E-03 -6.1778E-02
  1.3436E-01 -1.1928E+00 -5.1004E-03 -6.3346E-02
  1.3549E-01 -1.2121E+00 -5.2288E-03 -6.4954E-02
  1.3663E-01 -1.2316E+00 -5.3605E-03 -6.6602E-02
  1.3778E-01 -1.2514E+00 -5.4953E-03 -6.8292E-02
  1.3895E-01 -1.2714E+00 -5.6336E-03 -7.0025E-02
  1.4012E-01 -1.2917E+00 -5.7753E-03 -7.1801E-02
  1.4130E-01 -1.3121E+00 -5.9205E-03 -7.3623E-02
  1.4249E-01 -1.3329E+00 -6.0693E-03 -7.5490E-02
  1.4369E-01 -1.3538E+00 -6.2219E-03 -7.7404E-02
  1.4491E-01 -1.3750E+00 -6.3782E-03 -7.9366E-02
  1.4613E-01 -1.3965E+00 -6.5384E-03 -8.1378E-02
  1.4736E-01 -1.4181E+00 -6.7026E-03 -8.3441E-02
  1.4860E-01 -1.4401E+00 -6.8708E-03 -8.5555E-02
  1.4986E-01 -1.4622E+00 -7.0432E-03 -8.7723E-02
  1.5112E-01 -1.4846E+00 -7.2199E-03 -8.9945E-02
  1.5239E-01 -1.5073E+00 -7.4010E-03 -9.2224E-02
  1.5368E-01 -1.5301E+00 -7.5866E-03 -9.4559E-02
  1.5498E-01 -1.5533E+00 -7.7767E-03 -9.6953E-02
  1.5628E-01 -1.5766E+00 -7.9716E-03 -9.9408E-02
  1.5760E-01 -1.6002E+00 -8.1712E-03 -1.0192E-01
  1.5893E-01 -1.6241E+00 -8.3758E-03 -1.0450E-01
  1.6027E-01 -1.6481E+00 -8.5855E-03 -1.0715E-01
  1.6162E-01 -1.6724E+00 -8.8003E-03 -1.0986E-01
  1.6298E-01 -1.6970E+00 -9.0205E-03 -1.1264E-01
  1.6436E-01 -1.7218E+00 -9.2460E-03 -1.1548E-01
  1.6574E-01 -1.7468E+00 -9.4771E-03 -1.1840E-01
  1.6714E-01 -1.7720E+00 -9.7139E-03 -1.2139E-01
  1.6855E-01 -1.7975E+00 -9.9566E-03 -1.2446E-01
  1.6997E-01 -1.8233E+00 -1.0205E-02 -1.2761E-01
  1.7140E-01 -1.8492E+00 -1.0460E-02 -1.3083E-01
  1.7285E-01 -1.8754E+00 -1.0721E-02 -1.3413E-01
  1.7431E-01 -1.9018E+00 -1.0988E-02 -1.3752E-01
  1.7578E-01 -1.9284E+00 -1.1262E-02 -1.4099E-01
  1.7726E-01 -1.9553E+00 -1.1543E-02 -1.4455E-01
  1.7875E-01 -1.9824E+00 -1.1830E-02 -1.4819E-01
  1.8026E-01 -2.0097E+00 -1.2125E-02 -1.5193E-01
  1.8178E-01 -2.0372E+00 -1.2427E-02 -1.5576E-01
  1.8331E-01 -2.0649E+00 -1.2736E-02 -1.5968E-01
  1.8486E-01 -2.0929E+00 -1.3052E-02 -1.6371E-01
  1.8642E-01 -2.1211E+00 -1.3377E-02 -1.6783E-01
  1.8799E-01 -2.1494E+00 -1.3709E-02 -1.7206E-01
  1.8957E-01 -2.1780E+00 -1.4050E-02 -1.7639E-01
  1.9117E-01 -2.2068E+00 -1.4398E-02 -1.8083E-01
  1.9278E-01 -2.2358E+00 -1.4755E-02 -1.8538E-01
  1.9441E-01 -2.2650E+00 -1.5121E-02 -1.9004E-01
  1.9604E-01 -2.2944E+00 -1.5496E-02 -1.9481E-01
  1.9770E-01 -2.3240E+00 -1.5880E-02 -1.9971E-01
  1.9936E-01 -2.3537E+00 -1.6273E-02 -2.0473E-01
  2.0104E-01 -2.3837E+00 -1.6676E-02 -2.0987E-01
  2.0274E-01 -2.4138E+00 -1.7088E-02 -2.1513E-01
  2.0445E-01 -2.4441E+00 -1.7511E-02 -2.2053E-01
  2.0617E-01 -2.4746E+00 -1.7943E-02 -2.2606E-01
  2.0791E-01 -2.5053E+00 -1.8386E-02 -2.3173E-01
  2.0966E-01 -2.5361E+00 -1.8840E-02 -2.3754E-01
  2.1143E-01 -2.5671E+00 -1.9304E-02 -2.4349E-01
  2.1321E-01 -2.5982E+00 -1.9780E-02 -2.4958E-01
  2.1501E-01 -2.6295E+00 -2.0267E-02 -2.5583E-01
  2.1682E-01 -2.6610E+00 -2.0766E-02 -2.6223E-01
  2.1865E-01 -2.6925E+00 -2.1277E-02 -2.6879E-01
  2.2049E-01 -2.7243E+00 -2.1800E-02 -2.7550E-01
  2.2235E-01 -2.7561E+00 -2.2336E-02 -2.8238E-01
  2.2422E-01 -2.7881E+00 -2.2884E-02 -2.8943E-01
  2.2611E-01 -2.8202E+00 -2.3446E-02 -2.9665E-01
  2.2802E-01 -2.8524E+00 -2.4021E-02 -3.0405E-01
  2.2994E-01 -2.8847E+00 -2.4609E-02 -3.1163E-01
  2.3188E-01 -2.9172E+00 -2.5212E-02 -3.1939E-01
  2.3383E-01 -2.9497E+00 -2.5829E-02 -3.2734E-01
  2.3580E-01 -2.9823E+00 -2.6461E-02 -3.3549E-01
  2.3779E-01 -3.0150E+00 -2.7107E-02 -3.4383E-01
  2.3979E-01 -3.0478E+00 -2.7769E-02 -3.5237E-01
  2.4181E-01 -3.0806E+00 -2.8446E-02 -3.6112E-01
  2.4385E-01 -3.1136E+00 -2.9140E-02 -3.7008E-01
  2.4591E-01 -3.1466E+00 -2.9849E-02 -3.7925E-01
  2.4798E-01 -3.1796E+00 -3.0576E-02 -3.8865E-01
  2.5007E-01 -3.2127E+00 -3.1319E-02 -3.9827E-01
  2.5218E-01 -3.2458E+00 -3.2080E-02 -4.0813E-01
  2.5430E-01 -3.2789E+00 -3.2859E-02 -4.1821E-01
  2.5644E-01 -3.3121E+00 -3.3656E-02 -4.2854E-01
  2.5860E-01 -3.3453E+00 -3.4471E-02 -4.3912E-01
  2.6078E-01 -3.3785E+00 -3.5306E-02 -4.4995E-01
  2.6298E-01 -3.4116E+00 -3.6160E-02 -4.6104E-01
  2.6520E-01 -3.4448E+00 -3.7034E-02 -4.7238E-01
  2.6743E-01 -3.4780E+00 -3.7928E-02 -4.8400E-01
  2.6969E-01 -3.5111E+00 -3.8843E-02 -4.9589E-01
  2.7196E-01 -3.5442E+00 -3.9778E-02 -5.0807E-01
  2.7425E-01 -3.5773E+00 -4.0736E-02 -5.2052E-01
  2.7656E-01 -3.6103E+00 -4.1715E-02 -5.3327E-01
  2.7889E-01 -3.6432E+00 -4.2717E-02 -5.4632E-01
  2.8124E-01 -3.6761E+00 -4.3742E-02 -5.5968E-01
  2.8361E-01 -3.7089E+00 -4.4791E-02 -5.7334E-01
  2.8600E-01 -3.7416E+00 -4.5863E-02 -5.8733E-01
  2.8841E-01 -3.7742E+00 -4.6960E-02 -6.0163E-01
  2.9084E-01 -3.8067E+00 -4.8082E-02 -6.1627E-01
  2.9329E-01 -3.8391E+00 -4.9229E-02 -6.3125E-01
  2.9576E-01 -3.8714E+00 -5.0402E-02 -6.4657E-01
  2.9825E-01 -3.9035E+00 -5.1602E-02 -6.6224E-01
  3.0077E-01 -3.9355E+00 -5.2828E-02 -6.7827E-01
  3.0330E-01 -3.9673E+00 -5.4083E-02 -6.9466E-01
  3.0585E-01 -3.9990E+00 -5.5365E-02 -7.1143E-01
  3.0843E-01 -4.0305E+00 -5.6676E-02 -7.2857E-01
  3.1103E-01 -4.0618E+00 -5.8016E-02 -7.4610E-01
  3.1365E-01 -4.0929E+00 -5.9387E-02 -7.6403E-01
  3.1629E-01 -4.1239E+00 -6.0787E-02 -7.8236E-01
  3.1896E-01 -4.1546E+00 -6.2219E-02 -8.0109E-01
  3.2164E-01 -4.1851E+00 -6.3682E-02 -8.2024E-01
  3.2435E-01 -4.2153E+00 -6.5177E-02 -8.3982E-01
  3.2709E-01 -4.2453E+00 -6.6706E-02 -8.5982E-01
  3.2984E-01 -4.2751E+00 -6.8267E-02 -8.8027E-01
  3.3262E-01 -4.3046E+00 -6.9863E-02 -9.0116E-01
  3.3542E-01 -4.3338E+00 -7.1493E-02 -9.2250E-01
  3.3825E-01 -4.3628E+00 -7.3159E-02 -9.4431E-01
  3.4110E-01 -4.3914E+00 -7.4861E-02 -9.6658E-01
  3.4397E-01 -4.4198E+00 -7.6599E-02 -9.8933E-01
  3.4687E-01 -4.4478E+00 -7.8375E-02 -1.0126E+00
  3.4979E-01 -4.4755E+00 -8.0189E-02 -1.0363E+00
  3.5274E-01 -4.5028E+00 -8.2041E-02 -1.0605E+00
  3.5571E-01 -4.5299E+00 -8.3933E-02 -1.0853E+00
  3.5871E-01 -4.5565E+00 -8.5865E-02 -1.1105E+00
  3.6173E-01 -4.5828E+00 -8.7838E-02 -1.1363E+00
  3.6478E-01 -4.6087E+00 -8.9851E-02 -1.1626E+00
  3.6785E-01 -4.6342E+00 -9.1908E-02 -1.1894E+00
  3.7095E-01 -4.6593E+00 -9.4006E-02 -1.2168E+00
  3.7407E-01 -4.6840E+00 -9.6149E-02 -1.2447E+00
  3.7722E-01 -4.7083E+00 -9.8336E-02 -1.2732E+00
  3.8040E-01 -4.7321E+00 -1.0057E-01 -1.3022E+00
  3.8361E-01 -4.7555E+00 -1.0284E-01 -1.3318E+00
  3.8684E-01 -4.7784E+00 -1.0517E-01 -1.3620E+00
  3.9009E-01 -4.8008E+00 -1.0754E-01 -1.3928E+00
  3.9338E-01 -4.8228E+00 -1.0996E-01 -1.4242E+00
  3.9669E-01 -4.8443E+00 -1.1242E-01 -1.4561E+00
  4.0004E-01 -4.8652E+00 -1.1494E-01 -1.4887E+00
  4.0341E-01 -4.8856E+00 -1.1751E-01 -1.5218E+00
  4.0680E-01 -4.9055E+00 -1.2012E-01 -1.5556E+00
  4.1023E-01 -4.9249E+00 -1.2279E-01 -1.5899E+00
  4.1369E-01 -4.9437E+00 -1.2551E-01 -1.6249E+00
  4.1717E-01 -4.9619E+00 -1.2829E-01 -1.6605E+00
  4.2068E-01 -4.9796E+00 -1.3111E-01 -1.6967E+00
  4.2423E-01 -4.9967E+00 -1.3400E-01 -1.7336E+00
  4.2780E-01 -5.0132E+00 -1.3693E-01 -1.7710E+00
  4.3140E-01 -5.0291E+00 -1.3992E-01 -1.8091E+00
  4.3504E-01 -5.0443E+00 -1.4297E-01 -1.8478E+00
  4.3870E-01 -5.0590E+00 -1.4608E-01 -1.8872E+00
  4.4240E-01 -5.0730E+00 -1.4924E-01 -1.9271E+00
  4.4612E-01 -5.0863E+00 -1.5246E-01 -1.9677E+00
  4.4988E-01 -5.0990E+00 -1.5574E-01 -2.0089E+00
  4.5367E-01 -5.1111E+00 -1.5908E-01 -2.0507E+00
  4.5749E-01 -5.1224E+00 -1.6248E-01 -2.0932E+00
  4.6134E-01 -5.1331E+00 -1.6594E-01 -2.1362E+00
  4.6523E-01 -5.1431E+00 -1.6946E-01 -2.1799E+00
  4.6915E-01 -5.1524E+00 -1.7304E-01 -2.2241E+00
  4.7310E-01 -5.1610E+00 -1.7668E-01 -2.2689E+00
  4.7708E-01 -5.1688E+00 -1.8039E-01 -2.3143E+00
  4.8110E-01 -5.1760E+00 -1.8416E-01 -2.3603E+00
  4.8515E-01 -5.1824E+00 -1.8799E-01 -2.4068E+00
  4.8924E-01 -5.1881E+00 -1.9189E-01 -2.4538E+00
  4.9336E-01 -5.1931E+00 -1.9585E-01 -2.5014E+00
  4.9752E-01 -5.1972E+00 -1.9988E-01 -2.5495E+00
  5.0171E-01 -5.2007E+00 -2.0397E-01 -2.5981E+00
  5.0593E-01 -5.2034E+00 -2.0812E-01 -2.6471E+00
  5.1019E-01 -5.2053E+00 -2.1234E-01 -2.6966E+00
  5.1449E-01 -5.2064E+00 -2.1663E-01 -2.7466E+00
  5.1882E-01 -5.2067E+00 -2.2098E-01 -2.7969E+00
  5.2319E-01 -5.2063E+00 -2.2539E-01 -2.8476E+00
  5.2760E-01 -5.2051E+00 -2.2987E-01 -2.8987E+00
  5.3204E-01 -5.2031E+00 -2.3442E-01 -2.9501E+00
  5.3652E-01 -5.2003E+00 -2.3903E-01 -3.0017E+00
  5.4104E-01 -5.1967E+00 -2.4371E-01 -3.0537E+00
  5.4560E-01 -5.1923E+00 -2.4845E-01 -3.1058E+00
  5.5019E-01 -5.1870E+00 -2.5326E-01 -3.1581E+00
  5.5483E-01 -5.1810E+00 -2.5813E-01 -3.2106E+00
  5.5950E-01 -5.1742E+00 -2.6306E-01 -3.2631E+00
  5.6421E-01 -5.1665E+00 -2.6806E-01 -3.3157E+00
  5.6896E-01 -5.1580E+00 -2.7312E-01 -3.3683E+00
  5.7375E-01 -5.1487E+00 -2.7824E-01 -3.4209E+00
  5.7859E-01 -5.1386E+00 -2.8342E-01 -3.4733E+00
  5.8346E-01 -5.1276E+00 -2.8866E-01 -3.5256E+00
  5.8837E-01 -5.1159E+00 -2.9396E-01 -3.5777E+00
  5.9333E-01 -5.1033E+00 -2.9931E-01 -3.6294E+00
  5.9832E-01 -5.0898E+00 -3.0473E-01 -3.6809E+00
  6.0336E-01 -5.0756E+00 -3.1019E-01 -3.7319E+00
  6.0844E-01 -5.0605E+00 -3.1571E-01 -3.7824E+00
  6.1357E-01 -5.0446E+00 -3.2129E-01 -3.8323E+00
  6.1873E-01 -5.0279E+00 -3.2691E-01 -3.8816E+00
  6.2394E-01 -5.0104E+00 -3.3258E-01 -3.9302E+00
  6.2920E-01 -4.9920E+00 -3.3830E-01 -3.9779E+00
  6.3450E-01 -4.9728E+00 -3.4406E-01 -4.0248E+00
  6.3984E-01 -4.9528E+00 -3.4986E-01 -4.0707E+00
  6.4523E-01 -4.9320E+00 -3.5570E-01 -4.1155E+00
  6.5066E-01 -4.9104E+00 -3.6158E-01 -4.1591E+00
  6.5614E-01 -4.8879E+00 -3.6749E-01 -4.2014E+00
  6.6167E-01 -4.8646E+00 -3.7343E-01 -4.2424E+00
  6.6724E-01 -4.8406E+00 -3.7940E-01 -4.2819E+00
  6.7286E-01 -4.8157E+00 -3.8539E-01 -4.3198E+00
  6.7852E-01 -4.7900E+00 -3.9141E-01 -4.3559E+00
  6.8424E-01 -4.7636E+00 -3.9744E-01 -4.3903E+00
  6.9000E-01 -4.7363E+00 -4.0348E-01 -4.4227E+00
  6.9581E-01 -4.7083E+00 -4.0953E-01 -4.4530E+00
  7.0167E-01 -4.6794E+00 -4.1559E-01 -4.4812E+00
  7.0758E-01 -4.6498E+00 -4.2164E-01 -4.5071E+00
  7.1353E-01 -4.6194E+00 -4.2769E-01 -4.5305E+00
  7.1954E-01 -4.5883E+00 -4.3373E-01 -4.5513E+00
  7.2560E-01 -4.5563E+00 -4.3975E-01 -4.5695E+00
  7.3171E-01 -4.5236E+00 -4.4575E-01 -4.5848E+00
  7.3787E-01 -4.4902E+00 -4.5173E-01 -4.5971E+00
  7.4409E-01 -4.4560E+00 -4.5767E-01 -4.6064E+00
  7.5035E-01 -4.4211E+00 -4.6357E-01 -4.6124E+00
  7.5667E-01 -4.3854E+00 -4.6942E-01 -4.6151E+00
  7.6304E-01 -4.3490E+00 -4.7522E-01 -4.6142E+00
  7.6947E-01 -4.3118E+00 -4.8096E-01 -4.6097E+00
  7.7595E-01 -4.2740E+00 -4.8663E-01 -4.6014E+00
  7.8248E-01 -4.2354E+00 -4.9223E-01 -4.5892E+00
  7.8907E-01 -4.1962E+00 -4.9774E-01 -4.5730E+00
  7.9571E-01 -4.1562E+00 -5.0316E-01 -4.5525E+00
  8.0241E-01 -4.1155E+00 -5.0848E-01 -4.5278E+00
  8.0917E-01 -4.0742E+00 -5.1368E-01 -4.4987E+00
  8.1598E-01 -4.0321E+00 -5.1877E-01 -4.4650E+00
  8.2286E-01 -3.9894E+00 -5.2372E-01 -4.4266E+00
  8.2978E-01 -3.9461E+00 -5.2854E-01 -4.3835E+00
  8.3677E-01 -3.9021E+00 -5.3321E-01 -4.3355E+00
  8.4382E-01 -3.8574E+00 -5.3771E-01 -4.2826E+00
  8.5092E-01 -3.8121E+00 -5.4204E-01 -4.2246E+00
  8.5809E-01 -3.7662E+00 -5.4619E-01 -4.1614E+00
  8.6531E-01 -3.7196E+00 -5.5015E-01 -4.0930E+00
  8.7260E-01 -3.6725E+00 -5.5389E-01 -4.0194E+00
  8.7995E-01 -3.6247E+00 -5.5742E-01 -3.9404E+00
  8.8735E-01 -3.5763E+00 -5.6071E-01 -3.8560E+00
  8.9483E-01 -3.5274E+00 -5.6376E-01 -3.7662E+00
  9.0236E-01 -3.4778E+00 -5.6654E-01 -3.6710E+00
  9.0996E-01 -3.4277E+00 -5.6906E-01 -3.5704E+00
  9.1762E-01 -3.3771E+00 -5.7128E-01 -3.4644E+00
  9.2535E-01 -3.3259E+00 -5.7321E-01 -3.3529E+00
  9.3314E-01 -3.2741E+00 -5.7482E-01 -3.2362E+00
  9.4099E-01 -3.2218E+00 -5.7609E-01 -3.1141E+00
  9.4892E-01 -3.1690E+00 -5.7702E-01 -2.9869E+00
  9.5691E-01 -3.1157E+00 -5.7758E-01 -2.8545E+00
  9.6496E-01 -3.0619E+00 -5.7777E-01 -2.7172E+00
  9.7309E-01 -3.0076E+00 -5.7756E-01 -2.5750E+00
  9.8128E-01 -2.9528E+00 -5.7694E-01 -2.4282E+00
  9.8954E-01 -2.8976E+00 -5.7589E-01 -2.2769E+00
  9.9788E-01 -2.8419E+00 -5.7440E-01 -2.1212E+00
  1.0063E+00 -2.7858E+00 -5.7244E-01 -1.9615E+00
  1.0148E+00 -2.7292E+00 -5.7001E-01 -1.7981E+00
  1.0233E+00 -2.6722E+00 -5.6707E-01 -1.6311E+00
  1.0319E+00 -2.6148E+00 -5.6362E-01 -1.4609E+00
  1.0406E+00 -2.5570E+00 -5.5964E-01 -1.2878E+00
  1.0494E+00 -2.4988E+00 -5.5512E-01 -1.1122E+00
  1.0582E+00 -2.4403E+00 -5.5002E-01 -9.3438E-01
  1.0671E+00 -2.3814E+00 -5.4433E-01 -7.5488E-01
  1.0761E+00 -2.3221E+00 -5.3805E-01 -5.7407E-01
  1.0852E+00 -2.2626E+00 -5.3114E-01 -3.9240E-01
  1.0943E+00 -2.2027E+00 -5.2360E-01 -2.1037E-01
  1.1035E+00 -2.1425E+00 -5.1540E-01 -2.8464E-02
  1.1128E+00 -2.0820E+00 -5.0653E-01  1.5278E-01
  1.1222E+00 -2.0212E+00 -4.9696E-01  3.3283E-01
  1.1316E+00 -1.9602E+00 -4.8670E-01  5.1111E-01
  1.1411E+00 -1.8990E+00 -4.7571E-01  6.8704E-01
  1.1507E+00 -1.8375E+00 -4.6398E-01  8.6004E-01
  1.1604E+00 -1.7758E+00 -4.5150E-01  1.0295E+00
  1.1702E+00 -1.7139E+00 -4.3825E-01  1.1948E+00
  1.1801E+00 -1.6519E+00 -4.2422E-01  1.3552E+00
  1.1900E+00 -1.5897E+00 -4.0940E-01  1.5103E+00
  1.2000E+00 -1.5273E+00 -3.9377E-01  1.6593E+00
  1.2101E+00 -1.4648E+00 -3.7731E-01  1.8017E+00
  1.2203E+00 -1.4023E+00 -3.6003E-01  1.9368E+00
  1.2306E+00 -1.3396E+00 -3.4191E-01  2.0640E+00
  1.2409E+00 -1.2769E+00 -3.2293E-01  2.1827E+00
  1.2514E+00 -1.2141E+00 -3.0310E-01  2.2925E+00
  1.2619E+00 -1.1513E+00 -2.8241E-01  2.3927E+00
  1.2725E+00 -1.0885E+00 -2.6085E-01  2.4830E+00
  1.2833E+00 -1.0258E+00 -2.3841E-01  2.5628E+00
  1.2941E+00 -9.6304E-01 -2.1510E-01  2.6318E+00
  1.3050E+00 -9.0037E-01 -1.9091E-01  2.6897E+00
  1.3159E+00 -8.3779E-01 -1.6585E-01  2.7361E+00
  1.3270E+00 -7.7533E-01 -1.3992E-01  2.7710E+00
  1.3382E+00 -7.1300E-01 -1.1312E-01  2.7941E+00
  1.3495E+00 -6.5083E-01 -8.5458E-02  2.8055E+00
  1.3608E+00 -5.8885E-01 -5.6943E-02  2.8052E+00
  1.3723E+00 -5.2708E-01 -2.7588E-02  2.7934E+00
  1.3838E+00 -4.6556E-01  2.5968E-03  2.7703E+00
  1.3955E+00 -4.0430E-01  3.3594E-02  2.7363E+00
  1.4072E+00 -3.4333E-01  6.5388E-02  2.6919E+00
  1.4191E+00 -2.8270E-01  9.7956E-02  2.6376E+00
  1.4310E+00 -2.2241E-01  1.3128E-01  2.5741E+00
  1.4431E+00 -1.6251E-01  1.6532E-01  2.5022E+00
  1.4552E+00 -1.0303E-01  2.0007E-01  2.4228E+00
  1.4675E+00 -4.3997E-02  2.3548E-01  2.3367E+00
  1.4798E+00  1.4557E-02  2.7153E-01  2.2450E+00
  1.4923E+00  7.2598E-02  3.0817E-01  2.1487E+00
  1.5049E+00  1.3009E-01  3.4537E-01  2.0489E+00
  1.5175E+00  1.8700E-01  3.8308E-01  1.9467E+00
  1.5303E+00  2.4330E-01  4.2126E-01  1.8430E+00
  1.5432E+00  2.9894E-01  4.5985E-01  1.7387E+00
  1.5562E+00  3.5388E-01  4.9881E-01  1.6347E+00
  1.5693E+00  4.0810E-01  5.3808E-01  1.5313E+00
  1.5825E+00  4.6156E-01  5.7760E-01  1.4290E+00
  1.5958E+00  5.1421E-01  6.1731E-01  1.3275E+00
  1.6092E+00  5.6601E-01  6.5715E-01  1.2262E+00
  1.6228E+00  6.1692E-01  6.9704E-01  1.1243E+00
  1.6365E+00  6.6691E-01  7.3691E-01  1.0220E+00
  1.6502E+00  7.1592E-01  7.7670E-01  9.1989E-01
  1.6641E+00  7.6393E-01  8.1632E-01  8.1843E-01
  1.6781E+00  8.1087E-01  8.5569E-01  7.1826E-01
  1.6923E+00  8.5672E-01  8.9474E-01  6.1998E-01
  1.7065E+00  9.0142E-01  9.3338E-01  5.2420E-01
  1.7209E+00  9.4492E-01  9.7153E-01  4.3156E-01
  1.7354E+00  9.8719E-01  1.0091E+00  3.4268E-01
  1.7500E+00  1.0282E+00  1.0460E+00  2.5821E-01
  1.7647E+00  1.0678E+00  1.0821E+00  1.7880E-01
  1.7796E+00  1.1061E+00  1.1174E+00  1.0510E-01
  1.7945E+00  1.1429E+00  1.1517E+00  3.7739E-02
  1.8097E+00  1.1783E+00  1.1849E+00 -2.2634E-02
  1.8249E+00  1.2122E+00  1.2171E+00 -7.5397E-02
  1.8402E+00  1.2444E+00  1.2480E+00 -1.1994E-01
  1.8557E+00  1.2751E+00  1.2775E+00 -1.5567E-01
  1.8714E+00  1.3040E+00  1.3057E+00 -1.8202E-01
  1.8871E+00  1.3313E+00  1.3323E+00 -1.9845E-01
  1.9030E+00  1.3567E+00  1.3573E+00 -2.0447E-01
  1.9190E+00  1.3804E+00  1.3807E+00 -1.9961E-01
  1.9352E+00  1.4021E+00  1.4023E+00 -1.8346E-01
  1.9515E+00  1.4220E+00  1.4220E+00 -1.5564E-01
  1.9679E+00  1.4398E+00  1.4398E+00 -1.1587E-01
  1.9845E+00  1.4557E+00  1.4557E+00 -6.3887E-02
  2.0012E+00  1.4694E+00  1.4694E+00  0.0000E+00
  2.0180E+00  1.4811E+00  1.4811E+00  0.0000E+00
  2.0350E+00  1.4905E+00  1.4905E+00  0.0000E+00
  2.0521E+00  1.4978E+00  1.4978E+00  0.0000E+00
  2.0694E+00  1.5027E+00  1.5027E+00  0.0000E+00
  2.0868E+00  1.5054E+00  1.5054E+00  0.0000E+00
  2.1044E+00  1.5057E+00  1.5057E+00  0.0000E+00
  2.1221E+00  1.5036E+00  1.5036E+00  0.0000E+00
  2.1400E+00  1.4991E+00  1.4991E+00  0.0000E+00
  2.1580E+00  1.4921E+00  1.4921E+00  0.0000E+00
  2.1762E+00  1.4826E+00  1.4826E+00  0.0000E+00
  2.1945E+00  1.4705E+00  1.4705E+00  0.0000E+00
  2.2130E+00  1.4559E+00  1.4559E+00  0.0000E+00
  2.2316E+00  1.4386E+00  1.4386E+00  0.0000E+00
  2.2504E+00  1.4187E+00  1.4187E+00  0.0000E+00
  2.2693E+00  1.3961E+00  1.3961E+00  0.0000E+00
  2.2884E+00  1.3708E+00  1.3708E+00  0.0000E+00
  2.3077E+00  1.3428E+00  1.3428E+00  0.0000E+00
  2.3271E+00  1.3120E+00  1.3120E+00  0.0000E+00
  2.3467E+00  1.2785E+00  1.2785E+00  0.0000E+00
  2.3665E+00  1.2423E+00  1.2423E+00  0.0000E+00
  2.3864E+00  1.2033E+00  1.2033E+00  0.0000E+00
  2.4065E+00  1.1615E+00  1.1615E+00  0.0000E+00
  2.4267E+00  1.1170E+00  1.1170E+00  0.0000E+00
  2.4472E+00  1.0697E+00  1.0697E+00  0.0000E+00
  2.4678E+00  1.0197E+00  1.0197E+00  0.0000E+00
  2.4885E+00  9.6693E-01  9.6693E-01  0.0000E+00
  2.5095E+00  9.1148E-01  9.1148E-01  0.0000E+00
  2.5306E+00  8.5336E-01  8.5336E-01  0.0000E+00
  2.5519E+00  7.9261E-01  7.9261E-01  0.0000E+00
  2.5734E+00  7.2926E-01  7.2926E-01  0.0000E+00
  2.5951E+00  6.6335E-01  6.6335E-01  0.0000E+00
  2.6169E+00  5.9496E-01  5.9496E-01  0.0000E+00
  2.6389E+00  5.2413E-01  5.2413E-01  0.0000E+00
  2.6612E+00  4.5094E-01  4.5094E-01  0.0000E+00
  2.6836E+00  3.7545E-01  3.7545E-01  0.0000E+00
  2.7062E+00  2.9776E-01  2.9776E-01  0.0000E+00
  2.7289E+00  2.1795E-01  2.1795E-01  0.0000E+00
  2.7519E+00  1.3612E-01  1.3612E-01  0.0000E+00
  2.7751E+00  5.2378E-02  5.2378E-02  0.0000E+00
  2.7984E+00 -3.3161E-02 -3.3161E-02  0.0000E+00
  2.8220E+00 -1.2038E-01 -1.2038E-01  0.0000E+00
  2.8458E+00 -2.0913E-01 -2.0913E-01  0.0000E+00
  2.8697E+00 -2.9929E-01 -2.9929E-01  0.0000E+00
  2.8939E+00 -3.9071E-01 -3.9071E-01  0.0000E+00
  2.9182E+00 -4.8321E-01 -4.8321E-01  0.0000E+00
  2.9428E+00 -5.7665E-01 -5.7665E-01  0.0000E+00
  2.9676E+00 -6.7084E-01 -6.7084E-01  0.0000E+00
  2.9925E+00 -7.6560E-01 -7.6560E-01  0.0000E+00
  3.0177E+00 -8.6073E-01 -8.6073E-01  0.0000E+00
  3.0431E+00 -9.5603E-01 -9.5603E-01  0.0000E+00
  3.0688E+00 -1.0513E+00 -1.0513E+00  0.0000E+00
  3.0946E+00 -1.1463E+00 -1.1463E+00  0.0000E+00
  3.1206E+00 -1.2408E+00 -1.2408E+00  0.0000E+00
  3.1469E+00 -1.3346E+00 -1.3346E+00  0.0000E+00
  3.1734E+00 -1.4274E+00 -1.4274E+00  0.0000E+00
  3.2001E+00 -1.5191E+00 -1.5191E+00  0.0000E+00
  3.2271E+00 -1.6092E+00 -1.6092E+00  0.0000E+00
  3.2542E+00 -1.6976E+00 -1.6976E+00  0.0000E+00
  3.2816E+00 -1.7840E+00 -1.7840E+00  0.0000E+00
  3.3092E+00 -1.8681E+00 -1.8681E+00  0.0000E+00
  3.3371E+00 -1.9496E+00 -1.9496E+00  0.0000E+00
  3.3652E+00 -2.0283E+00 -2.0283E+00  0.0000E+00
  3.3935E+00 -2.1039E+00 -2.1039E+00  0.0000E+00
  3.4221E+00 -2.1760E+00 -2.1760E+00  0.0000E+00
  3.4509E+00 -2.2443E+00 -2.2443E+00  0.0000E+00
  3.4799E+00 -2.3087E+00 -2.3087E+00  0.0000E+00
  3.5092E+00 -2.3687E+00 -2.3687E+00  0.0000E+00
