 # l=           2 energy=  -5.00000000000000     
  0.0000E+00  0.0000E+00  0.0000E+00  0.0000E+00
  2.3519E-06  3.4654E-18  4.6888E-16  1.4885E-15
  4.7235E-06  2.8075E-17  2.9529E-15  9.3667E-15
  7.1152E-06  9.5955E-17  8.7095E-15  2.7607E-14
  9.5269E-06  2.3034E-16  1.8831E-14  5.9646E-14
  1.1959E-05  4.5561E-16  3.4349E-14  1.0873E-13
  1.4412E-05  7.9733E-16  5.6238E-14  1.7797E-13
  1.6885E-05  1.2823E-15  8.5473E-14  2.7041E-13
  1.9379E-05  1.9386E-15  1.2304E-13  3.8916E-13
  2.1894E-05  2.7955E-15  1.6990E-13  5.3727E-13
  2.4430E-05  3.8839E-15  2.2706E-13  7.1787E-13
  2.6987E-05  5.2359E-15  2.9551E-13  9.3411E-13
  2.9566E-05  6.8850E-15  3.7627E-13  1.1892E-12
  3.2167E-05  8.8664E-15  4.7040E-13  1.4864E-12
  3.4790E-05  1.1217E-14  5.7894E-13  1.8291E-12
  3.7434E-05  1.3974E-14  7.0300E-13  2.2208E-12
  4.0101E-05  1.7179E-14  8.4369E-13  2.6648E-12
  4.2791E-05  2.0872E-14  1.0022E-12  3.1649E-12
  4.5503E-05  2.5097E-14  1.1796E-12  3.7246E-12
  4.8238E-05  2.9900E-14  1.3772E-12  4.3479E-12
  5.0996E-05  3.5327E-14  1.5961E-12  5.0387E-12
  5.3777E-05  4.1428E-14  1.8378E-12  5.8008E-12
  5.6581E-05  4.8254E-14  2.1035E-12  6.6386E-12
  5.9409E-05  5.5857E-14  2.3945E-12  7.5561E-12
  6.2261E-05  6.4294E-14  2.7122E-12  8.5578E-12
  6.5137E-05  7.3621E-14  3.0582E-12  9.6483E-12
  6.8038E-05  8.3899E-14  3.4338E-12  1.0832E-11
  7.0962E-05  9.5190E-14  3.8405E-12  1.2114E-11
  7.3911E-05  1.0756E-13  4.2801E-12  1.3499E-11
  7.6885E-05  1.2107E-13  4.7540E-12  1.4992E-11
  7.9884E-05  1.3580E-13  5.2639E-12  1.6598E-11
  8.2909E-05  1.5181E-13  5.8115E-12  1.8323E-11
  8.5958E-05  1.6919E-13  6.3987E-12  2.0173E-11
  8.9034E-05  1.8801E-13  7.0272E-12  2.2152E-11
  9.2135E-05  2.0835E-13  7.6989E-12  2.4267E-11
  9.5263E-05  2.3029E-13  8.4157E-12  2.6524E-11
  9.8416E-05  2.5393E-13  9.1797E-12  2.8929E-11
  1.0160E-04  2.7935E-13  9.9928E-12  3.1489E-11
  1.0480E-04  3.0665E-13  1.0857E-11  3.4210E-11
  1.0804E-04  3.3592E-13  1.1775E-11  3.7099E-11
  1.1130E-04  3.6727E-13  1.2749E-11  4.0163E-11
  1.1459E-04  4.0080E-13  1.3780E-11  4.3410E-11
  1.1790E-04  4.3661E-13  1.4872E-11  4.6846E-11
  1.2125E-04  4.7483E-13  1.6027E-11  5.0480E-11
  1.2462E-04  5.1556E-13  1.7248E-11  5.4319E-11
  1.2802E-04  5.5893E-13  1.8536E-11  5.8371E-11
  1.3145E-04  6.0507E-13  1.9895E-11  6.2646E-11
  1.3491E-04  6.5409E-13  2.1327E-11  6.7151E-11
  1.3840E-04  7.0614E-13  2.2836E-11  7.1896E-11
  1.4191E-04  7.6135E-13  2.4424E-11  7.6890E-11
  1.4546E-04  8.1987E-13  2.6094E-11  8.2141E-11
  1.4904E-04  8.8184E-13  2.7850E-11  8.7661E-11
  1.5264E-04  9.4741E-13  2.9694E-11  9.3459E-11
  1.5628E-04  1.0168E-12  3.1630E-11  9.9545E-11
  1.5995E-04  1.0900E-12  3.3661E-11  1.0593E-10
  1.6365E-04  1.1674E-12  3.5791E-11  1.1262E-10
  1.6737E-04  1.2490E-12  3.8024E-11  1.1964E-10
  1.7114E-04  1.3351E-12  4.0362E-11  1.2699E-10
  1.7493E-04  1.4259E-12  4.2810E-11  1.3468E-10
  1.7875E-04  1.5215E-12  4.5372E-11  1.4273E-10
  1.8261E-04  1.6221E-12  4.8052E-11  1.5115E-10
  1.8650E-04  1.7279E-12  5.0854E-11  1.5996E-10
  1.9042E-04  1.8393E-12  5.3783E-11  1.6916E-10
  1.9437E-04  1.9562E-12  5.6842E-11  1.7877E-10
  1.9836E-04  2.0791E-12  6.0036E-11  1.8880E-10
  2.0238E-04  2.2082E-12  6.3370E-11  1.9927E-10
  2.0644E-04  2.3436E-12  6.6849E-11  2.1020E-10
  2.1053E-04  2.4857E-12  7.0478E-11  2.2159E-10
  2.1465E-04  2.6346E-12  7.4261E-11  2.3347E-10
  2.1881E-04  2.7907E-12  7.8204E-11  2.4586E-10
  2.2300E-04  2.9543E-12  8.2313E-11  2.5876E-10
  2.2723E-04  3.1256E-12  8.6593E-11  2.7219E-10
  2.3150E-04  3.3049E-12  9.1050E-11  2.8619E-10
  2.3580E-04  3.4925E-12  9.5689E-11  3.0075E-10
  2.4014E-04  3.6887E-12  1.0052E-10  3.1590E-10
  2.4451E-04  3.8940E-12  1.0554E-10  3.3167E-10
  2.4892E-04  4.1085E-12  1.1076E-10  3.4806E-10
  2.5337E-04  4.3326E-12  1.1620E-10  3.6511E-10
  2.5785E-04  4.5668E-12  1.2184E-10  3.8283E-10
  2.6237E-04  4.8113E-12  1.2771E-10  4.0124E-10
  2.6693E-04  5.0666E-12  1.3381E-10  4.2037E-10
  2.7153E-04  5.3330E-12  1.4014E-10  4.4024E-10
  2.7617E-04  5.6109E-12  1.4672E-10  4.6088E-10
  2.8085E-04  5.9008E-12  1.5354E-10  4.8230E-10
  2.8556E-04  6.2031E-12  1.6063E-10  5.0453E-10
  2.9032E-04  6.5182E-12  1.6799E-10  5.2760E-10
  2.9511E-04  6.8466E-12  1.7562E-10  5.5154E-10
  2.9995E-04  7.1887E-12  1.8353E-10  5.7637E-10
  3.0483E-04  7.5451E-12  1.9174E-10  6.0212E-10
  3.0974E-04  7.9162E-12  2.0026E-10  6.2882E-10
  3.1470E-04  8.3025E-12  2.0908E-10  6.5650E-10
  3.1970E-04  8.7046E-12  2.1823E-10  6.8519E-10
  3.2475E-04  9.1231E-12  2.2771E-10  7.1491E-10
  3.2983E-04  9.5584E-12  2.3754E-10  7.4571E-10
  3.3496E-04  1.0011E-11  2.4771E-10  7.7762E-10
  3.4013E-04  1.0482E-11  2.5825E-10  8.1067E-10
  3.4535E-04  1.0972E-11  2.6917E-10  8.4489E-10
  3.5060E-04  1.1481E-11  2.8047E-10  8.8032E-10
  3.5591E-04  1.2009E-11  2.9217E-10  9.1700E-10
  3.6125E-04  1.2559E-11  3.0428E-10  9.5496E-10
  3.6665E-04  1.3130E-11  3.1682E-10  9.9425E-10
  3.7209E-04  1.3723E-11  3.2979E-10  1.0349E-09
  3.7757E-04  1.4338E-11  3.4321E-10  1.0770E-09
  3.8310E-04  1.4978E-11  3.5709E-10  1.1205E-09
  3.8868E-04  1.5641E-11  3.7145E-10  1.1655E-09
  3.9430E-04  1.6330E-11  3.8631E-10  1.2120E-09
  3.9997E-04  1.7045E-11  4.0166E-10  1.2601E-09
  4.0569E-04  1.7787E-11  4.1754E-10  1.3099E-09
  4.1146E-04  1.8556E-11  4.3396E-10  1.3613E-09
  4.1727E-04  1.9354E-11  4.5092E-10  1.4145E-09
  4.2314E-04  2.0181E-11  4.6846E-10  1.4694E-09
  4.2905E-04  2.1039E-11  4.8658E-10  1.5262E-09
  4.3501E-04  2.1929E-11  5.0531E-10  1.5848E-09
  4.4103E-04  2.2851E-11  5.2465E-10  1.6454E-09
  4.4709E-04  2.3806E-11  5.4464E-10  1.7080E-09
  4.5321E-04  2.4797E-11  5.6528E-10  1.7727E-09
  4.5937E-04  2.5823E-11  5.8660E-10  1.8394E-09
  4.6559E-04  2.6886E-11  6.0861E-10  1.9084E-09
  4.7186E-04  2.7987E-11  6.3135E-10  1.9796E-09
  4.7819E-04  2.9127E-11  6.5482E-10  2.0531E-09
  4.8456E-04  3.0308E-11  6.7905E-10  2.1289E-09
  4.9099E-04  3.1531E-11  7.0407E-10  2.2073E-09
  4.9748E-04  3.2797E-11  7.2989E-10  2.2881E-09
  5.0402E-04  3.4107E-11  7.5653E-10  2.3715E-09
  5.1061E-04  3.5463E-11  7.8403E-10  2.4576E-09
  5.1726E-04  3.6867E-11  8.1241E-10  2.5465E-09
  5.2397E-04  3.8320E-11  8.4168E-10  2.6381E-09
  5.3073E-04  3.9823E-11  8.7189E-10  2.7327E-09
  5.3755E-04  4.1377E-11  9.0305E-10  2.8302E-09
  5.4443E-04  4.2986E-11  9.3519E-10  2.9308E-09
  5.5136E-04  4.4649E-11  9.6834E-10  3.0345E-09
  5.5835E-04  4.6370E-11  1.0025E-09  3.1415E-09
  5.6540E-04  4.8149E-11  1.0378E-09  3.2519E-09
  5.7252E-04  4.9989E-11  1.0741E-09  3.3657E-09
  5.7969E-04  5.1891E-11  1.1116E-09  3.4830E-09
  5.8692E-04  5.3857E-11  1.1503E-09  3.6039E-09
  5.9421E-04  5.5889E-11  1.1901E-09  3.7286E-09
  6.0156E-04  5.7990E-11  1.2312E-09  3.8571E-09
  6.0898E-04  6.0161E-11  1.2735E-09  3.9895E-09
  6.1646E-04  6.2405E-11  1.3172E-09  4.1261E-09
  6.2400E-04  6.4723E-11  1.3621E-09  4.2668E-09
  6.3160E-04  6.7118E-11  1.4085E-09  4.4117E-09
  6.3927E-04  6.9593E-11  1.4562E-09  4.5611E-09
  6.4700E-04  7.2149E-11  1.5054E-09  4.7151E-09
  6.5480E-04  7.4789E-11  1.5561E-09  4.8737E-09
  6.6266E-04  7.7516E-11  1.6084E-09  5.0371E-09
  6.7059E-04  8.0332E-11  1.6622E-09  5.2054E-09
  6.7859E-04  8.3240E-11  1.7176E-09  5.3788E-09
  6.8665E-04  8.6243E-11  1.7747E-09  5.5574E-09
  6.9479E-04  8.9344E-11  1.8336E-09  5.7413E-09
  7.0299E-04  9.2545E-11  1.8941E-09  5.9308E-09
  7.1126E-04  9.5849E-11  1.9565E-09  6.1259E-09
  7.1959E-04  9.9260E-11  2.0208E-09  6.3268E-09
  7.2800E-04  1.0278E-10  2.0869E-09  6.5337E-09
  7.3648E-04  1.0641E-10  2.1551E-09  6.7467E-09
  7.4503E-04  1.1016E-10  2.2252E-09  6.9660E-09
  7.5366E-04  1.1403E-10  2.2974E-09  7.1919E-09
  7.6235E-04  1.1803E-10  2.3718E-09  7.4243E-09
  7.7112E-04  1.2215E-10  2.4483E-09  7.6636E-09
  7.7996E-04  1.2640E-10  2.5271E-09  7.9100E-09
  7.8888E-04  1.3078E-10  2.6083E-09  8.1636E-09
  7.9787E-04  1.3530E-10  2.6917E-09  8.4246E-09
  8.0694E-04  1.3997E-10  2.7777E-09  8.6932E-09
  8.1609E-04  1.4478E-10  2.8661E-09  8.9697E-09
  8.2531E-04  1.4975E-10  2.9572E-09  9.2542E-09
  8.3461E-04  1.5487E-10  3.0508E-09  9.5470E-09
  8.4398E-04  1.6014E-10  3.1472E-09  9.8483E-09
  8.5344E-04  1.6559E-10  3.2464E-09  1.0158E-08
  8.6298E-04  1.7120E-10  3.3485E-09  1.0477E-08
  8.7259E-04  1.7699E-10  3.4535E-09  1.0806E-08
  8.8229E-04  1.8295E-10  3.5616E-09  1.1143E-08
  8.9207E-04  1.8910E-10  3.6728E-09  1.1491E-08
  9.0193E-04  1.9544E-10  3.7871E-09  1.1848E-08
  9.1187E-04  2.0198E-10  3.9048E-09  1.2216E-08
  9.2190E-04  2.0872E-10  4.0258E-09  1.2594E-08
  9.3201E-04  2.1566E-10  4.1503E-09  1.2983E-08
  9.4221E-04  2.2282E-10  4.2784E-09  1.3383E-08
  9.5249E-04  2.3019E-10  4.4101E-09  1.3795E-08
  9.6286E-04  2.3779E-10  4.5456E-09  1.4218E-08
  9.7332E-04  2.4562E-10  4.6850E-09  1.4653E-08
  9.8386E-04  2.5369E-10  4.8283E-09  1.5101E-08
  9.9449E-04  2.6201E-10  4.9757E-09  1.5561E-08
  1.0052E-03  2.7058E-10  5.1272E-09  1.6035E-08
  1.0160E-03  2.7940E-10  5.2831E-09  1.6522E-08
  1.0269E-03  2.8849E-10  5.4434E-09  1.7022E-08
  1.0379E-03  2.9786E-10  5.6082E-09  1.7537E-08
  1.0490E-03  3.0751E-10  5.7776E-09  1.8066E-08
  1.0602E-03  3.1745E-10  5.9518E-09  1.8610E-08
  1.0715E-03  3.2769E-10  6.1310E-09  1.9170E-08
  1.0828E-03  3.3823E-10  6.3151E-09  1.9745E-08
  1.0943E-03  3.4909E-10  6.5045E-09  2.0336E-08
  1.1059E-03  3.6027E-10  6.6991E-09  2.0944E-08
  1.1175E-03  3.7179E-10  6.8992E-09  2.1569E-08
  1.1293E-03  3.8365E-10  7.1049E-09  2.2211E-08
  1.1412E-03  3.9586E-10  7.3164E-09  2.2872E-08
  1.1531E-03  4.0844E-10  7.5337E-09  2.3550E-08
  1.1652E-03  4.2138E-10  7.7571E-09  2.4248E-08
  1.1773E-03  4.3471E-10  7.9868E-09  2.4965E-08
  1.1896E-03  4.4844E-10  8.2228E-09  2.5702E-08
  1.2020E-03  4.6257E-10  8.4654E-09  2.6459E-08
  1.2144E-03  4.7711E-10  8.7147E-09  2.7238E-08
  1.2270E-03  4.9209E-10  8.9709E-09  2.8037E-08
  1.2397E-03  5.0750E-10  9.2342E-09  2.8859E-08
  1.2525E-03  5.2337E-10  9.5048E-09  2.9704E-08
  1.2654E-03  5.3970E-10  9.7829E-09  3.0572E-08
  1.2784E-03  5.5651E-10  1.0069E-08  3.1464E-08
  1.2915E-03  5.7381E-10  1.0362E-08  3.2381E-08
  1.3047E-03  5.9162E-10  1.0664E-08  3.3323E-08
  1.3180E-03  6.0994E-10  1.0974E-08  3.4290E-08
  1.3315E-03  6.2880E-10  1.1293E-08  3.5285E-08
  1.3450E-03  6.4821E-10  1.1620E-08  3.6306E-08
  1.3587E-03  6.6818E-10  1.1956E-08  3.7356E-08
  1.3725E-03  6.8873E-10  1.2302E-08  3.8434E-08
  1.3864E-03  7.0987E-10  1.2657E-08  3.9542E-08
  1.4004E-03  7.3163E-10  1.3021E-08  4.0680E-08
  1.4146E-03  7.5402E-10  1.3396E-08  4.1849E-08
  1.4288E-03  7.7705E-10  1.3781E-08  4.3050E-08
  1.4432E-03  8.0074E-10  1.4176E-08  4.4284E-08
  1.4577E-03  8.2512E-10  1.4582E-08  4.5551E-08
  1.4723E-03  8.5020E-10  1.5000E-08  4.6853E-08
  1.4871E-03  8.7600E-10  1.5428E-08  4.8190E-08
  1.5019E-03  9.0254E-10  1.5868E-08  4.9564E-08
  1.5169E-03  9.2985E-10  1.6321E-08  5.0975E-08
  1.5321E-03  9.5793E-10  1.6785E-08  5.2424E-08
  1.5473E-03  9.8682E-10  1.7262E-08  5.3912E-08
  1.5627E-03  1.0165E-09  1.7752E-08  5.5441E-08
  1.5782E-03  1.0471E-09  1.8255E-08  5.7011E-08
  1.5938E-03  1.0785E-09  1.8772E-08  5.8624E-08
  1.6096E-03  1.1108E-09  1.9303E-08  6.0279E-08
  1.6255E-03  1.1441E-09  1.9848E-08  6.1980E-08
  1.6415E-03  1.1783E-09  2.0408E-08  6.3727E-08
  1.6577E-03  1.2134E-09  2.0983E-08  6.5520E-08
  1.6740E-03  1.2496E-09  2.1574E-08  6.7362E-08
  1.6904E-03  1.2868E-09  2.2180E-08  6.9253E-08
  1.7070E-03  1.3250E-09  2.2803E-08  7.1196E-08
  1.7237E-03  1.3644E-09  2.3442E-08  7.3190E-08
  1.7406E-03  1.4048E-09  2.4099E-08  7.5238E-08
  1.7576E-03  1.4464E-09  2.4773E-08  7.7341E-08
  1.7748E-03  1.4891E-09  2.5465E-08  7.9500E-08
  1.7920E-03  1.5330E-09  2.6176E-08  8.1717E-08
  1.8095E-03  1.5782E-09  2.6906E-08  8.3993E-08
  1.8271E-03  1.6247E-09  2.7655E-08  8.6330E-08
  1.8448E-03  1.6724E-09  2.8425E-08  8.8730E-08
  1.8627E-03  1.7216E-09  2.9215E-08  9.1193E-08
  1.8807E-03  1.7720E-09  3.0026E-08  9.3723E-08
  1.8989E-03  1.8239E-09  3.0859E-08  9.6319E-08
  1.9172E-03  1.8773E-09  3.1714E-08  9.8985E-08
  1.9357E-03  1.9321E-09  3.2592E-08  1.0172E-07
  1.9544E-03  1.9885E-09  3.3493E-08  1.0453E-07
  1.9732E-03  2.0464E-09  3.4418E-08  1.0742E-07
  1.9921E-03  2.1060E-09  3.5368E-08  1.1038E-07
  2.0112E-03  2.1672E-09  3.6343E-08  1.1342E-07
  2.0305E-03  2.2301E-09  3.7344E-08  1.1654E-07
  2.0500E-03  2.2948E-09  3.8371E-08  1.1974E-07
  2.0696E-03  2.3613E-09  3.9426E-08  1.2303E-07
  2.0893E-03  2.4296E-09  4.0509E-08  1.2641E-07
  2.1093E-03  2.4999E-09  4.1620E-08  1.2987E-07
  2.1294E-03  2.5720E-09  4.2761E-08  1.3343E-07
  2.1497E-03  2.6462E-09  4.3932E-08  1.3708E-07
  2.1701E-03  2.7224E-09  4.5134E-08  1.4082E-07
  2.1907E-03  2.8008E-09  4.6368E-08  1.4467E-07
  2.2115E-03  2.8813E-09  4.7634E-08  1.4862E-07
  2.2325E-03  2.9640E-09  4.8934E-08  1.5267E-07
  2.2536E-03  3.0490E-09  5.0268E-08  1.5683E-07
  2.2750E-03  3.1364E-09  5.1637E-08  1.6109E-07
  2.2965E-03  3.2261E-09  5.3042E-08  1.6547E-07
  2.3181E-03  3.3184E-09  5.4485E-08  1.6997E-07
  2.3400E-03  3.4132E-09  5.5965E-08  1.7458E-07
  2.3621E-03  3.5106E-09  5.7484E-08  1.7932E-07
  2.3843E-03  3.6106E-09  5.9044E-08  1.8418E-07
  2.4067E-03  3.7135E-09  6.0644E-08  1.8916E-07
  2.4293E-03  3.8191E-09  6.2286E-08  1.9428E-07
  2.4521E-03  3.9277E-09  6.3971E-08  1.9953E-07
  2.4751E-03  4.0392E-09  6.5701E-08  2.0492E-07
  2.4983E-03  4.1538E-09  6.7476E-08  2.1045E-07
  2.5217E-03  4.2715E-09  6.9297E-08  2.1613E-07
  2.5453E-03  4.3924E-09  7.1167E-08  2.2195E-07
  2.5690E-03  4.5167E-09  7.3085E-08  2.2793E-07
  2.5930E-03  4.6443E-09  7.5053E-08  2.3406E-07
  2.6172E-03  4.7754E-09  7.7073E-08  2.4035E-07
  2.6416E-03  4.9101E-09  7.9145E-08  2.4681E-07
  2.6662E-03  5.0485E-09  8.1272E-08  2.5344E-07
  2.6910E-03  5.1907E-09  8.3454E-08  2.6023E-07
  2.7160E-03  5.3367E-09  8.5693E-08  2.6721E-07
  2.7412E-03  5.4867E-09  8.7991E-08  2.7437E-07
  2.7666E-03  5.6408E-09  9.0348E-08  2.8171E-07
  2.7922E-03  5.7991E-09  9.2767E-08  2.8925E-07
  2.8181E-03  5.9617E-09  9.5249E-08  2.9698E-07
  2.8442E-03  6.1287E-09  9.7796E-08  3.0491E-07
  2.8705E-03  6.3002E-09  1.0041E-07  3.1305E-07
  2.8970E-03  6.4764E-09  1.0309E-07  3.2140E-07
  2.9237E-03  6.6574E-09  1.0584E-07  3.2997E-07
  2.9507E-03  6.8433E-09  1.0866E-07  3.3876E-07
  2.9779E-03  7.0342E-09  1.1156E-07  3.4777E-07
  3.0053E-03  7.2303E-09  1.1453E-07  3.5702E-07
  3.0329E-03  7.4317E-09  1.1757E-07  3.6652E-07
  3.0608E-03  7.6385E-09  1.2070E-07  3.7625E-07
  3.0889E-03  7.8510E-09  1.2391E-07  3.8624E-07
  3.1173E-03  8.0692E-09  1.2720E-07  3.9649E-07
  3.1459E-03  8.2932E-09  1.3058E-07  4.0700E-07
  3.1747E-03  8.5233E-09  1.3404E-07  4.1779E-07
  3.2038E-03  8.7597E-09  1.3759E-07  4.2885E-07
  3.2331E-03  9.0024E-09  1.4124E-07  4.4020E-07
  3.2627E-03  9.2516E-09  1.4498E-07  4.5184E-07
  3.2925E-03  9.5076E-09  1.4881E-07  4.6379E-07
  3.3225E-03  9.7704E-09  1.5275E-07  4.7604E-07
  3.3529E-03  1.0040E-08  1.5678E-07  4.8861E-07
  3.3834E-03  1.0318E-08  1.6092E-07  5.0150E-07
  3.4143E-03  1.0602E-08  1.6517E-07  5.1472E-07
  3.4453E-03  1.0894E-08  1.6953E-07  5.2829E-07
  3.4767E-03  1.1195E-08  1.7399E-07  5.4220E-07
  3.5083E-03  1.1503E-08  1.7858E-07  5.5647E-07
  3.5402E-03  1.1819E-08  1.8328E-07  5.7111E-07
  3.5724E-03  1.2144E-08  1.8810E-07  5.8613E-07
  3.6048E-03  1.2478E-08  1.9305E-07  6.0153E-07
  3.6375E-03  1.2820E-08  1.9813E-07  6.1732E-07
  3.6704E-03  1.3172E-08  2.0333E-07  6.3353E-07
  3.7037E-03  1.3533E-08  2.0867E-07  6.5015E-07
  3.7372E-03  1.3904E-08  2.1415E-07  6.6719E-07
  3.7710E-03  1.4285E-08  2.1976E-07  6.8467E-07
  3.8051E-03  1.4676E-08  2.2552E-07  7.0260E-07
  3.8395E-03  1.5077E-08  2.3143E-07  7.2099E-07
  3.8742E-03  1.5490E-08  2.3749E-07  7.3985E-07
  3.9091E-03  1.5913E-08  2.4371E-07  7.5920E-07
  3.9444E-03  1.6347E-08  2.5008E-07  7.7904E-07
  3.9799E-03  1.6793E-08  2.5662E-07  7.9938E-07
  4.0158E-03  1.7251E-08  2.6332E-07  8.2025E-07
  4.0519E-03  1.7721E-08  2.7020E-07  8.4165E-07
  4.0884E-03  1.8204E-08  2.7725E-07  8.6360E-07
  4.1252E-03  1.8699E-08  2.8448E-07  8.8611E-07
  4.1622E-03  1.9208E-08  2.9190E-07  9.0919E-07
  4.1996E-03  1.9730E-08  2.9951E-07  9.3286E-07
  4.2373E-03  2.0267E-08  3.0731E-07  9.5714E-07
  4.2754E-03  2.0817E-08  3.1531E-07  9.8203E-07
  4.3137E-03  2.1382E-08  3.2351E-07  1.0076E-06
  4.3524E-03  2.1962E-08  3.3193E-07  1.0337E-06
  4.3913E-03  2.2558E-08  3.4056E-07  1.0606E-06
  4.4307E-03  2.3169E-08  3.4940E-07  1.0881E-06
  4.4703E-03  2.3796E-08  3.5848E-07  1.1163E-06
  4.5103E-03  2.4441E-08  3.6778E-07  1.1453E-06
  4.5506E-03  2.5102E-08  3.7732E-07  1.1750E-06
  4.5913E-03  2.5781E-08  3.8711E-07  1.2054E-06
  4.6323E-03  2.6478E-08  3.9714E-07  1.2366E-06
  4.6736E-03  2.7193E-08  4.0743E-07  1.2686E-06
  4.7153E-03  2.7927E-08  4.1798E-07  1.3015E-06
  4.7573E-03  2.8681E-08  4.2880E-07  1.3351E-06
  4.7997E-03  2.9454E-08  4.3989E-07  1.3696E-06
  4.8425E-03  3.0248E-08  4.5127E-07  1.4050E-06
  4.8856E-03  3.1064E-08  4.6293E-07  1.4413E-06
  4.9291E-03  3.1900E-08  4.7489E-07  1.4785E-06
  4.9729E-03  3.2759E-08  4.8715E-07  1.5166E-06
  5.0171E-03  3.3640E-08  4.9972E-07  1.5557E-06
  5.0617E-03  3.4545E-08  5.1261E-07  1.5958E-06
  5.1067E-03  3.5474E-08  5.2583E-07  1.6369E-06
  5.1520E-03  3.6427E-08  5.3938E-07  1.6791E-06
  5.1977E-03  3.7406E-08  5.5328E-07  1.7223E-06
  5.2438E-03  3.8410E-08  5.6752E-07  1.7666E-06
  5.2903E-03  3.9440E-08  5.8213E-07  1.8120E-06
  5.3372E-03  4.0498E-08  5.9711E-07  1.8586E-06
  5.3845E-03  4.1584E-08  6.1246E-07  1.9063E-06
  5.4322E-03  4.2698E-08  6.2821E-07  1.9553E-06
  5.4802E-03  4.3842E-08  6.4435E-07  2.0055E-06
  5.5287E-03  4.5016E-08  6.6089E-07  2.0569E-06
  5.5776E-03  4.6221E-08  6.7786E-07  2.1097E-06
  5.6269E-03  4.7457E-08  6.9525E-07  2.1638E-06
  5.6766E-03  4.8726E-08  7.1308E-07  2.2192E-06
  5.7267E-03  5.0029E-08  7.3136E-07  2.2760E-06
  5.7773E-03  5.1365E-08  7.5010E-07  2.3343E-06
  5.8283E-03  5.2737E-08  7.6932E-07  2.3940E-06
  5.8797E-03  5.4145E-08  7.8901E-07  2.4553E-06
  5.9315E-03  5.5590E-08  8.0920E-07  2.5180E-06
  5.9838E-03  5.7073E-08  8.2990E-07  2.5824E-06
  6.0365E-03  5.8594E-08  8.5112E-07  2.6484E-06
  6.0897E-03  6.0156E-08  8.7288E-07  2.7160E-06
  6.1433E-03  6.1759E-08  8.9518E-07  2.7853E-06
  6.1974E-03  6.3404E-08  9.1804E-07  2.8563E-06
  6.2519E-03  6.5092E-08  9.4147E-07  2.9292E-06
  6.3069E-03  6.6824E-08  9.6549E-07  3.0038E-06
  6.3623E-03  6.8602E-08  9.9012E-07  3.0804E-06
  6.4182E-03  7.0426E-08  1.0154E-06  3.1588E-06
  6.4746E-03  7.2298E-08  1.0412E-06  3.2392E-06
  6.5314E-03  7.4219E-08  1.0678E-06  3.3217E-06
  6.5888E-03  7.6191E-08  1.0949E-06  3.4062E-06
  6.6466E-03  7.8214E-08  1.1228E-06  3.4928E-06
  6.7049E-03  8.0290E-08  1.1514E-06  3.5815E-06
  6.7637E-03  8.2421E-08  1.1807E-06  3.6725E-06
  6.8230E-03  8.4607E-08  1.2107E-06  3.7658E-06
  6.8827E-03  8.6850E-08  1.2414E-06  3.8613E-06
  6.9430E-03  8.9152E-08  1.2730E-06  3.9593E-06
  7.0038E-03  9.1515E-08  1.3053E-06  4.0597E-06
  7.0651E-03  9.3939E-08  1.3384E-06  4.1626E-06
  7.1270E-03  9.6426E-08  1.3724E-06  4.2681E-06
  7.1893E-03  9.8979E-08  1.4071E-06  4.3762E-06
  7.2522E-03  1.0160E-07  1.4428E-06  4.4870E-06
  7.3156E-03  1.0429E-07  1.4794E-06  4.6006E-06
  7.3795E-03  1.0704E-07  1.5168E-06  4.7170E-06
  7.4440E-03  1.0987E-07  1.5552E-06  4.8362E-06
  7.5090E-03  1.1278E-07  1.5946E-06  4.9585E-06
  7.5745E-03  1.1576E-07  1.6349E-06  5.0838E-06
  7.6406E-03  1.1881E-07  1.6763E-06  5.2122E-06
  7.7073E-03  1.2195E-07  1.7186E-06  5.3437E-06
  7.7745E-03  1.2517E-07  1.7620E-06  5.4786E-06
  7.8423E-03  1.2847E-07  1.8065E-06  5.6168E-06
  7.9107E-03  1.3186E-07  1.8521E-06  5.7584E-06
  7.9796E-03  1.3534E-07  1.8989E-06  5.9035E-06
  8.0491E-03  1.3891E-07  1.9468E-06  6.0522E-06
  8.1192E-03  1.4257E-07  1.9958E-06  6.2046E-06
  8.1899E-03  1.4632E-07  2.0461E-06  6.3608E-06
  8.2612E-03  1.5018E-07  2.0977E-06  6.5209E-06
  8.3331E-03  1.5413E-07  2.1505E-06  6.6849E-06
  8.4056E-03  1.5819E-07  2.2046E-06  6.8529E-06
  8.4787E-03  1.6235E-07  2.2601E-06  7.0251E-06
  8.5524E-03  1.6663E-07  2.3169E-06  7.2016E-06
  8.6268E-03  1.7101E-07  2.3752E-06  7.3824E-06
  8.7018E-03  1.7551E-07  2.4348E-06  7.5677E-06
  8.7774E-03  1.8012E-07  2.4960E-06  7.7575E-06
  8.8536E-03  1.8485E-07  2.5587E-06  7.9521E-06
  8.9305E-03  1.8971E-07  2.6229E-06  8.1514E-06
  9.0080E-03  1.9469E-07  2.6887E-06  8.3556E-06
  9.0862E-03  1.9981E-07  2.7561E-06  8.5649E-06
  9.1650E-03  2.0505E-07  2.8252E-06  8.7793E-06
  9.2445E-03  2.1043E-07  2.8960E-06  8.9990E-06
  9.3247E-03  2.1596E-07  2.9685E-06  9.2241E-06
  9.4055E-03  2.2162E-07  3.0428E-06  9.4548E-06
  9.4870E-03  2.2743E-07  3.1190E-06  9.6911E-06
  9.5692E-03  2.3340E-07  3.1970E-06  9.9331E-06
  9.6521E-03  2.3951E-07  3.2769E-06  1.0181E-05
  9.7357E-03  2.4579E-07  3.3588E-06  1.0435E-05
  9.8200E-03  2.5223E-07  3.4427E-06  1.0696E-05
  9.9050E-03  2.5884E-07  3.5287E-06  1.0962E-05
  9.9908E-03  2.6562E-07  3.6168E-06  1.1236E-05
  1.0077E-02  2.7257E-07  3.7070E-06  1.1516E-05
  1.0164E-02  2.7971E-07  3.7995E-06  1.1802E-05
  1.0252E-02  2.8703E-07  3.8942E-06  1.2096E-05
  1.0341E-02  2.9453E-07  3.9913E-06  1.2397E-05
  1.0430E-02  3.0224E-07  4.0907E-06  1.2706E-05
  1.0520E-02  3.1014E-07  4.1925E-06  1.3022E-05
  1.0611E-02  3.1825E-07  4.2969E-06  1.3345E-05
  1.0703E-02  3.2657E-07  4.4038E-06  1.3677E-05
  1.0796E-02  3.3510E-07  4.5133E-06  1.4016E-05
  1.0889E-02  3.4386E-07  4.6254E-06  1.4364E-05
  1.0983E-02  3.5284E-07  4.7404E-06  1.4721E-05
  1.1078E-02  3.6206E-07  4.8581E-06  1.5086E-05
  1.1173E-02  3.7151E-07  4.9787E-06  1.5460E-05
  1.1270E-02  3.8121E-07  5.1022E-06  1.5843E-05
  1.1367E-02  3.9116E-07  5.2288E-06  1.6235E-05
  1.1465E-02  4.0137E-07  5.3584E-06  1.6637E-05
  1.1564E-02  4.1184E-07  5.4912E-06  1.7048E-05
  1.1663E-02  4.2258E-07  5.6272E-06  1.7470E-05
  1.1764E-02  4.3360E-07  5.7665E-06  1.7902E-05
  1.1865E-02  4.4490E-07  5.9092E-06  1.8344E-05
  1.1967E-02  4.5650E-07  6.0554E-06  1.8797E-05
  1.2071E-02  4.6840E-07  6.2051E-06  1.9261E-05
  1.2174E-02  4.8060E-07  6.3584E-06  1.9737E-05
  1.2279E-02  4.9312E-07  6.5155E-06  2.0223E-05
  1.2385E-02  5.0597E-07  6.6764E-06  2.0722E-05
  1.2492E-02  5.1914E-07  6.8412E-06  2.1232E-05
  1.2599E-02  5.3266E-07  7.0099E-06  2.1755E-05
  1.2708E-02  5.4653E-07  7.1828E-06  2.2291E-05
  1.2817E-02  5.6075E-07  7.3598E-06  2.2839E-05
  1.2927E-02  5.7534E-07  7.5411E-06  2.3401E-05
  1.3038E-02  5.9031E-07  7.7268E-06  2.3976E-05
  1.3150E-02  6.0567E-07  7.9170E-06  2.4565E-05
  1.3263E-02  6.2142E-07  8.1118E-06  2.5169E-05
  1.3377E-02  6.3758E-07  8.3112E-06  2.5786E-05
  1.3492E-02  6.5415E-07  8.5155E-06  2.6419E-05
  1.3608E-02  6.7116E-07  8.7247E-06  2.7067E-05
  1.3725E-02  6.8860E-07  8.9389E-06  2.7730E-05
  1.3843E-02  7.0649E-07  9.1583E-06  2.8410E-05
  1.3962E-02  7.2485E-07  9.3830E-06  2.9105E-05
  1.4082E-02  7.4367E-07  9.6131E-06  2.9818E-05
  1.4203E-02  7.6299E-07  9.8486E-06  3.0547E-05
  1.4325E-02  7.8280E-07  1.0090E-05  3.1294E-05
  1.4448E-02  8.0312E-07  1.0337E-05  3.2059E-05
  1.4571E-02  8.2397E-07  1.0590E-05  3.2842E-05
  1.4696E-02  8.4535E-07  1.0849E-05  3.3644E-05
  1.4823E-02  8.6729E-07  1.1114E-05  3.4465E-05
  1.4950E-02  8.8979E-07  1.1386E-05  3.5305E-05
  1.5078E-02  9.1287E-07  1.1664E-05  3.6166E-05
  1.5207E-02  9.3655E-07  1.1949E-05  3.7047E-05
  1.5337E-02  9.6084E-07  1.2240E-05  3.7949E-05
  1.5469E-02  9.8575E-07  1.2539E-05  3.8872E-05
  1.5601E-02  1.0113E-06  1.2844E-05  3.9818E-05
  1.5735E-02  1.0375E-06  1.3157E-05  4.0786E-05
  1.5870E-02  1.0644E-06  1.3478E-05  4.1777E-05
  1.6006E-02  1.0920E-06  1.3806E-05  4.2792E-05
  1.6143E-02  1.1203E-06  1.4141E-05  4.3830E-05
  1.6281E-02  1.1493E-06  1.4485E-05  4.4894E-05
  1.6421E-02  1.1791E-06  1.4837E-05  4.5982E-05
  1.6561E-02  1.2096E-06  1.5198E-05  4.7096E-05
  1.6703E-02  1.2409E-06  1.5566E-05  4.8237E-05
  1.6846E-02  1.2730E-06  1.5944E-05  4.9405E-05
  1.6990E-02  1.3060E-06  1.6331E-05  5.0600E-05
  1.7135E-02  1.3398E-06  1.6727E-05  5.1823E-05
  1.7282E-02  1.3745E-06  1.7132E-05  5.3076E-05
  1.7430E-02  1.4100E-06  1.7546E-05  5.4358E-05
  1.7579E-02  1.4465E-06  1.7971E-05  5.5670E-05
  1.7729E-02  1.4839E-06  1.8406E-05  5.7013E-05
  1.7881E-02  1.5223E-06  1.8850E-05  5.8387E-05
  1.8034E-02  1.5617E-06  1.9306E-05  5.9794E-05
  1.8188E-02  1.6021E-06  1.9772E-05  6.1234E-05
  1.8343E-02  1.6435E-06  2.0249E-05  6.2708E-05
  1.8500E-02  1.6860E-06  2.0737E-05  6.4216E-05
  1.8658E-02  1.7295E-06  2.1237E-05  6.5760E-05
  1.8817E-02  1.7742E-06  2.1749E-05  6.7340E-05
  1.8978E-02  1.8201E-06  2.2272E-05  6.8957E-05
  1.9140E-02  1.8671E-06  2.2808E-05  7.0611E-05
  1.9304E-02  1.9153E-06  2.3357E-05  7.2305E-05
  1.9469E-02  1.9648E-06  2.3918E-05  7.4038E-05
  1.9635E-02  2.0155E-06  2.4492E-05  7.5811E-05
  1.9802E-02  2.0676E-06  2.5080E-05  7.7626E-05
  1.9972E-02  2.1210E-06  2.5682E-05  7.9483E-05
  2.0142E-02  2.1757E-06  2.6298E-05  8.1383E-05
  2.0314E-02  2.2319E-06  2.6928E-05  8.3328E-05
  2.0487E-02  2.2895E-06  2.7573E-05  8.5317E-05
  2.0662E-02  2.3486E-06  2.8233E-05  8.7353E-05
  2.0838E-02  2.4092E-06  2.8908E-05  8.9436E-05
  2.1016E-02  2.4713E-06  2.9599E-05  9.1567E-05
  2.1195E-02  2.5351E-06  3.0306E-05  9.3748E-05
  2.1376E-02  2.6005E-06  3.1029E-05  9.5979E-05
  2.1558E-02  2.6676E-06  3.1770E-05  9.8262E-05
  2.1742E-02  2.7364E-06  3.2527E-05  1.0060E-04
  2.1928E-02  2.8069E-06  3.3302E-05  1.0299E-04
  2.2114E-02  2.8793E-06  3.4095E-05  1.0543E-04
  2.2303E-02  2.9535E-06  3.4907E-05  1.0793E-04
  2.2493E-02  3.0296E-06  3.5737E-05  1.1049E-04
  2.2685E-02  3.1077E-06  3.6586E-05  1.1311E-04
  2.2878E-02  3.1878E-06  3.7455E-05  1.1579E-04
  2.3073E-02  3.2700E-06  3.8344E-05  1.1852E-04
  2.3269E-02  3.3542E-06  3.9254E-05  1.2133E-04
  2.3468E-02  3.4406E-06  4.0184E-05  1.2419E-04
  2.3668E-02  3.5292E-06  4.1136E-05  1.2712E-04
  2.3869E-02  3.6201E-06  4.2110E-05  1.3012E-04
  2.4072E-02  3.7134E-06  4.3106E-05  1.3319E-04
  2.4277E-02  3.8090E-06  4.4125E-05  1.3633E-04
  2.4484E-02  3.9071E-06  4.5168E-05  1.3953E-04
  2.4693E-02  4.0077E-06  4.6234E-05  1.4282E-04
  2.4903E-02  4.1108E-06  4.7325E-05  1.4617E-04
  2.5115E-02  4.2167E-06  4.8440E-05  1.4961E-04
  2.5328E-02  4.3252E-06  4.9582E-05  1.5312E-04
  2.5544E-02  4.4365E-06  5.0749E-05  1.5671E-04
  2.5761E-02  4.5507E-06  5.1943E-05  1.6038E-04
  2.5981E-02  4.6677E-06  5.3164E-05  1.6413E-04
  2.6202E-02  4.7878E-06  5.4413E-05  1.6797E-04
  2.6425E-02  4.9110E-06  5.5690E-05  1.7190E-04
  2.6649E-02  5.0373E-06  5.6996E-05  1.7591E-04
  2.6876E-02  5.1669E-06  5.8332E-05  1.8002E-04
  2.7105E-02  5.2998E-06  5.9698E-05  1.8422E-04
  2.7335E-02  5.4360E-06  6.1095E-05  1.8851E-04
  2.7568E-02  5.5758E-06  6.2524E-05  1.9290E-04
  2.7802E-02  5.7192E-06  6.3985E-05  1.9739E-04
  2.8038E-02  5.8662E-06  6.5480E-05  2.0198E-04
  2.8277E-02  6.0170E-06  6.7007E-05  2.0667E-04
  2.8517E-02  6.1716E-06  6.8570E-05  2.1146E-04
  2.8759E-02  6.3302E-06  7.0167E-05  2.1637E-04
  2.9004E-02  6.4929E-06  7.1801E-05  2.2138E-04
  2.9250E-02  6.6598E-06  7.3471E-05  2.2650E-04
  2.9499E-02  6.8309E-06  7.5178E-05  2.3174E-04
  2.9750E-02  7.0063E-06  7.6924E-05  2.3710E-04
  3.0002E-02  7.1863E-06  7.8709E-05  2.4257E-04
  3.0257E-02  7.3709E-06  8.0534E-05  2.4817E-04
  3.0514E-02  7.5602E-06  8.2400E-05  2.5389E-04
  3.0773E-02  7.7544E-06  8.4307E-05  2.5973E-04
  3.1035E-02  7.9535E-06  8.6257E-05  2.6571E-04
  3.1298E-02  8.1577E-06  8.8251E-05  2.7182E-04
  3.1564E-02  8.3672E-06  9.0288E-05  2.7806E-04
  3.1832E-02  8.5820E-06  9.2371E-05  2.8444E-04
  3.2103E-02  8.8023E-06  9.4501E-05  2.9096E-04
  3.2375E-02  9.0282E-06  9.6677E-05  2.9762E-04
  3.2650E-02  9.2599E-06  9.8902E-05  3.0443E-04
  3.2927E-02  9.4975E-06  1.0118E-04  3.1139E-04
  3.3207E-02  9.7412E-06  1.0350E-04  3.1850E-04
  3.3489E-02  9.9912E-06  1.0588E-04  3.2577E-04
  3.3773E-02  1.0248E-05  1.0830E-04  3.3319E-04
  3.4059E-02  1.0510E-05  1.1078E-04  3.4078E-04
  3.4348E-02  1.0780E-05  1.1332E-04  3.4853E-04
  3.4640E-02  1.1057E-05  1.1591E-04  3.5645E-04
  3.4934E-02  1.1340E-05  1.1856E-04  3.6455E-04
  3.5230E-02  1.1631E-05  1.2127E-04  3.7281E-04
  3.5529E-02  1.1929E-05  1.2403E-04  3.8126E-04
  3.5831E-02  1.2235E-05  1.2686E-04  3.8989E-04
  3.6135E-02  1.2549E-05  1.2975E-04  3.9871E-04
  3.6441E-02  1.2870E-05  1.3270E-04  4.0771E-04
  3.6750E-02  1.3200E-05  1.3571E-04  4.1691E-04
  3.7062E-02  1.3539E-05  1.3879E-04  4.2631E-04
  3.7376E-02  1.3886E-05  1.4194E-04  4.3591E-04
  3.7693E-02  1.4242E-05  1.4516E-04  4.4572E-04
  3.8013E-02  1.4607E-05  1.4844E-04  4.5573E-04
  3.8335E-02  1.4981E-05  1.5180E-04  4.6596E-04
  3.8660E-02  1.5365E-05  1.5523E-04  4.7641E-04
  3.8988E-02  1.5758E-05  1.5873E-04  4.8708E-04
  3.9318E-02  1.6162E-05  1.6231E-04  4.9797E-04
  3.9652E-02  1.6576E-05  1.6597E-04  5.0910E-04
  3.9988E-02  1.7001E-05  1.6970E-04  5.2047E-04
  4.0327E-02  1.7436E-05  1.7352E-04  5.3207E-04
  4.0669E-02  1.7882E-05  1.7741E-04  5.4392E-04
  4.1013E-02  1.8340E-05  1.8139E-04  5.5602E-04
  4.1361E-02  1.8810E-05  1.8546E-04  5.6837E-04
  4.1711E-02  1.9292E-05  1.8961E-04  5.8099E-04
  4.2065E-02  1.9785E-05  1.9385E-04  5.9387E-04
  4.2421E-02  2.0292E-05  1.9818E-04  6.0702E-04
  4.2781E-02  2.0811E-05  2.0260E-04  6.2044E-04
  4.3143E-02  2.1344E-05  2.0712E-04  6.3414E-04
  4.3509E-02  2.1890E-05  2.1173E-04  6.4813E-04
  4.3877E-02  2.2451E-05  2.1644E-04  6.6241E-04
  4.4249E-02  2.3025E-05  2.2125E-04  6.7699E-04
  4.4624E-02  2.3614E-05  2.2616E-04  6.9187E-04
  4.5002E-02  2.4218E-05  2.3117E-04  7.0706E-04
  4.5383E-02  2.4838E-05  2.3629E-04  7.2256E-04
  4.5767E-02  2.5473E-05  2.4151E-04  7.3839E-04
  4.6155E-02  2.6125E-05  2.4685E-04  7.5453E-04
  4.6546E-02  2.6793E-05  2.5230E-04  7.7101E-04
  4.6940E-02  2.7478E-05  2.5786E-04  7.8783E-04
  4.7337E-02  2.8181E-05  2.6354E-04  8.0499E-04
  4.7738E-02  2.8901E-05  2.6933E-04  8.2250E-04
  4.8142E-02  2.9640E-05  2.7525E-04  8.4037E-04
  4.8550E-02  3.0398E-05  2.8129E-04  8.5861E-04
  4.8961E-02  3.1175E-05  2.8745E-04  8.7721E-04
  4.9375E-02  3.1972E-05  2.9374E-04  8.9619E-04
  4.9793E-02  3.2789E-05  3.0017E-04  9.1556E-04
  5.0215E-02  3.3627E-05  3.0672E-04  9.3531E-04
  5.0640E-02  3.4487E-05  3.1341E-04  9.5547E-04
  5.1068E-02  3.5368E-05  3.2024E-04  9.7603E-04
  5.1501E-02  3.6272E-05  3.2720E-04  9.9700E-04
  5.1936E-02  3.7198E-05  3.3431E-04  1.0184E-03
  5.2376E-02  3.8149E-05  3.4157E-04  1.0402E-03
  5.2819E-02  3.9123E-05  3.4897E-04  1.0625E-03
  5.3266E-02  4.0123E-05  3.5652E-04  1.0852E-03
  5.3717E-02  4.1147E-05  3.6423E-04  1.1083E-03
  5.4171E-02  4.2198E-05  3.7210E-04  1.1319E-03
  5.4630E-02  4.3276E-05  3.8012E-04  1.1560E-03
  5.5092E-02  4.4381E-05  3.8831E-04  1.1805E-03
  5.5558E-02  4.5514E-05  3.9666E-04  1.2056E-03
  5.6028E-02  4.6676E-05  4.0518E-04  1.2311E-03
  5.6502E-02  4.7867E-05  4.1387E-04  1.2571E-03
  5.6980E-02  4.9089E-05  4.2274E-04  1.2836E-03
  5.7462E-02  5.0342E-05  4.3178E-04  1.3107E-03
  5.7948E-02  5.1627E-05  4.4100E-04  1.3383E-03
  5.8438E-02  5.2945E-05  4.5041E-04  1.3664E-03
  5.8932E-02  5.4296E-05  4.6001E-04  1.3950E-03
  5.9431E-02  5.5681E-05  4.6980E-04  1.4242E-03
  5.9933E-02  5.7101E-05  4.7978E-04  1.4540E-03
  6.0440E-02  5.8558E-05  4.8996E-04  1.4844E-03
  6.0951E-02  6.0052E-05  5.0034E-04  1.5153E-03
  6.1467E-02  6.1583E-05  5.1093E-04  1.5468E-03
  6.1986E-02  6.3154E-05  5.2173E-04  1.5789E-03
  6.2510E-02  6.4765E-05  5.3273E-04  1.6116E-03
  6.3039E-02  6.6416E-05  5.4396E-04  1.6450E-03
  6.3572E-02  6.8109E-05  5.5540E-04  1.6790E-03
  6.4109E-02  6.9846E-05  5.6707E-04  1.7136E-03
  6.4651E-02  7.1626E-05  5.7897E-04  1.7489E-03
  6.5198E-02  7.3452E-05  5.9109E-04  1.7848E-03
  6.5749E-02  7.5324E-05  6.0346E-04  1.8214E-03
  6.6305E-02  7.7243E-05  6.1606E-04  1.8587E-03
  6.6865E-02  7.9212E-05  6.2891E-04  1.8967E-03
  6.7430E-02  8.1230E-05  6.4200E-04  1.9354E-03
  6.8000E-02  8.3300E-05  6.5535E-04  1.9748E-03
  6.8575E-02  8.5422E-05  6.6896E-04  2.0149E-03
  6.9155E-02  8.7597E-05  6.8282E-04  2.0558E-03
  6.9739E-02  8.9828E-05  6.9695E-04  2.0974E-03
  7.0329E-02  9.2116E-05  7.1136E-04  2.1398E-03
  7.0923E-02  9.4462E-05  7.2603E-04  2.1830E-03
  7.1522E-02  9.6867E-05  7.4099E-04  2.2269E-03
  7.2127E-02  9.9333E-05  7.5623E-04  2.2717E-03
  7.2736E-02  1.0186E-04  7.7176E-04  2.3172E-03
  7.3351E-02  1.0445E-04  7.8758E-04  2.3636E-03
  7.3970E-02  1.0711E-04  8.0370E-04  2.4108E-03
  7.4595E-02  1.0984E-04  8.2013E-04  2.4588E-03
  7.5226E-02  1.1263E-04  8.3686E-04  2.5078E-03
  7.5861E-02  1.1550E-04  8.5391E-04  2.5575E-03
  7.6502E-02  1.1844E-04  8.7127E-04  2.6082E-03
  7.7148E-02  1.2145E-04  8.8896E-04  2.6598E-03
  7.7800E-02  1.2454E-04  9.0698E-04  2.7122E-03
  7.8457E-02  1.2771E-04  9.2534E-04  2.7656E-03
  7.9120E-02  1.3095E-04  9.4403E-04  2.8200E-03
  7.9789E-02  1.3428E-04  9.6307E-04  2.8752E-03
  8.0463E-02  1.3770E-04  9.8247E-04  2.9315E-03
  8.1142E-02  1.4120E-04  1.0022E-03  2.9887E-03
  8.1828E-02  1.4479E-04  1.0223E-03  3.0469E-03
  8.2519E-02  1.4847E-04  1.0428E-03  3.1061E-03
  8.3216E-02  1.5224E-04  1.0637E-03  3.1663E-03
  8.3918E-02  1.5611E-04  1.0849E-03  3.2275E-03
  8.4627E-02  1.6007E-04  1.1065E-03  3.2898E-03
  8.5342E-02  1.6414E-04  1.1285E-03  3.3532E-03
  8.6063E-02  1.6831E-04  1.1509E-03  3.4176E-03
  8.6789E-02  1.7258E-04  1.1738E-03  3.4831E-03
  8.7522E-02  1.7696E-04  1.1970E-03  3.5497E-03
  8.8261E-02  1.8146E-04  1.2206E-03  3.6174E-03
  8.9007E-02  1.8606E-04  1.2447E-03  3.6862E-03
  8.9758E-02  1.9078E-04  1.2692E-03  3.7562E-03
  9.0516E-02  1.9563E-04  1.2941E-03  3.8273E-03
  9.1280E-02  2.0059E-04  1.3195E-03  3.8996E-03
  9.2051E-02  2.0568E-04  1.3453E-03  3.9731E-03
  9.2828E-02  2.1090E-04  1.3716E-03  4.0478E-03
  9.3612E-02  2.1624E-04  1.3984E-03  4.1237E-03
  9.4402E-02  2.2173E-04  1.4256E-03  4.2008E-03
  9.5199E-02  2.2735E-04  1.4533E-03  4.2791E-03
  9.6003E-02  2.3311E-04  1.4815E-03  4.3587E-03
  9.6813E-02  2.3902E-04  1.5102E-03  4.4396E-03
  9.7631E-02  2.4508E-04  1.5394E-03  4.5218E-03
  9.8455E-02  2.5129E-04  1.5690E-03  4.6052E-03
  9.9286E-02  2.5766E-04  1.5992E-03  4.6900E-03
  1.0012E-01  2.6418E-04  1.6300E-03  4.7761E-03
  1.0097E-01  2.7088E-04  1.6612E-03  4.8636E-03
  1.0182E-01  2.7773E-04  1.6930E-03  4.9524E-03
  1.0268E-01  2.8477E-04  1.7254E-03  5.0425E-03
  1.0355E-01  2.9198E-04  1.7583E-03  5.1341E-03
  1.0442E-01  2.9937E-04  1.7917E-03  5.2270E-03
  1.0530E-01  3.0694E-04  1.8257E-03  5.3214E-03
  1.0619E-01  3.1471E-04  1.8603E-03  5.4172E-03
  1.0709E-01  3.2267E-04  1.8955E-03  5.5144E-03
  1.0799E-01  3.3083E-04  1.9313E-03  5.6131E-03
  1.0890E-01  3.3920E-04  1.9677E-03  5.7132E-03
  1.0982E-01  3.4777E-04  2.0047E-03  5.8149E-03
  1.1075E-01  3.5656E-04  2.0423E-03  5.9180E-03
  1.1168E-01  3.6558E-04  2.0805E-03  6.0227E-03
  1.1263E-01  3.7481E-04  2.1194E-03  6.1288E-03
  1.1358E-01  3.8428E-04  2.1589E-03  6.2365E-03
  1.1453E-01  3.9399E-04  2.1991E-03  6.3458E-03
  1.1550E-01  4.0394E-04  2.2400E-03  6.4566E-03
  1.1648E-01  4.1414E-04  2.2815E-03  6.5690E-03
  1.1746E-01  4.2459E-04  2.3237E-03  6.6830E-03
  1.1845E-01  4.3531E-04  2.3666E-03  6.7986E-03
  1.1945E-01  4.4629E-04  2.4102E-03  6.9158E-03
  1.2046E-01  4.5755E-04  2.4545E-03  7.0346E-03
  1.2147E-01  4.6909E-04  2.4995E-03  7.1551E-03
  1.2250E-01  4.8092E-04  2.5453E-03  7.2773E-03
  1.2353E-01  4.9304E-04  2.5918E-03  7.4011E-03
  1.2457E-01  5.0547E-04  2.6390E-03  7.5265E-03
  1.2562E-01  5.1821E-04  2.6870E-03  7.6537E-03
  1.2668E-01  5.3126E-04  2.7358E-03  7.7826E-03
  1.2775E-01  5.4464E-04  2.7854E-03  7.9132E-03
  1.2883E-01  5.5836E-04  2.8357E-03  8.0455E-03
  1.2992E-01  5.7241E-04  2.8869E-03  8.1795E-03
  1.3101E-01  5.8682E-04  2.9388E-03  8.3153E-03
  1.3212E-01  6.0158E-04  2.9916E-03  8.4528E-03
  1.3323E-01  6.1672E-04  3.0452E-03  8.5921E-03
  1.3436E-01  6.3222E-04  3.0997E-03  8.7332E-03
  1.3549E-01  6.4812E-04  3.1550E-03  8.8760E-03
  1.3663E-01  6.6441E-04  3.2112E-03  9.0207E-03
  1.3778E-01  6.8110E-04  3.2683E-03  9.1671E-03
  1.3895E-01  6.9821E-04  3.3263E-03  9.3154E-03
  1.4012E-01  7.1575E-04  3.3851E-03  9.4655E-03
  1.4130E-01  7.3372E-04  3.4449E-03  9.6174E-03
  1.4249E-01  7.5213E-04  3.5056E-03  9.7711E-03
  1.4369E-01  7.7100E-04  3.5673E-03  9.9267E-03
  1.4491E-01  7.9034E-04  3.6298E-03  1.0084E-02
  1.4613E-01  8.1016E-04  3.6934E-03  1.0243E-02
  1.4736E-01  8.3047E-04  3.7579E-03  1.0405E-02
  1.4860E-01  8.5128E-04  3.8235E-03  1.0568E-02
  1.4986E-01  8.7260E-04  3.8900E-03  1.0732E-02
  1.5112E-01  8.9445E-04  3.9575E-03  1.0899E-02
  1.5239E-01  9.1685E-04  4.0261E-03  1.1068E-02
  1.5368E-01  9.3979E-04  4.0957E-03  1.1238E-02
  1.5498E-01  9.6330E-04  4.1663E-03  1.1411E-02
  1.5628E-01  9.8739E-04  4.2380E-03  1.1585E-02
  1.5760E-01  1.0121E-03  4.3108E-03  1.1761E-02
  1.5893E-01  1.0374E-03  4.3847E-03  1.1939E-02
  1.6027E-01  1.0633E-03  4.4597E-03  1.2119E-02
  1.6162E-01  1.0898E-03  4.5359E-03  1.2301E-02
  1.6298E-01  1.1170E-03  4.6131E-03  1.2485E-02
  1.6436E-01  1.1449E-03  4.6916E-03  1.2671E-02
  1.6574E-01  1.1735E-03  4.7711E-03  1.2858E-02
  1.6714E-01  1.2027E-03  4.8519E-03  1.3048E-02
  1.6855E-01  1.2327E-03  4.9339E-03  1.3239E-02
  1.6997E-01  1.2634E-03  5.0170E-03  1.3432E-02
  1.7140E-01  1.2949E-03  5.1014E-03  1.3627E-02
  1.7285E-01  1.3271E-03  5.1871E-03  1.3824E-02
  1.7431E-01  1.3601E-03  5.2740E-03  1.4023E-02
  1.7578E-01  1.3939E-03  5.3622E-03  1.4224E-02
  1.7726E-01  1.4286E-03  5.4517E-03  1.4426E-02
  1.7875E-01  1.4641E-03  5.5425E-03  1.4631E-02
  1.8026E-01  1.5004E-03  5.6346E-03  1.4837E-02
  1.8178E-01  1.5377E-03  5.7280E-03  1.5045E-02
  1.8331E-01  1.5758E-03  5.8229E-03  1.5255E-02
  1.8486E-01  1.6149E-03  5.9191E-03  1.5467E-02
  1.8642E-01  1.6549E-03  6.0167E-03  1.5681E-02
  1.8799E-01  1.6959E-03  6.1157E-03  1.5897E-02
  1.8957E-01  1.7379E-03  6.2161E-03  1.6114E-02
  1.9117E-01  1.7809E-03  6.3181E-03  1.6333E-02
  1.9278E-01  1.8249E-03  6.4214E-03  1.6554E-02
  1.9441E-01  1.8701E-03  6.5263E-03  1.6776E-02
  1.9604E-01  1.9163E-03  6.6327E-03  1.7001E-02
  1.9770E-01  1.9636E-03  6.7406E-03  1.7227E-02
  1.9936E-01  2.0120E-03  6.8501E-03  1.7455E-02
  2.0104E-01  2.0616E-03  6.9611E-03  1.7684E-02
  2.0274E-01  2.1125E-03  7.0738E-03  1.7916E-02
  2.0445E-01  2.1645E-03  7.1880E-03  1.8149E-02
  2.0617E-01  2.2178E-03  7.3039E-03  1.8383E-02
  2.0791E-01  2.2723E-03  7.4214E-03  1.8619E-02
  2.0966E-01  2.3282E-03  7.5407E-03  1.8857E-02
  2.1143E-01  2.3854E-03  7.6616E-03  1.9097E-02
  2.1321E-01  2.4440E-03  7.7843E-03  1.9338E-02
  2.1501E-01  2.5040E-03  7.9087E-03  1.9580E-02
  2.1682E-01  2.5654E-03  8.0349E-03  1.9824E-02
  2.1865E-01  2.6282E-03  8.1628E-03  2.0070E-02
  2.2049E-01  2.6926E-03  8.2927E-03  2.0317E-02
  2.2235E-01  2.7585E-03  8.4243E-03  2.0566E-02
  2.2422E-01  2.8259E-03  8.5578E-03  2.0816E-02
  2.2611E-01  2.8950E-03  8.6933E-03  2.1067E-02
  2.2802E-01  2.9656E-03  8.8306E-03  2.1320E-02
  2.2994E-01  3.0380E-03  8.9700E-03  2.1574E-02
  2.3188E-01  3.1120E-03  9.1112E-03  2.1830E-02
  2.3383E-01  3.1878E-03  9.2545E-03  2.2087E-02
  2.3580E-01  3.2654E-03  9.3999E-03  2.2345E-02
  2.3779E-01  3.3448E-03  9.5473E-03  2.2604E-02
  2.3979E-01  3.4261E-03  9.6968E-03  2.2865E-02
  2.4181E-01  3.5092E-03  9.8484E-03  2.3126E-02
  2.4385E-01  3.5943E-03  1.0002E-02  2.3389E-02
  2.4591E-01  3.6814E-03  1.0158E-02  2.3653E-02
  2.4798E-01  3.7706E-03  1.0316E-02  2.3918E-02
  2.5007E-01  3.8618E-03  1.0477E-02  2.4185E-02
  2.5218E-01  3.9551E-03  1.0639E-02  2.4452E-02
  2.5430E-01  4.0506E-03  1.0804E-02  2.4720E-02
  2.5644E-01  4.1483E-03  1.0972E-02  2.4989E-02
  2.5860E-01  4.2482E-03  1.1142E-02  2.5259E-02
  2.6078E-01  4.3505E-03  1.1314E-02  2.5530E-02
  2.6298E-01  4.4551E-03  1.1488E-02  2.5802E-02
  2.6520E-01  4.5621E-03  1.1665E-02  2.6074E-02
  2.6743E-01  4.6715E-03  1.1845E-02  2.6348E-02
  2.6969E-01  4.7835E-03  1.2027E-02  2.6622E-02
  2.7196E-01  4.8980E-03  1.2212E-02  2.6897E-02
  2.7425E-01  5.0151E-03  1.2399E-02  2.7172E-02
  2.7656E-01  5.1349E-03  1.2589E-02  2.7448E-02
  2.7889E-01  5.2574E-03  1.2782E-02  2.7725E-02
  2.8124E-01  5.3827E-03  1.2978E-02  2.8002E-02
  2.8361E-01  5.5108E-03  1.3176E-02  2.8279E-02
  2.8600E-01  5.6418E-03  1.3377E-02  2.8557E-02
  2.8841E-01  5.7758E-03  1.3581E-02  2.8836E-02
  2.9084E-01  5.9127E-03  1.3788E-02  2.9115E-02
  2.9329E-01  6.0528E-03  1.3998E-02  2.9394E-02
  2.9576E-01  6.1959E-03  1.4211E-02  2.9674E-02
  2.9825E-01  6.3422E-03  1.4427E-02  2.9954E-02
  3.0077E-01  6.4918E-03  1.4646E-02  3.0234E-02
  3.0330E-01  6.6447E-03  1.4868E-02  3.0514E-02
  3.0585E-01  6.8009E-03  1.5093E-02  3.0794E-02
  3.0843E-01  6.9606E-03  1.5322E-02  3.1075E-02
  3.1103E-01  7.1239E-03  1.5554E-02  3.1355E-02
  3.1365E-01  7.2906E-03  1.5789E-02  3.1636E-02
  3.1629E-01  7.4611E-03  1.6027E-02  3.1916E-02
  3.1896E-01  7.6352E-03  1.6269E-02  3.2197E-02
  3.2164E-01  7.8131E-03  1.6515E-02  3.2477E-02
  3.2435E-01  7.9949E-03  1.6764E-02  3.2758E-02
  3.2709E-01  8.1806E-03  1.7016E-02  3.3038E-02
  3.2984E-01  8.3702E-03  1.7272E-02  3.3318E-02
  3.3262E-01  8.5640E-03  1.7532E-02  3.3598E-02
  3.3542E-01  8.7619E-03  1.7795E-02  3.3877E-02
  3.3825E-01  8.9639E-03  1.8063E-02  3.4157E-02
  3.4110E-01  9.1703E-03  1.8334E-02  3.4436E-02
  3.4397E-01  9.3810E-03  1.8609E-02  3.4714E-02
  3.4687E-01  9.5962E-03  1.8888E-02  3.4992E-02
  3.4979E-01  9.8159E-03  1.9171E-02  3.5270E-02
  3.5274E-01  1.0040E-02  1.9457E-02  3.5547E-02
  3.5571E-01  1.0269E-02  1.9748E-02  3.5824E-02
  3.5871E-01  1.0503E-02  2.0044E-02  3.6100E-02
  3.6173E-01  1.0741E-02  2.0343E-02  3.6376E-02
  3.6478E-01  1.0985E-02  2.0646E-02  3.6651E-02
  3.6785E-01  1.1233E-02  2.0954E-02  3.6925E-02
  3.7095E-01  1.1486E-02  2.1266E-02  3.7199E-02
  3.7407E-01  1.1745E-02  2.1583E-02  3.7472E-02
  3.7722E-01  1.2009E-02  2.1904E-02  3.7744E-02
  3.8040E-01  1.2278E-02  2.2229E-02  3.8016E-02
  3.8361E-01  1.2552E-02  2.2559E-02  3.8286E-02
  3.8684E-01  1.2832E-02  2.2894E-02  3.8556E-02
  3.9009E-01  1.3117E-02  2.3233E-02  3.8825E-02
  3.9338E-01  1.3408E-02  2.3577E-02  3.9093E-02
  3.9669E-01  1.3705E-02  2.3926E-02  3.9361E-02
  4.0004E-01  1.4008E-02  2.4279E-02  3.9627E-02
  4.0341E-01  1.4316E-02  2.4637E-02  3.9892E-02
  4.0680E-01  1.4630E-02  2.5000E-02  4.0157E-02
  4.1023E-01  1.4950E-02  2.5368E-02  4.0420E-02
  4.1369E-01  1.5277E-02  2.5741E-02  4.0683E-02
  4.1717E-01  1.5609E-02  2.6118E-02  4.0944E-02
  4.2068E-01  1.5948E-02  2.6501E-02  4.1204E-02
  4.2423E-01  1.6293E-02  2.6889E-02  4.1464E-02
  4.2780E-01  1.6645E-02  2.7281E-02  4.1722E-02
  4.3140E-01  1.7003E-02  2.7679E-02  4.1979E-02
  4.3504E-01  1.7367E-02  2.8082E-02  4.2235E-02
  4.3870E-01  1.7738E-02  2.8491E-02  4.2490E-02
  4.4240E-01  1.8116E-02  2.8904E-02  4.2744E-02
  4.4612E-01  1.8501E-02  2.9323E-02  4.2997E-02
  4.4988E-01  1.8892E-02  2.9747E-02  4.3249E-02
  4.5367E-01  1.9290E-02  3.0176E-02  4.3500E-02
  4.5749E-01  1.9695E-02  3.0610E-02  4.3750E-02
  4.6134E-01  2.0108E-02  3.1050E-02  4.3999E-02
  4.6523E-01  2.0527E-02  3.1495E-02  4.4247E-02
  4.6915E-01  2.0953E-02  3.1946E-02  4.4494E-02
  4.7310E-01  2.1387E-02  3.2402E-02  4.4740E-02
  4.7708E-01  2.1828E-02  3.2863E-02  4.4985E-02
  4.8110E-01  2.2276E-02  3.3330E-02  4.5230E-02
  4.8515E-01  2.2731E-02  3.3802E-02  4.5473E-02
  4.8924E-01  2.3194E-02  3.4279E-02  4.5716E-02
  4.9336E-01  2.3665E-02  3.4762E-02  4.5958E-02
  4.9752E-01  2.4142E-02  3.5250E-02  4.6200E-02
  5.0171E-01  2.4628E-02  3.5744E-02  4.6441E-02
  5.0593E-01  2.5121E-02  3.6243E-02  4.6681E-02
  5.1019E-01  2.5621E-02  3.6748E-02  4.6921E-02
  5.1449E-01  2.6129E-02  3.7257E-02  4.7161E-02
  5.1882E-01  2.6645E-02  3.7773E-02  4.7400E-02
  5.2319E-01  2.7168E-02  3.8293E-02  4.7639E-02
  5.2760E-01  2.7699E-02  3.8819E-02  4.7878E-02
  5.3204E-01  2.8238E-02  3.9350E-02  4.8116E-02
  5.3652E-01  2.8784E-02  3.9886E-02  4.8355E-02
  5.4104E-01  2.9338E-02  4.0427E-02  4.8594E-02
  5.4560E-01  2.9900E-02  4.0974E-02  4.8833E-02
  5.5019E-01  3.0469E-02  4.1526E-02  4.9072E-02
  5.5483E-01  3.1046E-02  4.2082E-02  4.9312E-02
  5.5950E-01  3.1631E-02  4.2644E-02  4.9553E-02
  5.6421E-01  3.2224E-02  4.3210E-02  4.9794E-02
  5.6896E-01  3.2824E-02  4.3782E-02  5.0036E-02
  5.7375E-01  3.3431E-02  4.4358E-02  5.0279E-02
  5.7859E-01  3.4046E-02  4.4939E-02  5.0523E-02
  5.8346E-01  3.4669E-02  4.5525E-02  5.0768E-02
  5.8837E-01  3.5299E-02  4.6115E-02  5.1015E-02
  5.9333E-01  3.5937E-02  4.6710E-02  5.1263E-02
  5.9832E-01  3.6582E-02  4.7309E-02  5.1513E-02
  6.0336E-01  3.7234E-02  4.7912E-02  5.1765E-02
  6.0844E-01  3.7894E-02  4.8519E-02  5.2019E-02
  6.1357E-01  3.8560E-02  4.9131E-02  5.2275E-02
  6.1873E-01  3.9234E-02  4.9747E-02  5.2533E-02
  6.2394E-01  3.9915E-02  5.0366E-02  5.2795E-02
  6.2920E-01  4.0603E-02  5.0989E-02  5.3059E-02
  6.3450E-01  4.1298E-02  5.1616E-02  5.3326E-02
  6.3984E-01  4.1999E-02  5.2247E-02  5.3597E-02
  6.4523E-01  4.2707E-02  5.2881E-02  5.3870E-02
  6.5066E-01  4.3422E-02  5.3518E-02  5.4148E-02
  6.5614E-01  4.4143E-02  5.4158E-02  5.4430E-02
  6.6167E-01  4.4871E-02  5.4802E-02  5.4716E-02
  6.6724E-01  4.5605E-02  5.5448E-02  5.5006E-02
  6.7286E-01  4.6345E-02  5.6098E-02  5.5302E-02
  6.7852E-01  4.7091E-02  5.6750E-02  5.5602E-02
  6.8424E-01  4.7843E-02  5.7404E-02  5.5908E-02
  6.9000E-01  4.8601E-02  5.8061E-02  5.6219E-02
  6.9581E-01  4.9364E-02  5.8720E-02  5.6536E-02
  7.0167E-01  5.0133E-02  5.9382E-02  5.6859E-02
  7.0758E-01  5.0908E-02  6.0045E-02  5.7189E-02
  7.1353E-01  5.1688E-02  6.0711E-02  5.7526E-02
  7.1954E-01  5.2473E-02  6.1378E-02  5.7870E-02
  7.2560E-01  5.3263E-02  6.2047E-02  5.8222E-02
  7.3171E-01  5.4059E-02  6.2718E-02  5.8582E-02
  7.3787E-01  5.4859E-02  6.3391E-02  5.8950E-02
  7.4409E-01  5.5664E-02  6.4065E-02  5.9326E-02
  7.5035E-01  5.6474E-02  6.4740E-02  5.9712E-02
  7.5667E-01  5.7289E-02  6.5417E-02  6.0107E-02
  7.6304E-01  5.8108E-02  6.6096E-02  6.0512E-02
  7.6947E-01  5.8932E-02  6.6776E-02  6.0928E-02
  7.7595E-01  5.9760E-02  6.7457E-02  6.1354E-02
  7.8248E-01  6.0593E-02  6.8139E-02  6.1792E-02
  7.8907E-01  6.1430E-02  6.8823E-02  6.2241E-02
  7.9571E-01  6.2271E-02  6.9509E-02  6.2703E-02
  8.0241E-01  6.3118E-02  7.0195E-02  6.3177E-02
  8.0917E-01  6.3968E-02  7.0884E-02  6.3665E-02
  8.1598E-01  6.4823E-02  7.1574E-02  6.4166E-02
  8.2286E-01  6.5683E-02  7.2267E-02  6.4682E-02
  8.2978E-01  6.6548E-02  7.2961E-02  6.5212E-02
  8.3677E-01  6.7417E-02  7.3658E-02  6.5759E-02
  8.4382E-01  6.8292E-02  7.4357E-02  6.6321E-02
  8.5092E-01  6.9172E-02  7.5059E-02  6.6900E-02
  8.5809E-01  7.0057E-02  7.5764E-02  6.7496E-02
  8.6531E-01  7.0948E-02  7.6473E-02  6.8110E-02
  8.7260E-01  7.1845E-02  7.7186E-02  6.8744E-02
  8.7995E-01  7.2748E-02  7.7903E-02  6.9396E-02
  8.8735E-01  7.3658E-02  7.8625E-02  7.0069E-02
  8.9483E-01  7.4576E-02  7.9353E-02  7.0763E-02
  9.0236E-01  7.5501E-02  8.0087E-02  7.1478E-02
  9.0996E-01  7.6434E-02  8.0828E-02  7.2216E-02
  9.1762E-01  7.7376E-02  8.1576E-02  7.2977E-02
  9.2535E-01  7.8327E-02  8.2332E-02  7.3763E-02
  9.3314E-01  7.9288E-02  8.3098E-02  7.4573E-02
  9.4099E-01  8.0261E-02  8.3874E-02  7.5410E-02
  9.4892E-01  8.1245E-02  8.4660E-02  7.6274E-02
  9.5691E-01  8.2241E-02  8.5459E-02  7.7166E-02
  9.6496E-01  8.3251E-02  8.6272E-02  7.8086E-02
  9.7309E-01  8.4276E-02  8.7099E-02  7.9037E-02
  9.8128E-01  8.5316E-02  8.7941E-02  8.0019E-02
  9.8954E-01  8.6373E-02  8.8801E-02  8.1034E-02
  9.9788E-01  8.7448E-02  8.9680E-02  8.2082E-02
  1.0063E+00  8.8543E-02  9.0579E-02  8.3165E-02
  1.0148E+00  8.9659E-02  9.1500E-02  8.4283E-02
  1.0233E+00  9.0797E-02  9.2445E-02  8.5440E-02
  1.0319E+00  9.1959E-02  9.3415E-02  8.6634E-02
  1.0406E+00  9.3147E-02  9.4413E-02  8.7870E-02
  1.0494E+00  9.4363E-02  9.5441E-02  8.9146E-02
  1.0582E+00  9.5608E-02  9.6500E-02  9.0466E-02
  1.0671E+00  9.6885E-02  9.7593E-02  9.1831E-02
  1.0761E+00  9.8195E-02  9.8723E-02  9.3242E-02
  1.0852E+00  9.9542E-02  9.9892E-02  9.4701E-02
  1.0943E+00  1.0093E-01  1.0110E-01  9.6210E-02
  1.1035E+00  1.0235E-01  1.0236E-01  9.7771E-02
  1.1128E+00  1.0382E-01  1.0366E-01  9.9385E-02
  1.1222E+00  1.0534E-01  1.0501E-01  1.0106E-01
  1.1316E+00  1.0690E-01  1.0642E-01  1.0278E-01
  1.1411E+00  1.0852E-01  1.0788E-01  1.0457E-01
  1.1507E+00  1.1019E-01  1.0940E-01  1.0642E-01
  1.1604E+00  1.1192E-01  1.1098E-01  1.0834E-01
  1.1702E+00  1.1371E-01  1.1264E-01  1.1032E-01
  1.1801E+00  1.1557E-01  1.1436E-01  1.1237E-01
  1.1900E+00  1.1749E-01  1.1615E-01  1.1449E-01
  1.2000E+00  1.1949E-01  1.1803E-01  1.1669E-01
  1.2101E+00  1.2156E-01  1.1998E-01  1.1897E-01
  1.2203E+00  1.2372E-01  1.2203E-01  1.2133E-01
  1.2306E+00  1.2595E-01  1.2416E-01  1.2377E-01
  1.2409E+00  1.2828E-01  1.2639E-01  1.2630E-01
  1.2514E+00  1.3070E-01  1.2872E-01  1.2892E-01
  1.2619E+00  1.3322E-01  1.3115E-01  1.3164E-01
  1.2725E+00  1.3583E-01  1.3370E-01  1.3445E-01
  1.2833E+00  1.3856E-01  1.3636E-01  1.3737E-01
  1.2941E+00  1.4140E-01  1.3913E-01  1.4039E-01
  1.3050E+00  1.4435E-01  1.4203E-01  1.4352E-01
  1.3159E+00  1.4743E-01  1.4506E-01  1.4677E-01
  1.3270E+00  1.5063E-01  1.4823E-01  1.5014E-01
  1.3382E+00  1.5397E-01  1.5154E-01  1.5363E-01
  1.3495E+00  1.5745E-01  1.5499E-01  1.5725E-01
  1.3608E+00  1.6107E-01  1.5860E-01  1.6101E-01
  1.3723E+00  1.6484E-01  1.6236E-01  1.6491E-01
  1.3838E+00  1.6877E-01  1.6629E-01  1.6895E-01
  1.3955E+00  1.7286E-01  1.7039E-01  1.7315E-01
  1.4072E+00  1.7712E-01  1.7466E-01  1.7750E-01
  1.4191E+00  1.8156E-01  1.7913E-01  1.8203E-01
  1.4310E+00  1.8618E-01  1.8378E-01  1.8672E-01
  1.4431E+00  1.9100E-01  1.8862E-01  1.9160E-01
  1.4552E+00  1.9601E-01  1.9368E-01  1.9666E-01
  1.4675E+00  2.0122E-01  1.9895E-01  2.0192E-01
  1.4798E+00  2.0666E-01  2.0443E-01  2.0739E-01
  1.4923E+00  2.1231E-01  2.1015E-01  2.1307E-01
  1.5049E+00  2.1820E-01  2.1610E-01  2.1897E-01
  1.5175E+00  2.2433E-01  2.2230E-01  2.2511E-01
  1.5303E+00  2.3070E-01  2.2876E-01  2.3149E-01
  1.5432E+00  2.3735E-01  2.3548E-01  2.3813E-01
  1.5562E+00  2.4426E-01  2.4247E-01  2.4503E-01
  1.5693E+00  2.5146E-01  2.4976E-01  2.5221E-01
  1.5825E+00  2.5895E-01  2.5734E-01  2.5969E-01
  1.5958E+00  2.6675E-01  2.6524E-01  2.6747E-01
  1.6092E+00  2.7488E-01  2.7346E-01  2.7556E-01
  1.6228E+00  2.8334E-01  2.8201E-01  2.8399E-01
  1.6365E+00  2.9216E-01  2.9092E-01  2.9277E-01
  1.6502E+00  3.0134E-01  3.0020E-01  3.0192E-01
  1.6641E+00  3.1091E-01  3.0986E-01  3.1144E-01
  1.6781E+00  3.2088E-01  3.1993E-01  3.2137E-01
  1.6923E+00  3.3127E-01  3.3041E-01  3.3172E-01
  1.7065E+00  3.4211E-01  3.4134E-01  3.4251E-01
  1.7209E+00  3.5341E-01  3.5272E-01  3.5377E-01
  1.7354E+00  3.6519E-01  3.6458E-01  3.6550E-01
  1.7500E+00  3.7748E-01  3.7695E-01  3.7775E-01
  1.7647E+00  3.9030E-01  3.8985E-01  3.9053E-01
  1.7796E+00  4.0368E-01  4.0330E-01  4.0387E-01
  1.7945E+00  4.1765E-01  4.1732E-01  4.1780E-01
  1.8097E+00  4.3223E-01  4.3196E-01  4.3235E-01
  1.8249E+00  4.4745E-01  4.4724E-01  4.4754E-01
  1.8402E+00  4.6336E-01  4.6319E-01  4.6342E-01
  1.8557E+00  4.7998E-01  4.7985E-01  4.8002E-01
  1.8714E+00  4.9735E-01  4.9726E-01  4.9737E-01
  1.8871E+00  5.1551E-01  5.1545E-01  5.1551E-01
  1.9030E+00  5.3450E-01  5.3446E-01  5.3449E-01
  1.9190E+00  5.5436E-01  5.5434E-01  5.5434E-01
  1.9352E+00  5.7515E-01  5.7514E-01  5.7512E-01
  1.9515E+00  5.9691E-01  5.9690E-01  5.9688E-01
  1.9679E+00  6.1969E-01  6.1969E-01  6.1966E-01
  1.9845E+00  6.4355E-01  6.4355E-01  6.4352E-01
  2.0012E+00  6.6855E-01  6.6855E-01  6.6853E-01
  2.0180E+00  6.9476E-01  6.9476E-01  6.9473E-01
  2.0350E+00  7.2223E-01  7.2223E-01  7.2220E-01
  2.0521E+00  7.5104E-01  7.5104E-01  7.5101E-01
  2.0694E+00  7.8126E-01  7.8126E-01  7.8124E-01
  2.0868E+00  8.1297E-01  8.1297E-01  8.1295E-01
  2.1044E+00  8.4626E-01  8.4626E-01  8.4624E-01
  2.1221E+00  8.8121E-01  8.8121E-01  8.8120E-01
  2.1400E+00  9.1792E-01  9.1792E-01  9.1791E-01
  2.1580E+00  9.5650E-01  9.5650E-01  9.5649E-01
  2.1762E+00  9.9704E-01  9.9704E-01  9.9703E-01
  2.1945E+00  1.0397E+00  1.0397E+00  1.0397E+00
  2.2130E+00  1.0845E+00  1.0845E+00  1.0845E+00
  2.2316E+00  1.1316E+00  1.1316E+00  1.1316E+00
  2.2504E+00  1.1813E+00  1.1813E+00  1.1813E+00
  2.2693E+00  1.2335E+00  1.2335E+00  1.2335E+00
  2.2884E+00  1.2886E+00  1.2886E+00  1.2886E+00
  2.3077E+00  1.3465E+00  1.3465E+00  1.3465E+00
  2.3271E+00  1.4076E+00  1.4076E+00  1.4076E+00
  2.3467E+00  1.4720E+00  1.4720E+00  1.4720E+00
  2.3665E+00  1.5399E+00  1.5399E+00  1.5399E+00
  2.3864E+00  1.6116E+00  1.6116E+00  1.6116E+00
  2.4065E+00  1.6872E+00  1.6872E+00  1.6872E+00
  2.4267E+00  1.7671E+00  1.7671E+00  1.7671E+00
  2.4472E+00  1.8514E+00  1.8514E+00  1.8514E+00
  2.4678E+00  1.9405E+00  1.9405E+00  1.9405E+00
  2.4885E+00  2.0346E+00  2.0346E+00  2.0346E+00
  2.5095E+00  2.1342E+00  2.1342E+00  2.1342E+00
