1.929415	1.122833	0.842748	1.962008	1.623983	1.963757	1.75560200504	2.071254	1.811606	0.746951	0.26497	0.000352050253005	0.000661057832264	0.00999123062282
1.939107	1.125533	0.733838	1.962486	1.631867	1.927649	1.760381	2.10089	1.841207	1.125008	1.733834	0.000390131128152	0.0010892172662	0.00885906311661
1.957275	1.406389	0.843235	1.96201	1.627077	1.907963	1.820905	2.04954	1.847435	1.384352	0.273994	0.000524857470002	5.65967659023e-05	0.0102298836136
1.960087	1.503067	1.001932	1.92131898269	1.686371	1.772449	1.735863	2.083114	1.844723	1.255068	0.633798	0.000528483827495	0.00168993507565	0.00750420634838
1.929415	1.122833	0.842748	1.962008	1.623983	1.963757	1.775349	2.071254	1.811606	0.746951	0.26497	0.000612008663994	0.000910198623155	0.00990203025091
1.955372	1.593183	1.135597	1.810962	1.694972	1.835381	1.934568	1.870796	1.932168	4.27909	2.007576	0.000617201619133	0.0028947643525	0.00682871347393
1.806813	1.502175	1.168345	1.997402	1.617045	1.92846	1.88042	1.773564	1.807256	3.237312	1.586692	0.000635368190456	0.00477112803355	0.0054897338014
2.073956	1.515038	1.2699	1.965579	1.69281	1.747726	2.008424	1.87462	1.866215	6.141215	1.698793	0.000646720688695	0.000730077784563	0.00960312290017
1.937783	1.510942	1.212696	1.966619	1.698634	1.805128	2.112612	1.8769	1.938454	5.334663	2.609353	0.000699091879055	0.00433605598593	0.00572247461308
1.942323	1.48528583316	1.262094	1.963051	1.67436281213	1.74686	1.983992	1.877972	1.776023	6.25159363085	3.669845	0.000715004006904	0.00394072668869	0.00633527261046
1.955139	1.348125	0.829574182002	1.96665	1.617579	1.928513	1.81233	2.057238	1.80695	0.823943	0.513802	0.000768554858452	0.000624921108932	0.00878797117031
1.996061	1.520518	1.168984	1.965067	1.699194	1.80906	2.134056	1.875444	1.94039	5.630407	3.912501	0.000828718287478	0.00224117088852	0.00714578630133
1.942323	1.48528583316	1.262094	1.963051	1.718662	1.74686	1.983992	1.877972	1.776023	6.25159363085	3.669845	0.000842892211939	0.00396708806309	0.00627985279868
1.942023	1.485266	1.262062	1.963051	1.711462	1.746944	1.975096	1.852372	1.797303	6.251594	3.669845	0.000842892232184	0.00440255299351	0.00547768969101
1.942323	1.502236	1.262094	1.963051	1.718662	1.74686	1.983992	1.877972	1.776023	6.25159363085	3.669845	0.000848046009376	0.00355441245906	0.00636316000851
1.978355	1.503058	1.176078	1.963179	1.727882	1.74286	1.983028	1.874012	1.790871	6.147991	4.095896	0.000862528864454	0.00277835423911	0.00641769658553
1.956251	1.326621	0.7535	1.969018	1.610608	1.890337	1.788365	2.065464	1.810084	1.397878	1.157718	0.000867750142786	0.00202773783541	0.00631345375365
1.950515	1.494876	1.262606	1.971243	1.723526	1.746956	1.9758	1.875348	1.784695	6.219751	3.669909	0.000884336439375	0.00340591974815	0.00628549451354
1.938947	1.167185	0.758715	1.966682	1.660079	1.927309	1.783037	2.069562	1.801107	1.434054	0.309002	0.000888056012722	0.000436288517454	0.00958185553683
1.946771	1.490462	1.198381	1.961003	1.718694	1.760556	1.996764	1.845332	1.783703	6.067175	1.161109	0.000889342304751	0.00621963809214	0.00340184289311
1.970435	1.495006	1.16355	1.970731	1.704086	1.74286	1.973576	1.877956	1.807255	6.155239	3.707861	0.000893206475403	0.00406592888216	0.00556589483906
1.945587	1.502238	1.171686	1.963051	1.718678	1.742764	1.983988	1.8781	1.790871	6.154215	3.800917	0.000895394343421	0.00395463686369	0.00596514653332
1.945091	1.502174	1.171742	1.963051	1.718422	1.742732	1.983992	1.878084	1.809303	6.154215	3.800917	0.000895394343421	0.00421553228338	0.00539827674354
1.960771	1.348125	0.825478	1.968698	1.617571	1.895489	1.811314	2.038806	1.80695	0.824259	0.513802	0.000905541019405	0.000575129053498	0.00859990766915
1.974875	1.502236	1.25851	1.961499	1.703814	1.742764	1.983972	1.88354	1.808791	6.150119	3.667797	0.000909606877342	0.00313230554402	0.00628981982827
1.939639	1.169949	1.103698	1.96547	1.625901	1.924199	1.754804	2.077498	1.841739	1.096188	0.470346	0.000947405134037	0.00045124779573	0.00936860505396
1.938755	1.169053	0.843323	1.966682	1.626063	1.94652181092	1.783677	2.057274	1.841227	1.401596	0.374538	0.0009477601793	0.000315962318152	0.00961157068146
1.939099	1.166877	1.103762	1.965402	1.625645	1.924279	1.75380401814	2.038586	1.841739	1.358332	0.470602	0.000964598171345	0.000431030258934	0.00928627616397
1.955206	1.52835	1.365516	1.966683	1.757602	1.813326	1.979556	1.872156	1.776009	5.304063	1.161045	0.00099185254104	0.00392267744024	0.00546262610102
1.938755	1.176669	0.730431	1.94649	1.639119	1.940941	1.786789	2.127636	1.841227	2.20890301334	0.59201	0.000992311654669	0.000970345795124	0.00843021037983
1.936483	1.15818444533	0.821607786559	1.92341502976	1.613013	1.944385	1.750117	2.040282	1.823429	0.965007	0.207626	0.00101019274909	1.33108891679e-05	0.00987764620988
1.939627	1.168045	1.26220471885	1.967258	1.625935	1.928517	1.783461	2.150426	1.841211	1.406716	0.338698	0.00103128346968	0.000291015321855	0.00965124862967
1.939627	1.168045	1.26220471885	1.9825938508	1.625935	1.928517	1.783461	2.150426	1.841211	1.406716	0.338698	0.00103128346968	0.000291015321855	0.00965124862967
1.938755	1.169053	0.807466790651	1.966682	1.626063	1.924407	1.783677	2.057274	1.841227	1.401596	0.374538	0.00103208837678	0.000389006664593	0.00944295736207
1.939099	1.166877	1.05256178135	1.966682	1.626061	1.924407	1.784957	2.057274	1.841739	1.398012	0.470602	0.00103269194634	0.000379318386981	0.00926864527677
1.997533	1.44959	1.168396	1.971531	1.685506	1.763544	1.97516	1.875412	1.776515	6.160326	0.866837	0.0010531615829	0.0041030828534	0.00465091645112
1.93875496208	1.17609263108	0.841308254814	1.96668159141	1.62606255749	1.95851115717	1.7828852775	2.05724192246	1.80695409477	1.40262046335	0.502575765362	0.00105361654961	0.00055030523127	0.00916456725903
1.939243	1.174189	1.262821	1.917058	1.620355	1.928357	1.783461	2.142234	1.844123	2.025468	0.343962	0.00105761328815	0.000200962335478	0.00947019818156
1.980878	1.778193	0.971807	1.801257	1.765468	1.903941	1.913958	1.909267	1.873018	1.389759	3.119534	0.00106222311254	0.000171642659741	0.00956234196501
1.953293	1.126943	0.848396	1.840296	1.622667	1.747219	1.730155	2.047414	1.775439	1.423636	1.749834	0.00106427545409	0.00169985695925	0.00740592640764
1.948835	1.176477	0.841276	1.950298	1.626063	1.958543	1.782885	2.049434	1.774186	1.402108	0.501448	0.00107036455584	5.375951494e-05	0.00921124346927
1.938755	1.176669	0.730431	1.94649	1.639119	1.940941	1.786789	2.127636	1.841227	1.439132	0.59201	0.00107976117483	0.00113476406364	0.0083420411528
1.958415	1.168339	1.171979	1.964027	1.632894	1.838249	1.74041518002	1.740889	2.07361	3.530622	5.259153	0.00108735031531	0.0070895464577	0.00263889498625
1.939075	1.176093	0.714401919029	1.965046	1.625723	1.927793	1.759333	2.057882	1.85483166478	1.125116	0.98017	0.00109635047089	0.00280395745587	0.00620880945142
1.970598	1.721115	1.094475	1.762351	1.687148	1.831845	1.850806	1.918389	1.899598	1.938111	2.835502	0.00110660797031	0.000972953687476	0.00837135905308
1.95217989364	1.17609263108	0.841308254814	1.96668159141	1.62606255749	1.92800054738	1.7828852775	2.05724192246	1.80695409477	1.40262046335	0.469770200769	0.00110776381005	9.32601645632e-05	0.00901408560827
1.95466928916	1.176093	0.714401919029	1.965046	1.625723	1.927793	1.759333	2.057882	1.841243	1.125116	0.98017	0.0011225774888	0.00183719179849	0.00696803847507
1.945587	1.502238	1.176078	1.963179	1.736842	1.742764	1.982964	1.89215893457	1.790871	6.147351	3.925928	0.00112516375136	0.00384919986087	0.00602932896366
2.02109671037	1.61091	1.329192	1.968043	1.765034	1.793334	1.976168	1.842964	1.801063	5.280391	4.49731303219	0.00114970639298	0.00134891280056	0.00806164158503
2.02109671037	1.61091	1.329192	1.968043	1.765034	1.793334	1.976168	1.842964	1.801063	5.280391	3.921745	0.00114970639298	0.00155459862949	0.00796647198297
1.977372	1.597662	1.30436	1.969775	1.77483	1.79103	2.016494	1.875038	1.927575	5.288583	3.799945	0.00115941998429	0.00358139607488	0.00530961730009
1.999901	1.554372	1.16862	1.971287	1.725306	1.74744	1.975528	1.875348	1.800591	6.154695	3.925505	0.00116571836427	0.000722169159875	0.00856089531651
1.996294	1.552222	1.168396	1.971275	1.725305	1.747468	1.975528	1.875348	1.80878	6.154695	3.930005	0.00116571836427	0.00082311030919	0.0083181494412
1.996419	1.176609	0.70973	1.969142	1.621083	1.927793	1.746378	2.049098	1.841563	1.125084	0.96001	0.00122669483865	0.000463122161251	0.00822682761546
1.975507	1.502558	1.250522	1.863836	1.699718	1.746956	1.984808	1.87946	1.792887	6.154353	3.713597	0.00123044035697	0.00332777217262	0.00604825089498
1.939004	1.175573	0.778265357426	1.962522	1.622977	1.927523	1.804585	2.003338	1.799051	1.931	0.63685	0.00124321646315	0.001377444587	0.00791236011931
1.981567	1.134455	0.775196	1.892337	1.623555	1.758419	1.779315	2.170426	1.795207	1.913042	0.784462	0.00124693834325	0.00275119010957	0.00534964811961
1.965231	1.16436544287	1.476946	1.95133	1.601371	1.944897	1.744485	2.180506	1.842939	1.109244	0.886474	0.00129196329202	0.000900905352039	0.00742206551555
1.938695	1.175389	0.714414	1.969142	1.633507	1.880185	1.746149	2.05761	1.801111	0.505524	0.980682	0.00131204123041	0.00247511879514	0.00628202073855
2.007465	1.537054	1.323904	1.998283	1.764302	1.803382	1.987706	1.76199746195	1.790315	5.276159	3.772945	0.00132680599989	0.00520972328427	0.00463533940169
1.975091	1.173997	0.846348	1.965353	1.637217	1.934497	1.844453	2.069304	1.819536	2.045662	0.785922	0.00137585793524	0.000623033147775	0.00793314149223
1.999261	1.516062	1.36476	1.971371	1.71569	1.792008	2.131176	1.872344	1.938294	5.481311	3.922121	0.00141324925533	0.00393185603205	0.00512947966877
1.962345	1.420501	0.977521792928	1.96131	1.614813	1.858991	1.788001	1.99017	1.850251	1.439224	0.411154	0.00142767080367	3.56138903689e-05	0.00914144679309
1.961737	1.414677	0.793907	1.994074	1.611461	1.86276875979	1.788005	1.988136	1.842027	1.432008	0.410754	0.00144238432886	0.000220128645308	0.00898224900982
1.961737	1.414677	0.793907	1.994074	1.611461	1.857631	1.788005	1.988136	1.842027	1.432008	0.410754	0.00144238432886	0.000220128645308	0.00898224900982
1.964559	1.163795	1.167883	1.964027	1.63443	1.835945	1.778604	1.754841	2.073622	3.520254	4.829073	0.00149414468694	0.00752611570736	0.00197528563406
1.971835	1.131639	0.760348	1.932913	1.615167	1.761491	1.783511	2.045498	1.796995	3.225298	0.881102	0.00149527917425	0.00500781762504	0.00297608993
1.978716	1.597662	1.306408	1.860815	1.765774	1.804214	1.9963197836	1.875806	1.926871	5.289863	3.799937	0.00149915711173	0.00202005644565	0.00695435467527
1.978716	1.597662	1.306408	1.860815	1.765774	1.804214	2.016486	1.875806	1.926871	5.289863	3.799937	0.00149915711173	0.00202005644565	0.00695435467527
1.967195	1.14160854121	0.840924	1.903148	1.627075	1.763603	1.786739	2.046346	1.795459	1.752018	0.867144	0.00154850405852	0.00339963999434	0.00485212493662
1.965219	1.199965	1.46734631395	1.968738	1.601027	1.943841	1.741669	2.188698	1.843035	1.108476	0.648906	0.00164087282587	2.32484486422e-05	0.00866710957909
1.963403	1.250879	0.7939	1.991258	1.614027	1.927283	1.785447	2.070056	1.779103	1.35828	1.098946	0.00165858286045	0.00154113018218	0.00688777821386
1.965231	1.199965	1.44748671763	1.95133	1.601371	1.944897	1.744485	2.180506	1.842939	1.109244	0.886474	0.00167637254356	0.000543018847998	0.00779884120943
1.965231	1.199965	1.476946	1.95133	1.601371	1.944897	1.744485	2.180506	1.842939	1.109244	0.886474	0.00167637254356	0.000580880008293	0.0076334312008
1.958415	1.168339	1.171979	1.964027	1.632894	1.838249	1.789868	1.740889	2.07361	3.530622	5.259153	0.00168051759344	0.00873373763767	0.00133982991813
1.97650257722	1.262109	0.841532	1.963049	1.60695692678	1.934305	1.844453	2.069304	1.81968	1.25923	0.786058	0.00170588479144	0.000134433472534	0.00816624574022
1.943163	1.162871	0.862748	1.892337	1.612803	1.761491	1.783411	2.07823030561	1.795203	1.914578	0.880718	0.00171948402016	0.00440360209679	0.00421684037384
1.943163	1.162871	0.862748	1.892337	1.612803	1.761491	1.783411	2.045754	1.795203	1.914578	0.880718	0.00171948402016	0.00440360209679	0.00421684037384
1.999951	1.187511	0.866308	1.928196	1.652875	1.743115	1.717227	2.046524	1.745795	1.425172	0.834378	0.00173401785579	0.00134689317058	0.00699958559227
1.953375	1.187359	0.840924	1.840132	1.622667	1.743123	1.717483	2.047382	1.787727	1.423636	0.865098	0.00180530275299	0.00313280461137	0.00525557305249
1.988998	1.551902	1.2667	1.971275	1.725305	1.726503	1.974632	1.793428	1.808772	6.116807	1.158037	0.00183610143613	0.00657582139613	0.00239531024922
1.952523	1.162871	0.86678	1.892529	1.619971	1.763667	1.786835	2.039194	1.803907	1.913266	0.89105	0.00186228741106	0.00404612546508	0.00432560502962
1.953295	1.187383	0.867548	1.927684	1.622155	1.743123	1.717107	2.046522	1.78770915057	1.412372	1.07756718991	0.00188980258109	0.00368914152964	0.00454055436596
1.981985	1.549342	1.17399	1.997857	1.67129	1.72474919517	1.984996	1.878068	1.805655	6.158823	3.325621	0.0019991262405	0.00447977039245	0.00411712993086
1.952539	1.187447	0.867548	1.90310841785	1.619971	1.763539	1.75878899663	2.046506	1.795715	1.933266	0.867146	0.00200437687674	0.00362202865172	0.00482035595422
1.97650257722	1.262109	0.841532	1.963049	1.637217	1.934305	1.844453	2.069304	1.81968	1.25923	0.786058	0.00206279380041	8.24272175885e-05	0.00857598214952
1.955355	1.187349	0.845032	1.901144	1.627083	1.797459	1.787753	2.057238	1.796483	1.738886	0.867272	0.00207183323974	0.00274196479656	0.00580083739864
1.953563	1.187319	0.70678	1.904753	1.632259	1.766709	1.780699	2.046506	1.803907	1.911762	1.002186	0.00213489863429	0.00401694170555	0.00425043710281
1.95546914252	1.187447	0.867548	1.89246509927	1.619971	1.763539	1.782643	2.046506	1.795715	1.933266	0.867146	0.00215480311506	0.00358452639517	0.00477919679173
1.966955	1.187377	0.8427	1.903148	1.622979	1.763603	1.786739	2.140234	1.795459	1.927622	0.867416	0.0021816785427	0.00324856699906	0.00490642063143
1.952539	1.187447	0.888701794916	1.90310841785	1.619971	1.763539	1.782643	2.046506	1.795715	1.933266	0.867146	0.00218979371565	0.00356027809316	0.00468283968265
1.952539	1.187447	0.867548	1.90310841785	1.619971	1.763539	1.782643	2.046506	1.795715	1.933266	0.867146	0.00218979371565	0.0037157896023	0.00449528752793
1.952539	1.187447	0.867548	1.89246509927	1.619971	1.763539	1.782643	2.046506	1.795715	1.933266	0.867146	0.00218979371565	0.0037157896023	0.00449528752793
1.960987	1.187349	0.840936	1.903192	1.627075	1.764435	1.786737	2.038806	1.796483	1.739202	0.867272	0.00221565167085	0.00294065731155	0.0052628882648
1.970587	1.163805	0.802349	1.985321	1.604449	1.890337	1.870181	2.073648	1.81008	1.390332	0.633426	0.0022225246829	0.00119310185102	0.00733775040385
1.967195	1.187351	0.840924	1.903148	1.627075	1.763603	1.786739	2.046346	1.795459	1.752018	0.867144	0.00224453553787	0.00310787885198	0.0050896263414
1.967195	1.18604923134	0.840924	1.903148	1.627075	1.763603	1.786739	2.046346	1.795459	1.752018	0.867144	0.00224453553787	0.00310787885198	0.0050896263414
1.800615	1.250261	0.990527	1.860056	1.611729	1.796186	1.7207	2.06621	1.938434	3.956369	1.94986	0.00227427009118	0.00485439158031	0.00409881654407
1.999284	1.167901	0.841308	1.966634	1.625295	1.747777	1.778789	2.05557	1.801242	1.21702	0.469782	0.00234085139803	0.000364728630911	0.00812048234676
1.848427	1.154359	1.048121	1.842386	1.614208	1.738677	1.842528	1.832724	1.89	2.537382	5.857408	0.00243439732548	0.00942949485959	0.00101217306461
1.848427	1.154359	1.048121	1.842386	1.614208	1.738677	1.842528	1.832724	1.89	2.537382	4.88783722097	0.00243439732548	0.00974287729839	0.000956742687815
1.848427	1.154359	1.048121	1.842386	1.614208	1.738677	1.8412132388	1.832724	1.89	2.537382	4.88783722097	0.00243439732548	0.00974287729839	0.000956742687815
1.996486	1.383967	1.158156	1.963203	1.731704	1.808352	1.971334	1.875348	1.797015	6.215451	3.686097	0.0024514581765	1.52230209581e-05	0.00914917404075
1.997853	1.52055	1.168728	1.964907	1.698682	1.79246	2.135464	1.874932	1.94039	5.312263	3.928629	0.00257579707607	0.00692801853241	0.00188625641529
1.952455	1.187351	0.842716	1.934037	1.619971	1.731411	1.792035	2.046414	1.795727	3.239366	0.867074	0.002605236082	0.00584700043153	0.00201447759185
1.945309	1.305886	1.168088	1.963435	1.685908	1.77060945627	1.852121	1.708192	1.807751	6.147527	3.800981	0.00261256308456	0.00925444114734	0.00127038400025
1.848435	1.109303	1.048039	1.963042	1.61216	1.742773	1.852477	1.832724	1.89	2.537446	4.494621	0.00266116429531	0.00979810600237	0.00083122826659
2.001011	1.49507	1.174854	1.77703365841	1.612182	1.710412	1.98154	1.951252	1.805199	6.108327	3.643823	0.00267276871812	0.00429216566734	0.00422383863587
1.938763	1.511342	1.212664	1.966683	1.698638	1.755592	2.128996	1.876948	1.910102	5.334663	2.566345	0.00268709462891	0.00836775562415	0.000864182643005
1.952539	1.21427910724	0.857635	1.903108	1.620003	1.764563	1.776499	2.198058	1.844867	1.228754	0.867146	0.0027322041628	0.0027236883132	0.0058772139625
1.952539	1.168055	0.735708	1.892593	1.621111	1.763563	1.805739	2.03919	1.786243	4.139826	0.865898	0.00277974846293	0.00664061732735	0.00127135175509
1.939526	1.610398	1.32404	1.971115	1.756282	1.74695	1.975528	1.84258	1.801079	5.280495	3.932049	0.00294691160332	0.0082600993644	0.00125645509224
2.008076	1.299441	1.156546	1.88978648553	1.683861	1.903602	1.970843	2.035776	1.86072662139	2.15417	1.979904	0.00309668890199	7.79566405626e-06	0.00933395816308
1.983812	1.700369	1.365599	1.779325	1.668572	1.764161	1.883254	1.795363	1.87713	2.76028687541	3.55705743061	0.00315937542526	0.00908536987219	0.000423425253961
1.978724	1.317462	1.219596	1.962467	1.730512	1.833032	1.971894	1.868852	1.827991	5.725895	1.102449	0.00316819137866	0.0048515437109	0.00405793207182
1.942146	1.537462	1.115816	1.968119	1.727099	1.744052	2.031048	1.853202	1.801575	5.351559	3.159674	0.00317625265018	0.00937506466336	0.000103513027393
1.95433330323	1.151513	0.914671681549	1.973944	1.614601	1.886297	2.06815	2.000769	1.844725	3.959572	0.63367	0.00336003977375	0.00656405402519	0.00191787748756
1.999373	1.331038	1.1691	1.963115	1.73273	1.779724	1.975784	1.873818	1.910039	6.154695	3.931669	0.00341809460725	0.0049635004446	0.00405589936407
1.942323	1.502236	1.262094	1.963051	1.718662	1.74686	1.983992	1.877972	1.776023	5.367783	3.669845	0.00343503491703	0.00883587442493	0.000607522650699
1.984028	1.717329	0.931023	1.768557	1.726328	1.747141	1.839994	1.882659	1.92399	1.474519	2.964302	0.00345094720485	0.00488342243409	0.00396939306948
1.996316	1.597658	1.152808	1.971024	1.774828	1.779766	2.016482	1.875358	1.795991	2.142663	3.800981	0.00347922866455	0.00578288195769	0.00294423642753
1.987166	1.596574	1.323208	1.895535	1.761198	1.746918	1.974862	1.846708	1.801063	5.300223	3.800973	0.00348748063351	0.00799757932122	0.00109223047764
2.000325	1.330846	1.25037596279	1.970779	1.625722	1.74759	1.972072	1.867194	1.775978	2.786723	3.926533	0.00364082776106	0.00803442748098	0.000985105511271
2.000325	1.330846	1.168492	1.970779	1.625722	1.74759	1.972072	1.867194	1.775978	2.786723	3.926533	0.00364082776106	0.00826511764585	0.00089655805692
1.800615	1.250389	0.990463	1.860052	1.611617	1.76188397793	1.829596	2.066422	1.938466	3.211409	1.951236	0.00368288874188	0.0081640235908	0.000848005501056
1.97281	1.141913	0.784285	1.974456	1.613321	1.861977	2.067816	1.999877	1.883698	3.9949	1.647942	0.00372086210258	0.00559215540704	0.00244064259031
1.800615	1.250389	0.990463	1.860052	1.611617	1.766522	1.829596	2.066422	1.938466	3.74733316117	1.951236	0.00377763573337	0.00802989340104	0.00106325488366
1.996316	1.499354	1.152808	1.97096	1.703812	1.779766	2.01674	1.875358	1.795991	4.052935	3.667861	0.0037897299165	0.00880149611761	0.000279354926013
1.965213	1.59950577579	1.21758	1.967099	1.724034	1.747776	2.050472	1.846692	1.776295	5.324095	3.476053	0.00380480836865	0.00805965055709	0.000905648190759
1.965213	1.594	1.21758	1.967099	1.724034	1.747776	2.050472	1.846692	1.776295	5.324095	3.476053	0.00380480836865	0.00805965055709	0.000905648190759
1.965213	1.60137526367	1.21758	1.967099	1.724034	1.747776	2.050472	1.846692	1.776295	5.324095	3.476053	0.00380480836865	0.00805965055709	0.000905648190759
1.995974	1.39769442384	1.157164	1.962403	1.732256	1.760566	1.922928	1.841724	1.795175	5.618375	3.678033	0.00382064918763	0.00775780400693	0.00114153314915
2.01699658904	1.330886	1.169644	1.971255	1.723482	1.724528	1.975016	1.885632	1.784727	6.545306	3.932085	0.00388495809474	0.0048395554761	0.00406062826215
1.999667	1.428966	1.136398	1.960491	1.718554	1.709228	1.976744	1.875604	1.778071	6.086402	3.931649	0.00395256468449	0.00772615888972	0.00112101590146
1.970589	1.33063	1.163788	1.970731	1.720954	1.771548	2.055496	1.767388	1.741927	6.154607	2.66924340856	0.00396909585212	0.00928641968401	0.000204070308822
1.995974	1.383951	1.157164	1.962403	1.732256	1.760566	1.922928	1.841724	1.795175	5.618375	3.678033	0.00399103424423	0.00832910869824	0.000792818119471
1.942323	1.494812	1.259726	1.963043	1.72231	1.746428	1.983992	1.877968	1.735063	5.022794	3.669845	0.00399220272003	0.00935129843917	0.000201444322834
1.994252	1.348094	1.23392	1.977194	1.718213	1.748686	1.982908	1.844026	1.774615	6.151879	3.844173	0.0040042190885	0.00792744443123	0.00107029540573
1.979914	1.101649	0.707901	1.8298159809	1.612297	1.845573	2.066794	2.000277	1.924762	3.943188	1.940806	0.00417062021803	0.00748104674036	0.000650355310632
1.989846	1.335092	1.198092	1.8944	1.699489	1.8138	2.04581	1.874396	1.924079	3.183223	2.57790139359	0.00419068401529	0.00839259431221	0.000410694417984
1.989846	1.335092	1.198092	1.8944	1.699489	1.8138	2.04581	1.85987328294	1.924079	3.183223	3.716821	0.00419068401529	0.00875793921848	0.000297906606732
1.800615	1.250389	0.990463	1.860052	1.62838803649	1.74133593119	1.829596	2.066422	1.938466	3.74733316117	1.951236	0.004248523643	0.00900107633537	2.85247057336e-05
1.978969	1.348638	1.231148	1.94482671384	1.700354	1.746996	1.99409	1.875436	1.868313	6.056903	4.048769	0.00429098144079	0.00859837145984	0.00035536969128
2.000749	1.293488	1.37518	1.895999	1.619514	1.755784	1.982874	1.878092	1.83793455327	2.976199	4.02133644309	0.00439276854126	0.00829066352297	0.000569852054218
2.000749	1.293488	1.37518	1.895999	1.619514	1.755784	1.982874	1.878092	1.890711	2.976199	4.02133644309	0.00439276854126	0.00882063694315	0.000130628704497
1.999501	1.277088	1.37614	1.896511	1.620226	1.755356	1.985896	1.87738	1.834551	2.976199	3.760077	0.00442045677923	0.00816099945504	0.000595178494055
1.996047	1.234452	1.178126	1.766531	1.620088	1.832972	2.049697	1.870524	2.188436	1.424284	3.2523	0.00444683711806	0.0049635684027	0.00384304612554
1.98517	1.331062	1.233932	1.969195	1.625208	1.7695	2.008523	1.875544	1.776709	5.548759	3.931877	0.00451731729013	0.00865748439437	7.59357653376e-05
1.972825	1.338398	1.308556	1.962203	1.69933	1.747252	1.994088	1.87546	1.867313	6.092231	3.737473	0.00454417853622	0.00834725776016	0.00035615784096
1.826157	1.256757	1.020399	1.867208	1.628321	1.740193	1.818108	2.066236	1.942358	3.978385	1.673444	0.00456201558973	0.00978363942037	1.02916130122e-05
1.999878	1.610902	1.087528	1.967963	1.727435	1.744182	2.01956	1.853204	1.801575	5.286023	3.6655298954	0.00461662420146	0.00851360858734	0.000308139874556
1.995164	1.33063	1.168392	1.971243	1.720954	1.746956	2.0554	1.950667	1.809303	6.154567	3.930805	0.00465702190601	0.00468055049553	0.00398380585491
1.965229	1.331036	1.2002950686	1.971243	1.715834	1.747236	2.008296	1.875348	1.802075	6.089498	0.649109	0.00469549694255	0.00846661768013	0.000341690117485
1.983628	1.355646	1.27549505736	1.998035	1.69933	1.747262	1.97524	1.874362	1.785551	5.843241	3.843765	0.0047730689712	0.00877030334655	1.22017666593e-05
2.116533	1.32575161217	1.17205	1.8966081538	1.6742	1.742821	2.040262	2.103251	1.800587	3.729862	1.057179	0.00485564421665	0.00951768749279	3.61030125118e-06
2.116533	1.32575161217	1.17205	1.90372	1.6742	1.742821	2.040262	2.103251	1.800587	3.729862	1.057179	0.00485564421665	0.00951768749279	3.61030125118e-06
2.116533	1.326742	1.17205	1.90372	1.6742	1.742821	2.040262	2.103251	1.800587	3.729862	1.057179	0.00485564421665	0.00951768749279	3.61030125118e-06
1.974142	1.322046	1.17646	1.845195	1.694842	1.746868	2.016296	1.873876	1.899559	6.154713	2.31735107028	0.00486653502747	0.00885541875173	2.0868269376e-06
1.988636	1.33107	1.006356	1.857371	1.620426	1.769516	1.97348	1.875548	1.801095	5.597335	2.260979	0.00489073104743	0.00833629739173	0.000427911156829
1.979782	1.322006	1.16784	1.830859	1.626234	1.744212	1.969286	1.872916	1.863575	6.154745	3.420053	0.00496233546076	0.00818330670362	0.000401124632732
2.000257	1.242138	1.288196	1.992223	1.61864	1.7227	1.980312	1.951544	1.741853	3.521351	2.590485	0.00499176891613	0.00801053595903	0.000639069767901
1.996381	1.331742	1.373452	1.92442357704	1.720362	1.718788	1.975016	1.875348	1.800079	1.747869	1.253481	0.00511394598376	0.00838430554686	5.92356296926e-06
1.965592	1.321822	1.186076	1.838123	1.700922	1.742804	2.00452	1.902036	1.871775	6.152889	3.931285	0.00515816418853	0.00813544083578	0.000627539116958
1.979974	1.331038	1.158412	1.969353	1.723498	1.746944	2.024168	1.891211	1.801111	5.941511	3.932053	0.00518576498473	0.00818297116047	0.000355490132384
1.971521	1.242138	1.283676	1.958431	1.626832	1.7227	1.980568	1.951544	1.741315	3.531463	4.001685	0.00519044616507	0.00819288242562	0.000257972985299
1.996303	1.235156	1.178286	1.766555	1.620088	1.784332	2.049697	1.839804	2.185172	1.174428	1.155148	0.00564532717956	0.00817492661957	0.000516281119026
1.996303	1.235156	1.178286	1.766555	1.61928439397	1.784332	2.049697	1.839804	2.185172	1.174428	1.155148	0.00564532717956	0.00817492661957	0.000516281119026
2.131108	1.331697	1.309058	1.739453	1.755649	1.858083	2.006443	1.973632	1.780186	2.187133	2.096832	0.00570827243697	4.7489777354e-06	0.0116257854422
1.947287	1.234612	0.988218	1.766427	1.71822	1.746956	2.03127	1.87398	2.185292	1.960648	1.157892	0.00603840166954	0.00857685422425	4.97059914769e-06
1.977612	1.19331	1.323516	1.975027	1.738906	1.81035	2.024536	1.910778	1.811031	6.156215	3.848325	0.00617942587829	0.00496367458725	0.00374277785008
2.10719	1.309845	0.979415	1.865159	1.878568	1.976417	1.829792	1.896369	2.007382	0.609975	2.649371	0.00619322581947	7.05742967847e-06	0.0112434187455
1.996294	1.25555569379	1.154094	1.993907	1.727866	1.746946	1.97508	1.852811	1.797303	6.147995	4.095893	0.0063271632246	0.00924744570971	1.76198013486e-07
1.959239	1.19555	1.367992	1.965591	1.75851	1.731392	2.055204	1.956302	1.823214	2.190791	3.615497	0.00656413496784	0.00484186817543	0.00394395252754
1.973853	1.240094	1.168344	1.946667	1.723642	1.74286	1.971556	1.8862	1.817751	6.158791	3.932053	0.00676239061017	0.00881972800347	2.89985736206e-06
1.990886	1.293439	1.123656	1.857995	1.723554	1.715328	1.981928	1.962891	1.749999	6.137527	3.678997	0.00687334015878	0.0073959971696	0.00119062452048
1.995974	1.217758	1.2656751753	1.970115	1.729658	1.783784	1.97141	1.885908	1.78579741907	5.611975	3.911089	0.00694525130148	0.00796009617789	0.00048392894813
1.991014	1.28524708479	1.126088	1.857995	1.723578	1.714188	1.973736	1.934219	1.799151	6.141591	3.931797	0.00699459679815	0.00837174179185	0.000255177483889
2.034966	1.56316	1.405971	1.889161	1.692309	1.810532	1.947602	1.908121	1.801109	11.917607	0.893812499427	0.00721534119138	0.00276213136478	0.00501574100669
1.97673675692	1.501214	1.174758	1.963041	1.612182	1.709996	1.985012	1.878068	1.805191	6.154727	3.276629	0.00770770622012	0.00733087418999	0.00116280262549
1.999511	1.47487493411	1.06705	1.763259	1.765024	1.760566	2.045821	1.841724	2.185068	1.22864093266	1.161044	0.00784392485683	0.00832172887257	0.00019585707074
1.960087	1.49897	1.00190245822	1.674643	1.734264	1.75949	2.10032887463	1.851688	2.026484	1.248552	1.95234	0.00785732574623	0.00550506496939	0.0024935183479
1.960087	1.49897	1.00190245822	1.674643	1.734264	1.75949	2.087037	1.851688	2.026484	1.248552	1.95234	0.00785732574623	0.00550506496939	0.0024935183479
1.977885	1.23241	1.227276	1.98463413677	1.767418	1.747068	1.98468	1.744272	1.776535	6.115431	0.470601	0.00790521411024	0.00913442713059	7.91081543763e-07
2.04658	1.234326	0.992269	1.94291231797	1.889786	1.813667	1.846968	1.936769	1.80739	4.057457	4.718484	0.00798876314011	4.53792230779e-06	0.00990722189638
2.002198	1.563576	1.444147	1.922257	1.799453	1.81072	1.946346	1.808937	1.759305	11.868639	1.15578	0.00808898847056	0.00473004948163	0.00324311842225
1.99840848171	1.563512	1.411379	1.93186935245	1.790613	1.810528	1.94709	1.808937	1.76406941228	11.917791	1.155204	0.00809538088935	0.00440002155403	0.00365871207259
1.996175	1.16914	1.16809	1.787195	1.723512	1.77582	1.999469	1.874484	2.008372	1.089468	1.68162	0.00828876551506	0.00430637315906	0.0041473268399
2.006228	1.269662	0.987661	1.992706	1.896378	1.748003	1.836917	1.928611	1.793006	4.057201	6.07494	0.0082904092754	0.00265489347213	0.00603188569587
1.98094	1.155635	1.225228	1.967859	1.740798	1.809422	2.04092	1.935354	1.777175	5.593399	3.850049	0.00836180035787	0.00724378587602	0.0012047985367
2.10503	1.13161722429	0.992545	1.863431	1.885152	2.040961	1.7832	1.897913	2.007703	0.861879	2.630427	0.00950511901378	1.30566484947e-06	0.0115619432052
2.10503	1.127909	0.992545	1.863431	1.885152	2.040961	1.7832	1.897913	2.007703	0.861879	2.630427	0.00950511901378	1.30566484947e-06	0.0115619432052