 # l=           0 basis function with energy    -1.76114417350189     
  0.0000E+00  0.0000E+00  0.0000E+00  0.0000E+00
  4.2248E-06 -4.3717E-05  9.1950E-06 -1.6503E-04
  8.4743E-06 -8.7580E-05  1.8443E-05 -3.3101E-04
  1.2748E-05 -1.3165E-04  2.7746E-05 -4.9796E-04
  1.7048E-05 -1.7595E-04  3.7102E-05 -6.6589E-04
  2.1372E-05 -2.1941E-04  4.6513E-05 -8.3479E-04
  2.5721E-05 -2.6389E-04  5.5979E-05 -1.0047E-03
  3.0096E-05 -3.0872E-04  6.5500E-05 -1.1756E-03
  3.4496E-05 -3.5375E-04  7.5076E-05 -1.3474E-03
  3.8921E-05 -3.9903E-04  8.4708E-05 -1.5203E-03
  4.3373E-05 -4.4457E-04  9.4397E-05 -1.6942E-03
  4.7850E-05 -4.9036E-04  1.0414E-04 -1.8691E-03
  5.2354E-05 -5.3641E-04  1.1394E-04 -2.0450E-03
  5.6883E-05 -5.8271E-04  1.2380E-04 -2.2219E-03
  6.1439E-05 -6.2928E-04  1.3372E-04 -2.3999E-03
  6.6022E-05 -6.7610E-04  1.4369E-04 -2.5789E-03
  7.0631E-05 -7.2319E-04  1.5372E-04 -2.7589E-03
  7.5267E-05 -7.7055E-04  1.6381E-04 -2.9400E-03
  7.9930E-05 -8.1817E-04  1.7396E-04 -3.1221E-03
  8.4620E-05 -8.6606E-04  1.8417E-04 -3.3053E-03
  8.9338E-05 -9.1422E-04  1.9444E-04 -3.4896E-03
  9.4083E-05 -9.6265E-04  2.0476E-04 -3.6749E-03
  9.8855E-05 -1.0114E-03  2.1515E-04 -3.8614E-03
  1.0366E-04 -1.0603E-03  2.2560E-04 -4.0489E-03
  1.0848E-04 -1.1096E-03  2.3611E-04 -4.2375E-03
  1.1334E-04 -1.1591E-03  2.4668E-04 -4.4272E-03
  1.1823E-04 -1.2090E-03  2.5731E-04 -4.6180E-03
  1.2314E-04 -1.2591E-03  2.6800E-04 -4.8099E-03
  1.2808E-04 -1.3095E-03  2.7875E-04 -5.0029E-03
  1.3305E-04 -1.3601E-03  2.8957E-04 -5.1971E-03
  1.3805E-04 -1.4111E-03  3.0045E-04 -5.3923E-03
  1.4308E-04 -1.4623E-03  3.1140E-04 -5.5888E-03
  1.4814E-04 -1.5139E-03  3.2241E-04 -5.7863E-03
  1.5322E-04 -1.5657E-03  3.3348E-04 -5.9850E-03
  1.5834E-04 -1.6178E-03  3.4461E-04 -6.1849E-03
  1.6349E-04 -1.6703E-03  3.5582E-04 -6.3859E-03
  1.6866E-04 -1.7230E-03  3.6708E-04 -6.5882E-03
  1.7387E-04 -1.7760E-03  3.7841E-04 -6.7915E-03
  1.7911E-04 -1.8293E-03  3.8981E-04 -6.9961E-03
  1.8438E-04 -1.8830E-03  4.0128E-04 -7.2019E-03
  1.8967E-04 -1.9369E-03  4.1281E-04 -7.4088E-03
  1.9500E-04 -1.9911E-03  4.2441E-04 -7.6170E-03
  2.0036E-04 -2.0457E-03  4.3607E-04 -7.8263E-03
  2.0576E-04 -2.1005E-03  4.4781E-04 -8.0369E-03
  2.1118E-04 -2.1557E-03  4.5961E-04 -8.2488E-03
  2.1663E-04 -2.2112E-03  4.7148E-04 -8.4618E-03
  2.2212E-04 -2.2670E-03  4.8342E-04 -8.6761E-03
  2.2764E-04 -2.3231E-03  4.9543E-04 -8.8916E-03
  2.3319E-04 -2.3795E-03  5.0751E-04 -9.1084E-03
  2.3877E-04 -2.4363E-03  5.1966E-04 -9.3265E-03
  2.4438E-04 -2.4934E-03  5.3188E-04 -9.5458E-03
  2.5003E-04 -2.5508E-03  5.4417E-04 -9.7664E-03
  2.5571E-04 -2.6085E-03  5.5653E-04 -9.9883E-03
  2.6143E-04 -2.6666E-03  5.6897E-04 -1.0211E-02
  2.6717E-04 -2.7250E-03  5.8148E-04 -1.0436E-02
  2.7295E-04 -2.7837E-03  5.9406E-04 -1.0662E-02
  2.7877E-04 -2.8427E-03  6.0671E-04 -1.0889E-02
  2.8462E-04 -2.9021E-03  6.1944E-04 -1.1117E-02
  2.9050E-04 -2.9619E-03  6.3224E-04 -1.1347E-02
  2.9641E-04 -3.0219E-03  6.4511E-04 -1.1578E-02
  3.0236E-04 -3.0824E-03  6.5807E-04 -1.1811E-02
  3.0835E-04 -3.1431E-03  6.7109E-04 -1.2044E-02
  3.1437E-04 -3.2042E-03  6.8419E-04 -1.2279E-02
  3.2042E-04 -3.2657E-03  6.9737E-04 -1.2516E-02
  3.2651E-04 -3.3275E-03  7.1063E-04 -1.2754E-02
  3.3264E-04 -3.3896E-03  7.2396E-04 -1.2993E-02
  3.3880E-04 -3.4521E-03  7.3737E-04 -1.3234E-02
  3.4500E-04 -3.5150E-03  7.5086E-04 -1.3476E-02
  3.5123E-04 -3.5782E-03  7.6442E-04 -1.3719E-02
  3.5750E-04 -3.6418E-03  7.7807E-04 -1.3964E-02
  3.6381E-04 -3.7057E-03  7.9180E-04 -1.4211E-02
  3.7015E-04 -3.7700E-03  8.0560E-04 -1.4458E-02
  3.7653E-04 -3.8347E-03  8.1949E-04 -1.4708E-02
  3.8295E-04 -3.8997E-03  8.3345E-04 -1.4958E-02
  3.8940E-04 -3.9651E-03  8.4750E-04 -1.5210E-02
  3.9590E-04 -4.0309E-03  8.6163E-04 -1.5464E-02
  4.0243E-04 -4.0971E-03  8.7584E-04 -1.5719E-02
  4.0899E-04 -4.1636E-03  8.9013E-04 -1.5976E-02
  4.1560E-04 -4.2305E-03  9.0451E-04 -1.6234E-02
  4.2224E-04 -4.2978E-03  9.1897E-04 -1.6493E-02
  4.2893E-04 -4.3655E-03  9.3352E-04 -1.6754E-02
  4.3565E-04 -4.4335E-03  9.4815E-04 -1.7017E-02
  4.4241E-04 -4.5020E-03  9.6286E-04 -1.7281E-02
  4.4921E-04 -4.5708E-03  9.7766E-04 -1.7546E-02
  4.5605E-04 -4.6400E-03  9.9255E-04 -1.7814E-02
  4.6293E-04 -4.7096E-03  1.0075E-03 -1.8082E-02
  4.6985E-04 -4.7797E-03  1.0226E-03 -1.8353E-02
  4.7681E-04 -4.8501E-03  1.0377E-03 -1.8625E-02
  4.8381E-04 -4.9209E-03  1.0530E-03 -1.8898E-02
  4.9085E-04 -4.9921E-03  1.0683E-03 -1.9173E-02
  4.9794E-04 -5.0637E-03  1.0837E-03 -1.9450E-02
  5.0506E-04 -5.1357E-03  1.0992E-03 -1.9728E-02
  5.1223E-04 -5.2082E-03  1.1148E-03 -2.0008E-02
  5.1943E-04 -5.2810E-03  1.1305E-03 -2.0289E-02
  5.2668E-04 -5.3543E-03  1.1463E-03 -2.0573E-02
  5.3397E-04 -5.4279E-03  1.1621E-03 -2.0857E-02
  5.4131E-04 -5.5020E-03  1.1781E-03 -2.1144E-02
  5.4868E-04 -5.5766E-03  1.1942E-03 -2.1432E-02
  5.5610E-04 -5.6515E-03  1.2103E-03 -2.1722E-02
  5.6357E-04 -5.7269E-03  1.2265E-03 -2.2013E-02
  5.7107E-04 -5.8026E-03  1.2429E-03 -2.2306E-02
  5.7862E-04 -5.8789E-03  1.2593E-03 -2.2601E-02
  5.8621E-04 -5.9555E-03  1.2758E-03 -2.2898E-02
  5.9385E-04 -6.0326E-03  1.2925E-03 -2.3196E-02
  6.0153E-04 -6.1101E-03  1.3092E-03 -2.3496E-02
  6.0926E-04 -6.1881E-03  1.3260E-03 -2.3798E-02
  6.1703E-04 -6.2665E-03  1.3429E-03 -2.4102E-02
  6.2485E-04 -6.3454E-03  1.3599E-03 -2.4407E-02
  6.3271E-04 -6.4247E-03  1.3770E-03 -2.4714E-02
  6.4062E-04 -6.5044E-03  1.3943E-03 -2.5023E-02
  6.4858E-04 -6.5846E-03  1.4116E-03 -2.5334E-02
  6.5658E-04 -6.6653E-03  1.4290E-03 -2.5646E-02
  6.6463E-04 -6.7464E-03  1.4465E-03 -2.5961E-02
  6.7272E-04 -6.8280E-03  1.4641E-03 -2.6277E-02
  6.8086E-04 -6.9100E-03  1.4818E-03 -2.6595E-02
  6.8905E-04 -6.9925E-03  1.4997E-03 -2.6915E-02
  6.9729E-04 -7.0755E-03  1.5176E-03 -2.7236E-02
  7.0557E-04 -7.1589E-03  1.5356E-03 -2.7560E-02
  7.1390E-04 -7.2428E-03  1.5537E-03 -2.7886E-02
  7.2229E-04 -7.3272E-03  1.5720E-03 -2.8213E-02
  7.3072E-04 -7.4121E-03  1.5903E-03 -2.8542E-02
  7.3919E-04 -7.4975E-03  1.6088E-03 -2.8873E-02
  7.4772E-04 -7.5833E-03  1.6273E-03 -2.9207E-02
  7.5630E-04 -7.6696E-03  1.6460E-03 -2.9542E-02
  7.6493E-04 -7.7564E-03  1.6648E-03 -2.9879E-02
  7.7361E-04 -7.8437E-03  1.6837E-03 -3.0218E-02
  7.8234E-04 -7.9315E-03  1.7027E-03 -3.0559E-02
  7.9112E-04 -8.0198E-03  1.7218E-03 -3.0901E-02
  7.9995E-04 -8.1086E-03  1.7410E-03 -3.1246E-02
  8.0883E-04 -8.1979E-03  1.7603E-03 -3.1593E-02
  8.1776E-04 -8.2877E-03  1.7798E-03 -3.1942E-02
  8.2675E-04 -8.3780E-03  1.7993E-03 -3.2293E-02
  8.3579E-04 -8.4688E-03  1.8190E-03 -3.2646E-02
  8.4488E-04 -8.5601E-03  1.8388E-03 -3.3001E-02
  8.5402E-04 -8.6520E-03  1.8587E-03 -3.3359E-02
  8.6322E-04 -8.7443E-03  1.8787E-03 -3.3718E-02
  8.7247E-04 -8.8372E-03  1.8988E-03 -3.4079E-02
  8.8177E-04 -8.9306E-03  1.9191E-03 -3.4443E-02
  8.9113E-04 -9.0246E-03  1.9395E-03 -3.4808E-02
  9.0055E-04 -9.1190E-03  1.9600E-03 -3.5176E-02
  9.1001E-04 -9.2140E-03  1.9806E-03 -3.5546E-02
  9.1954E-04 -9.3096E-03  2.0013E-03 -3.5918E-02
  9.2912E-04 -9.4057E-03  2.0221E-03 -3.6292E-02
  9.3875E-04 -9.5023E-03  2.0431E-03 -3.6668E-02
  9.4844E-04 -9.5995E-03  2.0642E-03 -3.7047E-02
  9.5819E-04 -9.6972E-03  2.0854E-03 -3.7427E-02
  9.6799E-04 -9.7954E-03  2.1067E-03 -3.7810E-02
  9.7785E-04 -9.8943E-03  2.1282E-03 -3.8195E-02
  9.8777E-04 -9.9937E-03  2.1498E-03 -3.8583E-02
  9.9775E-04 -1.0094E-02  2.1715E-03 -3.8972E-02
  1.0078E-03 -1.0194E-02  2.1933E-03 -3.9364E-02
  1.0179E-03 -1.0295E-02  2.2153E-03 -3.9759E-02
  1.0280E-03 -1.0397E-02  2.2374E-03 -4.0155E-02
  1.0382E-03 -1.0499E-02  2.2596E-03 -4.0554E-02
  1.0485E-03 -1.0602E-02  2.2820E-03 -4.0955E-02
  1.0588E-03 -1.0705E-02  2.3044E-03 -4.1358E-02
  1.0692E-03 -1.0809E-02  2.3271E-03 -4.1764E-02
  1.0797E-03 -1.0914E-02  2.3498E-03 -4.2172E-02
  1.0902E-03 -1.1019E-02  2.3727E-03 -4.2583E-02
  1.1008E-03 -1.1125E-02  2.3957E-03 -4.2996E-02
  1.1114E-03 -1.1231E-02  2.4188E-03 -4.3411E-02
  1.1221E-03 -1.1338E-02  2.4421E-03 -4.3829E-02
  1.1328E-03 -1.1445E-02  2.4655E-03 -4.4249E-02
  1.1437E-03 -1.1553E-02  2.4891E-03 -4.4672E-02
  1.1545E-03 -1.1662E-02  2.5128E-03 -4.5097E-02
  1.1655E-03 -1.1772E-02  2.5366E-03 -4.5525E-02
  1.1765E-03 -1.1881E-02  2.5605E-03 -4.5955E-02
  1.1876E-03 -1.1992E-02  2.5846E-03 -4.6387E-02
  1.1987E-03 -1.2103E-02  2.6089E-03 -4.6822E-02
  1.2099E-03 -1.2215E-02  2.6333E-03 -4.7260E-02
  1.2212E-03 -1.2328E-02  2.6578E-03 -4.7700E-02
  1.2325E-03 -1.2441E-02  2.6825E-03 -4.8143E-02
  1.2439E-03 -1.2554E-02  2.7073E-03 -4.8588E-02
  1.2554E-03 -1.2669E-02  2.7322E-03 -4.9036E-02
  1.2669E-03 -1.2784E-02  2.7573E-03 -4.9487E-02
  1.2785E-03 -1.2899E-02  2.7826E-03 -4.9940E-02
  1.2902E-03 -1.3016E-02  2.8080E-03 -5.0395E-02
  1.3019E-03 -1.3133E-02  2.8335E-03 -5.0854E-02
  1.3137E-03 -1.3250E-02  2.8592E-03 -5.1315E-02
  1.3256E-03 -1.3368E-02  2.8851E-03 -5.1779E-02
  1.3376E-03 -1.3487E-02  2.9110E-03 -5.2245E-02
  1.3496E-03 -1.3607E-02  2.9372E-03 -5.2714E-02
  1.3616E-03 -1.3727E-02  2.9635E-03 -5.3186E-02
  1.3738E-03 -1.3848E-02  2.9899E-03 -5.3661E-02
  1.3860E-03 -1.3970E-02  3.0165E-03 -5.4138E-02
  1.3983E-03 -1.4092E-02  3.0433E-03 -5.4619E-02
  1.4107E-03 -1.4215E-02  3.0702E-03 -5.5102E-02
  1.4231E-03 -1.4339E-02  3.0973E-03 -5.5588E-02
  1.4356E-03 -1.4463E-02  3.1245E-03 -5.6076E-02
  1.4482E-03 -1.4588E-02  3.1519E-03 -5.6568E-02
  1.4609E-03 -1.4714E-02  3.1794E-03 -5.7062E-02
  1.4736E-03 -1.4841E-02  3.2071E-03 -5.7559E-02
  1.4864E-03 -1.4968E-02  3.2350E-03 -5.8059E-02
  1.4993E-03 -1.5096E-02  3.2630E-03 -5.8562E-02
  1.5122E-03 -1.5224E-02  3.2912E-03 -5.9068E-02
  1.5253E-03 -1.5354E-02  3.3196E-03 -5.9577E-02
  1.5384E-03 -1.5484E-02  3.3481E-03 -6.0089E-02
  1.5516E-03 -1.5614E-02  3.3768E-03 -6.0604E-02
  1.5648E-03 -1.5746E-02  3.4057E-03 -6.1122E-02
  1.5781E-03 -1.5878E-02  3.4347E-03 -6.1643E-02
  1.5916E-03 -1.6011E-02  3.4639E-03 -6.2167E-02
  1.6051E-03 -1.6145E-02  3.4932E-03 -6.2694E-02
  1.6186E-03 -1.6279E-02  3.5228E-03 -6.3224E-02
  1.6323E-03 -1.6415E-02  3.5525E-03 -6.3757E-02
  1.6460E-03 -1.6551E-02  3.5823E-03 -6.4293E-02
  1.6598E-03 -1.6687E-02  3.6124E-03 -6.4832E-02
  1.6737E-03 -1.6825E-02  3.6426E-03 -6.5375E-02
  1.6877E-03 -1.6963E-02  3.6730E-03 -6.5920E-02
  1.7017E-03 -1.7102E-02  3.7036E-03 -6.6469E-02
  1.7158E-03 -1.7242E-02  3.7344E-03 -6.7021E-02
  1.7301E-03 -1.7383E-02  3.7653E-03 -6.7576E-02
  1.7444E-03 -1.7524E-02  3.7964E-03 -6.8135E-02
  1.7587E-03 -1.7666E-02  3.8277E-03 -6.8696E-02
  1.7732E-03 -1.7809E-02  3.8592E-03 -6.9261E-02
  1.7878E-03 -1.7953E-02  3.8909E-03 -6.9830E-02
  1.8024E-03 -1.8097E-02  3.9227E-03 -7.0401E-02
  1.8171E-03 -1.8243E-02  3.9547E-03 -7.0976E-02
  1.8319E-03 -1.8389E-02  3.9870E-03 -7.1554E-02
  1.8468E-03 -1.8536E-02  4.0194E-03 -7.2136E-02
  1.8618E-03 -1.8684E-02  4.0520E-03 -7.2721E-02
  1.8768E-03 -1.8832E-02  4.0848E-03 -7.3309E-02
  1.8920E-03 -1.8982E-02  4.1177E-03 -7.3901E-02
  1.9072E-03 -1.9132E-02  4.1509E-03 -7.4496E-02
  1.9226E-03 -1.9283E-02  4.1843E-03 -7.5095E-02
  1.9380E-03 -1.9435E-02  4.2178E-03 -7.5697E-02
  1.9535E-03 -1.9588E-02  4.2516E-03 -7.6303E-02
  1.9691E-03 -1.9742E-02  4.2855E-03 -7.6912E-02
  1.9848E-03 -1.9896E-02  4.3197E-03 -7.7525E-02
  2.0006E-03 -2.0052E-02  4.3540E-03 -7.8141E-02
  2.0164E-03 -2.0208E-02  4.3885E-03 -7.8761E-02
  2.0324E-03 -2.0365E-02  4.4233E-03 -7.9385E-02
  2.0485E-03 -2.0523E-02  4.4582E-03 -8.0012E-02
  2.0646E-03 -2.0682E-02  4.4934E-03 -8.0643E-02
  2.0808E-03 -2.0841E-02  4.5287E-03 -8.1278E-02
  2.0972E-03 -2.1002E-02  4.5643E-03 -8.1916E-02
  2.1136E-03 -2.1164E-02  4.6001E-03 -8.2558E-02
  2.1302E-03 -2.1326E-02  4.6361E-03 -8.3203E-02
  2.1468E-03 -2.1489E-02  4.6722E-03 -8.3853E-02
  2.1635E-03 -2.1653E-02  4.7086E-03 -8.4506E-02
  2.1803E-03 -2.1818E-02  4.7452E-03 -8.5163E-02
  2.1972E-03 -2.1985E-02  4.7821E-03 -8.5824E-02
  2.2143E-03 -2.2151E-02  4.8191E-03 -8.6488E-02
  2.2314E-03 -2.2319E-02  4.8564E-03 -8.7157E-02
  2.2486E-03 -2.2488E-02  4.8938E-03 -8.7829E-02
  2.2659E-03 -2.2658E-02  4.9315E-03 -8.8506E-02
  2.2833E-03 -2.2828E-02  4.9694E-03 -8.9186E-02
  2.3008E-03 -2.3000E-02  5.0075E-03 -8.9870E-02
  2.3185E-03 -2.3173E-02  5.0459E-03 -9.0558E-02
  2.3362E-03 -2.3346E-02  5.0845E-03 -9.1251E-02
  2.3540E-03 -2.3521E-02  5.1233E-03 -9.1947E-02
  2.3719E-03 -2.3696E-02  5.1623E-03 -9.2647E-02
  2.3900E-03 -2.3872E-02  5.2015E-03 -9.3352E-02
  2.4081E-03 -2.4050E-02  5.2410E-03 -9.4060E-02
  2.4264E-03 -2.4228E-02  5.2807E-03 -9.4773E-02
  2.4447E-03 -2.4407E-02  5.3207E-03 -9.5489E-02
  2.4632E-03 -2.4588E-02  5.3608E-03 -9.6210E-02
  2.4817E-03 -2.4769E-02  5.4012E-03 -9.6935E-02
  2.5004E-03 -2.4951E-02  5.4419E-03 -9.7665E-02
  2.5192E-03 -2.5135E-02  5.4828E-03 -9.8398E-02
  2.5381E-03 -2.5319E-02  5.5239E-03 -9.9136E-02
  2.5571E-03 -2.5504E-02  5.5652E-03 -9.9878E-02
  2.5762E-03 -2.5691E-02  5.6068E-03 -1.0062E-01
  2.5954E-03 -2.5878E-02  5.6487E-03 -1.0138E-01
  2.6148E-03 -2.6066E-02  5.6907E-03 -1.0213E-01
  2.6342E-03 -2.6256E-02  5.7331E-03 -1.0289E-01
  2.6538E-03 -2.6446E-02  5.7756E-03 -1.0365E-01
  2.6734E-03 -2.6638E-02  5.8185E-03 -1.0442E-01
  2.6932E-03 -2.6830E-02  5.8615E-03 -1.0520E-01
  2.7131E-03 -2.7024E-02  5.9049E-03 -1.0597E-01
  2.7332E-03 -2.7218E-02  5.9484E-03 -1.0676E-01
  2.7533E-03 -2.7414E-02  5.9923E-03 -1.0754E-01
  2.7736E-03 -2.7611E-02  6.0363E-03 -1.0833E-01
  2.7939E-03 -2.7809E-02  6.0807E-03 -1.0913E-01
  2.8144E-03 -2.8008E-02  6.1253E-03 -1.0993E-01
  2.8350E-03 -2.8208E-02  6.1701E-03 -1.1073E-01
  2.8558E-03 -2.8409E-02  6.2152E-03 -1.1154E-01
  2.8766E-03 -2.8611E-02  6.2606E-03 -1.1236E-01
  2.8976E-03 -2.8815E-02  6.3063E-03 -1.1318E-01
  2.9187E-03 -2.9019E-02  6.3522E-03 -1.1400E-01
  2.9399E-03 -2.9225E-02  6.3984E-03 -1.1483E-01
  2.9612E-03 -2.9432E-02  6.4448E-03 -1.1566E-01
  2.9827E-03 -2.9639E-02  6.4915E-03 -1.1650E-01
  3.0043E-03 -2.9848E-02  6.5385E-03 -1.1734E-01
  3.0260E-03 -3.0058E-02  6.5858E-03 -1.1819E-01
  3.0479E-03 -3.0270E-02  6.6333E-03 -1.1905E-01
  3.0698E-03 -3.0482E-02  6.6811E-03 -1.1990E-01
  3.0919E-03 -3.0696E-02  6.7292E-03 -1.2077E-01
  3.1142E-03 -3.0910E-02  6.7776E-03 -1.2163E-01
  3.1365E-03 -3.1126E-02  6.8262E-03 -1.2251E-01
  3.1590E-03 -3.1343E-02  6.8752E-03 -1.2339E-01
  3.1816E-03 -3.1562E-02  6.9244E-03 -1.2427E-01
  3.2044E-03 -3.1781E-02  6.9739E-03 -1.2516E-01
  3.2272E-03 -3.2002E-02  7.0237E-03 -1.2605E-01
  3.2503E-03 -3.2224E-02  7.0738E-03 -1.2695E-01
  3.2734E-03 -3.2447E-02  7.1242E-03 -1.2785E-01
  3.2967E-03 -3.2671E-02  7.1748E-03 -1.2876E-01
  3.3201E-03 -3.2896E-02  7.2258E-03 -1.2968E-01
  3.3437E-03 -3.3123E-02  7.2771E-03 -1.3060E-01
  3.3673E-03 -3.3351E-02  7.3286E-03 -1.3152E-01
  3.3912E-03 -3.3580E-02  7.3805E-03 -1.3245E-01
  3.4151E-03 -3.3810E-02  7.4327E-03 -1.3339E-01
  3.4393E-03 -3.4042E-02  7.4851E-03 -1.3433E-01
  3.4635E-03 -3.4275E-02  7.5379E-03 -1.3528E-01
  3.4879E-03 -3.4509E-02  7.5910E-03 -1.3623E-01
  3.5124E-03 -3.4745E-02  7.6444E-03 -1.3719E-01
  3.5371E-03 -3.4981E-02  7.6981E-03 -1.3815E-01
  3.5619E-03 -3.5219E-02  7.7521E-03 -1.3912E-01
  3.5869E-03 -3.5458E-02  7.8064E-03 -1.4010E-01
  3.6120E-03 -3.5699E-02  7.8611E-03 -1.4108E-01
  3.6372E-03 -3.5941E-02  7.9160E-03 -1.4206E-01
  3.6626E-03 -3.6184E-02  7.9713E-03 -1.4306E-01
  3.6882E-03 -3.6428E-02  8.0269E-03 -1.4405E-01
  3.7139E-03 -3.6674E-02  8.0828E-03 -1.4506E-01
  3.7397E-03 -3.6921E-02  8.1391E-03 -1.4607E-01
  3.7657E-03 -3.7170E-02  8.1957E-03 -1.4708E-01
  3.7919E-03 -3.7419E-02  8.2526E-03 -1.4810E-01
  3.8182E-03 -3.7671E-02  8.3098E-03 -1.4913E-01
  3.8446E-03 -3.7923E-02  8.3674E-03 -1.5016E-01
  3.8713E-03 -3.8177E-02  8.4253E-03 -1.5120E-01
  3.8980E-03 -3.8432E-02  8.4835E-03 -1.5225E-01
  3.9249E-03 -3.8688E-02  8.5421E-03 -1.5330E-01
  3.9520E-03 -3.8946E-02  8.6011E-03 -1.5436E-01
  3.9792E-03 -3.9206E-02  8.6603E-03 -1.5542E-01
  4.0066E-03 -3.9466E-02  8.7199E-03 -1.5649E-01
  4.0342E-03 -3.9728E-02  8.7799E-03 -1.5756E-01
  4.0619E-03 -3.9992E-02  8.8402E-03 -1.5865E-01
  4.0898E-03 -4.0257E-02  8.9009E-03 -1.5974E-01
  4.1178E-03 -4.0523E-02  8.9619E-03 -1.6083E-01
  4.1460E-03 -4.0791E-02  9.0233E-03 -1.6193E-01
  4.1744E-03 -4.1060E-02  9.0850E-03 -1.6304E-01
  4.2029E-03 -4.1331E-02  9.1471E-03 -1.6415E-01
  4.2316E-03 -4.1603E-02  9.2095E-03 -1.6527E-01
  4.2605E-03 -4.1876E-02  9.2723E-03 -1.6640E-01
  4.2895E-03 -4.2151E-02  9.3355E-03 -1.6753E-01
  4.3187E-03 -4.2427E-02  9.3990E-03 -1.6867E-01
  4.3481E-03 -4.2705E-02  9.4630E-03 -1.6982E-01
  4.3776E-03 -4.2985E-02  9.5272E-03 -1.7097E-01
  4.4073E-03 -4.3266E-02  9.5919E-03 -1.7214E-01
  4.4372E-03 -4.3548E-02  9.6569E-03 -1.7330E-01
  4.4673E-03 -4.3832E-02  9.7224E-03 -1.7448E-01
  4.4975E-03 -4.4117E-02  9.7882E-03 -1.7566E-01
  4.5279E-03 -4.4404E-02  9.8543E-03 -1.7684E-01
  4.5585E-03 -4.4692E-02  9.9209E-03 -1.7804E-01
  4.5892E-03 -4.4982E-02  9.9879E-03 -1.7924E-01
  4.6202E-03 -4.5274E-02  1.0055E-02 -1.8045E-01
  4.6513E-03 -4.5567E-02  1.0123E-02 -1.8166E-01
  4.6826E-03 -4.5861E-02  1.0191E-02 -1.8289E-01
  4.7141E-03 -4.6157E-02  1.0260E-02 -1.8411E-01
  4.7458E-03 -4.6455E-02  1.0329E-02 -1.8535E-01
  4.7776E-03 -4.6754E-02  1.0398E-02 -1.8660E-01
  4.8097E-03 -4.7055E-02  1.0468E-02 -1.8785E-01
  4.8419E-03 -4.7357E-02  1.0538E-02 -1.8910E-01
  4.8743E-03 -4.7661E-02  1.0608E-02 -1.9037E-01
  4.9069E-03 -4.7967E-02  1.0679E-02 -1.9164E-01
  4.9397E-03 -4.8274E-02  1.0751E-02 -1.9292E-01
  4.9727E-03 -4.8583E-02  1.0822E-02 -1.9421E-01
  5.0059E-03 -4.8894E-02  1.0895E-02 -1.9551E-01
  5.0392E-03 -4.9206E-02  1.0967E-02 -1.9681E-01
  5.0728E-03 -4.9519E-02  1.1040E-02 -1.9812E-01
  5.1066E-03 -4.9835E-02  1.1114E-02 -1.9944E-01
  5.1405E-03 -5.0152E-02  1.1188E-02 -2.0076E-01
  5.1747E-03 -5.0470E-02  1.1262E-02 -2.0210E-01
  5.2090E-03 -5.0791E-02  1.1337E-02 -2.0344E-01
  5.2436E-03 -5.1113E-02  1.1412E-02 -2.0479E-01
  5.2783E-03 -5.1436E-02  1.1487E-02 -2.0615E-01
  5.3133E-03 -5.1762E-02  1.1564E-02 -2.0751E-01
  5.3485E-03 -5.2089E-02  1.1640E-02 -2.0888E-01
  5.3838E-03 -5.2418E-02  1.1717E-02 -2.1026E-01
  5.4194E-03 -5.2748E-02  1.1794E-02 -2.1165E-01
  5.4552E-03 -5.3081E-02  1.1872E-02 -2.1305E-01
  5.4912E-03 -5.3415E-02  1.1951E-02 -2.1445E-01
  5.5273E-03 -5.3750E-02  1.2029E-02 -2.1587E-01
  5.5638E-03 -5.4088E-02  1.2109E-02 -2.1729E-01
  5.6004E-03 -5.4427E-02  1.2188E-02 -2.1872E-01
  5.6372E-03 -5.4768E-02  1.2268E-02 -2.2016E-01
  5.6742E-03 -5.5111E-02  1.2349E-02 -2.2160E-01
  5.7115E-03 -5.5455E-02  1.2430E-02 -2.2306E-01
  5.7490E-03 -5.5802E-02  1.2512E-02 -2.2452E-01
  5.7867E-03 -5.6150E-02  1.2594E-02 -2.2599E-01
  5.8246E-03 -5.6500E-02  1.2676E-02 -2.2747E-01
  5.8627E-03 -5.6851E-02  1.2759E-02 -2.2896E-01
  5.9011E-03 -5.7205E-02  1.2843E-02 -2.3046E-01
  5.9397E-03 -5.7560E-02  1.2927E-02 -2.3196E-01
  5.9785E-03 -5.7917E-02  1.3011E-02 -2.3348E-01
  6.0175E-03 -5.8276E-02  1.3096E-02 -2.3500E-01
  6.0568E-03 -5.8637E-02  1.3182E-02 -2.3654E-01
  6.0963E-03 -5.9000E-02  1.3267E-02 -2.3808E-01
  6.1360E-03 -5.9365E-02  1.3354E-02 -2.3963E-01
  6.1759E-03 -5.9731E-02  1.3441E-02 -2.4119E-01
  6.2161E-03 -6.0100E-02  1.3528E-02 -2.4276E-01
  6.2565E-03 -6.0470E-02  1.3616E-02 -2.4433E-01
  6.2972E-03 -6.0842E-02  1.3705E-02 -2.4592E-01
  6.3381E-03 -6.1216E-02  1.3794E-02 -2.4752E-01
  6.3792E-03 -6.1592E-02  1.3883E-02 -2.4912E-01
  6.4206E-03 -6.1970E-02  1.3973E-02 -2.5074E-01
  6.4622E-03 -6.2350E-02  1.4064E-02 -2.5236E-01
  6.5040E-03 -6.2732E-02  1.4155E-02 -2.5399E-01
  6.5461E-03 -6.3115E-02  1.4246E-02 -2.5564E-01
  6.5884E-03 -6.3501E-02  1.4339E-02 -2.5729E-01
  6.6310E-03 -6.3889E-02  1.4431E-02 -2.5895E-01
  6.6739E-03 -6.4278E-02  1.4524E-02 -2.6062E-01
  6.7169E-03 -6.4670E-02  1.4618E-02 -2.6231E-01
  6.7603E-03 -6.5064E-02  1.4712E-02 -2.6400E-01
  6.8038E-03 -6.5459E-02  1.4807E-02 -2.6570E-01
  6.8477E-03 -6.5857E-02  1.4903E-02 -2.6741E-01
  6.8918E-03 -6.6256E-02  1.4999E-02 -2.6913E-01
  6.9361E-03 -6.6658E-02  1.5095E-02 -2.7086E-01
  6.9807E-03 -6.7062E-02  1.5192E-02 -2.7260E-01
  7.0256E-03 -6.7467E-02  1.5290E-02 -2.7435E-01
  7.0707E-03 -6.7875E-02  1.5388E-02 -2.7611E-01
  7.1161E-03 -6.8285E-02  1.5487E-02 -2.7789E-01
  7.1618E-03 -6.8697E-02  1.5586E-02 -2.7967E-01
  7.2077E-03 -6.9111E-02  1.5686E-02 -2.8146E-01
  7.2539E-03 -6.9527E-02  1.5787E-02 -2.8326E-01
  7.3003E-03 -6.9945E-02  1.5888E-02 -2.8508E-01
  7.3471E-03 -7.0365E-02  1.5989E-02 -2.8690E-01
  7.3941E-03 -7.0788E-02  1.6092E-02 -2.8873E-01
  7.4414E-03 -7.1212E-02  1.6195E-02 -2.9058E-01
  7.4889E-03 -7.1639E-02  1.6298E-02 -2.9244E-01
  7.5367E-03 -7.2067E-02  1.6402E-02 -2.9430E-01
  7.5848E-03 -7.2498E-02  1.6507E-02 -2.9618E-01
  7.6332E-03 -7.2931E-02  1.6612E-02 -2.9807E-01
  7.6819E-03 -7.3366E-02  1.6718E-02 -2.9997E-01
  7.7308E-03 -7.3804E-02  1.6824E-02 -3.0188E-01
  7.7801E-03 -7.4243E-02  1.6932E-02 -3.0380E-01
  7.8296E-03 -7.4685E-02  1.7039E-02 -3.0573E-01
  7.8794E-03 -7.5129E-02  1.7148E-02 -3.0767E-01
  7.9295E-03 -7.5575E-02  1.7257E-02 -3.0963E-01
  7.9799E-03 -7.6023E-02  1.7366E-02 -3.1160E-01
  8.0306E-03 -7.6474E-02  1.7477E-02 -3.1357E-01
  8.0816E-03 -7.6927E-02  1.7588E-02 -3.1556E-01
  8.1328E-03 -7.7382E-02  1.7699E-02 -3.1756E-01
  8.1844E-03 -7.7839E-02  1.7811E-02 -3.1958E-01
  8.2363E-03 -7.8298E-02  1.7924E-02 -3.2160E-01
  8.2885E-03 -7.8760E-02  1.8038E-02 -3.2364E-01
  8.3409E-03 -7.9224E-02  1.8152E-02 -3.2568E-01
  8.3937E-03 -7.9691E-02  1.8267E-02 -3.2774E-01
  8.4468E-03 -8.0159E-02  1.8382E-02 -3.2981E-01
  8.5002E-03 -8.0630E-02  1.8499E-02 -3.3190E-01
  8.5539E-03 -8.1103E-02  1.8616E-02 -3.3399E-01
  8.6080E-03 -8.1579E-02  1.8733E-02 -3.3610E-01
  8.6623E-03 -8.2057E-02  1.8851E-02 -3.3822E-01
  8.7170E-03 -8.2537E-02  1.8970E-02 -3.4035E-01
  8.7719E-03 -8.3019E-02  1.9090E-02 -3.4250E-01
  8.8272E-03 -8.3504E-02  1.9210E-02 -3.4466E-01
  8.8829E-03 -8.3991E-02  1.9331E-02 -3.4683E-01
  8.9388E-03 -8.4481E-02  1.9453E-02 -3.4901E-01
  8.9951E-03 -8.4973E-02  1.9575E-02 -3.5120E-01
  9.0517E-03 -8.5467E-02  1.9699E-02 -3.5341E-01
  9.1086E-03 -8.5964E-02  1.9822E-02 -3.5563E-01
  9.1658E-03 -8.6463E-02  1.9947E-02 -3.5787E-01
  9.2234E-03 -8.6965E-02  2.0072E-02 -3.6011E-01
  9.2814E-03 -8.7469E-02  2.0198E-02 -3.6237E-01
  9.3396E-03 -8.7975E-02  2.0325E-02 -3.6464E-01
  9.3982E-03 -8.8484E-02  2.0453E-02 -3.6693E-01
  9.4572E-03 -8.8995E-02  2.0581E-02 -3.6923E-01
  9.5164E-03 -8.9509E-02  2.0710E-02 -3.7154E-01
  9.5761E-03 -9.0025E-02  2.0840E-02 -3.7387E-01
  9.6361E-03 -9.0544E-02  2.0970E-02 -3.7621E-01
  9.6964E-03 -9.1065E-02  2.1101E-02 -3.7856E-01
  9.7571E-03 -9.1589E-02  2.1233E-02 -3.8093E-01
  9.8181E-03 -9.2115E-02  2.1366E-02 -3.8331E-01
  9.8795E-03 -9.2643E-02  2.1500E-02 -3.8570E-01
  9.9412E-03 -9.3174E-02  2.1634E-02 -3.8811E-01
  1.0003E-02 -9.3708E-02  2.1769E-02 -3.9053E-01
  1.0066E-02 -9.4244E-02  2.1905E-02 -3.9297E-01
  1.0129E-02 -9.4783E-02  2.2042E-02 -3.9542E-01
  1.0192E-02 -9.5324E-02  2.2179E-02 -3.9788E-01
  1.0255E-02 -9.5868E-02  2.2318E-02 -4.0036E-01
  1.0319E-02 -9.6414E-02  2.2457E-02 -4.0285E-01
  1.0384E-02 -9.6963E-02  2.2597E-02 -4.0536E-01
  1.0448E-02 -9.7515E-02  2.2737E-02 -4.0788E-01
  1.0513E-02 -9.8069E-02  2.2879E-02 -4.1042E-01
  1.0579E-02 -9.8626E-02  2.3021E-02 -4.1297E-01
  1.0645E-02 -9.9185E-02  2.3164E-02 -4.1554E-01
  1.0711E-02 -9.9747E-02  2.3309E-02 -4.1812E-01
  1.0777E-02 -1.0031E-01  2.3453E-02 -4.2071E-01
  1.0844E-02 -1.0088E-01  2.3599E-02 -4.2333E-01
  1.0912E-02 -1.0145E-01  2.3746E-02 -4.2595E-01
  1.0979E-02 -1.0202E-01  2.3893E-02 -4.2859E-01
  1.1048E-02 -1.0260E-01  2.4041E-02 -4.3125E-01
  1.1116E-02 -1.0317E-01  2.4190E-02 -4.3392E-01
  1.1185E-02 -1.0375E-01  2.4340E-02 -4.3661E-01
  1.1254E-02 -1.0434E-01  2.4491E-02 -4.3931E-01
  1.1324E-02 -1.0492E-01  2.4643E-02 -4.4203E-01
  1.1394E-02 -1.0551E-01  2.4796E-02 -4.4477E-01
  1.1465E-02 -1.0610E-01  2.4949E-02 -4.4752E-01
  1.1536E-02 -1.0670E-01  2.5104E-02 -4.5028E-01
  1.1607E-02 -1.0729E-01  2.5259E-02 -4.5307E-01
  1.1679E-02 -1.0789E-01  2.5415E-02 -4.5587E-01
  1.1751E-02 -1.0849E-01  2.5572E-02 -4.5868E-01
  1.1824E-02 -1.0910E-01  2.5730E-02 -4.6151E-01
  1.1897E-02 -1.0971E-01  2.5889E-02 -4.6436E-01
  1.1971E-02 -1.1032E-01  2.6049E-02 -4.6722E-01
  1.2044E-02 -1.1093E-01  2.6210E-02 -4.7010E-01
  1.2119E-02 -1.1155E-01  2.6372E-02 -4.7300E-01
  1.2194E-02 -1.1216E-01  2.6534E-02 -4.7592E-01
  1.2269E-02 -1.1279E-01  2.6698E-02 -4.7885E-01
  1.2344E-02 -1.1341E-01  2.6863E-02 -4.8179E-01
  1.2421E-02 -1.1404E-01  2.7028E-02 -4.8476E-01
  1.2497E-02 -1.1467E-01  2.7195E-02 -4.8774E-01
  1.2574E-02 -1.1530E-01  2.7362E-02 -4.9074E-01
  1.2651E-02 -1.1593E-01  2.7531E-02 -4.9376E-01
  1.2729E-02 -1.1657E-01  2.7700E-02 -4.9679E-01
  1.2808E-02 -1.1721E-01  2.7870E-02 -4.9985E-01
  1.2886E-02 -1.1786E-01  2.8042E-02 -5.0291E-01
  1.2966E-02 -1.1850E-01  2.8214E-02 -5.0600E-01
  1.3045E-02 -1.1915E-01  2.8388E-02 -5.0911E-01
  1.3126E-02 -1.1981E-01  2.8562E-02 -5.1223E-01
  1.3206E-02 -1.2046E-01  2.8737E-02 -5.1537E-01
  1.3287E-02 -1.2112E-01  2.8914E-02 -5.1853E-01
  1.3369E-02 -1.2178E-01  2.9091E-02 -5.2171E-01
  1.3451E-02 -1.2244E-01  2.9270E-02 -5.2491E-01
  1.3534E-02 -1.2311E-01  2.9449E-02 -5.2812E-01
  1.3617E-02 -1.2378E-01  2.9630E-02 -5.3135E-01
  1.3700E-02 -1.2445E-01  2.9812E-02 -5.3461E-01
  1.3784E-02 -1.2513E-01  2.9994E-02 -5.3788E-01
  1.3869E-02 -1.2581E-01  3.0178E-02 -5.4117E-01
  1.3954E-02 -1.2649E-01  3.0363E-02 -5.4448E-01
  1.4039E-02 -1.2717E-01  3.0549E-02 -5.4780E-01
  1.4125E-02 -1.2786E-01  3.0736E-02 -5.5115E-01
  1.4211E-02 -1.2855E-01  3.0924E-02 -5.5452E-01
  1.4298E-02 -1.2924E-01  3.1113E-02 -5.5790E-01
  1.4386E-02 -1.2994E-01  3.1303E-02 -5.6131E-01
  1.4474E-02 -1.3064E-01  3.1495E-02 -5.6473E-01
  1.4562E-02 -1.3134E-01  3.1687E-02 -5.6818E-01
  1.4651E-02 -1.3205E-01  3.1881E-02 -5.7164E-01
  1.4741E-02 -1.3275E-01  3.2076E-02 -5.7513E-01
  1.4831E-02 -1.3347E-01  3.2271E-02 -5.7863E-01
  1.4921E-02 -1.3418E-01  3.2468E-02 -5.8216E-01
  1.5013E-02 -1.3490E-01  3.2667E-02 -5.8571E-01
  1.5104E-02 -1.3562E-01  3.2866E-02 -5.8927E-01
  1.5196E-02 -1.3634E-01  3.3066E-02 -5.9286E-01
  1.5289E-02 -1.3706E-01  3.3268E-02 -5.9647E-01
  1.5382E-02 -1.3779E-01  3.3471E-02 -6.0009E-01
  1.5476E-02 -1.3853E-01  3.3675E-02 -6.0374E-01
  1.5570E-02 -1.3926E-01  3.3880E-02 -6.0741E-01
  1.5665E-02 -1.4000E-01  3.4086E-02 -6.1111E-01
  1.5761E-02 -1.4074E-01  3.4294E-02 -6.1482E-01
  1.5857E-02 -1.4148E-01  3.4502E-02 -6.1855E-01
  1.5953E-02 -1.4223E-01  3.4712E-02 -6.2231E-01
  1.6050E-02 -1.4298E-01  3.4924E-02 -6.2609E-01
  1.6148E-02 -1.4373E-01  3.5136E-02 -6.2989E-01
  1.6246E-02 -1.4449E-01  3.5350E-02 -6.3371E-01
  1.6345E-02 -1.4525E-01  3.5565E-02 -6.3755E-01
  1.6444E-02 -1.4601E-01  3.5781E-02 -6.4142E-01
  1.6544E-02 -1.4678E-01  3.5998E-02 -6.4531E-01
  1.6645E-02 -1.4755E-01  3.6217E-02 -6.4922E-01
  1.6746E-02 -1.4832E-01  3.6437E-02 -6.5315E-01
  1.6848E-02 -1.4909E-01  3.6658E-02 -6.5710E-01
  1.6950E-02 -1.4987E-01  3.6880E-02 -6.6108E-01
  1.7053E-02 -1.5065E-01  3.7104E-02 -6.6508E-01
  1.7157E-02 -1.5143E-01  3.7329E-02 -6.6911E-01
  1.7261E-02 -1.5222E-01  3.7556E-02 -6.7316E-01
  1.7365E-02 -1.5301E-01  3.7783E-02 -6.7723E-01
  1.7471E-02 -1.5380E-01  3.8012E-02 -6.8132E-01
  1.7577E-02 -1.5460E-01  3.8243E-02 -6.8544E-01
  1.7683E-02 -1.5540E-01  3.8475E-02 -6.8958E-01
  1.7790E-02 -1.5620E-01  3.8708E-02 -6.9375E-01
  1.7898E-02 -1.5701E-01  3.8942E-02 -6.9794E-01
  1.8007E-02 -1.5782E-01  3.9178E-02 -7.0215E-01
  1.8116E-02 -1.5863E-01  3.9415E-02 -7.0639E-01
  1.8225E-02 -1.5944E-01  3.9653E-02 -7.1065E-01
  1.8336E-02 -1.6026E-01  3.9893E-02 -7.1494E-01
  1.8447E-02 -1.6108E-01  4.0135E-02 -7.1925E-01
  1.8558E-02 -1.6190E-01  4.0377E-02 -7.2359E-01
  1.8671E-02 -1.6273E-01  4.0622E-02 -7.2795E-01
  1.8784E-02 -1.6356E-01  4.0867E-02 -7.3233E-01
  1.8897E-02 -1.6439E-01  4.1114E-02 -7.3675E-01
  1.9011E-02 -1.6523E-01  4.1362E-02 -7.4118E-01
  1.9126E-02 -1.6607E-01  4.1612E-02 -7.4565E-01
  1.9242E-02 -1.6691E-01  4.1864E-02 -7.5013E-01
  1.9358E-02 -1.6776E-01  4.2116E-02 -7.5465E-01
  1.9475E-02 -1.6861E-01  4.2370E-02 -7.5919E-01
  1.9593E-02 -1.6946E-01  4.2626E-02 -7.6375E-01
  1.9711E-02 -1.7031E-01  4.2883E-02 -7.6835E-01
  1.9830E-02 -1.7117E-01  4.3142E-02 -7.7297E-01
  1.9950E-02 -1.7203E-01  4.3402E-02 -7.7761E-01
  2.0070E-02 -1.7290E-01  4.3664E-02 -7.8228E-01
  2.0191E-02 -1.7376E-01  4.3927E-02 -7.8698E-01
  2.0313E-02 -1.7463E-01  4.4192E-02 -7.9171E-01
  2.0435E-02 -1.7551E-01  4.4458E-02 -7.9646E-01
  2.0559E-02 -1.7638E-01  4.4726E-02 -8.0124E-01
  2.0682E-02 -1.7726E-01  4.4995E-02 -8.0605E-01
  2.0807E-02 -1.7815E-01  4.5266E-02 -8.1089E-01
  2.0932E-02 -1.7903E-01  4.5539E-02 -8.1575E-01
  2.1059E-02 -1.7992E-01  4.5813E-02 -8.2064E-01
  2.1185E-02 -1.8081E-01  4.6089E-02 -8.2556E-01
  2.1313E-02 -1.8171E-01  4.6366E-02 -8.3051E-01
  2.1441E-02 -1.8261E-01  4.6645E-02 -8.3548E-01
  2.1570E-02 -1.8351E-01  4.6925E-02 -8.4049E-01
  2.1700E-02 -1.8441E-01  4.7207E-02 -8.4552E-01
  2.1831E-02 -1.8532E-01  4.7491E-02 -8.5058E-01
  2.1962E-02 -1.8623E-01  4.7777E-02 -8.5567E-01
  2.2094E-02 -1.8714E-01  4.8064E-02 -8.6079E-01
  2.2227E-02 -1.8806E-01  4.8352E-02 -8.6594E-01
  2.2361E-02 -1.8898E-01  4.8643E-02 -8.7112E-01
  2.2495E-02 -1.8990E-01  4.8935E-02 -8.7633E-01
  2.2630E-02 -1.9082E-01  4.9229E-02 -8.8157E-01
  2.2766E-02 -1.9175E-01  4.9524E-02 -8.8683E-01
  2.2903E-02 -1.9268E-01  4.9822E-02 -8.9213E-01
  2.3041E-02 -1.9362E-01  5.0120E-02 -8.9746E-01
  2.3179E-02 -1.9455E-01  5.0421E-02 -9.0282E-01
  2.3318E-02 -1.9550E-01  5.0724E-02 -9.0821E-01
  2.3458E-02 -1.9644E-01  5.1028E-02 -9.1363E-01
  2.3599E-02 -1.9738E-01  5.1334E-02 -9.1908E-01
  2.3741E-02 -1.9833E-01  5.1642E-02 -9.2457E-01
  2.3883E-02 -1.9928E-01  5.1951E-02 -9.3008E-01
  2.4026E-02 -2.0024E-01  5.2262E-02 -9.3563E-01
  2.4170E-02 -2.0120E-01  5.2575E-02 -9.4120E-01
  2.4315E-02 -2.0216E-01  5.2890E-02 -9.4681E-01
  2.4461E-02 -2.0312E-01  5.3207E-02 -9.5245E-01
  2.4608E-02 -2.0409E-01  5.3526E-02 -9.5813E-01
  2.4755E-02 -2.0506E-01  5.3846E-02 -9.6383E-01
  2.4904E-02 -2.0603E-01  5.4169E-02 -9.6957E-01
  2.5053E-02 -2.0700E-01  5.4493E-02 -9.7534E-01
  2.5203E-02 -2.0798E-01  5.4819E-02 -9.8114E-01
  2.5354E-02 -2.0896E-01  5.5147E-02 -9.8698E-01
  2.5506E-02 -2.0995E-01  5.5477E-02 -9.9285E-01
  2.5658E-02 -2.1093E-01  5.5808E-02 -9.9876E-01
  2.5812E-02 -2.1192E-01  5.6142E-02 -1.0047E+00
  2.5967E-02 -2.1291E-01  5.6478E-02 -1.0107E+00
  2.6122E-02 -2.1391E-01  5.6815E-02 -1.0167E+00
  2.6278E-02 -2.1491E-01  5.7155E-02 -1.0227E+00
  2.6435E-02 -2.1591E-01  5.7496E-02 -1.0288E+00
  2.6594E-02 -2.1691E-01  5.7840E-02 -1.0349E+00
  2.6753E-02 -2.1791E-01  5.8185E-02 -1.0410E+00
  2.6913E-02 -2.1892E-01  5.8533E-02 -1.0472E+00
  2.7074E-02 -2.1993E-01  5.8882E-02 -1.0534E+00
  2.7235E-02 -2.2095E-01  5.9234E-02 -1.0597E+00
  2.7398E-02 -2.2196E-01  5.9587E-02 -1.0660E+00
  2.7562E-02 -2.2298E-01  5.9943E-02 -1.0723E+00
  2.7727E-02 -2.2400E-01  6.0301E-02 -1.0786E+00
  2.7892E-02 -2.2503E-01  6.0660E-02 -1.0850E+00
  2.8059E-02 -2.2606E-01  6.1022E-02 -1.0915E+00
  2.8226E-02 -2.2708E-01  6.1386E-02 -1.0979E+00
  2.8395E-02 -2.2812E-01  6.1752E-02 -1.1044E+00
  2.8565E-02 -2.2915E-01  6.2120E-02 -1.1110E+00
  2.8735E-02 -2.3019E-01  6.2491E-02 -1.1175E+00
  2.8907E-02 -2.3123E-01  6.2863E-02 -1.1241E+00
  2.9079E-02 -2.3227E-01  6.3238E-02 -1.1308E+00
  2.9253E-02 -2.3331E-01  6.3614E-02 -1.1375E+00
  2.9427E-02 -2.3436E-01  6.3993E-02 -1.1442E+00
  2.9603E-02 -2.3541E-01  6.4374E-02 -1.1510E+00
  2.9779E-02 -2.3646E-01  6.4758E-02 -1.1578E+00
  2.9957E-02 -2.3751E-01  6.5143E-02 -1.1646E+00
  3.0136E-02 -2.3857E-01  6.5531E-02 -1.1715E+00
  3.0315E-02 -2.3963E-01  6.5921E-02 -1.1784E+00
  3.0496E-02 -2.4069E-01  6.6313E-02 -1.1854E+00
  3.0678E-02 -2.4175E-01  6.6708E-02 -1.1924E+00
  3.0861E-02 -2.4282E-01  6.7105E-02 -1.1994E+00
  3.1045E-02 -2.4388E-01  6.7504E-02 -1.2065E+00
  3.1229E-02 -2.4495E-01  6.7905E-02 -1.2136E+00
  3.1416E-02 -2.4602E-01  6.8309E-02 -1.2207E+00
  3.1603E-02 -2.4710E-01  6.8715E-02 -1.2279E+00
  3.1791E-02 -2.4817E-01  6.9124E-02 -1.2352E+00
  3.1980E-02 -2.4925E-01  6.9535E-02 -1.2424E+00
  3.2171E-02 -2.5033E-01  6.9948E-02 -1.2498E+00
  3.2362E-02 -2.5141E-01  7.0364E-02 -1.2571E+00
  3.2555E-02 -2.5250E-01  7.0782E-02 -1.2645E+00
  3.2749E-02 -2.5358E-01  7.1202E-02 -1.2719E+00
  3.2943E-02 -2.5467E-01  7.1625E-02 -1.2794E+00
  3.3139E-02 -2.5576E-01  7.2050E-02 -1.2870E+00
  3.3337E-02 -2.5685E-01  7.2478E-02 -1.2945E+00
  3.3535E-02 -2.5795E-01  7.2908E-02 -1.3021E+00
  3.3734E-02 -2.5904E-01  7.3341E-02 -1.3098E+00
  3.3935E-02 -2.6014E-01  7.3776E-02 -1.3175E+00
  3.4137E-02 -2.6124E-01  7.4214E-02 -1.3252E+00
  3.4340E-02 -2.6234E-01  7.4654E-02 -1.3330E+00
  3.4544E-02 -2.6344E-01  7.5097E-02 -1.3408E+00
  3.4749E-02 -2.6454E-01  7.5542E-02 -1.3487E+00
  3.4956E-02 -2.6565E-01  7.5990E-02 -1.3566E+00
  3.5164E-02 -2.6675E-01  7.6441E-02 -1.3646E+00
  3.5373E-02 -2.6786E-01  7.6894E-02 -1.3726E+00
  3.5583E-02 -2.6897E-01  7.7350E-02 -1.3806E+00
  3.5794E-02 -2.7008E-01  7.7808E-02 -1.3887E+00
  3.6007E-02 -2.7120E-01  7.8269E-02 -1.3968E+00
  3.6221E-02 -2.7231E-01  7.8733E-02 -1.4050E+00
  3.6436E-02 -2.7343E-01  7.9200E-02 -1.4132E+00
  3.6652E-02 -2.7454E-01  7.9669E-02 -1.4215E+00
  3.6870E-02 -2.7566E-01  8.0140E-02 -1.4298E+00
  3.7089E-02 -2.7678E-01  8.0615E-02 -1.4382E+00
  3.7309E-02 -2.7790E-01  8.1092E-02 -1.4466E+00
  3.7530E-02 -2.7902E-01  8.1572E-02 -1.4551E+00
  3.7753E-02 -2.8014E-01  8.2055E-02 -1.4636E+00
  3.7977E-02 -2.8127E-01  8.2541E-02 -1.4721E+00
  3.8202E-02 -2.8239E-01  8.3029E-02 -1.4807E+00
  3.8429E-02 -2.8352E-01  8.3520E-02 -1.4894E+00
  3.8657E-02 -2.8464E-01  8.4014E-02 -1.4981E+00
  3.8886E-02 -2.8577E-01  8.4511E-02 -1.5068E+00
  3.9117E-02 -2.8690E-01  8.5011E-02 -1.5156E+00
  3.9349E-02 -2.8803E-01  8.5514E-02 -1.5245E+00
  3.9582E-02 -2.8916E-01  8.6019E-02 -1.5333E+00
  3.9817E-02 -2.9029E-01  8.6528E-02 -1.5423E+00
  4.0053E-02 -2.9142E-01  8.7039E-02 -1.5513E+00
  4.0290E-02 -2.9255E-01  8.7553E-02 -1.5603E+00
  4.0529E-02 -2.9368E-01  8.8071E-02 -1.5694E+00
  4.0769E-02 -2.9481E-01  8.8591E-02 -1.5785E+00
  4.1011E-02 -2.9595E-01  8.9114E-02 -1.5877E+00
  4.1254E-02 -2.9708E-01  8.9641E-02 -1.5970E+00
  4.1498E-02 -2.9821E-01  9.0170E-02 -1.6062E+00
  4.1744E-02 -2.9935E-01  9.0703E-02 -1.6156E+00
  4.1991E-02 -3.0048E-01  9.1238E-02 -1.6250E+00
  4.2240E-02 -3.0161E-01  9.1777E-02 -1.6344E+00
  4.2490E-02 -3.0275E-01  9.2318E-02 -1.6439E+00
  4.2742E-02 -3.0388E-01  9.2863E-02 -1.6535E+00
  4.2995E-02 -3.0501E-01  9.3411E-02 -1.6631E+00
  4.3249E-02 -3.0615E-01  9.3962E-02 -1.6727E+00
  4.3505E-02 -3.0728E-01  9.4516E-02 -1.6824E+00
  4.3763E-02 -3.0841E-01  9.5074E-02 -1.6922E+00
  4.4022E-02 -3.0955E-01  9.5634E-02 -1.7020E+00
  4.4282E-02 -3.1068E-01  9.6198E-02 -1.7118E+00
  4.4544E-02 -3.1181E-01  9.6765E-02 -1.7218E+00
  4.4808E-02 -3.1294E-01  9.7336E-02 -1.7317E+00
  4.5073E-02 -3.1408E-01  9.7909E-02 -1.7418E+00
  4.5340E-02 -3.1521E-01  9.8486E-02 -1.7518E+00
  4.5608E-02 -3.1634E-01  9.9067E-02 -1.7620E+00
  4.5878E-02 -3.1747E-01  9.9650E-02 -1.7722E+00
  4.6149E-02 -3.1859E-01  1.0024E-01 -1.7824E+00
  4.6422E-02 -3.1972E-01  1.0083E-01 -1.7927E+00
  4.6696E-02 -3.2085E-01  1.0142E-01 -1.8031E+00
  4.6973E-02 -3.2197E-01  1.0202E-01 -1.8135E+00
  4.7250E-02 -3.2310E-01  1.0262E-01 -1.8239E+00
  4.7530E-02 -3.2422E-01  1.0322E-01 -1.8345E+00
  4.7811E-02 -3.2534E-01  1.0383E-01 -1.8450E+00
  4.8093E-02 -3.2646E-01  1.0444E-01 -1.8557E+00
  4.8377E-02 -3.2758E-01  1.0506E-01 -1.8664E+00
  4.8663E-02 -3.2870E-01  1.0567E-01 -1.8771E+00
  4.8951E-02 -3.2982E-01  1.0630E-01 -1.8879E+00
  4.9240E-02 -3.3093E-01  1.0692E-01 -1.8988E+00
  4.9531E-02 -3.3204E-01  1.0755E-01 -1.9097E+00
  4.9824E-02 -3.3316E-01  1.0818E-01 -1.9207E+00
  5.0118E-02 -3.3426E-01  1.0882E-01 -1.9318E+00
  5.0414E-02 -3.3537E-01  1.0946E-01 -1.9429E+00
  5.0712E-02 -3.3648E-01  1.1010E-01 -1.9540E+00
  5.1011E-02 -3.3758E-01  1.1075E-01 -1.9652E+00
  5.1312E-02 -3.3868E-01  1.1140E-01 -1.9765E+00
  5.1615E-02 -3.3978E-01  1.1205E-01 -1.9879E+00
  5.1920E-02 -3.4088E-01  1.1271E-01 -1.9993E+00
  5.2226E-02 -3.4197E-01  1.1337E-01 -2.0107E+00
  5.2535E-02 -3.4306E-01  1.1404E-01 -2.0222E+00
  5.2845E-02 -3.4415E-01  1.1471E-01 -2.0338E+00
  5.3157E-02 -3.4524E-01  1.1538E-01 -2.0455E+00
  5.3470E-02 -3.4632E-01  1.1606E-01 -2.0572E+00
  5.3786E-02 -3.4740E-01  1.1674E-01 -2.0689E+00
  5.4103E-02 -3.4848E-01  1.1743E-01 -2.0808E+00
  5.4423E-02 -3.4955E-01  1.1812E-01 -2.0927E+00
  5.4744E-02 -3.5063E-01  1.1881E-01 -2.1046E+00
  5.5067E-02 -3.5169E-01  1.1950E-01 -2.1166E+00
  5.5391E-02 -3.5276E-01  1.2021E-01 -2.1287E+00
  5.5718E-02 -3.5382E-01  1.2091E-01 -2.1409E+00
  5.6047E-02 -3.5488E-01  1.2162E-01 -2.1531E+00
  5.6377E-02 -3.5593E-01  1.2233E-01 -2.1653E+00
  5.6710E-02 -3.5698E-01  1.2305E-01 -2.1777E+00
  5.7044E-02 -3.5803E-01  1.2377E-01 -2.1901E+00
  5.7381E-02 -3.5907E-01  1.2450E-01 -2.2025E+00
  5.7719E-02 -3.6011E-01  1.2523E-01 -2.2150E+00
  5.8059E-02 -3.6114E-01  1.2596E-01 -2.2276E+00
  5.8401E-02 -3.6217E-01  1.2670E-01 -2.2403E+00
  5.8746E-02 -3.6320E-01  1.2744E-01 -2.2530E+00
  5.9092E-02 -3.6422E-01  1.2818E-01 -2.2658E+00
  5.9440E-02 -3.6524E-01  1.2894E-01 -2.2786E+00
  5.9790E-02 -3.6625E-01  1.2969E-01 -2.2916E+00
  6.0143E-02 -3.6726E-01  1.3045E-01 -2.3045E+00
  6.0497E-02 -3.6826E-01  1.3121E-01 -2.3176E+00
  6.0854E-02 -3.6926E-01  1.3198E-01 -2.3307E+00
  6.1212E-02 -3.7025E-01  1.3275E-01 -2.3439E+00
  6.1573E-02 -3.7124E-01  1.3353E-01 -2.3572E+00
  6.1935E-02 -3.7222E-01  1.3431E-01 -2.3705E+00
  6.2300E-02 -3.7319E-01  1.3509E-01 -2.3839E+00
  6.2667E-02 -3.7417E-01  1.3588E-01 -2.3973E+00
  6.3036E-02 -3.7513E-01  1.3668E-01 -2.4108E+00
  6.3407E-02 -3.7609E-01  1.3748E-01 -2.4244E+00
  6.3781E-02 -3.7704E-01  1.3828E-01 -2.4381E+00
  6.4156E-02 -3.7799E-01  1.3909E-01 -2.4518E+00
  6.4534E-02 -3.7893E-01  1.3990E-01 -2.4656E+00
  6.4914E-02 -3.7987E-01  1.4072E-01 -2.4795E+00
  6.5296E-02 -3.8079E-01  1.4154E-01 -2.4934E+00
  6.5681E-02 -3.8172E-01  1.4237E-01 -2.5074E+00
  6.6067E-02 -3.8263E-01  1.4320E-01 -2.5215E+00
  6.6456E-02 -3.8354E-01  1.4403E-01 -2.5356E+00
  6.6847E-02 -3.8444E-01  1.4487E-01 -2.5498E+00
  6.7241E-02 -3.8533E-01  1.4572E-01 -2.5641E+00
  6.7636E-02 -3.8622E-01  1.4657E-01 -2.5785E+00
  6.8034E-02 -3.8710E-01  1.4743E-01 -2.5929E+00
  6.8435E-02 -3.8797E-01  1.4829E-01 -2.6074E+00
  6.8837E-02 -3.8884E-01  1.4915E-01 -2.6219E+00
  6.9242E-02 -3.8970E-01  1.5002E-01 -2.6366E+00
  6.9650E-02 -3.9054E-01  1.5089E-01 -2.6513E+00
  7.0060E-02 -3.9139E-01  1.5177E-01 -2.6661E+00
  7.0472E-02 -3.9222E-01  1.5266E-01 -2.6809E+00
  7.0886E-02 -3.9304E-01  1.5355E-01 -2.6958E+00
  7.1303E-02 -3.9386E-01  1.5444E-01 -2.7108E+00
  7.1722E-02 -3.9467E-01  1.5534E-01 -2.7259E+00
  7.2144E-02 -3.9547E-01  1.5625E-01 -2.7410E+00
  7.2569E-02 -3.9626E-01  1.5716E-01 -2.7563E+00
  7.2995E-02 -3.9704E-01  1.5807E-01 -2.7715E+00
  7.3424E-02 -3.9781E-01  1.5899E-01 -2.7869E+00
  7.3856E-02 -3.9857E-01  1.5992E-01 -2.8023E+00
  7.4290E-02 -3.9933E-01  1.6085E-01 -2.8178E+00
  7.4727E-02 -4.0007E-01  1.6178E-01 -2.8334E+00
  7.5166E-02 -4.0081E-01  1.6272E-01 -2.8490E+00
  7.5608E-02 -4.0153E-01  1.6367E-01 -2.8648E+00
  7.6053E-02 -4.0225E-01  1.6462E-01 -2.8806E+00
  7.6500E-02 -4.0295E-01  1.6558E-01 -2.8964E+00
  7.6949E-02 -4.0364E-01  1.6654E-01 -2.9124E+00
  7.7402E-02 -4.0433E-01  1.6751E-01 -2.9284E+00
  7.7856E-02 -4.0500E-01  1.6848E-01 -2.9445E+00
  7.8314E-02 -4.0566E-01  1.6946E-01 -2.9607E+00
  7.8774E-02 -4.0632E-01  1.7044E-01 -2.9769E+00
  7.9237E-02 -4.0696E-01  1.7143E-01 -2.9932E+00
  7.9703E-02 -4.0758E-01  1.7243E-01 -3.0096E+00
  8.0171E-02 -4.0820E-01  1.7343E-01 -3.0261E+00
  8.0642E-02 -4.0881E-01  1.7444E-01 -3.0426E+00
  8.1116E-02 -4.0940E-01  1.7545E-01 -3.0592E+00
  8.1592E-02 -4.0999E-01  1.7647E-01 -3.0759E+00
  8.2071E-02 -4.1056E-01  1.7749E-01 -3.0926E+00
  8.2553E-02 -4.1111E-01  1.7852E-01 -3.1095E+00
  8.3038E-02 -4.1166E-01  1.7955E-01 -3.1264E+00
  8.3526E-02 -4.1219E-01  1.8059E-01 -3.1434E+00
  8.4016E-02 -4.1271E-01  1.8164E-01 -3.1604E+00
  8.4510E-02 -4.1322E-01  1.8269E-01 -3.1776E+00
  8.5006E-02 -4.1372E-01  1.8375E-01 -3.1948E+00
  8.5505E-02 -4.1420E-01  1.8482E-01 -3.2121E+00
  8.6007E-02 -4.1467E-01  1.8589E-01 -3.2294E+00
  8.6512E-02 -4.1512E-01  1.8696E-01 -3.2468E+00
  8.7020E-02 -4.1556E-01  1.8804E-01 -3.2644E+00
  8.7531E-02 -4.1599E-01  1.8913E-01 -3.2819E+00
  8.8045E-02 -4.1640E-01  1.9023E-01 -3.2996E+00
  8.8562E-02 -4.1680E-01  1.9133E-01 -3.3173E+00
  8.9082E-02 -4.1719E-01  1.9243E-01 -3.3351E+00
  8.9604E-02 -4.1756E-01  1.9354E-01 -3.3530E+00
  9.0130E-02 -4.1791E-01  1.9466E-01 -3.3710E+00
  9.0659E-02 -4.1825E-01  1.9579E-01 -3.3890E+00
  9.1191E-02 -4.1858E-01  1.9692E-01 -3.4071E+00
  9.1726E-02 -4.1888E-01  1.9806E-01 -3.4253E+00
  9.2265E-02 -4.1918E-01  1.9920E-01 -3.4435E+00
  9.2806E-02 -4.1946E-01  2.0035E-01 -3.4618E+00
  9.3351E-02 -4.1972E-01  2.0151E-01 -3.4802E+00
  9.3898E-02 -4.1997E-01  2.0267E-01 -3.4987E+00
  9.4449E-02 -4.2020E-01  2.0384E-01 -3.5173E+00
  9.5003E-02 -4.2041E-01  2.0501E-01 -3.5359E+00
  9.5561E-02 -4.2061E-01  2.0620E-01 -3.5546E+00
  9.6121E-02 -4.2079E-01  2.0738E-01 -3.5733E+00
  9.6685E-02 -4.2095E-01  2.0858E-01 -3.5922E+00
  9.7252E-02 -4.2110E-01  2.0978E-01 -3.6111E+00
  9.7823E-02 -4.2123E-01  2.1099E-01 -3.6301E+00
  9.8397E-02 -4.2134E-01  2.1220E-01 -3.6491E+00
  9.8974E-02 -4.2143E-01  2.1343E-01 -3.6683E+00
  9.9554E-02 -4.2151E-01  2.1465E-01 -3.6875E+00
  1.0014E-01 -4.2157E-01  2.1589E-01 -3.7067E+00
  1.0073E-01 -4.2160E-01  2.1713E-01 -3.7261E+00
  1.0132E-01 -4.2163E-01  2.1838E-01 -3.7455E+00
  1.0191E-01 -4.2163E-01  2.1964E-01 -3.7650E+00
  1.0251E-01 -4.2161E-01  2.2090E-01 -3.7845E+00
  1.0311E-01 -4.2158E-01  2.2217E-01 -3.8042E+00
  1.0371E-01 -4.2152E-01  2.2344E-01 -3.8238E+00
  1.0432E-01 -4.2145E-01  2.2473E-01 -3.8436E+00
  1.0493E-01 -4.2135E-01  2.2602E-01 -3.8634E+00
  1.0555E-01 -4.2124E-01  2.2732E-01 -3.8833E+00
  1.0617E-01 -4.2110E-01  2.2862E-01 -3.9033E+00
  1.0679E-01 -4.2095E-01  2.2993E-01 -3.9233E+00
  1.0741E-01 -4.2077E-01  2.3125E-01 -3.9435E+00
  1.0804E-01 -4.2058E-01  2.3258E-01 -3.9636E+00
  1.0868E-01 -4.2036E-01  2.3391E-01 -3.9839E+00
  1.0931E-01 -4.2013E-01  2.3525E-01 -4.0042E+00
  1.0996E-01 -4.1987E-01  2.3660E-01 -4.0245E+00
  1.1060E-01 -4.1959E-01  2.3795E-01 -4.0450E+00
  1.1125E-01 -4.1929E-01  2.3931E-01 -4.0655E+00
  1.1190E-01 -4.1896E-01  2.4068E-01 -4.0860E+00
  1.1256E-01 -4.1862E-01  2.4206E-01 -4.1066E+00
  1.1322E-01 -4.1825E-01  2.4344E-01 -4.1273E+00
  1.1388E-01 -4.1786E-01  2.4483E-01 -4.1481E+00
  1.1455E-01 -4.1745E-01  2.4623E-01 -4.1689E+00
  1.1522E-01 -4.1701E-01  2.4764E-01 -4.1898E+00
  1.1589E-01 -4.1655E-01  2.4906E-01 -4.2107E+00
  1.1657E-01 -4.1607E-01  2.5048E-01 -4.2317E+00
  1.1725E-01 -4.1557E-01  2.5191E-01 -4.2527E+00
  1.1794E-01 -4.1504E-01  2.5334E-01 -4.2738E+00
  1.1863E-01 -4.1449E-01  2.5479E-01 -4.2950E+00
  1.1933E-01 -4.1391E-01  2.5624E-01 -4.3162E+00
  1.2003E-01 -4.1331E-01  2.5770E-01 -4.3375E+00
  1.2073E-01 -4.1268E-01  2.5917E-01 -4.3588E+00
  1.2144E-01 -4.1203E-01  2.6065E-01 -4.3802E+00
  1.2215E-01 -4.1136E-01  2.6213E-01 -4.4016E+00
  1.2286E-01 -4.1066E-01  2.6362E-01 -4.4231E+00
  1.2358E-01 -4.0993E-01  2.6512E-01 -4.4447E+00
  1.2431E-01 -4.0918E-01  2.6663E-01 -4.4663E+00
  1.2503E-01 -4.0841E-01  2.6814E-01 -4.4879E+00
  1.2577E-01 -4.0760E-01  2.6967E-01 -4.5096E+00
  1.2650E-01 -4.0678E-01  2.7120E-01 -4.5313E+00
  1.2724E-01 -4.0592E-01  2.7274E-01 -4.5531E+00
  1.2799E-01 -4.0504E-01  2.7429E-01 -4.5749E+00
  1.2874E-01 -4.0413E-01  2.7584E-01 -4.5968E+00
  1.2949E-01 -4.0320E-01  2.7741E-01 -4.6187E+00
  1.3025E-01 -4.0224E-01  2.7898E-01 -4.6406E+00
  1.3101E-01 -4.0125E-01  2.8056E-01 -4.6626E+00
  1.3178E-01 -4.0023E-01  2.8215E-01 -4.6847E+00
  1.3255E-01 -3.9919E-01  2.8375E-01 -4.7067E+00
  1.3333E-01 -3.9812E-01  2.8535E-01 -4.7288E+00
  1.3411E-01 -3.9702E-01  2.8697E-01 -4.7510E+00
  1.3489E-01 -3.9589E-01  2.8859E-01 -4.7732E+00
  1.3568E-01 -3.9474E-01  2.9022E-01 -4.7954E+00
  1.3648E-01 -3.9355E-01  2.9186E-01 -4.8176E+00
  1.3727E-01 -3.9234E-01  2.9351E-01 -4.8399E+00
  1.3808E-01 -3.9110E-01  2.9516E-01 -4.8622E+00
  1.3889E-01 -3.8983E-01  2.9683E-01 -4.8845E+00
  1.3970E-01 -3.8853E-01  2.9850E-01 -4.9069E+00
  1.4052E-01 -3.8720E-01  3.0018E-01 -4.9292E+00
  1.4134E-01 -3.8584E-01  3.0188E-01 -4.9516E+00
  1.4217E-01 -3.8445E-01  3.0358E-01 -4.9740E+00
  1.4300E-01 -3.8303E-01  3.0528E-01 -4.9965E+00
  1.4383E-01 -3.8158E-01  3.0700E-01 -5.0189E+00
  1.4468E-01 -3.8010E-01  3.0873E-01 -5.0414E+00
  1.4552E-01 -3.7859E-01  3.1046E-01 -5.0639E+00
  1.4637E-01 -3.7704E-01  3.1221E-01 -5.0864E+00
  1.4723E-01 -3.7547E-01  3.1396E-01 -5.1089E+00
  1.4809E-01 -3.7387E-01  3.1572E-01 -5.1314E+00
  1.4896E-01 -3.7223E-01  3.1749E-01 -5.1539E+00
  1.4983E-01 -3.7056E-01  3.1927E-01 -5.1764E+00
  1.5071E-01 -3.6887E-01  3.2106E-01 -5.1989E+00
  1.5159E-01 -3.6714E-01  3.2285E-01 -5.2214E+00
  1.5247E-01 -3.6537E-01  3.2466E-01 -5.2439E+00
  1.5337E-01 -3.6358E-01  3.2648E-01 -5.2664E+00
  1.5426E-01 -3.6175E-01  3.2830E-01 -5.2889E+00
  1.5517E-01 -3.5989E-01  3.3014E-01 -5.3114E+00
  1.5607E-01 -3.5800E-01  3.3198E-01 -5.3339E+00
  1.5699E-01 -3.5607E-01  3.3383E-01 -5.3564E+00
  1.5790E-01 -3.5412E-01  3.3569E-01 -5.3788E+00
  1.5883E-01 -3.5213E-01  3.3756E-01 -5.4012E+00
  1.5976E-01 -3.5010E-01  3.3944E-01 -5.4236E+00
  1.6069E-01 -3.4804E-01  3.4133E-01 -5.4460E+00
  1.6163E-01 -3.4595E-01  3.4323E-01 -5.4684E+00
  1.6258E-01 -3.4383E-01  3.4514E-01 -5.4907E+00
  1.6353E-01 -3.4167E-01  3.4706E-01 -5.5130E+00
  1.6448E-01 -3.3947E-01  3.4898E-01 -5.5352E+00
  1.6545E-01 -3.3725E-01  3.5092E-01 -5.5575E+00
  1.6641E-01 -3.3498E-01  3.5286E-01 -5.5796E+00
  1.6739E-01 -3.3269E-01  3.5482E-01 -5.6018E+00
  1.6837E-01 -3.3036E-01  3.5678E-01 -5.6238E+00
  1.6935E-01 -3.2799E-01  3.5876E-01 -5.6459E+00
  1.7034E-01 -3.2559E-01  3.6074E-01 -5.6679E+00
  1.7134E-01 -3.2315E-01  3.6274E-01 -5.6898E+00
  1.7234E-01 -3.2068E-01  3.6474E-01 -5.7116E+00
  1.7335E-01 -3.1818E-01  3.6675E-01 -5.7334E+00
  1.7436E-01 -3.1564E-01  3.6877E-01 -5.7552E+00
  1.7538E-01 -3.1306E-01  3.7081E-01 -5.7768E+00
  1.7640E-01 -3.1045E-01  3.7285E-01 -5.7984E+00
  1.7743E-01 -3.0780E-01  3.7490E-01 -5.8199E+00
  1.7847E-01 -3.0511E-01  3.7696E-01 -5.8414E+00
  1.7952E-01 -3.0239E-01  3.7903E-01 -5.8627E+00
  1.8056E-01 -2.9964E-01  3.8111E-01 -5.8839E+00
  1.8162E-01 -2.9685E-01  3.8320E-01 -5.9051E+00
  1.8268E-01 -2.9402E-01  3.8530E-01 -5.9262E+00
  1.8375E-01 -2.9115E-01  3.8741E-01 -5.9471E+00
  1.8482E-01 -2.8825E-01  3.8953E-01 -5.9680E+00
  1.8590E-01 -2.8531E-01  3.9166E-01 -5.9887E+00
  1.8699E-01 -2.8234E-01  3.9380E-01 -6.0094E+00
  1.8808E-01 -2.7933E-01  3.9595E-01 -6.0299E+00
  1.8918E-01 -2.7628E-01  3.9811E-01 -6.0503E+00
  1.9029E-01 -2.7319E-01  4.0028E-01 -6.0706E+00
  1.9140E-01 -2.7007E-01  4.0246E-01 -6.0907E+00
  1.9252E-01 -2.6691E-01  4.0465E-01 -6.1107E+00
  1.9364E-01 -2.6372E-01  4.0685E-01 -6.1306E+00
  1.9478E-01 -2.6049E-01  4.0906E-01 -6.1503E+00
  1.9591E-01 -2.5722E-01  4.1127E-01 -6.1699E+00
  1.9706E-01 -2.5391E-01  4.1350E-01 -6.1893E+00
  1.9821E-01 -2.5056E-01  4.1574E-01 -6.2085E+00
  1.9937E-01 -2.4718E-01  4.1799E-01 -6.2276E+00
  2.0053E-01 -2.4376E-01  4.2025E-01 -6.2466E+00
  2.0171E-01 -2.4031E-01  4.2252E-01 -6.2653E+00
  2.0288E-01 -2.3681E-01  4.2480E-01 -6.2839E+00
  2.0407E-01 -2.3328E-01  4.2709E-01 -6.3022E+00
  2.0526E-01 -2.2972E-01  4.2939E-01 -6.3204E+00
  2.0646E-01 -2.2611E-01  4.3170E-01 -6.3384E+00
  2.0767E-01 -2.2247E-01  4.3402E-01 -6.3562E+00
  2.0888E-01 -2.1879E-01  4.3634E-01 -6.3738E+00
  2.1010E-01 -2.1507E-01  4.3868E-01 -6.3912E+00
  2.1133E-01 -2.1131E-01  4.4103E-01 -6.4083E+00
  2.1256E-01 -2.0752E-01  4.4339E-01 -6.4252E+00
  2.1380E-01 -2.0369E-01  4.4576E-01 -6.4419E+00
  2.1505E-01 -1.9982E-01  4.4814E-01 -6.4584E+00
  2.1631E-01 -1.9591E-01  4.5053E-01 -6.4746E+00
  2.1757E-01 -1.9197E-01  4.5293E-01 -6.4905E+00
  2.1884E-01 -1.8799E-01  4.5534E-01 -6.5062E+00
  2.2012E-01 -1.8397E-01  4.5776E-01 -6.5216E+00
  2.2141E-01 -1.7992E-01  4.6019E-01 -6.5368E+00
  2.2270E-01 -1.7583E-01  4.6263E-01 -6.5517E+00
  2.2400E-01 -1.7170E-01  4.6508E-01 -6.5663E+00
  2.2531E-01 -1.6753E-01  4.6754E-01 -6.5806E+00
  2.2663E-01 -1.6333E-01  4.7001E-01 -6.5946E+00
  2.2795E-01 -1.5909E-01  4.7249E-01 -6.6083E+00
  2.2928E-01 -1.5481E-01  4.7498E-01 -6.6217E+00
  2.3062E-01 -1.5049E-01  4.7748E-01 -6.6347E+00
  2.3197E-01 -1.4614E-01  4.7998E-01 -6.6475E+00
  2.3332E-01 -1.4175E-01  4.8250E-01 -6.6599E+00
  2.3469E-01 -1.3733E-01  4.8503E-01 -6.6719E+00
  2.3606E-01 -1.3287E-01  4.8757E-01 -6.6836E+00
  2.3743E-01 -1.2837E-01  4.9012E-01 -6.6950E+00
  2.3882E-01 -1.2384E-01  4.9268E-01 -6.7059E+00
  2.4022E-01 -1.1927E-01  4.9525E-01 -6.7165E+00
  2.4162E-01 -1.1466E-01  4.9783E-01 -6.7268E+00
  2.4303E-01 -1.1002E-01  5.0041E-01 -6.7366E+00
  2.4445E-01 -1.0534E-01  5.0301E-01 -6.7460E+00
  2.4588E-01 -1.0063E-01  5.0562E-01 -6.7550E+00
  2.4731E-01 -9.5879E-02  5.0823E-01 -6.7636E+00
  2.4876E-01 -9.1095E-02  5.1086E-01 -6.7718E+00
  2.5021E-01 -8.6275E-02  5.1350E-01 -6.7795E+00
  2.5167E-01 -8.1421E-02  5.1614E-01 -6.7868E+00
  2.5314E-01 -7.6531E-02  5.1880E-01 -6.7937E+00
  2.5462E-01 -7.1607E-02  5.2146E-01 -6.8001E+00
  2.5610E-01 -6.6649E-02  5.2413E-01 -6.8060E+00
  2.5760E-01 -6.1656E-02  5.2682E-01 -6.8114E+00
  2.5910E-01 -5.6629E-02  5.2951E-01 -6.8163E+00
  2.6062E-01 -5.1568E-02  5.3221E-01 -6.8208E+00
  2.6214E-01 -4.6473E-02  5.3492E-01 -6.8247E+00
  2.6367E-01 -4.1345E-02  5.3764E-01 -6.8281E+00
  2.6521E-01 -3.6183E-02  5.4037E-01 -6.8310E+00
  2.6676E-01 -3.0989E-02  5.4311E-01 -6.8333E+00
  2.6831E-01 -2.5761E-02  5.4586E-01 -6.8351E+00
  2.6988E-01 -2.0501E-02  5.4861E-01 -6.8364E+00
  2.7145E-01 -1.5209E-02  5.5138E-01 -6.8370E+00
  2.7304E-01 -9.8846E-03  5.5415E-01 -6.8371E+00
  2.7463E-01 -4.5284E-03  5.5693E-01 -6.8366E+00
  2.7624E-01  8.5929E-04  5.5972E-01 -6.8355E+00
  2.7785E-01  6.2783E-03  5.6252E-01 -6.8338E+00
  2.7947E-01  1.1728E-02  5.6533E-01 -6.8315E+00
  2.8110E-01  1.7209E-02  5.6815E-01 -6.8285E+00
  2.8274E-01  2.2720E-02  5.7097E-01 -6.8249E+00
  2.8439E-01  2.8261E-02  5.7381E-01 -6.8206E+00
  2.8605E-01  3.3832E-02  5.7665E-01 -6.8157E+00
  2.8772E-01  3.9433E-02  5.7950E-01 -6.8101E+00
  2.8940E-01  4.5062E-02  5.8236E-01 -6.8039E+00
  2.9109E-01  5.0721E-02  5.8522E-01 -6.7969E+00
  2.9279E-01  5.6408E-02  5.8810E-01 -6.7892E+00
  2.9450E-01  6.2123E-02  5.9098E-01 -6.7808E+00
  2.9622E-01  6.7866E-02  5.9387E-01 -6.7717E+00
  2.9795E-01  7.3636E-02  5.9677E-01 -6.7618E+00
  2.9969E-01  7.9434E-02  5.9967E-01 -6.7512E+00
  3.0144E-01  8.5258E-02  6.0258E-01 -6.7398E+00
  3.0319E-01  9.1108E-02  6.0550E-01 -6.7276E+00
  3.0496E-01  9.6985E-02  6.0843E-01 -6.7146E+00
  3.0674E-01  1.0289E-01  6.1136E-01 -6.7009E+00
  3.0853E-01  1.0881E-01  6.1430E-01 -6.6863E+00
  3.1033E-01  1.1477E-01  6.1725E-01 -6.6709E+00
  3.1215E-01  1.2074E-01  6.2021E-01 -6.6547E+00
  3.1397E-01  1.2674E-01  6.2317E-01 -6.6377E+00
  3.1580E-01  1.3276E-01  6.2613E-01 -6.6197E+00
  3.1764E-01  1.3881E-01  6.2911E-01 -6.6010E+00
  3.1950E-01  1.4488E-01  6.3209E-01 -6.5813E+00
  3.2136E-01  1.5097E-01  6.3507E-01 -6.5607E+00
  3.2323E-01  1.5708E-01  6.3807E-01 -6.5393E+00
  3.2512E-01  1.6322E-01  6.4107E-01 -6.5169E+00
  3.2702E-01  1.6937E-01  6.4407E-01 -6.4936E+00
  3.2893E-01  1.7555E-01  6.4708E-01 -6.4694E+00
  3.3085E-01  1.8174E-01  6.5009E-01 -6.4442E+00
  3.3278E-01  1.8796E-01  6.5311E-01 -6.4181E+00
  3.3472E-01  1.9419E-01  6.5614E-01 -6.3910E+00
  3.3667E-01  2.0044E-01  6.5917E-01 -6.3629E+00
  3.3864E-01  2.0671E-01  6.6220E-01 -6.3338E+00
  3.4061E-01  2.1300E-01  6.6524E-01 -6.3037E+00
  3.4260E-01  2.1930E-01  6.6829E-01 -6.2726E+00
  3.4460E-01  2.2562E-01  6.7134E-01 -6.2405E+00
  3.4661E-01  2.3195E-01  6.7439E-01 -6.2073E+00
  3.4863E-01  2.3831E-01  6.7745E-01 -6.1731E+00
  3.5066E-01  2.4467E-01  6.8051E-01 -6.1378E+00
  3.5271E-01  2.5105E-01  6.8357E-01 -6.1015E+00
  3.5477E-01  2.5744E-01  6.8664E-01 -6.0641E+00
  3.5684E-01  2.6385E-01  6.8971E-01 -6.0256E+00
  3.5892E-01  2.7026E-01  6.9278E-01 -5.9860E+00
  3.6101E-01  2.7669E-01  6.9586E-01 -5.9453E+00
  3.6312E-01  2.8313E-01  6.9894E-01 -5.9035E+00
  3.6524E-01  2.8959E-01  7.0202E-01 -5.8605E+00
  3.6737E-01  2.9605E-01  7.0510E-01 -5.8164E+00
  3.6951E-01  3.0252E-01  7.0819E-01 -5.7712E+00
  3.7167E-01  3.0900E-01  7.1127E-01 -5.7249E+00
  3.7383E-01  3.1548E-01  7.1436E-01 -5.6773E+00
  3.7602E-01  3.2198E-01  7.1745E-01 -5.6286E+00
  3.7821E-01  3.2848E-01  7.2054E-01 -5.5788E+00
  3.8042E-01  3.3499E-01  7.2363E-01 -5.5277E+00
  3.8263E-01  3.4150E-01  7.2673E-01 -5.4755E+00
  3.8487E-01  3.4802E-01  7.2982E-01 -5.4221E+00
  3.8711E-01  3.5455E-01  7.3291E-01 -5.3675E+00
  3.8937E-01  3.6108E-01  7.3601E-01 -5.3116E+00
  3.9164E-01  3.6761E-01  7.3910E-01 -5.2546E+00
  3.9392E-01  3.7414E-01  7.4219E-01 -5.1963E+00
  3.9622E-01  3.8068E-01  7.4528E-01 -5.1369E+00
  3.9853E-01  3.8721E-01  7.4837E-01 -5.0762E+00
  4.0086E-01  3.9375E-01  7.5146E-01 -5.0142E+00
  4.0320E-01  4.0029E-01  7.5454E-01 -4.9511E+00
  4.0555E-01  4.0682E-01  7.5763E-01 -4.8867E+00
  4.0791E-01  4.1336E-01  7.6071E-01 -4.8211E+00
  4.1029E-01  4.1989E-01  7.6379E-01 -4.7542E+00
  4.1269E-01  4.2642E-01  7.6687E-01 -4.6861E+00
  4.1509E-01  4.3295E-01  7.6994E-01 -4.6168E+00
  4.1751E-01  4.3947E-01  7.7301E-01 -4.5462E+00
  4.1995E-01  4.4599E-01  7.7608E-01 -4.4744E+00
  4.2240E-01  4.5250E-01  7.7914E-01 -4.4014E+00
  4.2486E-01  4.5900E-01  7.8220E-01 -4.3271E+00
  4.2734E-01  4.6550E-01  7.8525E-01 -4.2516E+00
  4.2983E-01  4.7199E-01  7.8830E-01 -4.1749E+00
  4.3234E-01  4.7847E-01  7.9134E-01 -4.0970E+00
  4.3486E-01  4.8494E-01  7.9438E-01 -4.0178E+00
  4.3739E-01  4.9141E-01  7.9741E-01 -3.9375E+00
  4.3995E-01  4.9786E-01  8.0043E-01 -3.8559E+00
  4.4251E-01  5.0430E-01  8.0345E-01 -3.7732E+00
  4.4509E-01  5.1073E-01  8.0646E-01 -3.6893E+00
  4.4769E-01  5.1714E-01  8.0946E-01 -3.6041E+00
  4.5030E-01  5.2354E-01  8.1246E-01 -3.5179E+00
  4.5292E-01  5.2993E-01  8.1544E-01 -3.4305E+00
  4.5557E-01  5.3630E-01  8.1842E-01 -3.3419E+00
  4.5822E-01  5.4265E-01  8.2139E-01 -3.2522E+00
  4.6089E-01  5.4899E-01  8.2435E-01 -3.1614E+00
  4.6358E-01  5.5531E-01  8.2730E-01 -3.0695E+00
  4.6628E-01  5.6161E-01  8.3024E-01 -2.9765E+00
  4.6900E-01  5.6789E-01  8.3317E-01 -2.8825E+00
  4.7174E-01  5.7416E-01  8.3609E-01 -2.7874E+00
  4.7449E-01  5.8040E-01  8.3899E-01 -2.6912E+00
  4.7726E-01  5.8661E-01  8.4189E-01 -2.5941E+00
  4.8004E-01  5.9281E-01  8.4477E-01 -2.4960E+00
  4.8284E-01  5.9898E-01  8.4764E-01 -2.3970E+00
  4.8565E-01  6.0513E-01  8.5050E-01 -2.2970E+00
  4.8849E-01  6.1125E-01  8.5334E-01 -2.1960E+00
  4.9133E-01  6.1735E-01  8.5617E-01 -2.0942E+00
  4.9420E-01  6.2342E-01  8.5899E-01 -1.9916E+00
  4.9708E-01  6.2946E-01  8.6179E-01 -1.8881E+00
  4.9998E-01  6.3547E-01  8.6457E-01 -1.7838E+00
  5.0289E-01  6.4146E-01  8.6734E-01 -1.6788E+00
  5.0583E-01  6.4741E-01  8.7010E-01 -1.5730E+00
  5.0877E-01  6.5333E-01  8.7283E-01 -1.4665E+00
  5.1174E-01  6.5922E-01  8.7556E-01 -1.3594E+00
  5.1472E-01  6.6508E-01  8.7826E-01 -1.2516E+00
  5.1773E-01  6.7090E-01  8.8094E-01 -1.1433E+00
  5.2074E-01  6.7669E-01  8.8361E-01 -1.0344E+00
  5.2378E-01  6.8244E-01  8.8626E-01 -9.2497E-01
  5.2683E-01  6.8816E-01  8.8888E-01 -8.1510E-01
  5.2991E-01  6.9384E-01  8.9149E-01 -7.0480E-01
  5.3299E-01  6.9948E-01  8.9408E-01 -5.9413E-01
  5.3610E-01  7.0508E-01  8.9665E-01 -4.8312E-01
  5.3923E-01  7.1065E-01  8.9919E-01 -3.7184E-01
  5.4237E-01  7.1617E-01  9.0172E-01 -2.6031E-01
  5.4553E-01  7.2165E-01  9.0422E-01 -1.4861E-01
  5.4871E-01  7.2709E-01  9.0670E-01 -3.6766E-02
  5.5191E-01  7.3248E-01  9.0915E-01  7.5155E-02
  5.5513E-01  7.3783E-01  9.1158E-01  1.8710E-01
  5.5837E-01  7.4314E-01  9.1399E-01  2.9902E-01
  5.6162E-01  7.4840E-01  9.1637E-01  4.1086E-01
  5.6490E-01  7.5361E-01  9.1873E-01  5.2255E-01
  5.6819E-01  7.5878E-01  9.2106E-01  6.3404E-01
  5.7150E-01  7.6390E-01  9.2336E-01  7.4526E-01
  5.7483E-01  7.6897E-01  9.2564E-01  8.5617E-01
  5.7818E-01  7.7399E-01  9.2789E-01  9.6669E-01
  5.8155E-01  7.7896E-01  9.3011E-01  1.0768E+00
  5.8494E-01  7.8388E-01  9.3230E-01  1.1863E+00
  5.8835E-01  7.8875E-01  9.3446E-01  1.2953E+00
  5.9178E-01  7.9356E-01  9.3659E-01  1.4037E+00
  5.9523E-01  7.9832E-01  9.3870E-01  1.5113E+00
  5.9870E-01  8.0303E-01  9.4077E-01  1.6181E+00
  6.0219E-01  8.0768E-01  9.4281E-01  1.7242E+00
  6.0570E-01  8.1227E-01  9.4482E-01  1.8293E+00
  6.0923E-01  8.1681E-01  9.4679E-01  1.9334E+00
  6.1279E-01  8.2129E-01  9.4874E-01  2.0364E+00
  6.1636E-01  8.2571E-01  9.5065E-01  2.1384E+00
  6.1995E-01  8.3008E-01  9.5252E-01  2.2391E+00
  6.2356E-01  8.3438E-01  9.5436E-01  2.3386E+00
  6.2720E-01  8.3863E-01  9.5617E-01  2.4368E+00
  6.3085E-01  8.4281E-01  9.5794E-01  2.5335E+00
  6.3453E-01  8.4693E-01  9.5967E-01  2.6288E+00
  6.3823E-01  8.5099E-01  9.6137E-01  2.7225E+00
  6.4195E-01  8.5499E-01  9.6303E-01  2.8147E+00
  6.4569E-01  8.5892E-01  9.6465E-01  2.9051E+00
  6.4945E-01  8.6279E-01  9.6623E-01  2.9938E+00
  6.5324E-01  8.6659E-01  9.6778E-01  3.0807E+00
  6.5705E-01  8.7033E-01  9.6928E-01  3.1657E+00
  6.6088E-01  8.7400E-01  9.7074E-01  3.2487E+00
  6.6473E-01  8.7761E-01  9.7217E-01  3.3297E+00
  6.6860E-01  8.8114E-01  9.7355E-01  3.4087E+00
  6.7250E-01  8.8461E-01  9.7489E-01  3.4855E+00
  6.7642E-01  8.8801E-01  9.7619E-01  3.5602E+00
  6.8036E-01  8.9134E-01  9.7745E-01  3.6325E+00
  6.8433E-01  8.9460E-01  9.7866E-01  3.7026E+00
  6.8832E-01  8.9779E-01  9.7983E-01  3.7703E+00
  6.9233E-01  9.0091E-01  9.8095E-01  3.8356E+00
  6.9636E-01  9.0396E-01  9.8203E-01  3.8985E+00
  7.0042E-01  9.0694E-01  9.8307E-01  3.9588E+00
  7.0450E-01  9.0984E-01  9.8406E-01  4.0167E+00
  7.0861E-01  9.1268E-01  9.8500E-01  4.0719E+00
  7.1274E-01  9.1543E-01  9.8590E-01  4.1245E+00
  7.1689E-01  9.1812E-01  9.8675E-01  4.1745E+00
  7.2107E-01  9.2073E-01  9.8755E-01  4.2218E+00
  7.2527E-01  9.2326E-01  9.8830E-01  4.2664E+00
  7.2950E-01  9.2572E-01  9.8901E-01  4.3083E+00
  7.3375E-01  9.2811E-01  9.8966E-01  4.3475E+00
  7.3803E-01  9.3041E-01  9.9027E-01  4.3840E+00
  7.4233E-01  9.3265E-01  9.9082E-01  4.4177E+00
  7.4666E-01  9.3480E-01  9.9133E-01  4.4487E+00
  7.5101E-01  9.3688E-01  9.9179E-01  4.4769E+00
  7.5538E-01  9.3888E-01  9.9219E-01  4.5025E+00
  7.5979E-01  9.4080E-01  9.9255E-01  4.5253E+00
  7.6421E-01  9.4265E-01  9.9285E-01  4.5455E+00
  7.6867E-01  9.4441E-01  9.9310E-01  4.5631E+00
  7.7315E-01  9.4610E-01  9.9329E-01  4.5780E+00
  7.7765E-01  9.4771E-01  9.9344E-01  4.5904E+00
  7.8218E-01  9.4924E-01  9.9353E-01  4.6003E+00
  7.8674E-01  9.5069E-01  9.9357E-01  4.6077E+00
  7.9133E-01  9.5206E-01  9.9355E-01  4.6128E+00
  7.9594E-01  9.5335E-01  9.9348E-01  4.6155E+00
  8.0058E-01  9.5456E-01  9.9335E-01  4.6160E+00
  8.0524E-01  9.5569E-01  9.9317E-01  4.6144E+00
  8.0993E-01  9.5674E-01  9.9294E-01  4.6107E+00
  8.1465E-01  9.5771E-01  9.9265E-01  4.6050E+00
  8.1940E-01  9.5860E-01  9.9230E-01  4.5974E+00
  8.2418E-01  9.5941E-01  9.9190E-01  4.5882E+00
  8.2898E-01  9.6013E-01  9.9145E-01  4.5772E+00
  8.3381E-01  9.6078E-01  9.9093E-01  4.5648E+00
  8.3867E-01  9.6134E-01  9.9036E-01  4.5511E+00
  8.4356E-01  9.6183E-01  9.8974E-01  4.5360E+00
  8.4847E-01  9.6223E-01  9.8905E-01  4.5199E+00
  8.5342E-01  9.6255E-01  9.8831E-01  4.5029E+00
  8.5839E-01  9.6280E-01  9.8752E-01  4.4850E+00
  8.6339E-01  9.6296E-01  9.8666E-01  4.4665E+00
  8.6842E-01  9.6303E-01  9.8575E-01  4.4476E+00
  8.7348E-01  9.6303E-01  9.8479E-01  4.4283E+00
  8.7857E-01  9.6295E-01  9.8376E-01  4.4088E+00
  8.8369E-01  9.6279E-01  9.8268E-01  4.3894E+00
  8.8884E-01  9.6254E-01  9.8154E-01  4.3702E+00
  8.9402E-01  9.6222E-01  9.8035E-01  4.3512E+00
  8.9923E-01  9.6181E-01  9.7909E-01  4.3328E+00
  9.0447E-01  9.6133E-01  9.7778E-01  4.3151E+00
  9.0974E-01  9.6076E-01  9.7641E-01  4.2981E+00
  9.1504E-01  9.6012E-01  9.7499E-01  4.2822E+00
  9.2037E-01  9.5939E-01  9.7350E-01  4.2673E+00
  9.2573E-01  9.5859E-01  9.7196E-01  4.2537E+00
  9.3113E-01  9.5770E-01  9.7037E-01  4.2414E+00
  9.3655E-01  9.5674E-01  9.6871E-01  4.2305E+00
  9.4201E-01  9.5570E-01  9.6700E-01  4.2212E+00
  9.4750E-01  9.5458E-01  9.6524E-01  4.2136E+00
  9.5302E-01  9.5338E-01  9.6341E-01  4.2076E+00
  9.5857E-01  9.5211E-01  9.6153E-01  4.2033E+00
  9.6416E-01  9.5075E-01  9.5960E-01  4.2007E+00
  9.6977E-01  9.4932E-01  9.5761E-01  4.1998E+00
  9.7542E-01  9.4781E-01  9.5556E-01  4.2005E+00
  9.8111E-01  9.4623E-01  9.5346E-01  4.2028E+00
  9.8682E-01  9.4457E-01  9.5130E-01  4.2065E+00
  9.9257E-01  9.4283E-01  9.4908E-01  4.2114E+00
  9.9836E-01  9.4102E-01  9.4682E-01  4.2174E+00
  1.0042E+00  9.3914E-01  9.4449E-01  4.2243E+00
  1.0100E+00  9.3718E-01  9.4212E-01  4.2316E+00
  1.0159E+00  9.3515E-01  9.3968E-01  4.2391E+00
  1.0218E+00  9.3304E-01  9.3720E-01  4.2464E+00
  1.0278E+00  9.3086E-01  9.3466E-01  4.2529E+00
  1.0338E+00  9.2861E-01  9.3207E-01  4.2583E+00
  1.0398E+00  9.2628E-01  9.2942E-01  4.2618E+00
  1.0459E+00  9.2389E-01  9.2672E-01  4.2628E+00
  1.0519E+00  9.2142E-01  9.2397E-01  4.2607E+00
  1.0581E+00  9.1888E-01  9.2117E-01  4.2547E+00
  1.0642E+00  9.1628E-01  9.1831E-01  4.2438E+00
  1.0704E+00  9.1360E-01  9.1540E-01  4.2272E+00
  1.0767E+00  9.1086E-01  9.1244E-01  4.2038E+00
  1.0829E+00  9.0805E-01  9.0943E-01  4.1727E+00
  1.0893E+00  9.0517E-01  9.0637E-01  4.1326E+00
  1.0956E+00  9.0222E-01  9.0326E-01  4.0824E+00
  1.1020E+00  8.9921E-01  9.0010E-01  4.0209E+00
  1.1084E+00  8.9614E-01  8.9688E-01  3.9467E+00
  1.1149E+00  8.9300E-01  8.9362E-01  3.8585E+00
  1.1214E+00  8.8979E-01  8.9031E-01  3.7549E+00
  1.1279E+00  8.8653E-01  8.8694E-01  3.6345E+00
  1.1345E+00  8.8320E-01  8.8353E-01  3.4959E+00
  1.1411E+00  8.7980E-01  8.8006E-01  3.3378E+00
  1.1477E+00  8.7635E-01  8.7655E-01  3.1587E+00
  1.1544E+00  8.7284E-01  8.7299E-01  2.9574E+00
  1.1611E+00  8.6927E-01  8.6937E-01  2.7326E+00
  1.1679E+00  8.6564E-01  8.6571E-01  2.4832E+00
  1.1747E+00  8.6195E-01  8.6199E-01  2.2082E+00
  1.1815E+00  8.5820E-01  8.5823E-01  1.9069E+00
  1.1884E+00  8.5440E-01  8.5442E-01  1.5788E+00
  1.1953E+00  8.5054E-01  8.5055E-01  1.2236E+00
  1.2023E+00  8.4663E-01  8.4663E-01  8.4155E-01
  1.2093E+00  8.4267E-01  8.4267E-01  4.3313E-01
  1.2164E+00  8.3865E-01  8.3865E-01  0.0000E+00
  1.2234E+00  8.3458E-01  8.3458E-01  0.0000E+00
  1.2306E+00  8.3046E-01  8.3046E-01  0.0000E+00
  1.2377E+00  8.2628E-01  8.2628E-01  0.0000E+00
  1.2450E+00  8.2206E-01  8.2206E-01  0.0000E+00
  1.2522E+00  8.1779E-01  8.1779E-01  0.0000E+00
  1.2595E+00  8.1347E-01  8.1347E-01  0.0000E+00
  1.2668E+00  8.0911E-01  8.0911E-01  0.0000E+00
  1.2742E+00  8.0469E-01  8.0469E-01  0.0000E+00
  1.2816E+00  8.0024E-01  8.0024E-01  0.0000E+00
  1.2891E+00  7.9574E-01  7.9574E-01  0.0000E+00
  1.2966E+00  7.9119E-01  7.9119E-01  0.0000E+00
  1.3042E+00  7.8661E-01  7.8661E-01  0.0000E+00
  1.3118E+00  7.8198E-01  7.8198E-01  0.0000E+00
  1.3194E+00  7.7731E-01  7.7731E-01  0.0000E+00
  1.3271E+00  7.7260E-01  7.7260E-01  0.0000E+00
  1.3348E+00  7.6786E-01  7.6786E-01  0.0000E+00
  1.3426E+00  7.6307E-01  7.6307E-01  0.0000E+00
  1.3504E+00  7.5825E-01  7.5825E-01  0.0000E+00
  1.3583E+00  7.5339E-01  7.5339E-01  0.0000E+00
  1.3662E+00  7.4850E-01  7.4850E-01  0.0000E+00
  1.3742E+00  7.4358E-01  7.4358E-01  0.0000E+00
  1.3822E+00  7.3862E-01  7.3862E-01  0.0000E+00
  1.3902E+00  7.3363E-01  7.3363E-01  0.0000E+00
  1.3983E+00  7.2860E-01  7.2860E-01  0.0000E+00
  1.4065E+00  7.2355E-01  7.2355E-01  0.0000E+00
  1.4147E+00  7.1847E-01  7.1847E-01  0.0000E+00
  1.4229E+00  7.1336E-01  7.1336E-01  0.0000E+00
  1.4312E+00  7.0823E-01  7.0823E-01  0.0000E+00
  1.4395E+00  7.0307E-01  7.0307E-01  0.0000E+00
  1.4479E+00  6.9788E-01  6.9788E-01  0.0000E+00
  1.4563E+00  6.9267E-01  6.9267E-01  0.0000E+00
  1.4648E+00  6.8743E-01  6.8743E-01  0.0000E+00
  1.4734E+00  6.8218E-01  6.8218E-01  0.0000E+00
  1.4819E+00  6.7690E-01  6.7690E-01  0.0000E+00
  1.4906E+00  6.7160E-01  6.7160E-01  0.0000E+00
  1.4993E+00  6.6628E-01  6.6628E-01  0.0000E+00
  1.5080E+00  6.6095E-01  6.6095E-01  0.0000E+00
  1.5168E+00  6.5559E-01  6.5559E-01  0.0000E+00
  1.5256E+00  6.5022E-01  6.5022E-01  0.0000E+00
  1.5345E+00  6.4484E-01  6.4484E-01  0.0000E+00
  1.5434E+00  6.3944E-01  6.3944E-01  0.0000E+00
  1.5524E+00  6.3403E-01  6.3403E-01  0.0000E+00
  1.5615E+00  6.2860E-01  6.2860E-01  0.0000E+00
  1.5706E+00  6.2316E-01  6.2316E-01  0.0000E+00
  1.5797E+00  6.1772E-01  6.1772E-01  0.0000E+00
  1.5889E+00  6.1226E-01  6.1226E-01  0.0000E+00
  1.5982E+00  6.0679E-01  6.0679E-01  0.0000E+00
  1.6075E+00  6.0132E-01  6.0132E-01  0.0000E+00
  1.6168E+00  5.9584E-01  5.9584E-01  0.0000E+00
  1.6262E+00  5.9035E-01  5.9035E-01  0.0000E+00
