 # l=           1 energy=  -5.00000000000000     
  0.0000E+00  0.0000E+00  0.0000E+00  0.0000E+00
  4.2248E-06  2.4632E-11  3.8012E-10  6.4059E-10
  8.4743E-06  9.9101E-11  1.3340E-09  2.1143E-09
  1.2748E-05  2.2428E-10  2.9154E-09  4.1949E-09
  1.7048E-05  4.0104E-10  5.3011E-09  6.7074E-09
  2.1372E-05  6.3030E-10  8.4650E-09  9.6184E-09
  2.5721E-05  9.1294E-10  1.1912E-08  1.3195E-08
  3.0096E-05  1.2499E-09  1.5857E-08  1.7307E-08
  3.4496E-05  1.6421E-09  2.0286E-08  2.1916E-08
  3.8921E-05  2.0905E-09  2.5151E-08  2.7046E-08
  4.3373E-05  2.5960E-09  3.0507E-08  3.2703E-08
  4.7850E-05  3.1596E-09  3.6328E-08  3.8860E-08
  5.2354E-05  3.7823E-09  4.2623E-08  4.5527E-08
  5.6883E-05  4.4652E-09  4.9397E-08  5.2705E-08
  6.1439E-05  5.2091E-09  5.6650E-08  6.0393E-08
  6.6022E-05  6.0151E-09  6.4386E-08  6.8594E-08
  7.0631E-05  6.8843E-09  7.2607E-08  7.7311E-08
  7.5267E-05  7.8177E-09  8.1319E-08  8.6548E-08
  7.9930E-05  8.8164E-09  9.0525E-08  9.6309E-08
  8.4620E-05  9.8814E-09  1.0023E-07  1.0660E-07
  8.9338E-05  1.1014E-08  1.1044E-07  1.1742E-07
  9.4083E-05  1.2215E-08  1.2116E-07  1.2878E-07
  9.8855E-05  1.3486E-08  1.3239E-07  1.4069E-07
  1.0366E-04  1.4827E-08  1.4414E-07  1.5314E-07
  1.0848E-04  1.6241E-08  1.5642E-07  1.6616E-07
  1.1334E-04  1.7727E-08  1.6923E-07  1.7973E-07
  1.1823E-04  1.9288E-08  1.8258E-07  1.9388E-07
  1.2314E-04  2.0925E-08  1.9648E-07  2.0860E-07
  1.2808E-04  2.2638E-08  2.1093E-07  2.2390E-07
  1.3305E-04  2.4429E-08  2.2594E-07  2.3980E-07
  1.3805E-04  2.6299E-08  2.4151E-07  2.5629E-07
  1.4308E-04  2.8250E-08  2.5766E-07  2.7339E-07
  1.4814E-04  3.0283E-08  2.7439E-07  2.9110E-07
  1.5322E-04  3.2398E-08  2.9170E-07  3.0944E-07
  1.5834E-04  3.4598E-08  3.0962E-07  3.2840E-07
  1.6349E-04  3.6884E-08  3.2813E-07  3.4800E-07
  1.6866E-04  3.9257E-08  3.4727E-07  3.6825E-07
  1.7387E-04  4.1718E-08  3.6702E-07  3.8916E-07
  1.7911E-04  4.4269E-08  3.8740E-07  4.1073E-07
  1.8438E-04  4.6911E-08  4.0842E-07  4.3297E-07
  1.8967E-04  4.9646E-08  4.3008E-07  4.5589E-07
  1.9500E-04  5.2475E-08  4.5241E-07  4.7951E-07
  2.0036E-04  5.5400E-08  4.7539E-07  5.0383E-07
  2.0576E-04  5.8421E-08  4.9905E-07  5.2886E-07
  2.1118E-04  6.1541E-08  5.2339E-07  5.5461E-07
  2.1663E-04  6.4761E-08  5.4843E-07  5.8109E-07
  2.2212E-04  6.8083E-08  5.7417E-07  6.0831E-07
  2.2764E-04  7.1508E-08  6.0062E-07  6.3629E-07
  2.3319E-04  7.5037E-08  6.2779E-07  6.6502E-07
  2.3877E-04  7.8673E-08  6.5570E-07  6.9453E-07
  2.4438E-04  8.2417E-08  6.8434E-07  7.2482E-07
  2.5003E-04  8.6270E-08  7.1374E-07  7.5591E-07
  2.5571E-04  9.0234E-08  7.4391E-07  7.8780E-07
  2.6143E-04  9.4312E-08  7.7484E-07  8.2051E-07
  2.6717E-04  9.8504E-08  8.0657E-07  8.5404E-07
  2.7295E-04  1.0281E-07  8.3908E-07  8.8842E-07
  2.7877E-04  1.0724E-07  8.7241E-07  9.2364E-07
  2.8462E-04  1.1179E-07  9.0655E-07  9.5973E-07
  2.9050E-04  1.1645E-07  9.4153E-07  9.9670E-07
  2.9641E-04  1.2125E-07  9.7734E-07  1.0346E-06
  3.0236E-04  1.2616E-07  1.0140E-06  1.0733E-06
  3.0835E-04  1.3121E-07  1.0515E-06  1.1130E-06
  3.1437E-04  1.3638E-07  1.0900E-06  1.1536E-06
  3.2042E-04  1.4168E-07  1.1293E-06  1.1951E-06
  3.2651E-04  1.4712E-07  1.1695E-06  1.2376E-06
  3.3264E-04  1.5269E-07  1.2106E-06  1.2810E-06
  3.3880E-04  1.5840E-07  1.2526E-06  1.3254E-06
  3.4500E-04  1.6425E-07  1.2956E-06  1.3709E-06
  3.5123E-04  1.7024E-07  1.3395E-06  1.4173E-06
  3.5750E-04  1.7637E-07  1.3845E-06  1.4647E-06
  3.6381E-04  1.8265E-07  1.4303E-06  1.5132E-06
  3.7015E-04  1.8907E-07  1.4772E-06  1.5627E-06
  3.7653E-04  1.9565E-07  1.5251E-06  1.6133E-06
  3.8295E-04  2.0237E-07  1.5740E-06  1.6650E-06
  3.8940E-04  2.0925E-07  1.6240E-06  1.7177E-06
  3.9590E-04  2.1629E-07  1.6750E-06  1.7716E-06
  4.0243E-04  2.2348E-07  1.7270E-06  1.8266E-06
  4.0899E-04  2.3083E-07  1.7802E-06  1.8827E-06
  4.1560E-04  2.3835E-07  1.8344E-06  1.9400E-06
  4.2224E-04  2.4603E-07  1.8898E-06  1.9984E-06
  4.2893E-04  2.5388E-07  1.9462E-06  2.0581E-06
  4.3565E-04  2.6190E-07  2.0039E-06  2.1189E-06
  4.4241E-04  2.7010E-07  2.0626E-06  2.1810E-06
  4.4921E-04  2.7846E-07  2.1226E-06  2.2443E-06
  4.5605E-04  2.8701E-07  2.1837E-06  2.3088E-06
  4.6293E-04  2.9573E-07  2.2461E-06  2.3747E-06
  4.6985E-04  3.0464E-07  2.3096E-06  2.4418E-06
  4.7681E-04  3.1373E-07  2.3744E-06  2.5102E-06
  4.8381E-04  3.2302E-07  2.4405E-06  2.5799E-06
  4.9085E-04  3.3249E-07  2.5078E-06  2.6510E-06
  4.9794E-04  3.4215E-07  2.5764E-06  2.7235E-06
  5.0506E-04  3.5201E-07  2.6464E-06  2.7973E-06
  5.1223E-04  3.6207E-07  2.7176E-06  2.8725E-06
  5.1943E-04  3.7233E-07  2.7902E-06  2.9492E-06
  5.2668E-04  3.8279E-07  2.8642E-06  3.0273E-06
  5.3397E-04  3.9347E-07  2.9396E-06  3.1068E-06
  5.4131E-04  4.0435E-07  3.0163E-06  3.1878E-06
  5.4868E-04  4.1544E-07  3.0945E-06  3.2703E-06
  5.5610E-04  4.2676E-07  3.1741E-06  3.3543E-06
  5.6357E-04  4.3829E-07  3.2551E-06  3.4399E-06
  5.7107E-04  4.5004E-07  3.3377E-06  3.5270E-06
  5.7862E-04  4.6202E-07  3.4217E-06  3.6157E-06
  5.8621E-04  4.7422E-07  3.5073E-06  3.7060E-06
  5.9385E-04  4.8666E-07  3.5944E-06  3.7979E-06
  6.0153E-04  4.9933E-07  3.6830E-06  3.8915E-06
  6.0926E-04  5.1224E-07  3.7733E-06  3.9868E-06
  6.1703E-04  5.2540E-07  3.8651E-06  4.0837E-06
  6.2485E-04  5.3879E-07  3.9586E-06  4.1823E-06
  6.3271E-04  5.5244E-07  4.0537E-06  4.2827E-06
  6.4062E-04  5.6634E-07  4.1505E-06  4.3848E-06
  6.4858E-04  5.8049E-07  4.2490E-06  4.4887E-06
  6.5658E-04  5.9490E-07  4.3491E-06  4.5944E-06
  6.6463E-04  6.0957E-07  4.4511E-06  4.7020E-06
  6.7272E-04  6.2451E-07  4.5547E-06  4.8114E-06
  6.8086E-04  6.3972E-07  4.6602E-06  4.9227E-06
  6.8905E-04  6.5520E-07  4.7675E-06  5.0359E-06
  6.9729E-04  6.7095E-07  4.8766E-06  5.1510E-06
  7.0557E-04  6.8699E-07  4.9875E-06  5.2680E-06
  7.1390E-04  7.0331E-07  5.1004E-06  5.3871E-06
  7.2229E-04  7.1992E-07  5.2151E-06  5.5082E-06
  7.3072E-04  7.3683E-07  5.3318E-06  5.6313E-06
  7.3919E-04  7.5403E-07  5.4504E-06  5.7564E-06
  7.4772E-04  7.7153E-07  5.5710E-06  5.8837E-06
  7.5630E-04  7.8933E-07  5.6936E-06  6.0130E-06
  7.6493E-04  8.0744E-07  5.8183E-06  6.1445E-06
  7.7361E-04  8.2587E-07  5.9450E-06  6.2782E-06
  7.8234E-04  8.4461E-07  6.0738E-06  6.4141E-06
  7.9112E-04  8.6367E-07  6.2048E-06  6.5522E-06
  7.9995E-04  8.8306E-07  6.3378E-06  6.6926E-06
  8.0883E-04  9.0278E-07  6.4731E-06  6.8353E-06
  8.1776E-04  9.2284E-07  6.6105E-06  6.9803E-06
  8.2675E-04  9.4323E-07  6.7502E-06  7.1276E-06
  8.3579E-04  9.6396E-07  6.8922E-06  7.2774E-06
  8.4488E-04  9.8505E-07  7.0364E-06  7.4295E-06
  8.5402E-04  1.0065E-06  7.1829E-06  7.5841E-06
  8.6322E-04  1.0283E-06  7.3319E-06  7.7412E-06
  8.7247E-04  1.0504E-06  7.4831E-06  7.9007E-06
  8.8177E-04  1.0730E-06  7.6369E-06  8.0629E-06
  8.9113E-04  1.0959E-06  7.7930E-06  8.2276E-06
  9.0055E-04  1.1191E-06  7.9516E-06  8.3949E-06
  9.1001E-04  1.1428E-06  8.1128E-06  8.5648E-06
  9.1954E-04  1.1668E-06  8.2764E-06  8.7375E-06
  9.2912E-04  1.1913E-06  8.4427E-06  8.9128E-06
  9.3875E-04  1.2161E-06  8.6116E-06  9.0909E-06
  9.4844E-04  1.2413E-06  8.7831E-06  9.2718E-06
  9.5819E-04  1.2670E-06  8.9573E-06  9.4555E-06
  9.6799E-04  1.2930E-06  9.1342E-06  9.6421E-06
  9.7785E-04  1.3195E-06  9.3138E-06  9.8316E-06
  9.8777E-04  1.3464E-06  9.4963E-06  1.0024E-05
  9.9775E-04  1.3738E-06  9.6815E-06  1.0219E-05
  1.0078E-03  1.4015E-06  9.8696E-06  1.0418E-05
  1.0179E-03  1.4297E-06  1.0061E-05  1.0619E-05
  1.0280E-03  1.4584E-06  1.0255E-05  1.0824E-05
  1.0382E-03  1.4875E-06  1.0451E-05  1.1031E-05
  1.0485E-03  1.5171E-06  1.0651E-05  1.1242E-05
  1.0588E-03  1.5471E-06  1.0854E-05  1.1456E-05
  1.0692E-03  1.5776E-06  1.1060E-05  1.1673E-05
  1.0797E-03  1.6086E-06  1.1270E-05  1.1894E-05
  1.0902E-03  1.6401E-06  1.1482E-05  1.2118E-05
  1.1008E-03  1.6721E-06  1.1697E-05  1.2345E-05
  1.1114E-03  1.7045E-06  1.1916E-05  1.2576E-05
  1.1221E-03  1.7375E-06  1.2138E-05  1.2810E-05
  1.1328E-03  1.7710E-06  1.2364E-05  1.3048E-05
  1.1437E-03  1.8049E-06  1.2593E-05  1.3289E-05
  1.1545E-03  1.8395E-06  1.2825E-05  1.3534E-05
  1.1655E-03  1.8745E-06  1.3060E-05  1.3782E-05
  1.1765E-03  1.9101E-06  1.3300E-05  1.4035E-05
  1.1876E-03  1.9462E-06  1.3542E-05  1.4291E-05
  1.1987E-03  1.9829E-06  1.3789E-05  1.4550E-05
  1.2099E-03  2.0201E-06  1.4039E-05  1.4814E-05
  1.2212E-03  2.0579E-06  1.4292E-05  1.5081E-05
  1.2325E-03  2.0963E-06  1.4550E-05  1.5353E-05
  1.2439E-03  2.1353E-06  1.4811E-05  1.5628E-05
  1.2554E-03  2.1748E-06  1.5076E-05  1.5908E-05
  1.2669E-03  2.2150E-06  1.5345E-05  1.6191E-05
  1.2785E-03  2.2557E-06  1.5618E-05  1.6479E-05
  1.2902E-03  2.2971E-06  1.5895E-05  1.6771E-05
  1.3019E-03  2.3391E-06  1.6176E-05  1.7067E-05
  1.3137E-03  2.3817E-06  1.6461E-05  1.7367E-05
  1.3256E-03  2.4249E-06  1.6750E-05  1.7672E-05
  1.3376E-03  2.4688E-06  1.7043E-05  1.7981E-05
  1.3496E-03  2.5134E-06  1.7340E-05  1.8295E-05
  1.3616E-03  2.5586E-06  1.7642E-05  1.8613E-05
  1.3738E-03  2.6044E-06  1.7948E-05  1.8936E-05
  1.3860E-03  2.6510E-06  1.8259E-05  1.9263E-05
  1.3983E-03  2.6982E-06  1.8574E-05  1.9595E-05
  1.4107E-03  2.7462E-06  1.8894E-05  1.9932E-05
  1.4231E-03  2.7948E-06  1.9218E-05  2.0274E-05
  1.4356E-03  2.8442E-06  1.9546E-05  2.0621E-05
  1.4482E-03  2.8942E-06  1.9880E-05  2.0972E-05
  1.4609E-03  2.9451E-06  2.0218E-05  2.1329E-05
  1.4736E-03  2.9966E-06  2.0561E-05  2.1690E-05
  1.4864E-03  3.0489E-06  2.0909E-05  2.2057E-05
  1.4993E-03  3.1020E-06  2.1262E-05  2.2429E-05
  1.5122E-03  3.1558E-06  2.1620E-05  2.2806E-05
  1.5253E-03  3.2104E-06  2.1983E-05  2.3189E-05
  1.5384E-03  3.2658E-06  2.2351E-05  2.3576E-05
  1.5516E-03  3.3220E-06  2.2724E-05  2.3970E-05
  1.5648E-03  3.3790E-06  2.3102E-05  2.4369E-05
  1.5781E-03  3.4369E-06  2.3486E-05  2.4773E-05
  1.5916E-03  3.4956E-06  2.3875E-05  2.5183E-05
  1.6051E-03  3.5551E-06  2.4270E-05  2.5599E-05
  1.6186E-03  3.6154E-06  2.4670E-05  2.6021E-05
  1.6323E-03  3.6767E-06  2.5076E-05  2.6449E-05
  1.6460E-03  3.7388E-06  2.5487E-05  2.6882E-05
  1.6598E-03  3.8018E-06  2.5904E-05  2.7322E-05
  1.6737E-03  3.8656E-06  2.6327E-05  2.7768E-05
  1.6877E-03  3.9304E-06  2.6756E-05  2.8220E-05
  1.7017E-03  3.9962E-06  2.7190E-05  2.8678E-05
  1.7158E-03  4.0628E-06  2.7631E-05  2.9142E-05
  1.7301E-03  4.1304E-06  2.8078E-05  2.9613E-05
  1.7444E-03  4.1990E-06  2.8531E-05  3.0091E-05
  1.7587E-03  4.2685E-06  2.8990E-05  3.0575E-05
  1.7732E-03  4.3390E-06  2.9456E-05  3.1066E-05
  1.7878E-03  4.4105E-06  2.9928E-05  3.1563E-05
  1.8024E-03  4.4830E-06  3.0406E-05  3.2067E-05
  1.8171E-03  4.5565E-06  3.0891E-05  3.2579E-05
  1.8319E-03  4.6310E-06  3.1383E-05  3.3097E-05
  1.8468E-03  4.7066E-06  3.1882E-05  3.3622E-05
  1.8618E-03  4.7833E-06  3.2387E-05  3.4155E-05
  1.8768E-03  4.8610E-06  3.2899E-05  3.4694E-05
  1.8920E-03  4.9398E-06  3.3418E-05  3.5242E-05
  1.9072E-03  5.0197E-06  3.3944E-05  3.5796E-05
  1.9226E-03  5.1007E-06  3.4478E-05  3.6358E-05
  1.9380E-03  5.1828E-06  3.5018E-05  3.6928E-05
  1.9535E-03  5.2661E-06  3.5566E-05  3.7505E-05
  1.9691E-03  5.3506E-06  3.6122E-05  3.8091E-05
  1.9848E-03  5.4362E-06  3.6685E-05  3.8684E-05
  2.0006E-03  5.5230E-06  3.7255E-05  3.9285E-05
  2.0164E-03  5.6109E-06  3.7833E-05  3.9895E-05
  2.0324E-03  5.7001E-06  3.8419E-05  4.0512E-05
  2.0485E-03  5.7906E-06  3.9013E-05  4.1138E-05
  2.0646E-03  5.8822E-06  3.9615E-05  4.1772E-05
  2.0808E-03  5.9752E-06  4.0225E-05  4.2415E-05
  2.0972E-03  6.0694E-06  4.0843E-05  4.3067E-05
  2.1136E-03  6.1649E-06  4.1470E-05  4.3727E-05
  2.1302E-03  6.2617E-06  4.2105E-05  4.4396E-05
  2.1468E-03  6.3598E-06  4.2748E-05  4.5074E-05
  2.1635E-03  6.4593E-06  4.3400E-05  4.5761E-05
  2.1803E-03  6.5601E-06  4.4061E-05  4.6457E-05
  2.1972E-03  6.6623E-06  4.4731E-05  4.7163E-05
  2.2143E-03  6.7659E-06  4.5409E-05  4.7878E-05
  2.2314E-03  6.8709E-06  4.6097E-05  4.8602E-05
  2.2486E-03  6.9774E-06  4.6793E-05  4.9336E-05
  2.2659E-03  7.0853E-06  4.7499E-05  5.0080E-05
  2.2833E-03  7.1946E-06  4.8214E-05  5.0834E-05
  2.3008E-03  7.3054E-06  4.8939E-05  5.1598E-05
  2.3185E-03  7.4177E-06  4.9674E-05  5.2372E-05
  2.3362E-03  7.5316E-06  5.0418E-05  5.3156E-05
  2.3540E-03  7.6470E-06  5.1172E-05  5.3950E-05
  2.3719E-03  7.7639E-06  5.1936E-05  5.4755E-05
  2.3900E-03  7.8824E-06  5.2710E-05  5.5571E-05
  2.4081E-03  8.0025E-06  5.3494E-05  5.6397E-05
  2.4264E-03  8.1242E-06  5.4288E-05  5.7234E-05
  2.4447E-03  8.2476E-06  5.5093E-05  5.8082E-05
  2.4632E-03  8.3726E-06  5.5909E-05  5.8942E-05
  2.4817E-03  8.4993E-06  5.6735E-05  5.9812E-05
  2.5004E-03  8.6277E-06  5.7573E-05  6.0694E-05
  2.5192E-03  8.7578E-06  5.8421E-05  6.1588E-05
  2.5381E-03  8.8896E-06  5.9280E-05  6.2493E-05
  2.5571E-03  9.0232E-06  6.0150E-05  6.3410E-05
  2.5762E-03  9.1586E-06  6.1032E-05  6.4340E-05
  2.5954E-03  9.2958E-06  6.1926E-05  6.5281E-05
  2.6148E-03  9.4349E-06  6.2831E-05  6.6234E-05
  2.6342E-03  9.5757E-06  6.3748E-05  6.7200E-05
  2.6538E-03  9.7185E-06  6.4676E-05  6.8179E-05
  2.6734E-03  9.8631E-06  6.5617E-05  6.9170E-05
  2.6932E-03  1.0010E-05  6.6570E-05  7.0175E-05
  2.7131E-03  1.0158E-05  6.7536E-05  7.1192E-05
  2.7332E-03  1.0309E-05  6.8514E-05  7.2222E-05
  2.7533E-03  1.0461E-05  6.9505E-05  7.3266E-05
  2.7736E-03  1.0616E-05  7.0508E-05  7.4323E-05
  2.7939E-03  1.0772E-05  7.1525E-05  7.5394E-05
  2.8144E-03  1.0931E-05  7.2555E-05  7.6479E-05
  2.8350E-03  1.1091E-05  7.3598E-05  7.7578E-05
  2.8558E-03  1.1254E-05  7.4654E-05  7.8691E-05
  2.8766E-03  1.1419E-05  7.5724E-05  7.9819E-05
  2.8976E-03  1.1586E-05  7.6808E-05  8.0961E-05
  2.9187E-03  1.1756E-05  7.7906E-05  8.2117E-05
  2.9399E-03  1.1927E-05  7.9019E-05  8.3289E-05
  2.9612E-03  1.2101E-05  8.0145E-05  8.4476E-05
  2.9827E-03  1.2277E-05  8.1286E-05  8.5678E-05
  3.0043E-03  1.2455E-05  8.2441E-05  8.6895E-05
  3.0260E-03  1.2636E-05  8.3612E-05  8.8128E-05
  3.0479E-03  1.2819E-05  8.4797E-05  8.9377E-05
  3.0698E-03  1.3005E-05  8.5998E-05  9.0642E-05
  3.0919E-03  1.3193E-05  8.7214E-05  9.1923E-05
  3.1142E-03  1.3383E-05  8.8445E-05  9.3220E-05
  3.1365E-03  1.3576E-05  8.9693E-05  9.4534E-05
  3.1590E-03  1.3771E-05  9.0956E-05  9.5865E-05
  3.1816E-03  1.3969E-05  9.2235E-05  9.7212E-05
  3.2044E-03  1.4169E-05  9.3531E-05  9.8577E-05
  3.2272E-03  1.4373E-05  9.4843E-05  9.9960E-05
  3.2503E-03  1.4578E-05  9.6172E-05  1.0136E-04
  3.2734E-03  1.4787E-05  9.7518E-05  1.0278E-04
  3.2967E-03  1.4998E-05  9.8881E-05  1.0421E-04
  3.3201E-03  1.5212E-05  1.0026E-04  1.0567E-04
  3.3437E-03  1.5428E-05  1.0166E-04  1.0714E-04
  3.3673E-03  1.5648E-05  1.0307E-04  1.0863E-04
  3.3912E-03  1.5870E-05  1.0451E-04  1.1014E-04
  3.4151E-03  1.6095E-05  1.0596E-04  1.1167E-04
  3.4393E-03  1.6323E-05  1.0743E-04  1.1322E-04
  3.4635E-03  1.6554E-05  1.0892E-04  1.1479E-04
  3.4879E-03  1.6788E-05  1.1043E-04  1.1637E-04
  3.5124E-03  1.7025E-05  1.1195E-04  1.1798E-04
  3.5371E-03  1.7265E-05  1.1350E-04  1.1961E-04
  3.5619E-03  1.7508E-05  1.1506E-04  1.2126E-04
  3.5869E-03  1.7754E-05  1.1665E-04  1.2293E-04
  3.6120E-03  1.8004E-05  1.1826E-04  1.2462E-04
  3.6372E-03  1.8256E-05  1.1988E-04  1.2633E-04
  3.6626E-03  1.8512E-05  1.2153E-04  1.2807E-04
  3.6882E-03  1.8772E-05  1.2319E-04  1.2982E-04
  3.7139E-03  1.9034E-05  1.2488E-04  1.3160E-04
  3.7397E-03  1.9300E-05  1.2659E-04  1.3340E-04
  3.7657E-03  1.9569E-05  1.2832E-04  1.3522E-04
  3.7919E-03  1.9842E-05  1.3007E-04  1.3707E-04
  3.8182E-03  2.0118E-05  1.3185E-04  1.3894E-04
  3.8446E-03  2.0398E-05  1.3364E-04  1.4083E-04
  3.8713E-03  2.0681E-05  1.3546E-04  1.4274E-04
  3.8980E-03  2.0968E-05  1.3730E-04  1.4468E-04
  3.9249E-03  2.1259E-05  1.3917E-04  1.4665E-04
  3.9520E-03  2.1553E-05  1.4105E-04  1.4863E-04
  3.9792E-03  2.1851E-05  1.4297E-04  1.5065E-04
  4.0066E-03  2.2153E-05  1.4490E-04  1.5269E-04
  4.0342E-03  2.2459E-05  1.4686E-04  1.5475E-04
  4.0619E-03  2.2768E-05  1.4884E-04  1.5684E-04
  4.0898E-03  2.3082E-05  1.5085E-04  1.5895E-04
  4.1178E-03  2.3399E-05  1.5289E-04  1.6110E-04
  4.1460E-03  2.3721E-05  1.5495E-04  1.6326E-04
  4.1744E-03  2.4047E-05  1.5703E-04  1.6546E-04
  4.2029E-03  2.4377E-05  1.5914E-04  1.6768E-04
  4.2316E-03  2.4711E-05  1.6128E-04  1.6993E-04
  4.2605E-03  2.5049E-05  1.6344E-04  1.7221E-04
  4.2895E-03  2.5391E-05  1.6563E-04  1.7452E-04
  4.3187E-03  2.5738E-05  1.6785E-04  1.7685E-04
  4.3481E-03  2.6089E-05  1.7009E-04  1.7922E-04
  4.3776E-03  2.6445E-05  1.7237E-04  1.8161E-04
  4.4073E-03  2.6805E-05  1.7467E-04  1.8403E-04
  4.4372E-03  2.7170E-05  1.7700E-04  1.8649E-04
  4.4673E-03  2.7539E-05  1.7936E-04  1.8897E-04
  4.4975E-03  2.7913E-05  1.8174E-04  1.9148E-04
  4.5279E-03  2.8292E-05  1.8416E-04  1.9403E-04
  4.5585E-03  2.8676E-05  1.8661E-04  1.9661E-04
  4.5892E-03  2.9064E-05  1.8908E-04  1.9922E-04
  4.6202E-03  2.9457E-05  1.9159E-04  2.0186E-04
  4.6513E-03  2.9856E-05  1.9413E-04  2.0453E-04
  4.6826E-03  3.0259E-05  1.9670E-04  2.0724E-04
  4.7141E-03  3.0667E-05  1.9930E-04  2.0997E-04
  4.7458E-03  3.1081E-05  2.0193E-04  2.1275E-04
  4.7776E-03  3.1499E-05  2.0460E-04  2.1555E-04
  4.8097E-03  3.1923E-05  2.0730E-04  2.1840E-04
  4.8419E-03  3.2352E-05  2.1003E-04  2.2127E-04
  4.8743E-03  3.2787E-05  2.1280E-04  2.2419E-04
  4.9069E-03  3.3227E-05  2.1560E-04  2.2713E-04
  4.9397E-03  3.3673E-05  2.1843E-04  2.3012E-04
  4.9727E-03  3.4124E-05  2.2130E-04  2.3314E-04
  5.0059E-03  3.4581E-05  2.2420E-04  2.3619E-04
  5.0392E-03  3.5043E-05  2.2714E-04  2.3929E-04
  5.0728E-03  3.5512E-05  2.3012E-04  2.4242E-04
  5.1066E-03  3.5986E-05  2.3313E-04  2.4559E-04
  5.1405E-03  3.6466E-05  2.3618E-04  2.4880E-04
  5.1747E-03  3.6952E-05  2.3926E-04  2.5205E-04
  5.2090E-03  3.7445E-05  2.4239E-04  2.5534E-04
  5.2436E-03  3.7943E-05  2.4555E-04  2.5867E-04
  5.2783E-03  3.8448E-05  2.4875E-04  2.6204E-04
  5.3133E-03  3.8959E-05  2.5199E-04  2.6545E-04
  5.3485E-03  3.9476E-05  2.5527E-04  2.6890E-04
  5.3838E-03  4.0000E-05  2.5859E-04  2.7240E-04
  5.4194E-03  4.0530E-05  2.6195E-04  2.7594E-04
  5.4552E-03  4.1067E-05  2.6535E-04  2.7952E-04
  5.4912E-03  4.1610E-05  2.6879E-04  2.8314E-04
  5.5273E-03  4.2161E-05  2.7227E-04  2.8681E-04
  5.5638E-03  4.2718E-05  2.7580E-04  2.9052E-04
  5.6004E-03  4.3282E-05  2.7937E-04  2.9428E-04
  5.6372E-03  4.3853E-05  2.8298E-04  2.9808E-04
  5.6742E-03  4.4432E-05  2.8663E-04  3.0193E-04
  5.7115E-03  4.5017E-05  2.9033E-04  3.0583E-04
  5.7490E-03  4.5610E-05  2.9408E-04  3.0977E-04
  5.7867E-03  4.6210E-05  2.9787E-04  3.1376E-04
  5.8246E-03  4.6817E-05  3.0171E-04  3.1780E-04
  5.8627E-03  4.7433E-05  3.0559E-04  3.2189E-04
  5.9011E-03  4.8055E-05  3.0952E-04  3.2603E-04
  5.9397E-03  4.8686E-05  3.1350E-04  3.3021E-04
  5.9785E-03  4.9324E-05  3.1753E-04  3.3445E-04
  6.0175E-03  4.9970E-05  3.2160E-04  3.3874E-04
  6.0568E-03  5.0624E-05  3.2572E-04  3.4308E-04
  6.0963E-03  5.1287E-05  3.2990E-04  3.4748E-04
  6.1360E-03  5.1957E-05  3.3412E-04  3.5193E-04
  6.1759E-03  5.2636E-05  3.3840E-04  3.5643E-04
  6.2161E-03  5.3323E-05  3.4273E-04  3.6098E-04
  6.2565E-03  5.4019E-05  3.4710E-04  3.6559E-04
  6.2972E-03  5.4723E-05  3.5154E-04  3.7026E-04
  6.3381E-03  5.5436E-05  3.5602E-04  3.7498E-04
  6.3792E-03  5.6158E-05  3.6056E-04  3.7976E-04
  6.4206E-03  5.6888E-05  3.6516E-04  3.8459E-04
  6.4622E-03  5.7628E-05  3.6981E-04  3.8949E-04
  6.5040E-03  5.8377E-05  3.7451E-04  3.9444E-04
  6.5461E-03  5.9135E-05  3.7927E-04  3.9945E-04
  6.5884E-03  5.9902E-05  3.8409E-04  4.0453E-04
  6.6310E-03  6.0679E-05  3.8897E-04  4.0966E-04
  6.6739E-03  6.1465E-05  3.9390E-04  4.1486E-04
  6.7169E-03  6.2262E-05  3.9890E-04  4.2011E-04
  6.7603E-03  6.3068E-05  4.0395E-04  4.2543E-04
  6.8038E-03  6.3883E-05  4.0907E-04  4.3082E-04
  6.8477E-03  6.4709E-05  4.1425E-04  4.3627E-04
  6.8918E-03  6.5545E-05  4.1949E-04  4.4178E-04
  6.9361E-03  6.6392E-05  4.2479E-04  4.4736E-04
  6.9807E-03  6.7248E-05  4.3015E-04  4.5301E-04
  7.0256E-03  6.8116E-05  4.3558E-04  4.5872E-04
  7.0707E-03  6.8993E-05  4.4108E-04  4.6451E-04
  7.1161E-03  6.9882E-05  4.4664E-04  4.7036E-04
  7.1618E-03  7.0782E-05  4.5226E-04  4.7628E-04
  7.2077E-03  7.1692E-05  4.5796E-04  4.8228E-04
  7.2539E-03  7.2614E-05  4.6372E-04  4.8834E-04
  7.3003E-03  7.3547E-05  4.6955E-04  4.9448E-04
  7.3471E-03  7.4492E-05  4.7545E-04  5.0069E-04
  7.3941E-03  7.5448E-05  4.8142E-04  5.0697E-04
  7.4414E-03  7.6416E-05  4.8746E-04  5.1333E-04
  7.4889E-03  7.7396E-05  4.9357E-04  5.1976E-04
  7.5367E-03  7.8387E-05  4.9976E-04  5.2627E-04
  7.5848E-03  7.9391E-05  5.0602E-04  5.3286E-04
  7.6332E-03  8.0407E-05  5.1236E-04  5.3953E-04
  7.6819E-03  8.1436E-05  5.1877E-04  5.4628E-04
  7.7308E-03  8.2477E-05  5.2525E-04  5.5310E-04
  7.7801E-03  8.3531E-05  5.3182E-04  5.6001E-04
  7.8296E-03  8.4598E-05  5.3846E-04  5.6700E-04
  7.8794E-03  8.5678E-05  5.4518E-04  5.7407E-04
  7.9295E-03  8.6771E-05  5.5198E-04  5.8123E-04
  7.9799E-03  8.7877E-05  5.5886E-04  5.8847E-04
  8.0306E-03  8.8997E-05  5.6582E-04  5.9580E-04
  8.0816E-03  9.0131E-05  5.7287E-04  6.0321E-04
  8.1328E-03  9.1278E-05  5.7999E-04  6.1071E-04
  8.1844E-03  9.2439E-05  5.8721E-04  6.1830E-04
  8.2363E-03  9.3615E-05  5.9451E-04  6.2598E-04
  8.2885E-03  9.4805E-05  6.0189E-04  6.3376E-04
  8.3409E-03  9.6009E-05  6.0936E-04  6.4162E-04
  8.3937E-03  9.7228E-05  6.1692E-04  6.4957E-04
  8.4468E-03  9.8462E-05  6.2457E-04  6.5763E-04
  8.5002E-03  9.9711E-05  6.3231E-04  6.6577E-04
  8.5539E-03  1.0098E-04  6.4015E-04  6.7401E-04
  8.6080E-03  1.0226E-04  6.4807E-04  6.8235E-04
  8.6623E-03  1.0355E-04  6.5609E-04  6.9079E-04
  8.7170E-03  1.0486E-04  6.6420E-04  6.9933E-04
  8.7719E-03  1.0619E-04  6.7241E-04  7.0796E-04
  8.8272E-03  1.0753E-04  6.8072E-04  7.1670E-04
  8.8829E-03  1.0889E-04  6.8912E-04  7.2554E-04
  8.9388E-03  1.1027E-04  6.9762E-04  7.3449E-04
  8.9951E-03  1.1166E-04  7.0622E-04  7.4354E-04
  9.0517E-03  1.1307E-04  7.1493E-04  7.5270E-04
  9.1086E-03  1.1450E-04  7.2373E-04  7.6197E-04
  9.1658E-03  1.1594E-04  7.3264E-04  7.7134E-04
  9.2234E-03  1.1740E-04  7.4166E-04  7.8082E-04
  9.2814E-03  1.1888E-04  7.5078E-04  7.9042E-04
  9.3396E-03  1.2038E-04  7.6001E-04  8.0013E-04
  9.3982E-03  1.2189E-04  7.6934E-04  8.0995E-04
  9.4572E-03  1.2343E-04  7.7879E-04  8.1989E-04
  9.5164E-03  1.2498E-04  7.8835E-04  8.2995E-04
  9.5761E-03  1.2655E-04  7.9802E-04  8.4012E-04
  9.6361E-03  1.2814E-04  8.0780E-04  8.5041E-04
  9.6964E-03  1.2975E-04  8.1770E-04  8.6082E-04
  9.7571E-03  1.3138E-04  8.2771E-04  8.7136E-04
  9.8181E-03  1.3303E-04  8.3784E-04  8.8201E-04
  9.8795E-03  1.3470E-04  8.4809E-04  8.9280E-04
  9.9412E-03  1.3639E-04  8.5846E-04  9.0371E-04
  1.0003E-02  1.3810E-04  8.6895E-04  9.1474E-04
  1.0066E-02  1.3983E-04  8.7956E-04  9.2591E-04
  1.0129E-02  1.4158E-04  8.9030E-04  9.3720E-04
  1.0192E-02  1.4335E-04  9.0116E-04  9.4863E-04
  1.0255E-02  1.4514E-04  9.1215E-04  9.6019E-04
  1.0319E-02  1.4696E-04  9.2327E-04  9.7189E-04
  1.0384E-02  1.4880E-04  9.3452E-04  9.8372E-04
  1.0448E-02  1.5065E-04  9.4589E-04  9.9569E-04
  1.0513E-02  1.5254E-04  9.5741E-04  1.0078E-03
  1.0579E-02  1.5444E-04  9.6905E-04  1.0200E-03
  1.0645E-02  1.5637E-04  9.8083E-04  1.0324E-03
  1.0711E-02  1.5832E-04  9.9275E-04  1.0450E-03
  1.0777E-02  1.6029E-04  1.0048E-03  1.0577E-03
  1.0844E-02  1.6229E-04  1.0170E-03  1.0705E-03
  1.0912E-02  1.6432E-04  1.0293E-03  1.0835E-03
  1.0979E-02  1.6636E-04  1.0418E-03  1.0966E-03
  1.1048E-02  1.6843E-04  1.0545E-03  1.1099E-03
  1.1116E-02  1.7053E-04  1.0672E-03  1.1233E-03
  1.1185E-02  1.7265E-04  1.0802E-03  1.1369E-03
  1.1254E-02  1.7480E-04  1.0932E-03  1.1507E-03
  1.1324E-02  1.7697E-04  1.1065E-03  1.1646E-03
  1.1394E-02  1.7917E-04  1.1198E-03  1.1787E-03
  1.1465E-02  1.8140E-04  1.1334E-03  1.1929E-03
  1.1536E-02  1.8365E-04  1.1471E-03  1.2073E-03
  1.1607E-02  1.8593E-04  1.1609E-03  1.2219E-03
  1.1679E-02  1.8824E-04  1.1749E-03  1.2366E-03
  1.1751E-02  1.9058E-04  1.1891E-03  1.2515E-03
  1.1824E-02  1.9294E-04  1.2034E-03  1.2666E-03
  1.1897E-02  1.9533E-04  1.2179E-03  1.2818E-03
  1.1971E-02  1.9775E-04  1.2326E-03  1.2973E-03
  1.2044E-02  2.0020E-04  1.2475E-03  1.3129E-03
  1.2119E-02  2.0268E-04  1.2625E-03  1.3287E-03
  1.2194E-02  2.0519E-04  1.2777E-03  1.3446E-03
  1.2269E-02  2.0773E-04  1.2930E-03  1.3608E-03
  1.2344E-02  2.1030E-04  1.3086E-03  1.3771E-03
  1.2421E-02  2.1290E-04  1.3243E-03  1.3936E-03
  1.2497E-02  2.1553E-04  1.3402E-03  1.4104E-03
  1.2574E-02  2.1820E-04  1.3563E-03  1.4273E-03
  1.2651E-02  2.2089E-04  1.3725E-03  1.4444E-03
  1.2729E-02  2.2362E-04  1.3890E-03  1.4617E-03
  1.2808E-02  2.2638E-04  1.4056E-03  1.4792E-03
  1.2886E-02  2.2918E-04  1.4225E-03  1.4969E-03
  1.2966E-02  2.3201E-04  1.4395E-03  1.5148E-03
  1.3045E-02  2.3487E-04  1.4567E-03  1.5329E-03
  1.3126E-02  2.3776E-04  1.4742E-03  1.5512E-03
  1.3206E-02  2.4069E-04  1.4918E-03  1.5698E-03
  1.3287E-02  2.4366E-04  1.5096E-03  1.5885E-03
  1.3369E-02  2.4666E-04  1.5276E-03  1.6075E-03
  1.3451E-02  2.4970E-04  1.5459E-03  1.6267E-03
  1.3534E-02  2.5277E-04  1.5643E-03  1.6461E-03
  1.3617E-02  2.5589E-04  1.5830E-03  1.6657E-03
  1.3700E-02  2.5903E-04  1.6019E-03  1.6855E-03
  1.3784E-02  2.6222E-04  1.6210E-03  1.7056E-03
  1.3869E-02  2.6544E-04  1.6403E-03  1.7259E-03
  1.3954E-02  2.6871E-04  1.6598E-03  1.7464E-03
  1.4039E-02  2.7201E-04  1.6796E-03  1.7672E-03
  1.4125E-02  2.7535E-04  1.6995E-03  1.7882E-03
  1.4211E-02  2.7873E-04  1.7198E-03  1.8095E-03
  1.4298E-02  2.8215E-04  1.7402E-03  1.8309E-03
  1.4386E-02  2.8562E-04  1.7609E-03  1.8527E-03
  1.4474E-02  2.8912E-04  1.7818E-03  1.8747E-03
  1.4562E-02  2.9267E-04  1.8029E-03  1.8969E-03
  1.4651E-02  2.9626E-04  1.8243E-03  1.9194E-03
  1.4741E-02  2.9989E-04  1.8460E-03  1.9421E-03
  1.4831E-02  3.0356E-04  1.8679E-03  1.9651E-03
  1.4921E-02  3.0728E-04  1.8900E-03  1.9884E-03
  1.5013E-02  3.1105E-04  1.9124E-03  2.0119E-03
  1.5104E-02  3.1486E-04  1.9350E-03  2.0357E-03
  1.5196E-02  3.1871E-04  1.9579E-03  2.0598E-03
  1.5289E-02  3.2261E-04  1.9811E-03  2.0841E-03
  1.5382E-02  3.2656E-04  2.0045E-03  2.1088E-03
  1.5476E-02  3.3055E-04  2.0282E-03  2.1337E-03
  1.5570E-02  3.3460E-04  2.0521E-03  2.1588E-03
  1.5665E-02  3.3869E-04  2.0764E-03  2.1843E-03
  1.5761E-02  3.4283E-04  2.1009E-03  2.2101E-03
  1.5857E-02  3.4702E-04  2.1257E-03  2.2361E-03
  1.5953E-02  3.5125E-04  2.1507E-03  2.2625E-03
  1.6050E-02  3.5554E-04  2.1761E-03  2.2891E-03
  1.6148E-02  3.5988E-04  2.2017E-03  2.3161E-03
  1.6246E-02  3.6428E-04  2.2277E-03  2.3433E-03
  1.6345E-02  3.6872E-04  2.2539E-03  2.3709E-03
  1.6444E-02  3.7322E-04  2.2804E-03  2.3987E-03
  1.6544E-02  3.7777E-04  2.3072E-03  2.4269E-03
  1.6645E-02  3.8238E-04  2.3344E-03  2.4554E-03
  1.6746E-02  3.8704E-04  2.3618E-03  2.4843E-03
  1.6848E-02  3.9176E-04  2.3895E-03  2.5134E-03
  1.6950E-02  3.9653E-04  2.4176E-03  2.5429E-03
  1.7053E-02  4.0136E-04  2.4460E-03  2.5727E-03
  1.7157E-02  4.0625E-04  2.4747E-03  2.6028E-03
  1.7261E-02  4.1120E-04  2.5037E-03  2.6333E-03
  1.7365E-02  4.1620E-04  2.5330E-03  2.6642E-03
  1.7471E-02  4.2127E-04  2.5627E-03  2.6954E-03
  1.7577E-02  4.2639E-04  2.5927E-03  2.7269E-03
  1.7683E-02  4.3158E-04  2.6231E-03  2.7588E-03
  1.7790E-02  4.3683E-04  2.6538E-03  2.7910E-03
  1.7898E-02  4.4214E-04  2.6848E-03  2.8236E-03
  1.8007E-02  4.4751E-04  2.7162E-03  2.8566E-03
  1.8116E-02  4.5295E-04  2.7479E-03  2.8900E-03
  1.8225E-02  4.5845E-04  2.7800E-03  2.9237E-03
  1.8336E-02  4.6402E-04  2.8125E-03  2.9578E-03
  1.8447E-02  4.6966E-04  2.8453E-03  2.9923E-03
  1.8558E-02  4.7536E-04  2.8785E-03  3.0271E-03
  1.8671E-02  4.8113E-04  2.9121E-03  3.0624E-03
  1.8784E-02  4.8697E-04  2.9460E-03  3.0980E-03
  1.8897E-02  4.9287E-04  2.9803E-03  3.1341E-03
  1.9011E-02  4.9885E-04  3.0150E-03  3.1706E-03
  1.9126E-02  5.0490E-04  3.0501E-03  3.2074E-03
  1.9242E-02  5.1102E-04  3.0856E-03  3.2447E-03
  1.9358E-02  5.1722E-04  3.1215E-03  3.2824E-03
  1.9475E-02  5.2349E-04  3.1578E-03  3.3205E-03
  1.9593E-02  5.2983E-04  3.1945E-03  3.3590E-03
  1.9711E-02  5.3625E-04  3.2316E-03  3.3980E-03
  1.9830E-02  5.4274E-04  3.2691E-03  3.4374E-03
  1.9950E-02  5.4932E-04  3.3071E-03  3.4773E-03
  2.0070E-02  5.5597E-04  3.3454E-03  3.5176E-03
  2.0191E-02  5.6270E-04  3.3842E-03  3.5583E-03
  2.0313E-02  5.6950E-04  3.4235E-03  3.5995E-03
  2.0435E-02  5.7639E-04  3.4631E-03  3.6412E-03
  2.0559E-02  5.8337E-04  3.5032E-03  3.6833E-03
  2.0682E-02  5.9042E-04  3.5438E-03  3.7258E-03
  2.0807E-02  5.9756E-04  3.5848E-03  3.7689E-03
  2.0932E-02  6.0479E-04  3.6263E-03  3.8124E-03
  2.1059E-02  6.1210E-04  3.6682E-03  3.8565E-03
  2.1185E-02  6.1949E-04  3.7106E-03  3.9010E-03
  2.1313E-02  6.2698E-04  3.7534E-03  3.9460E-03
  2.1441E-02  6.3455E-04  3.7968E-03  3.9915E-03
  2.1570E-02  6.4221E-04  3.8406E-03  4.0375E-03
  2.1700E-02  6.4997E-04  3.8849E-03  4.0840E-03
  2.1831E-02  6.5782E-04  3.9297E-03  4.1310E-03
  2.1962E-02  6.6576E-04  3.9750E-03  4.1786E-03
  2.2094E-02  6.7379E-04  4.0208E-03  4.2266E-03
  2.2227E-02  6.8192E-04  4.0671E-03  4.2753E-03
  2.2361E-02  6.9015E-04  4.1139E-03  4.3244E-03
  2.2495E-02  6.9847E-04  4.1612E-03  4.3741E-03
  2.2630E-02  7.0689E-04  4.2091E-03  4.4243E-03
  2.2766E-02  7.1542E-04  4.2575E-03  4.4751E-03
  2.2903E-02  7.2404E-04  4.3064E-03  4.5265E-03
  2.3041E-02  7.3277E-04  4.3558E-03  4.5784E-03
  2.3179E-02  7.4160E-04  4.4058E-03  4.6309E-03
  2.3318E-02  7.5053E-04  4.4564E-03  4.6839E-03
  2.3458E-02  7.5957E-04  4.5075E-03  4.7376E-03
  2.3599E-02  7.6872E-04  4.5592E-03  4.7918E-03
  2.3741E-02  7.7798E-04  4.6115E-03  4.8467E-03
  2.3883E-02  7.8734E-04  4.6643E-03  4.9021E-03
  2.4026E-02  7.9682E-04  4.7177E-03  4.9582E-03
  2.4170E-02  8.0641E-04  4.7717E-03  5.0148E-03
  2.4315E-02  8.1611E-04  4.8263E-03  5.0721E-03
  2.4461E-02  8.2593E-04  4.8815E-03  5.1300E-03
  2.4608E-02  8.3587E-04  4.9373E-03  5.1886E-03
  2.4755E-02  8.4592E-04  4.9937E-03  5.2478E-03
  2.4904E-02  8.5609E-04  5.0507E-03  5.3076E-03
  2.5053E-02  8.6639E-04  5.1083E-03  5.3681E-03
  2.5203E-02  8.7680E-04  5.1666E-03  5.4292E-03
  2.5354E-02  8.8734E-04  5.2255E-03  5.4911E-03
  2.5506E-02  8.9800E-04  5.2851E-03  5.5536E-03
  2.5658E-02  9.0879E-04  5.3453E-03  5.6167E-03
  2.5812E-02  9.1971E-04  5.4062E-03  5.6806E-03
  2.5967E-02  9.3076E-04  5.4678E-03  5.7452E-03
  2.6122E-02  9.4193E-04  5.5300E-03  5.8104E-03
  2.6278E-02  9.5324E-04  5.5929E-03  5.8764E-03
  2.6435E-02  9.6469E-04  5.6564E-03  5.9431E-03
  2.6594E-02  9.7627E-04  5.7207E-03  6.0105E-03
  2.6753E-02  9.8798E-04  5.7857E-03  6.0787E-03
  2.6913E-02  9.9984E-04  5.8514E-03  6.1476E-03
  2.7074E-02  1.0118E-03  5.9178E-03  6.2172E-03
  2.7235E-02  1.0240E-03  5.9849E-03  6.2876E-03
  2.7398E-02  1.0363E-03  6.0528E-03  6.3588E-03
  2.7562E-02  1.0487E-03  6.1213E-03  6.4308E-03
  2.7727E-02  1.0613E-03  6.1907E-03  6.5035E-03
  2.7892E-02  1.0740E-03  6.2608E-03  6.5770E-03
  2.8059E-02  1.0869E-03  6.3316E-03  6.6513E-03
  2.8226E-02  1.0999E-03  6.4032E-03  6.7264E-03
  2.8395E-02  1.1131E-03  6.4756E-03  6.8023E-03
  2.8565E-02  1.1264E-03  6.5488E-03  6.8790E-03
  2.8735E-02  1.1399E-03  6.6228E-03  6.9566E-03
  2.8907E-02  1.1535E-03  6.6976E-03  7.0350E-03
  2.9079E-02  1.1674E-03  6.7731E-03  7.1142E-03
  2.9253E-02  1.1813E-03  6.8495E-03  7.1943E-03
  2.9427E-02  1.1955E-03  6.9268E-03  7.2753E-03
  2.9603E-02  1.2098E-03  7.0048E-03  7.3571E-03
  2.9779E-02  1.2243E-03  7.0837E-03  7.4399E-03
  2.9957E-02  1.2389E-03  7.1635E-03  7.5235E-03
  3.0136E-02  1.2538E-03  7.2441E-03  7.6080E-03
  3.0315E-02  1.2688E-03  7.3256E-03  7.6934E-03
  3.0496E-02  1.2839E-03  7.4079E-03  7.7797E-03
  3.0678E-02  1.2993E-03  7.4911E-03  7.8670E-03
  3.0861E-02  1.3148E-03  7.5753E-03  7.9551E-03
  3.1045E-02  1.3306E-03  7.6603E-03  8.0443E-03
  3.1229E-02  1.3465E-03  7.7463E-03  8.1344E-03
  3.1416E-02  1.3626E-03  7.8332E-03  8.2254E-03
  3.1603E-02  1.3789E-03  7.9210E-03  8.3174E-03
  3.1791E-02  1.3953E-03  8.0097E-03  8.4104E-03
  3.1980E-02  1.4120E-03  8.0994E-03  8.5044E-03
  3.2171E-02  1.4289E-03  8.1901E-03  8.5994E-03
  3.2362E-02  1.4460E-03  8.2817E-03  8.6955E-03
  3.2555E-02  1.4632E-03  8.3743E-03  8.7925E-03
  3.2749E-02  1.4807E-03  8.4679E-03  8.8906E-03
  3.2943E-02  1.4984E-03  8.5625E-03  8.9897E-03
  3.3139E-02  1.5163E-03  8.6581E-03  9.0898E-03
  3.3337E-02  1.5344E-03  8.7547E-03  9.1911E-03
  3.3535E-02  1.5527E-03  8.8524E-03  9.2934E-03
  3.3734E-02  1.5713E-03  8.9511E-03  9.3968E-03
  3.3935E-02  1.5900E-03  9.0508E-03  9.5013E-03
  3.4137E-02  1.6090E-03  9.1516E-03  9.6069E-03
  3.4340E-02  1.6282E-03  9.2535E-03  9.7136E-03
  3.4544E-02  1.6476E-03  9.3565E-03  9.8214E-03
  3.4749E-02  1.6673E-03  9.4605E-03  9.9304E-03
  3.4956E-02  1.6872E-03  9.5657E-03  1.0041E-02
  3.5164E-02  1.7073E-03  9.6720E-03  1.0152E-02
  3.5373E-02  1.7277E-03  9.7793E-03  1.0264E-02
  3.5583E-02  1.7483E-03  9.8879E-03  1.0378E-02
  3.5794E-02  1.7691E-03  9.9976E-03  1.0493E-02
  3.6007E-02  1.7902E-03  1.0108E-02  1.0609E-02
  3.6221E-02  1.8115E-03  1.0220E-02  1.0726E-02
  3.6436E-02  1.8331E-03  1.0334E-02  1.0845E-02
  3.6652E-02  1.8550E-03  1.0448E-02  1.0964E-02
  3.6870E-02  1.8771E-03  1.0564E-02  1.1085E-02
  3.7089E-02  1.8995E-03  1.0680E-02  1.1208E-02
  3.7309E-02  1.9221E-03  1.0798E-02  1.1331E-02
  3.7530E-02  1.9450E-03  1.0918E-02  1.1456E-02
  3.7753E-02  1.9682E-03  1.1038E-02  1.1582E-02
  3.7977E-02  1.9916E-03  1.1160E-02  1.1710E-02
  3.8202E-02  2.0153E-03  1.1283E-02  1.1839E-02
  3.8429E-02  2.0393E-03  1.1408E-02  1.1969E-02
  3.8657E-02  2.0636E-03  1.1533E-02  1.2100E-02
  3.8886E-02  2.0882E-03  1.1660E-02  1.2233E-02
  3.9117E-02  2.1130E-03  1.1788E-02  1.2368E-02
  3.9349E-02  2.1382E-03  1.1918E-02  1.2503E-02
  3.9582E-02  2.1636E-03  1.2049E-02  1.2640E-02
  3.9817E-02  2.1894E-03  1.2182E-02  1.2779E-02
  4.0053E-02  2.2155E-03  1.2315E-02  1.2919E-02
  4.0290E-02  2.2418E-03  1.2450E-02  1.3060E-02
  4.0529E-02  2.2685E-03  1.2587E-02  1.3203E-02
  4.0769E-02  2.2955E-03  1.2725E-02  1.3348E-02
  4.1011E-02  2.3228E-03  1.2864E-02  1.3493E-02
  4.1254E-02  2.3504E-03  1.3005E-02  1.3641E-02
  4.1498E-02  2.3784E-03  1.3148E-02  1.3790E-02
  4.1744E-02  2.4067E-03  1.3291E-02  1.3940E-02
  4.1991E-02  2.4353E-03  1.3437E-02  1.4092E-02
  4.2240E-02  2.4642E-03  1.3584E-02  1.4246E-02
  4.2490E-02  2.4935E-03  1.3732E-02  1.4401E-02
  4.2742E-02  2.5232E-03  1.3882E-02  1.4557E-02
  4.2995E-02  2.5532E-03  1.4033E-02  1.4716E-02
  4.3249E-02  2.5835E-03  1.4186E-02  1.4876E-02
  4.3505E-02  2.6142E-03  1.4341E-02  1.5037E-02
  4.3763E-02  2.6453E-03  1.4497E-02  1.5201E-02
  4.4022E-02  2.6767E-03  1.4655E-02  1.5365E-02
  4.4282E-02  2.7085E-03  1.4814E-02  1.5532E-02
  4.4544E-02  2.7407E-03  1.4975E-02  1.5700E-02
  4.4808E-02  2.7733E-03  1.5138E-02  1.5870E-02
  4.5073E-02  2.8062E-03  1.5302E-02  1.6042E-02
  4.5340E-02  2.8395E-03  1.5468E-02  1.6216E-02
  4.5608E-02  2.8733E-03  1.5636E-02  1.6391E-02
  4.5878E-02  2.9074E-03  1.5805E-02  1.6568E-02
  4.6149E-02  2.9419E-03  1.5976E-02  1.6747E-02
  4.6422E-02  2.9769E-03  1.6149E-02  1.6928E-02
  4.6696E-02  3.0122E-03  1.6324E-02  1.7110E-02
  4.6973E-02  3.0480E-03  1.6500E-02  1.7295E-02
  4.7250E-02  3.0841E-03  1.6679E-02  1.7481E-02
  4.7530E-02  3.1208E-03  1.6859E-02  1.7669E-02
  4.7811E-02  3.1578E-03  1.7041E-02  1.7859E-02
  4.8093E-02  3.1953E-03  1.7225E-02  1.8051E-02
  4.8377E-02  3.2332E-03  1.7410E-02  1.8245E-02
  4.8663E-02  3.2716E-03  1.7598E-02  1.8441E-02
  4.8951E-02  3.3104E-03  1.7787E-02  1.8639E-02
  4.9240E-02  3.3497E-03  1.7978E-02  1.8839E-02
  4.9531E-02  3.3894E-03  1.8172E-02  1.9040E-02
  4.9824E-02  3.4296E-03  1.8367E-02  1.9244E-02
  5.0118E-02  3.4703E-03  1.8564E-02  1.9450E-02
  5.0414E-02  3.5115E-03  1.8763E-02  1.9658E-02
  5.0712E-02  3.5531E-03  1.8965E-02  1.9868E-02
  5.1011E-02  3.5952E-03  1.9168E-02  2.0080E-02
  5.1312E-02  3.6379E-03  1.9373E-02  2.0295E-02
  5.1615E-02  3.6810E-03  1.9580E-02  2.0511E-02
  5.1920E-02  3.7247E-03  1.9790E-02  2.0730E-02
  5.2226E-02  3.7688E-03  2.0001E-02  2.0951E-02
  5.2535E-02  3.8135E-03  2.0215E-02  2.1174E-02
  5.2845E-02  3.8587E-03  2.0431E-02  2.1399E-02
  5.3157E-02  3.9045E-03  2.0649E-02  2.1626E-02
  5.3470E-02  3.9508E-03  2.0869E-02  2.1856E-02
  5.3786E-02  3.9976E-03  2.1091E-02  2.2088E-02
  5.4103E-02  4.0450E-03  2.1316E-02  2.2322E-02
  5.4423E-02  4.0929E-03  2.1543E-02  2.2559E-02
  5.4744E-02  4.1414E-03  2.1772E-02  2.2798E-02
  5.5067E-02  4.1905E-03  2.2003E-02  2.3039E-02
  5.5391E-02  4.2401E-03  2.2237E-02  2.3283E-02
  5.5718E-02  4.2904E-03  2.2472E-02  2.3529E-02
  5.6047E-02  4.3412E-03  2.2711E-02  2.3777E-02
  5.6377E-02  4.3926E-03  2.2951E-02  2.4028E-02
  5.6710E-02  4.4447E-03  2.3194E-02  2.4282E-02
  5.7044E-02  4.4973E-03  2.3440E-02  2.4537E-02
  5.7381E-02  4.5506E-03  2.3688E-02  2.4796E-02
  5.7719E-02  4.6045E-03  2.3938E-02  2.5057E-02
  5.8059E-02  4.6590E-03  2.4191E-02  2.5320E-02
  5.8401E-02  4.7142E-03  2.4446E-02  2.5586E-02
  5.8746E-02  4.7700E-03  2.4704E-02  2.5855E-02
  5.9092E-02  4.8265E-03  2.4964E-02  2.6126E-02
  5.9440E-02  4.8837E-03  2.5227E-02  2.6400E-02
  5.9790E-02  4.9415E-03  2.5492E-02  2.6677E-02
  6.0143E-02  5.0000E-03  2.5760E-02  2.6956E-02
  6.0497E-02  5.0592E-03  2.6031E-02  2.7238E-02
  6.0854E-02  5.1191E-03  2.6304E-02  2.7523E-02
  6.1212E-02  5.1797E-03  2.6580E-02  2.7810E-02
  6.1573E-02  5.2410E-03  2.6859E-02  2.8100E-02
  6.1935E-02  5.3030E-03  2.7140E-02  2.8393E-02
  6.2300E-02  5.3658E-03  2.7424E-02  2.8689E-02
  6.2667E-02  5.4293E-03  2.7711E-02  2.8988E-02
  6.3036E-02  5.4936E-03  2.8001E-02  2.9289E-02
  6.3407E-02  5.5586E-03  2.8293E-02  2.9594E-02
  6.3781E-02  5.6244E-03  2.8588E-02  2.9901E-02
  6.4156E-02  5.6909E-03  2.8887E-02  3.0212E-02
  6.4534E-02  5.7583E-03  2.9188E-02  3.0525E-02
  6.4914E-02  5.8264E-03  2.9491E-02  3.0841E-02
  6.5296E-02  5.8954E-03  2.9798E-02  3.1161E-02
  6.5681E-02  5.9651E-03  3.0108E-02  3.1483E-02
  6.6067E-02  6.0357E-03  3.0421E-02  3.1809E-02
  6.6456E-02  6.1071E-03  3.0737E-02  3.2137E-02
  6.6847E-02  6.1793E-03  3.1055E-02  3.2469E-02
  6.7241E-02  6.2524E-03  3.1377E-02  3.2804E-02
  6.7636E-02  6.3264E-03  3.1702E-02  3.3142E-02
  6.8034E-02  6.4012E-03  3.2030E-02  3.3483E-02
  6.8435E-02  6.4769E-03  3.2361E-02  3.3827E-02
  6.8837E-02  6.5535E-03  3.2696E-02  3.4175E-02
  6.9242E-02  6.6311E-03  3.3033E-02  3.4526E-02
  6.9650E-02  6.7095E-03  3.3374E-02  3.4880E-02
  7.0060E-02  6.7888E-03  3.3718E-02  3.5238E-02
  7.0472E-02  6.8691E-03  3.4065E-02  3.5598E-02
  7.0886E-02  6.9504E-03  3.4415E-02  3.5963E-02
  7.1303E-02  7.0325E-03  3.4769E-02  3.6330E-02
  7.1722E-02  7.1157E-03  3.5126E-02  3.6702E-02
  7.2144E-02  7.1998E-03  3.5487E-02  3.7076E-02
  7.2569E-02  7.2850E-03  3.5851E-02  3.7454E-02
  7.2995E-02  7.3711E-03  3.6218E-02  3.7836E-02
  7.3424E-02  7.4583E-03  3.6589E-02  3.8221E-02
  7.3856E-02  7.5464E-03  3.6963E-02  3.8610E-02
  7.4290E-02  7.6357E-03  3.7341E-02  3.9002E-02
  7.4727E-02  7.7259E-03  3.7722E-02  3.9398E-02
  7.5166E-02  7.8173E-03  3.8107E-02  3.9798E-02
  7.5608E-02  7.9097E-03  3.8495E-02  4.0201E-02
  7.6053E-02  8.0032E-03  3.8888E-02  4.0608E-02
  7.6500E-02  8.0978E-03  3.9283E-02  4.1019E-02
  7.6949E-02  8.1935E-03  3.9683E-02  4.1433E-02
  7.7402E-02  8.2903E-03  4.0086E-02  4.1852E-02
  7.7856E-02  8.3883E-03  4.0493E-02  4.2274E-02
  7.8314E-02  8.4875E-03  4.0903E-02  4.2700E-02
  7.8774E-02  8.5878E-03  4.1318E-02  4.3130E-02
  7.9237E-02  8.6893E-03  4.1736E-02  4.3564E-02
  7.9703E-02  8.7920E-03  4.2158E-02  4.4002E-02
  8.0171E-02  8.8959E-03  4.2584E-02  4.4443E-02
  8.0642E-02  9.0011E-03  4.3014E-02  4.4889E-02
  8.1116E-02  9.1074E-03  4.3448E-02  4.5339E-02
  8.1592E-02  9.2151E-03  4.3885E-02  4.5793E-02
  8.2071E-02  9.3240E-03  4.4327E-02  4.6251E-02
  8.2553E-02  9.4341E-03  4.4773E-02  4.6713E-02
  8.3038E-02  9.5456E-03  4.5223E-02  4.7179E-02
  8.3526E-02  9.6584E-03  4.5677E-02  4.7650E-02
  8.4016E-02  9.7726E-03  4.6135E-02  4.8124E-02
  8.4510E-02  9.8880E-03  4.6597E-02  4.8603E-02
  8.5006E-02  1.0005E-02  4.7064E-02  4.9087E-02
  8.5505E-02  1.0123E-02  4.7534E-02  4.9574E-02
  8.6007E-02  1.0243E-02  4.8009E-02  5.0066E-02
  8.6512E-02  1.0364E-02  4.8489E-02  5.0562E-02
  8.7020E-02  1.0486E-02  4.8972E-02  5.1063E-02
  8.7531E-02  1.0610E-02  4.9460E-02  5.1568E-02
  8.8045E-02  1.0735E-02  4.9952E-02  5.2078E-02
  8.8562E-02  1.0862E-02  5.0449E-02  5.2592E-02
  8.9082E-02  1.0991E-02  5.0950E-02  5.3110E-02
  8.9604E-02  1.1121E-02  5.1456E-02  5.3633E-02
  9.0130E-02  1.1252E-02  5.1966E-02  5.4161E-02
  9.0659E-02  1.1385E-02  5.2480E-02  5.4694E-02
  9.1191E-02  1.1519E-02  5.3000E-02  5.5231E-02
  9.1726E-02  1.1655E-02  5.3523E-02  5.5772E-02
  9.2265E-02  1.1793E-02  5.4052E-02  5.6319E-02
  9.2806E-02  1.1933E-02  5.4585E-02  5.6870E-02
  9.3351E-02  1.2073E-02  5.5123E-02  5.7426E-02
  9.3898E-02  1.2216E-02  5.5666E-02  5.7987E-02
  9.4449E-02  1.2360E-02  5.6213E-02  5.8553E-02
  9.5003E-02  1.2506E-02  5.6765E-02  5.9123E-02
  9.5561E-02  1.2654E-02  5.7322E-02  5.9699E-02
  9.6121E-02  1.2804E-02  5.7884E-02  6.0279E-02
  9.6685E-02  1.2955E-02  5.8451E-02  6.0865E-02
  9.7252E-02  1.3108E-02  5.9023E-02  6.1455E-02
  9.7823E-02  1.3263E-02  5.9600E-02  6.2051E-02
  9.8397E-02  1.3420E-02  6.0181E-02  6.2652E-02
  9.8974E-02  1.3578E-02  6.0768E-02  6.3257E-02
  9.9554E-02  1.3739E-02  6.1360E-02  6.3868E-02
  1.0014E-01  1.3901E-02  6.1957E-02  6.4484E-02
  1.0073E-01  1.4065E-02  6.2559E-02  6.5106E-02
  1.0132E-01  1.4231E-02  6.3167E-02  6.5732E-02
  1.0191E-01  1.4399E-02  6.3779E-02  6.6364E-02
  1.0251E-01  1.4570E-02  6.4397E-02  6.7001E-02
  1.0311E-01  1.4742E-02  6.5020E-02  6.7644E-02
  1.0371E-01  1.4916E-02  6.5649E-02  6.8292E-02
  1.0432E-01  1.5092E-02  6.6282E-02  6.8945E-02
  1.0493E-01  1.5270E-02  6.6922E-02  6.9604E-02
  1.0555E-01  1.5451E-02  6.7566E-02  7.0268E-02
  1.0617E-01  1.5633E-02  6.8217E-02  7.0938E-02
  1.0679E-01  1.5818E-02  6.8872E-02  7.1614E-02
  1.0741E-01  1.6005E-02  6.9533E-02  7.2295E-02
  1.0804E-01  1.6194E-02  7.0200E-02  7.2981E-02
  1.0868E-01  1.6385E-02  7.0873E-02  7.3674E-02
  1.0931E-01  1.6579E-02  7.1551E-02  7.4372E-02
  1.0996E-01  1.6775E-02  7.2234E-02  7.5076E-02
  1.1060E-01  1.6973E-02  7.2924E-02  7.5785E-02
  1.1125E-01  1.7174E-02  7.3619E-02  7.6500E-02
  1.1190E-01  1.7377E-02  7.4320E-02  7.7222E-02
  1.1256E-01  1.7582E-02  7.5027E-02  7.7949E-02
  1.1322E-01  1.7790E-02  7.5740E-02  7.8682E-02
  1.1388E-01  1.8000E-02  7.6458E-02  7.9420E-02
  1.1455E-01  1.8213E-02  7.7183E-02  8.0165E-02
  1.1522E-01  1.8428E-02  7.7913E-02  8.0916E-02
  1.1589E-01  1.8646E-02  7.8650E-02  8.1673E-02
  1.1657E-01  1.8866E-02  7.9393E-02  8.2436E-02
  1.1725E-01  1.9089E-02  8.0141E-02  8.3205E-02
  1.1794E-01  1.9315E-02  8.0896E-02  8.3981E-02
  1.1863E-01  1.9543E-02  8.1657E-02  8.4762E-02
  1.1933E-01  1.9774E-02  8.2424E-02  8.5550E-02
  1.2003E-01  2.0008E-02  8.3198E-02  8.6344E-02
  1.2073E-01  2.0244E-02  8.3978E-02  8.7144E-02
  1.2144E-01  2.0483E-02  8.4764E-02  8.7950E-02
  1.2215E-01  2.0726E-02  8.5556E-02  8.8763E-02
  1.2286E-01  2.0971E-02  8.6355E-02  8.9582E-02
  1.2358E-01  2.1218E-02  8.7160E-02  9.0408E-02
  1.2431E-01  2.1469E-02  8.7972E-02  9.1240E-02
  1.2503E-01  2.1723E-02  8.8790E-02  9.2079E-02
  1.2577E-01  2.1980E-02  8.9614E-02  9.2924E-02
  1.2650E-01  2.2240E-02  9.0446E-02  9.3776E-02
  1.2724E-01  2.2503E-02  9.1284E-02  9.4634E-02
  1.2799E-01  2.2769E-02  9.2128E-02  9.5499E-02
  1.2874E-01  2.3038E-02  9.2979E-02  9.6370E-02
  1.2949E-01  2.3310E-02  9.3837E-02  9.7249E-02
  1.3025E-01  2.3586E-02  9.4702E-02  9.8134E-02
  1.3101E-01  2.3865E-02  9.5573E-02  9.9025E-02
  1.3178E-01  2.4147E-02  9.6451E-02  9.9924E-02
  1.3255E-01  2.4433E-02  9.7337E-02  1.0083E-01
  1.3333E-01  2.4722E-02  9.8229E-02  1.0174E-01
  1.3411E-01  2.5014E-02  9.9128E-02  1.0266E-01
  1.3489E-01  2.5310E-02  1.0003E-01  1.0359E-01
  1.3568E-01  2.5609E-02  1.0095E-01  1.0452E-01
  1.3648E-01  2.5912E-02  1.0187E-01  1.0546E-01
  1.3727E-01  2.6218E-02  1.0279E-01  1.0641E-01
  1.3808E-01  2.6529E-02  1.0373E-01  1.0736E-01
  1.3889E-01  2.6842E-02  1.0467E-01  1.0832E-01
  1.3970E-01  2.7160E-02  1.0562E-01  1.0929E-01
  1.4052E-01  2.7481E-02  1.0657E-01  1.1027E-01
  1.4134E-01  2.7806E-02  1.0754E-01  1.1125E-01
  1.4217E-01  2.8135E-02  1.0851E-01  1.1224E-01
  1.4300E-01  2.8468E-02  1.0948E-01  1.1324E-01
  1.4383E-01  2.8805E-02  1.1047E-01  1.1424E-01
  1.4468E-01  2.9146E-02  1.1146E-01  1.1525E-01
  1.4552E-01  2.9491E-02  1.1246E-01  1.1627E-01
  1.4637E-01  2.9840E-02  1.1347E-01  1.1730E-01
  1.4723E-01  3.0193E-02  1.1449E-01  1.1833E-01
  1.4809E-01  3.0550E-02  1.1551E-01  1.1937E-01
  1.4896E-01  3.0912E-02  1.1654E-01  1.2042E-01
  1.4983E-01  3.1278E-02  1.1758E-01  1.2148E-01
  1.5071E-01  3.1648E-02  1.1862E-01  1.2254E-01
  1.5159E-01  3.2022E-02  1.1967E-01  1.2361E-01
  1.5247E-01  3.2401E-02  1.2073E-01  1.2469E-01
  1.5337E-01  3.2785E-02  1.2180E-01  1.2578E-01
  1.5426E-01  3.3173E-02  1.2288E-01  1.2687E-01
  1.5517E-01  3.3566E-02  1.2396E-01  1.2797E-01
  1.5607E-01  3.3963E-02  1.2506E-01  1.2908E-01
  1.5699E-01  3.4365E-02  1.2616E-01  1.3020E-01
  1.5790E-01  3.4772E-02  1.2726E-01  1.3132E-01
  1.5883E-01  3.5184E-02  1.2838E-01  1.3246E-01
  1.5976E-01  3.5601E-02  1.2950E-01  1.3360E-01
  1.6069E-01  3.6022E-02  1.3064E-01  1.3475E-01
  1.6163E-01  3.6449E-02  1.3178E-01  1.3590E-01
  1.6258E-01  3.6881E-02  1.3292E-01  1.3707E-01
  1.6353E-01  3.7318E-02  1.3408E-01  1.3824E-01
  1.6448E-01  3.7760E-02  1.3525E-01  1.3942E-01
  1.6545E-01  3.8207E-02  1.3642E-01  1.4061E-01
  1.6641E-01  3.8660E-02  1.3760E-01  1.4180E-01
  1.6739E-01  3.9118E-02  1.3879E-01  1.4301E-01
  1.6837E-01  3.9581E-02  1.3999E-01  1.4422E-01
  1.6935E-01  4.0050E-02  1.4119E-01  1.4544E-01
  1.7034E-01  4.0525E-02  1.4241E-01  1.4667E-01
  1.7134E-01  4.1005E-02  1.4363E-01  1.4790E-01
  1.7234E-01  4.1491E-02  1.4486E-01  1.4915E-01
  1.7335E-01  4.1982E-02  1.4610E-01  1.5040E-01
  1.7436E-01  4.2480E-02  1.4735E-01  1.5166E-01
  1.7538E-01  4.2984E-02  1.4860E-01  1.5293E-01
  1.7640E-01  4.3493E-02  1.4987E-01  1.5421E-01
  1.7743E-01  4.4009E-02  1.5114E-01  1.5550E-01
  1.7847E-01  4.4530E-02  1.5242E-01  1.5679E-01
  1.7952E-01  4.5058E-02  1.5372E-01  1.5809E-01
  1.8056E-01  4.5592E-02  1.5502E-01  1.5940E-01
  1.8162E-01  4.6133E-02  1.5632E-01  1.6072E-01
  1.8268E-01  4.6680E-02  1.5764E-01  1.6205E-01
  1.8375E-01  4.7234E-02  1.5897E-01  1.6338E-01
  1.8482E-01  4.7794E-02  1.6030E-01  1.6473E-01
  1.8590E-01  4.8361E-02  1.6164E-01  1.6608E-01
  1.8699E-01  4.8934E-02  1.6300E-01  1.6744E-01
  1.8808E-01  4.9515E-02  1.6436E-01  1.6881E-01
  1.8918E-01  5.0102E-02  1.6573E-01  1.7019E-01
  1.9029E-01  5.0696E-02  1.6711E-01  1.7158E-01
  1.9140E-01  5.1298E-02  1.6849E-01  1.7297E-01
  1.9252E-01  5.1906E-02  1.6989E-01  1.7437E-01
  1.9364E-01  5.2522E-02  1.7130E-01  1.7579E-01
  1.9478E-01  5.3145E-02  1.7271E-01  1.7721E-01
  1.9591E-01  5.3776E-02  1.7414E-01  1.7864E-01
  1.9706E-01  5.4414E-02  1.7557E-01  1.8008E-01
  1.9821E-01  5.5060E-02  1.7701E-01  1.8152E-01
  1.9937E-01  5.5713E-02  1.7846E-01  1.8298E-01
  2.0053E-01  5.6375E-02  1.7992E-01  1.8444E-01
  2.0171E-01  5.7044E-02  1.8139E-01  1.8591E-01
  2.0288E-01  5.7721E-02  1.8287E-01  1.8740E-01
  2.0407E-01  5.8406E-02  1.8436E-01  1.8889E-01
  2.0526E-01  5.9100E-02  1.8586E-01  1.9038E-01
  2.0646E-01  5.9801E-02  1.8736E-01  1.9189E-01
  2.0767E-01  6.0511E-02  1.8888E-01  1.9341E-01
  2.0888E-01  6.1230E-02  1.9040E-01  1.9493E-01
  2.1010E-01  6.1957E-02  1.9194E-01  1.9647E-01
  2.1133E-01  6.2692E-02  1.9348E-01  1.9801E-01
  2.1256E-01  6.3437E-02  1.9503E-01  1.9956E-01
  2.1380E-01  6.4190E-02  1.9660E-01  2.0112E-01
  2.1505E-01  6.4953E-02  1.9817E-01  2.0269E-01
  2.1631E-01  6.5724E-02  1.9975E-01  2.0427E-01
  2.1757E-01  6.6505E-02  2.0134E-01  2.0585E-01
  2.1884E-01  6.7295E-02  2.0294E-01  2.0745E-01
  2.2012E-01  6.8094E-02  2.0455E-01  2.0905E-01
  2.2141E-01  6.8903E-02  2.0617E-01  2.1067E-01
  2.2270E-01  6.9722E-02  2.0780E-01  2.1229E-01
  2.2400E-01  7.0550E-02  2.0943E-01  2.1392E-01
  2.2531E-01  7.1388E-02  2.1108E-01  2.1556E-01
  2.2663E-01  7.2236E-02  2.1274E-01  2.1721E-01
  2.2795E-01  7.3095E-02  2.1440E-01  2.1886E-01
  2.2928E-01  7.3963E-02  2.1608E-01  2.2053E-01
  2.3062E-01  7.4842E-02  2.1777E-01  2.2221E-01
  2.3197E-01  7.5731E-02  2.1946E-01  2.2389E-01
  2.3332E-01  7.6631E-02  2.2117E-01  2.2558E-01
  2.3469E-01  7.7542E-02  2.2288E-01  2.2728E-01
  2.3606E-01  7.8464E-02  2.2461E-01  2.2900E-01
  2.3743E-01  7.9396E-02  2.2634E-01  2.3072E-01
  2.3882E-01  8.0340E-02  2.2808E-01  2.3244E-01
  2.4022E-01  8.1295E-02  2.2984E-01  2.3418E-01
  2.4162E-01  8.2261E-02  2.3160E-01  2.3593E-01
  2.4303E-01  8.3239E-02  2.3337E-01  2.3768E-01
  2.4445E-01  8.4228E-02  2.3515E-01  2.3945E-01
  2.4588E-01  8.5229E-02  2.3695E-01  2.4122E-01
  2.4731E-01  8.6242E-02  2.3875E-01  2.4300E-01
  2.4876E-01  8.7267E-02  2.4056E-01  2.4479E-01
  2.5021E-01  8.8305E-02  2.4238E-01  2.4659E-01
  2.5167E-01  8.9354E-02  2.4421E-01  2.4840E-01
  2.5314E-01  9.0416E-02  2.4605E-01  2.5022E-01
  2.5462E-01  9.1491E-02  2.4790E-01  2.5205E-01
  2.5610E-01  9.2579E-02  2.4976E-01  2.5388E-01
  2.5760E-01  9.3679E-02  2.5163E-01  2.5573E-01
  2.5910E-01  9.4793E-02  2.5351E-01  2.5758E-01
  2.6062E-01  9.5920E-02  2.5540E-01  2.5944E-01
  2.6214E-01  9.7060E-02  2.5730E-01  2.6132E-01
  2.6367E-01  9.8213E-02  2.5921E-01  2.6320E-01
  2.6521E-01  9.9381E-02  2.6113E-01  2.6509E-01
  2.6676E-01  1.0056E-01  2.6306E-01  2.6698E-01
  2.6831E-01  1.0176E-01  2.6499E-01  2.6889E-01
  2.6988E-01  1.0297E-01  2.6694E-01  2.7081E-01
  2.7145E-01  1.0419E-01  2.6890E-01  2.7273E-01
  2.7304E-01  1.0543E-01  2.7087E-01  2.7466E-01
  2.7463E-01  1.0668E-01  2.7284E-01  2.7661E-01
  2.7624E-01  1.0795E-01  2.7483E-01  2.7856E-01
  2.7785E-01  1.0923E-01  2.7683E-01  2.8052E-01
  2.7947E-01  1.1053E-01  2.7883E-01  2.8249E-01
  2.8110E-01  1.1184E-01  2.8085E-01  2.8447E-01
  2.8274E-01  1.1317E-01  2.8288E-01  2.8645E-01
  2.8439E-01  1.1452E-01  2.8491E-01  2.8845E-01
  2.8605E-01  1.1588E-01  2.8696E-01  2.9045E-01
  2.8772E-01  1.1725E-01  2.8901E-01  2.9247E-01
  2.8940E-01  1.1865E-01  2.9108E-01  2.9449E-01
  2.9109E-01  1.2006E-01  2.9315E-01  2.9652E-01
  2.9279E-01  1.2148E-01  2.9524E-01  2.9856E-01
  2.9450E-01  1.2292E-01  2.9733E-01  3.0061E-01
  2.9622E-01  1.2438E-01  2.9944E-01  3.0266E-01
  2.9795E-01  1.2586E-01  3.0155E-01  3.0473E-01
  2.9969E-01  1.2735E-01  3.0368E-01  3.0680E-01
  3.0144E-01  1.2887E-01  3.0581E-01  3.0889E-01
  3.0319E-01  1.3040E-01  3.0795E-01  3.1098E-01
  3.0496E-01  1.3194E-01  3.1010E-01  3.1308E-01
  3.0674E-01  1.3351E-01  3.1227E-01  3.1519E-01
  3.0853E-01  1.3509E-01  3.1444E-01  3.1731E-01
  3.1033E-01  1.3669E-01  3.1662E-01  3.1944E-01
  3.1215E-01  1.3832E-01  3.1881E-01  3.2157E-01
  3.1397E-01  1.3996E-01  3.2101E-01  3.2372E-01
  3.1580E-01  1.4161E-01  3.2322E-01  3.2587E-01
  3.1764E-01  1.4329E-01  3.2544E-01  3.2803E-01
  3.1950E-01  1.4499E-01  3.2767E-01  3.3021E-01
  3.2136E-01  1.4671E-01  3.2991E-01  3.3239E-01
  3.2323E-01  1.4845E-01  3.3216E-01  3.3457E-01
  3.2512E-01  1.5021E-01  3.3442E-01  3.3677E-01
  3.2702E-01  1.5198E-01  3.3669E-01  3.3898E-01
  3.2893E-01  1.5378E-01  3.3897E-01  3.4119E-01
  3.3085E-01  1.5560E-01  3.4126E-01  3.4342E-01
  3.3278E-01  1.5745E-01  3.4355E-01  3.4565E-01
  3.3472E-01  1.5931E-01  3.4586E-01  3.4789E-01
  3.3667E-01  1.6119E-01  3.4818E-01  3.5014E-01
  3.3864E-01  1.6310E-01  3.5050E-01  3.5240E-01
  3.4061E-01  1.6503E-01  3.5284E-01  3.5466E-01
  3.4260E-01  1.6698E-01  3.5518E-01  3.5694E-01
  3.4460E-01  1.6895E-01  3.5754E-01  3.5923E-01
  3.4661E-01  1.7094E-01  3.5990E-01  3.6152E-01
  3.4863E-01  1.7296E-01  3.6228E-01  3.6382E-01
  3.5066E-01  1.7500E-01  3.6466E-01  3.6613E-01
  3.5271E-01  1.7707E-01  3.6705E-01  3.6845E-01
  3.5477E-01  1.7916E-01  3.6946E-01  3.7078E-01
  3.5684E-01  1.8127E-01  3.7187E-01  3.7312E-01
  3.5892E-01  1.8341E-01  3.7429E-01  3.7547E-01
  3.6101E-01  1.8557E-01  3.7672E-01  3.7782E-01
  3.6312E-01  1.8775E-01  3.7916E-01  3.8019E-01
  3.6524E-01  1.8996E-01  3.8161E-01  3.8256E-01
  3.6737E-01  1.9220E-01  3.8407E-01  3.8494E-01
  3.6951E-01  1.9446E-01  3.8654E-01  3.8734E-01
  3.7167E-01  1.9675E-01  3.8902E-01  3.8974E-01
  3.7383E-01  1.9906E-01  3.9151E-01  3.9215E-01
  3.7602E-01  2.0140E-01  3.9401E-01  3.9457E-01
  3.7821E-01  2.0376E-01  3.9652E-01  3.9699E-01
  3.8042E-01  2.0615E-01  3.9904E-01  3.9943E-01
  3.8263E-01  2.0857E-01  4.0157E-01  4.0188E-01
  3.8487E-01  2.1102E-01  4.0410E-01  4.0434E-01
  3.8711E-01  2.1349E-01  4.0665E-01  4.0680E-01
  3.8937E-01  2.1599E-01  4.0921E-01  4.0928E-01
  3.9164E-01  2.1852E-01  4.1178E-01  4.1176E-01
  3.9392E-01  2.2107E-01  4.1435E-01  4.1426E-01
  3.9622E-01  2.2366E-01  4.1694E-01  4.1676E-01
  3.9853E-01  2.2627E-01  4.1954E-01  4.1927E-01
  4.0086E-01  2.2891E-01  4.2215E-01  4.2180E-01
  4.0320E-01  2.3158E-01  4.2476E-01  4.2433E-01
  4.0555E-01  2.3428E-01  4.2739E-01  4.2688E-01
  4.0791E-01  2.3701E-01  4.3003E-01  4.2943E-01
  4.1029E-01  2.3977E-01  4.3268E-01  4.3199E-01
  4.1269E-01  2.4256E-01  4.3533E-01  4.3457E-01
  4.1509E-01  2.4538E-01  4.3800E-01  4.3715E-01
  4.1751E-01  2.4823E-01  4.4068E-01  4.3975E-01
  4.1995E-01  2.5112E-01  4.4337E-01  4.4235E-01
  4.2240E-01  2.5403E-01  4.4607E-01  4.4497E-01
  4.2486E-01  2.5697E-01  4.4878E-01  4.4759E-01
  4.2734E-01  2.5995E-01  4.5150E-01  4.5023E-01
  4.2983E-01  2.6296E-01  4.5423E-01  4.5288E-01
  4.3234E-01  2.6600E-01  4.5697E-01  4.5553E-01
  4.3486E-01  2.6907E-01  4.5972E-01  4.5820E-01
  4.3739E-01  2.7218E-01  4.6248E-01  4.6088E-01
  4.3995E-01  2.7532E-01  4.6526E-01  4.6358E-01
  4.4251E-01  2.7849E-01  4.6804E-01  4.6628E-01
  4.4509E-01  2.8169E-01  4.7084E-01  4.6899E-01
  4.4769E-01  2.8493E-01  4.7364E-01  4.7172E-01
  4.5030E-01  2.8820E-01  4.7646E-01  4.7446E-01
  4.5292E-01  2.9151E-01  4.7929E-01  4.7721E-01
  4.5557E-01  2.9485E-01  4.8213E-01  4.7997E-01
  4.5822E-01  2.9823E-01  4.8498E-01  4.8274E-01
  4.6089E-01  3.0164E-01  4.8784E-01  4.8552E-01
  4.6358E-01  3.0508E-01  4.9071E-01  4.8832E-01
  4.6628E-01  3.0857E-01  4.9360E-01  4.9113E-01
  4.6900E-01  3.1208E-01  4.9649E-01  4.9395E-01
  4.7174E-01  3.1563E-01  4.9940E-01  4.9678E-01
  4.7449E-01  3.1922E-01  5.0232E-01  4.9963E-01
  4.7726E-01  3.2285E-01  5.0525E-01  5.0249E-01
  4.8004E-01  3.2651E-01  5.0819E-01  5.0536E-01
  4.8284E-01  3.3021E-01  5.1115E-01  5.0825E-01
  4.8565E-01  3.3394E-01  5.1411E-01  5.1114E-01
  4.8849E-01  3.3771E-01  5.1709E-01  5.1405E-01
  4.9133E-01  3.4152E-01  5.2008E-01  5.1698E-01
  4.9420E-01  3.4537E-01  5.2308E-01  5.1992E-01
  4.9708E-01  3.4925E-01  5.2609E-01  5.2287E-01
  4.9998E-01  3.5318E-01  5.2912E-01  5.2583E-01
  5.0289E-01  3.5714E-01  5.3216E-01  5.2881E-01
  5.0583E-01  3.6114E-01  5.3521E-01  5.3181E-01
  5.0877E-01  3.6517E-01  5.3828E-01  5.3481E-01
  5.1174E-01  3.6925E-01  5.4135E-01  5.3783E-01
  5.1472E-01  3.7336E-01  5.4445E-01  5.4087E-01
  5.1773E-01  3.7752E-01  5.4755E-01  5.4392E-01
  5.2074E-01  3.8171E-01  5.5067E-01  5.4699E-01
  5.2378E-01  3.8594E-01  5.5380E-01  5.5007E-01
  5.2683E-01  3.9022E-01  5.5694E-01  5.5317E-01
  5.2991E-01  3.9453E-01  5.6010E-01  5.5628E-01
  5.3299E-01  3.9888E-01  5.6327E-01  5.5941E-01
  5.3610E-01  4.0327E-01  5.6646E-01  5.6256E-01
  5.3923E-01  4.0770E-01  5.6966E-01  5.6572E-01
  5.4237E-01  4.1217E-01  5.7288E-01  5.6890E-01
  5.4553E-01  4.1668E-01  5.7611E-01  5.7209E-01
  5.4871E-01  4.2124E-01  5.7935E-01  5.7530E-01
  5.5191E-01  4.2583E-01  5.8261E-01  5.7853E-01
  5.5513E-01  4.3046E-01  5.8589E-01  5.8178E-01
  5.5837E-01  4.3514E-01  5.8918E-01  5.8505E-01
  5.6162E-01  4.3985E-01  5.9249E-01  5.8833E-01
  5.6490E-01  4.4461E-01  5.9582E-01  5.9164E-01
  5.6819E-01  4.4941E-01  5.9916E-01  5.9496E-01
  5.7150E-01  4.5424E-01  6.0252E-01  5.9830E-01
  5.7483E-01  4.5912E-01  6.0590E-01  6.0166E-01
  5.7818E-01  4.6404E-01  6.0930E-01  6.0504E-01
  5.8155E-01  4.6900E-01  6.1271E-01  6.0845E-01
  5.8494E-01  4.7401E-01  6.1614E-01  6.1187E-01
  5.8835E-01  4.7905E-01  6.1959E-01  6.1532E-01
  5.9178E-01  4.8414E-01  6.2306E-01  6.1878E-01
  5.9523E-01  4.8927E-01  6.2656E-01  6.2227E-01
  5.9870E-01  4.9444E-01  6.3007E-01  6.2578E-01
  6.0219E-01  4.9965E-01  6.3360E-01  6.2932E-01
  6.0570E-01  5.0490E-01  6.3715E-01  6.3288E-01
  6.0923E-01  5.1019E-01  6.4073E-01  6.3646E-01
  6.1279E-01  5.1553E-01  6.4432E-01  6.4007E-01
  6.1636E-01  5.2090E-01  6.4794E-01  6.4370E-01
  6.1995E-01  5.2632E-01  6.5159E-01  6.4736E-01
  6.2356E-01  5.3178E-01  6.5525E-01  6.5104E-01
  6.2720E-01  5.3728E-01  6.5894E-01  6.5475E-01
  6.3085E-01  5.4283E-01  6.6266E-01  6.5849E-01
  6.3453E-01  5.4841E-01  6.6640E-01  6.6226E-01
  6.3823E-01  5.5404E-01  6.7017E-01  6.6605E-01
  6.4195E-01  5.5970E-01  6.7397E-01  6.6988E-01
  6.4569E-01  5.6541E-01  6.7779E-01  6.7373E-01
  6.4945E-01  5.7116E-01  6.8164E-01  6.7762E-01
  6.5324E-01  5.7695E-01  6.8552E-01  6.8153E-01
  6.5705E-01  5.8279E-01  6.8943E-01  6.8548E-01
  6.6088E-01  5.8866E-01  6.9337E-01  6.8946E-01
  6.6473E-01  5.9458E-01  6.9734E-01  6.9347E-01
  6.6860E-01  6.0053E-01  7.0134E-01  6.9752E-01
  6.7250E-01  6.0653E-01  7.0538E-01  7.0160E-01
  6.7642E-01  6.1257E-01  7.0945E-01  7.0572E-01
  6.8036E-01  6.1865E-01  7.1355E-01  7.0987E-01
  6.8433E-01  6.2477E-01  7.1769E-01  7.1407E-01
  6.8832E-01  6.3093E-01  7.2186E-01  7.1830E-01
  6.9233E-01  6.3714E-01  7.2608E-01  7.2256E-01
  6.9636E-01  6.4338E-01  7.3033E-01  7.2687E-01
  7.0042E-01  6.4967E-01  7.3462E-01  7.3122E-01
  7.0450E-01  6.5599E-01  7.3895E-01  7.3561E-01
  7.0861E-01  6.6236E-01  7.4332E-01  7.4005E-01
  7.1274E-01  6.6877E-01  7.4773E-01  7.4453E-01
  7.1689E-01  6.7522E-01  7.5219E-01  7.4905E-01
  7.2107E-01  6.8171E-01  7.5669E-01  7.5362E-01
  7.2527E-01  6.8824E-01  7.6124E-01  7.5823E-01
  7.2950E-01  6.9481E-01  7.6584E-01  7.6290E-01
  7.3375E-01  7.0143E-01  7.7048E-01  7.6761E-01
  7.3803E-01  7.0808E-01  7.7517E-01  7.7237E-01
  7.4233E-01  7.1478E-01  7.7992E-01  7.7719E-01
  7.4666E-01  7.2152E-01  7.8471E-01  7.8206E-01
  7.5101E-01  7.2830E-01  7.8956E-01  7.8698E-01
  7.5538E-01  7.3513E-01  7.9446E-01  7.9196E-01
  7.5979E-01  7.4200E-01  7.9942E-01  7.9699E-01
  7.6421E-01  7.4890E-01  8.0444E-01  8.0209E-01
  7.6867E-01  7.5586E-01  8.0952E-01  8.0724E-01
  7.7315E-01  7.6285E-01  8.1465E-01  8.1245E-01
  7.7765E-01  7.6989E-01  8.1985E-01  8.1773E-01
  7.8218E-01  7.7698E-01  8.2512E-01  8.2307E-01
  7.8674E-01  7.8411E-01  8.3045E-01  8.2847E-01
  7.9133E-01  7.9128E-01  8.3584E-01  8.3394E-01
  7.9594E-01  7.9850E-01  8.4131E-01  8.3948E-01
  8.0058E-01  8.0577E-01  8.4684E-01  8.4509E-01
  8.0524E-01  8.1308E-01  8.5245E-01  8.5078E-01
  8.0993E-01  8.2045E-01  8.5813E-01  8.5653E-01
  8.1465E-01  8.2786E-01  8.6389E-01  8.6237E-01
  8.1940E-01  8.3532E-01  8.6973E-01  8.6828E-01
  8.2418E-01  8.4283E-01  8.7564E-01  8.7426E-01
  8.2898E-01  8.5039E-01  8.8164E-01  8.8033E-01
  8.3381E-01  8.5800E-01  8.8773E-01  8.8649E-01
  8.3867E-01  8.6567E-01  8.9390E-01  8.9273E-01
  8.4356E-01  8.7340E-01  9.0015E-01  8.9905E-01
  8.4847E-01  8.8118E-01  9.0650E-01  9.0547E-01
  8.5342E-01  8.8902E-01  9.1294E-01  9.1198E-01
  8.5839E-01  8.9691E-01  9.1948E-01  9.1858E-01
  8.6339E-01  9.0487E-01  9.2612E-01  9.2528E-01
  8.6842E-01  9.1289E-01  9.3285E-01  9.3207E-01
  8.7348E-01  9.2098E-01  9.3969E-01  9.3897E-01
  8.7857E-01  9.2913E-01  9.4663E-01  9.4597E-01
  8.8369E-01  9.3735E-01  9.5368E-01  9.5308E-01
  8.8884E-01  9.4564E-01  9.6084E-01  9.6029E-01
  8.9402E-01  9.5400E-01  9.6811E-01  9.6762E-01
  8.9923E-01  9.6244E-01  9.7550E-01  9.7506E-01
  9.0447E-01  9.7095E-01  9.8301E-01  9.8261E-01
  9.0974E-01  9.7955E-01  9.9064E-01  9.9029E-01
  9.1504E-01  9.8823E-01  9.9839E-01  9.9809E-01
  9.2037E-01  9.9699E-01  1.0063E+00  1.0060E+00
  9.2573E-01  1.0058E+00  1.0143E+00  1.0141E+00
  9.3113E-01  1.0148E+00  1.0224E+00  1.0223E+00
  9.3655E-01  1.0238E+00  1.0307E+00  1.0306E+00
  9.4201E-01  1.0330E+00  1.0391E+00  1.0390E+00
  9.4750E-01  1.0422E+00  1.0477E+00  1.0476E+00
  9.5302E-01  1.0516E+00  1.0564E+00  1.0564E+00
  9.5857E-01  1.0610E+00  1.0653E+00  1.0653E+00
  9.6416E-01  1.0706E+00  1.0743E+00  1.0743E+00
  9.6977E-01  1.0803E+00  1.0835E+00  1.0835E+00
  9.7542E-01  1.0901E+00  1.0928E+00  1.0929E+00
  9.8111E-01  1.1001E+00  1.1024E+00  1.1024E+00
  9.8682E-01  1.1102E+00  1.1120E+00  1.1121E+00
  9.9257E-01  1.1204E+00  1.1219E+00  1.1220E+00
  9.9836E-01  1.1308E+00  1.1319E+00  1.1321E+00
  1.0042E+00  1.1413E+00  1.1421E+00  1.1423E+00
  1.0100E+00  1.1520E+00  1.1526E+00  1.1527E+00
  1.0159E+00  1.1628E+00  1.1632E+00  1.1633E+00
  1.0218E+00  1.1738E+00  1.1739E+00  1.1741E+00
  1.0278E+00  1.1850E+00  1.1849E+00  1.1851E+00
  1.0338E+00  1.1963E+00  1.1962E+00  1.1963E+00
  1.0398E+00  1.2079E+00  1.2076E+00  1.2077E+00
  1.0459E+00  1.2196E+00  1.2192E+00  1.2194E+00
  1.0519E+00  1.2315E+00  1.2311E+00  1.2312E+00
  1.0581E+00  1.2437E+00  1.2432E+00  1.2433E+00
  1.0642E+00  1.2560E+00  1.2555E+00  1.2556E+00
  1.0704E+00  1.2686E+00  1.2680E+00  1.2682E+00
  1.0767E+00  1.2814E+00  1.2808E+00  1.2810E+00
  1.0829E+00  1.2945E+00  1.2939E+00  1.2941E+00
  1.0893E+00  1.3078E+00  1.3072E+00  1.3074E+00
  1.0956E+00  1.3213E+00  1.3208E+00  1.3209E+00
  1.1020E+00  1.3352E+00  1.3346E+00  1.3348E+00
  1.1084E+00  1.3493E+00  1.3488E+00  1.3489E+00
  1.1149E+00  1.3636E+00  1.3632E+00  1.3633E+00
  1.1214E+00  1.3783E+00  1.3779E+00  1.3780E+00
  1.1279E+00  1.3932E+00  1.3929E+00  1.3930E+00
  1.1345E+00  1.4085E+00  1.4082E+00  1.4083E+00
  1.1411E+00  1.4241E+00  1.4239E+00  1.4239E+00
  1.1477E+00  1.4400E+00  1.4398E+00  1.4399E+00
  1.1544E+00  1.4563E+00  1.4561E+00  1.4562E+00
  1.1611E+00  1.4728E+00  1.4727E+00  1.4728E+00
  1.1679E+00  1.4898E+00  1.4897E+00  1.4898E+00
  1.1747E+00  1.5071E+00  1.5071E+00  1.5071E+00
  1.1815E+00  1.5248E+00  1.5248E+00  1.5248E+00
  1.1884E+00  1.5429E+00  1.5428E+00  1.5429E+00
  1.1953E+00  1.5613E+00  1.5613E+00  1.5613E+00
  1.2023E+00  1.5802E+00  1.5802E+00  1.5802E+00
  1.2093E+00  1.5995E+00  1.5995E+00  1.5995E+00
  1.2164E+00  1.6192E+00  1.6192E+00  1.6192E+00
  1.2234E+00  1.6393E+00  1.6393E+00  1.6393E+00
  1.2306E+00  1.6599E+00  1.6599E+00  1.6599E+00
  1.2377E+00  1.6809E+00  1.6809E+00  1.6809E+00
  1.2450E+00  1.7024E+00  1.7024E+00  1.7024E+00
  1.2522E+00  1.7244E+00  1.7244E+00  1.7243E+00
  1.2595E+00  1.7468E+00  1.7468E+00  1.7468E+00
  1.2668E+00  1.7698E+00  1.7698E+00  1.7698E+00
  1.2742E+00  1.7933E+00  1.7933E+00  1.7933E+00
  1.2816E+00  1.8173E+00  1.8173E+00  1.8173E+00
  1.2891E+00  1.8419E+00  1.8419E+00  1.8418E+00
