1.814332	1.47749828369	1.452626	1.256924	1.32086	1.815279	1.613124	3.636982	4.787311	6.89483958577e-05	0.00104978740986	0.00361902864677
1.814332	1.41587	1.452626	1.257716	1.32086	1.815279	1.61338	3.636982	4.582601	7.37967011022e-05	0.0010313281168	0.00360354523595
1.744691	1.678002	1.33968076159	1.256927	1.451933	1.882861	1.590597	4.89397211601	2.690113	0.000126716816276	0.00060471724181	0.00325150092764
1.744691	1.678002	1.341993	1.256927	1.451933	1.882861	1.590597	4.89397211601	2.690113	0.000126716816276	0.00060471724181	0.00325150092764
1.865388	1.422981	1.471346	1.297892	1.320398	1.891183	1.524482	3.103444	5.049587	0.000346581998105	0.000584817525433	0.00312727736334
1.806019	1.686769	1.389219	1.26889157864	1.621917	1.693471	1.689646	3.743534	6.02426057222	0.00210416391642	0.00126685902851	0.00136677079961
1.806531	1.645247	1.387331	1.258731	1.617309	1.651412	1.689634	3.742686	6.39831881557	0.00216307142234	0.00109801995404	0.00156488846003
1.806531	1.645247	1.387331	1.258731	1.617309	1.651412	1.689634	3.742686	6.57317	0.00242661385407	0.00124820162565	0.00141649459565
1.83416788892	1.686769	1.389218	1.250402	1.747838	1.655804	1.689639	2.5636397429	6.570364	0.00254137046952	0.00136649587453	0.00129603080924
1.806019	1.68676902935	1.389219	1.258599	1.621917	1.67189199728	1.689646	3.743534	6.573042	0.00262453623386	0.00146294026371	0.00119238333149
1.834168	1.690865	1.389474	1.250402	1.747838	1.655804	1.689639	1.646293	6.570364	0.00262712767602	0.00137857025393	0.00128921542591
1.83416788892	1.686769	1.389218	1.250402	1.747838	1.655804	1.689639	1.646293	6.570364	0.00262712767602	0.00137857025393	0.00128921542591
1.83416788892	1.686769	1.389218	1.250402	1.74259953891	1.655804	1.689639	1.646293	6.570364	0.00262712767602	0.00137857025393	0.00128921542591
1.81933802122	1.68676902935	1.389219	1.258599	1.621917	1.67189199728	1.689646	3.743534	6.573042	0.00262802277307	0.00146086011084	0.00119396562374
1.840344	1.694957	1.387682	1.260786	1.72022	1.655784	1.683525	1.644625	6.579836	0.00267611339003	0.00138041102412	0.00128071296277
1.825976	1.686769	1.413794	1.258594	1.742576	1.656816	1.722407	1.844005	6.572096	0.00278630180772	0.00151840275229	0.00114153830849
1.838856	1.686897	1.389222	1.266786	1.74579	1.655816	1.685317	1.645633	6.67814	0.00285777559745	0.00148860167335	0.0011710464872
1.806003	1.686769	1.389475	1.258599	1.616797	1.689375	1.688622	1.646382	6.572914	0.00302118605467	0.00169957622527	0.000951204268504
1.806019	1.555697	1.389219	1.254503	1.622173	1.671956	1.680942	3.743534	6.573026	0.00303353112172	0.00168580553073	0.000976051496265
1.806003	1.6783608571	1.389475	1.258599	1.616797	1.689375	1.688622	1.646382	6.572914	0.00304145838207	0.0017108024471	0.000940606054031
1.83416788892	1.686769	1.389218	1.250402	1.74259953891	1.655804	1.689639	1.646293	6.80528357441	0.00305036876414	0.00160579393648	0.00106451944713
1.806019	1.68676902935	1.389219	1.258599	1.68686123047	1.69347147589	1.689646	3.743534	6.573042	0.0030563261291	0.00186339858186	0.000776060234156
1.806019	1.68676902935	1.389219	1.258599	1.621917	1.69347147589	1.689646	3.743534	6.573042	0.00307076974795	0.00184914912198	0.000794649548447
1.806019	1.68676902935	1.389219	1.258599	1.621917	1.698544	1.689646	3.743534	6.573042	0.00307076974795	0.00184914912198	0.000794649548447
1.806019	1.686769	1.389219	1.258599	1.621917	1.693471	1.689646	3.743534	6.573042	0.00307076974795	0.00184914912198	0.000794649548447
1.806019	1.686769	1.389219	1.258596	1.621917	1.693471	1.689646	3.743534	6.573042	0.00307076974795	0.00184914912198	0.000794649548447
1.806019	1.686769	1.389219	1.26889157864	1.621917	1.693471	1.689646	3.743534	6.573042	0.00307550977158	0.001858590292	0.000783720205264
1.806019	1.686769	1.389219	1.268895	1.621917	1.693471	1.689646	3.743534	6.573042	0.00307550977158	0.001858590292	0.000783720205264
1.834179	1.686769	1.389219	1.268892	1.621919	1.694699	1.688782	3.742766	6.579954	0.00309892875022	0.00186167956664	0.000775856946276
1.806019	1.686769	1.389219	1.268895	1.621917	1.693471	1.689646	4.32213858537	6.573042	0.00314713449215	0.00178871325204	0.000852532104414
1.834168	1.685233	1.389218	1.250402	1.747838	1.655804	1.688615	2.56364	7.0455	0.0034537064015	0.00184753122531	0.000821064398203
1.814968	1.689265	1.389346	1.254626	1.747934	1.655788	1.680935	1.646229	7.048572	0.00346617649053	0.00183696330583	0.000834921505993
1.806083	1.686929	1.405611	1.285047	1.616797	1.688512	1.787782	3.742798	6.570402	0.00351669581303	0.00212921859288	0.000516700528387
1.805987	1.686929	1.405603	1.258599	1.620893	1.69856	1.787654	3.743534	6.573042	0.00364891419797	0.00232493662679	0.000314540163652
1.806115	1.695823	1.389395	1.258687	1.619869	1.691439	1.691694	3.325614	6.884338	0.00380784280635	0.00228458413752	0.000364616045917
1.80604	1.694961	1.389222	1.26685	1.745788	1.654556	1.686565	1.646417	7.195516	0.00382705608928	0.00202152528179	0.000646995484287
1.8342	1.694961	1.389222	1.26685	1.74579	1.655784	1.685701	1.645649	7.202428	0.00391403847955	0.0020247920298	0.000642414171881
1.8342	1.694961	1.389222	1.26685	1.74579	1.655784	1.6857008769	1.645649	7.202428	0.00391403847955	0.0020247920298	0.000642414171881
1.834168	1.688981	1.389414	1.26685	1.746046	1.664427	1.657895	1.646161	7.20998	0.00397744758055	0.00205451262663	0.000609642908343
1.8342	1.694961	1.389222	1.26685	1.74579	1.655784	1.704999	1.645649	7.202428	0.00403391890787	0.00210490474259	0.000562582812242
1.8342	1.694961	1.36982106324	1.25966990689	1.74579	1.66608968709	1.704999	1.645649	7.202428	0.00422814230238	0.00227562792378	0.000391632376303
1.8342	1.694961	1.389222	1.25966990689	1.74579	1.66608968709	1.704999	1.645649	7.202428	0.00422814230238	0.00227904531778	0.000388235163399
1.8342	1.694961	1.389222	1.26685	1.74579	1.67210661014	1.704999	1.645649	7.202428	0.00423026978323	0.00227408844557	0.000389968349748
1.8342	1.694961	1.389222	1.26685	1.74579	1.66608968709	1.704999	1.645649	7.202428	0.00423026978323	0.00227408844557	0.000389968349748
1.781963	1.481372	1.340121	1.250527	1.54919502833	1.656272	1.822766	3.709742	6.57349	0.00433433101307	0.0027422260231	7.80485498764e-05
1.899526	1.653913	1.340042	1.2504	1.748158	1.65574	1.689351	1.515221	7.61894	0.00541114575627	0.00253022996755	0.000151381731157
1.740455	1.52514	1.340278	1.250406	1.744063	1.713674	1.525511	11.083479	9.831409	0.00955042520396	9.63860755652e-05	0.00276197952362
1.740455	1.52514	1.34095727025	1.250406	1.744063	1.713674	1.525511	11.083479	9.831409	0.00955042520396	9.63860755652e-05	0.00276197952362