  0.0000000E+00 -6.00000000000000000E+01  0.00000000000000000E+00
  2.3518700E-06 -5.99995781940549548E+01 -3.88688021012447658E-05
  4.7235366E-06 -5.99992084528164327E+01 -7.80647784844203091E-05
  7.1151665E-06 -5.99988092490648341E+01 -1.17590683106555700E-04
  9.5269277E-06 -5.99982171528727477E+01 -1.57449293105841156E-04
  1.1958990E-05 -5.99986139201683599E+01 -1.97643408996748204E-04
  1.4411523E-05 -5.99990338851682097E+01 -2.38175854866805060E-04
  1.6884701E-05 -5.99981864619286682E+01 -2.79049478575014813E-04
  1.9378696E-05 -5.99987669947334368E+01 -3.20267151951947500E-04
  2.1893684E-05 -5.99995000167127159E+01 -3.61831771001527500E-04
  2.4429842E-05 -6.00000240270538399E+01 -4.03746256104501233E-04
  2.6987348E-05 -6.00009593984648788E+01 -4.46013552223629278E-04
  2.9566381E-05 -6.00020918111489436E+01 -4.88636629110606683E-04
  3.2167123E-05 -6.00034233252672422E+01 -5.31618481514716857E-04
  3.4789757E-05 -6.00049833533976980E+01 -5.74962129393248112E-04
  3.7434466E-05 -6.00067595866265862E+01 -6.18670618123679070E-04
  4.0101437E-05 -6.00087466765807847E+01 -6.62747018717650574E-04
  4.2790857E-05 -6.00109370503010737E+01 -7.07194428036740132E-04
  4.5502915E-05 -6.00133198426217831E+01 -7.52015969010048934E-04
  4.8237801E-05 -6.00158822599744255E+01 -7.97214790853624749E-04
  5.0995708E-05 -6.00186096702775984E+01 -8.42794069291729264E-04
  5.3776829E-05 -6.00214858790482850E+01 -8.88757006779964938E-04
  5.6581360E-05 -6.00244934531089314E+01 -9.35106832730288914E-04
  5.9409498E-05 -6.00276140219605665E+01 -9.81846803737911706E-04
  6.2261442E-05 -6.00308285734381499E+01 -1.02898020381011167E-03
  6.5137391E-05 -6.00341177372565653E+01 -1.07651034459697089E-03
  6.8037549E-05 -6.00374620508192578E+01 -1.12444056562405756E-03
  7.0962118E-05 -6.00408422041091043E+01 -1.17277423452706499E-03
  7.3911305E-05 -6.00442392610631472E+01 -1.22151474728842595E-03
  7.6885316E-05 -6.00476348556538468E+01 -1.27066552847591866E-03
  7.9884360E-05 -6.00510113617326340E+01 -1.32023003148327642E-03
  8.2908649E-05 -6.00543520363914567E+01 -1.37021173877283748E-03
  8.5958394E-05 -6.00576411372043637E+01 -1.42061416212021564E-03
  8.9033811E-05 -6.00608640142549604E+01 -1.47144084286105208E-03
  9.2135114E-05 -6.00640071782482039E+01 -1.52269535213982524E-03
  9.5262522E-05 -6.00670583463451919E+01 -1.57438129116076880E-03
  9.8416255E-05 -6.00700064675909360E+01 -1.62650229144089631E-03
  1.0159653E-04 -6.00728417299543409E+01 -1.67906201506515273E-03
  1.0480358E-04 -6.00755555510960519E+01 -1.73206415494372296E-03
  1.0803763E-04 -6.00781405549696501E+01 -1.78551243507149419E-03
  1.1129889E-04 -6.00805905363621235E+01 -1.83941061078971078E-03
  1.1458761E-04 -6.00829004154074866E+01 -1.89376246904983023E-03
  1.1790401E-04 -6.00850661839650897E+01 -1.94857182867959767E-03
  1.2124832E-04 -6.00870848456616997E+01 -2.00384254065136009E-03
  1.2462079E-04 -6.00889543512456612E+01 -2.05957848835264506E-03
  1.2802164E-04 -6.00906735307214106E+01 -2.11578358785900452E-03
  1.3145112E-04 -6.00922420236053725E+01 -2.17246178820917034E-03
  1.3490947E-04 -6.00936602084616922E+01 -2.22961707168251727E-03
  1.3839693E-04 -6.00949291327140571E+01 -2.28725345407885736E-03
  1.4191374E-04 -6.00960504436009657E+01 -2.34537498500060181E-03
  1.4546015E-04 -6.00970263209893645E+01 -2.40398574813728647E-03
  1.4903642E-04 -6.00978594126191581E+01 -2.46308986155249808E-03
  1.5264279E-04 -6.00985527722395858E+01 -2.52269147797321621E-03
  1.5627952E-04 -6.00991098009997629E+01 -2.58279478508158635E-03
  1.5994685E-04 -6.00995341923343176E+01 -2.64340400580915331E-03
  1.6364506E-04 -6.00998298805082882E+01 -2.70452339863356834E-03
  1.6737440E-04 -6.01000009929269012E+01 -2.76615725787779463E-03
  1.7113512E-04 -6.01000518062366140E+01 -2.82830991401183387E-03
  1.7492751E-04 -6.00999867061711868E+01 -2.89098573395698850E-03
  1.7875181E-04 -6.00998101510885405E+01 -2.95418912139268569E-03
  1.8260831E-04 -6.00995266390961973E+01 -3.01792451706589179E-03
  1.8649726E-04 -6.00991406786069362E+01 -3.08219639910311356E-03
  1.9041896E-04 -6.00986567621772920E+01 -3.14700928332504798E-03
  1.9437366E-04 -6.00980793434565754E+01 -3.21236772356386056E-03
  1.9836165E-04 -6.00974128170528559E+01 -3.27827631198314992E-03
  2.0238321E-04 -6.00966615011151859E+01 -3.34473967940059113E-03
  2.0643862E-04 -6.00958296224547652E+01 -3.41176249561331345E-03
  2.1052817E-04 -6.00949213039943402E+01 -3.47934946972599515E-03
  2.1465214E-04 -6.00939405543471494E+01 -3.54750535048173983E-03
  2.1881082E-04 -6.00928912593457412E+01 -3.61623492659571928E-03
  2.2300451E-04 -6.00917771753471399E+01 -3.68554302709164045E-03
  2.2723350E-04 -6.00906019241303326E+01 -3.75543452164104393E-03
  2.3149808E-04 -6.00893689892008211E+01 -3.82591432090544168E-03
  2.3579856E-04 -6.00880817133843905E+01 -3.89698737688134837E-03
  2.4013524E-04 -6.00867432975491695E+01 -3.96865868324822527E-03
  2.4450843E-04 -6.00853568002998983E+01 -4.04093327571932847E-03
  2.4891842E-04 -6.00839251385514928E+01 -4.11381623239553441E-03
  2.5336554E-04 -6.00824510888446994E+01 -4.18731267412212910E-03
  2.5785009E-04 -6.00809372892969336E+01 -4.26142776484860018E-03
  2.6237239E-04 -6.00793862421132516E+01 -4.33616671199147340E-03
  2.6693275E-04 -6.00778003165392320E+01 -4.41153476680018058E-03
  2.7153150E-04 -6.00761817521966535E+01 -4.48753722472603096E-03
  2.7616896E-04 -6.00745326627301282E+01 -4.56417942579426163E-03
  2.8084545E-04 -6.00728550396858552E+01 -4.64146675497925133E-03
  2.8556131E-04 -6.00711507565840392E+01 -4.71940464258285581E-03
  2.9031687E-04 -6.00694215731246359E+01 -4.79799856461596112E-03
  2.9511245E-04 -6.00676691394794560E+01 -4.87725404318323317E-03
  2.9994840E-04 -6.00658950006406229E+01 -4.95717664687110506E-03
  3.0482506E-04 -6.00641006007852525E+01 -5.03777199113903448E-03
  3.0974276E-04 -6.00622872876236258E+01 -5.11904573871404655E-03
  3.1470186E-04 -6.00604563167213499E+01 -5.20100359998860919E-03
  3.1970270E-04 -6.00586088557571429E+01 -5.28365133342186075E-03
  3.2474564E-04 -6.00567459886996247E+01 -5.36699474594418396E-03
  3.2983102E-04 -6.00548687199040288E+01 -5.45103969336523542E-03
  3.3495921E-04 -6.00529779780995980E+01 -5.53579208078535702E-03
  3.4013057E-04 -6.00510746202634635E+01 -5.62125786301049136E-03
  3.4534545E-04 -6.00491594353768363E+01 -5.70744304497057108E-03
  3.5060423E-04 -6.00472331480535573E+01 -5.79435368214142269E-03
  3.5590728E-04 -6.00452964220374312E+01 -5.88199588097024825E-03
  3.6125496E-04 -6.00433498635670730E+01 -5.97037579930464763E-03
  3.6664766E-04 -6.00413940246059141E+01 -6.05949964682531584E-03
  3.7208575E-04 -6.00394294059362750E+01 -6.14937368548229470E-03
  3.7756962E-04 -6.00374564601197491E+01 -6.24000422993498637E-03
  3.8309964E-04 -6.00354755943234863E+01 -6.33139764799579320E-03
  3.8867621E-04 -6.00334871730149402E+01 -6.42356036107756372E-03
  3.9429973E-04 -6.00314915205279505E+01 -6.51649884464474208E-03
  3.9997058E-04 -6.00294889235023490E+01 -6.61021962866835833E-03
  4.0568916E-04 -6.00274796332018354E+01 -6.70472929808481333E-03
  4.1145588E-04 -6.00254638677123609E+01 -6.80003449325856154E-03
  4.1727114E-04 -6.00234418140227959E+01 -6.89614191044867885E-03
  4.2313535E-04 -6.00214136299975181E+01 -6.99305830227931607E-03
  4.2904892E-04 -6.00193794462431427E+01 -7.09079047821417618E-03
  4.3501226E-04 -6.00173393678662563E+01 -7.18934530503495452E-03
  4.4102580E-04 -6.00152934761351631E+01 -7.28872970732378535E-03
  4.4708997E-04 -6.00132418300511716E+01 -7.38895066794979707E-03
  4.5320517E-04 -6.00111844678233268E+01 -7.49001522855971633E-03
  4.5937185E-04 -6.00091214082587925E+01 -7.59193049007263806E-03
  4.6559044E-04 -6.00070526520727867E+01 -7.69470361317893883E-03
  4.7186137E-04 -6.00049781831168403E+01 -7.79834181884339356E-03
  4.7818508E-04 -6.00028979695356597E+01 -7.90285238881252572E-03
  4.8456203E-04 -6.00008119648524030E+01 -8.00824266612624666E-03
  4.9099265E-04 -5.99987201089833917E+01 -8.11452005563377196E-03
  4.9747740E-04 -5.99966223291947216E+01 -8.22169202451390052E-03
  5.0401674E-04 -5.99945185409960970E+01 -8.32976610279966348E-03
  5.1061112E-04 -5.99924086489769834E+01 -8.43874988390740793E-03
  5.1726101E-04 -5.99902925475882398E+01 -8.54865102517029206E-03
  5.2396687E-04 -5.99881701218746457E+01 -8.65947724837634082E-03
  5.3072918E-04 -5.99860412481621026E+01 -8.77123634031093391E-03
  5.3754841E-04 -5.99839057946881766E+01 -8.88393615330396874E-03
  5.4442504E-04 -5.99817636222107780E+01 -8.99758460578153375E-03
  5.5135956E-04 -5.99796145845579574E+01 -9.11218968282228280E-03
  5.5835244E-04 -5.99774585291374365E+01 -9.22775943671849154E-03
  5.6540419E-04 -5.99752952974312308E+01 -9.34430198754178550E-03
  5.7251529E-04 -5.99731247254394830E+01 -9.46182552371370791E-03
  5.7968625E-04 -5.99709466441019359E+01 -9.58033830258100787E-03
  5.8691757E-04 -5.99687608796842540E+01 -9.69984865099584800E-03
  5.9420976E-04 -5.99665672541281936E+01 -9.82036496590081749E-03
  6.0156334E-04 -5.99643655854006212E+01 -9.94189571491897739E-03
  6.0897880E-04 -5.99621556878053426E+01 -1.00644494369487164E-02
  6.1645669E-04 -5.99599373722483122E+01 -1.01880347427637900E-02
  6.2399753E-04 -5.99577104465267752E+01 -1.03126603156182654E-02
  6.3160183E-04 -5.99554747155654155E+01 -1.04383349118566445E-02
  6.3927015E-04 -5.99532299816386356E+01 -1.05650673615290975E-02
  6.4700301E-04 -5.99509760445921174E+01 -1.06928665690118520E-02
  6.5480097E-04 -5.99487127020164721E+01 -1.08217415136328474E-02
  6.6266456E-04 -5.99464397494453394E+01 -1.09517012503026184E-02
  6.7059434E-04 -5.99441569805092200E+01 -1.10827549101505177E-02
  6.7859087E-04 -5.99418641870750264E+01 -1.12149117011662632E-02
  6.8665471E-04 -5.99395611593979254E+01 -1.13481809088469224E-02
  6.9478643E-04 -5.99372476862446320E+01 -1.14825718968492967E-02
  7.0298660E-04 -5.99349235549980079E+01 -1.16180941076478566E-02
  7.1125579E-04 -5.99325885517644537E+01 -1.17547570631981527E-02
  7.1959458E-04 -5.99302424614764178E+01 -1.18925703656058562E-02
  7.2800357E-04 -5.99278850679661446E+01 -1.20315436978014022E-02
  7.3648334E-04 -5.99255161540496601E+01 -1.21716868242203371E-02
  7.4503448E-04 -5.99231355015996598E+01 -1.23130095914893781E-02
  7.5365761E-04 -5.99207428915934415E+01 -1.24555219291182240E-02
  7.6235331E-04 -5.99183381041817640E+01 -1.25992338501972681E-02
  7.7112222E-04 -5.99159209187342157E+01 -1.27441554521010719E-02
  7.7996493E-04 -5.99134911138798856E+01 -1.28902969171978566E-02
  7.8888208E-04 -5.99110484675524404E+01 -1.30376685135649012E-02
  7.9787429E-04 -5.99085927570083356E+01 -1.31862805957100385E-02
  8.0694218E-04 -5.99061237588693061E+01 -1.33361436052990990E-02
  8.1608641E-04 -5.99036412491467019E+01 -1.34872680718896420E-02
  8.2530760E-04 -5.99011450032490345E+01 -1.36396646136706969E-02
  8.3460642E-04 -5.98986347960040106E+01 -1.37933439382088609E-02
  8.4398351E-04 -5.98961104016769852E+01 -1.39483168432006106E-02
  8.5343952E-04 -5.98935715939737818E+01 -1.41045942172309587E-02
  8.6297514E-04 -5.98910181460475286E+01 -1.42621870405384953E-02
  8.7259101E-04 -5.98884498305035748E+01 -1.44211063857868846E-02
  8.8228783E-04 -5.98858664194035981E+01 -1.45813634188428388E-02
  8.9206627E-04 -5.98832676842537026E+01 -1.47429693995606292E-02
  9.0192702E-04 -5.98806533960101248E+01 -1.49059356825732604E-02
  9.1187077E-04 -5.98780233250848752E+01 -1.50702737180902092E-02
  9.2189822E-04 -5.98753772413098417E+01 -1.52359950527019578E-02
  9.3201008E-04 -5.98727149139447192E+01 -1.54031113301912655E-02
  9.4220705E-04 -5.98700361116688171E+01 -1.55716342923512951E-02
  9.5248986E-04 -5.98673406025652213E+01 -1.57415757798105675E-02
  9.6285922E-04 -5.98646281541050911E+01 -1.59129477328649252E-02
  9.7331586E-04 -5.98618985331315443E+01 -1.60857621923164613E-02
  9.8386052E-04 -5.98591515058513011E+01 -1.62600313003195239E-02
  9.9449394E-04 -5.98563868378121597E+01 -1.64357673012338543E-02
  1.0052169E-03 -5.98536042938824764E+01 -1.66129825424848505E-02
  1.0160300E-03 -5.98508036382354831E+01 -1.67916894754311617E-02
  1.0269342E-03 -5.98479846343358162E+01 -1.69719006562394949E-02
  1.0379302E-03 -5.98451470449070655E+01 -1.71536287467668677E-02
  1.0490188E-03 -5.98422906319194752E+01 -1.73368865154501783E-02
  1.0602007E-03 -5.98394151565669148E+01 -1.75216868382034180E-02
  1.0714767E-03 -5.98365203792386851E+01 -1.77080426993222809E-02
  1.0828476E-03 -5.98336060595023440E+01 -1.78959671923964933E-02
  1.0943142E-03 -5.98306719560872935E+01 -1.80854735212297654E-02
  1.1058774E-03 -5.98277178268445624E+01 -1.82765750007675004E-02
  1.1175378E-03 -5.98247434287322903E+01 -1.84692850580323795E-02
  1.1292965E-03 -5.98217485178005433E+01 -1.86636172330676420E-02
  1.1411541E-03 -5.98187328491418313E+01 -1.88595851798885605E-02
  1.1531115E-03 -5.98156961768915636E+01 -1.90572026674416910E-02
  1.1651696E-03 -5.98126382541937431E+01 -1.92564835805723450E-02
  1.1773292E-03 -5.98095588331674364E+01 -1.94574419210001293E-02
  1.1895911E-03 -5.98064576648927968E+01 -1.96600918083027418E-02
  1.2019562E-03 -5.98033344993823803E+01 -1.98644474809080047E-02
  1.2144254E-03 -5.98001890855530718E+01 -2.00705232970943316E-02
  1.2269996E-03 -5.97970211711937694E+01 -2.02783337359994896E-02
  1.2396796E-03 -5.97938305029539379E+01 -2.04878933986379491E-02
  1.2524664E-03 -5.97906168263131192E+01 -2.06992170089267749E-02
  1.2653607E-03 -5.97873798855375256E+01 -2.09123194147201596E-02
  1.2783637E-03 -5.97841194236813536E+01 -2.11272155888525964E-02
  1.2914760E-03 -5.97808351825444433E+01 -2.13439206301909434E-02
  1.3046988E-03 -5.97775269026360121E+01 -2.15624497646952906E-02
  1.3180328E-03 -5.97741943231749033E+01 -2.17828183464886978E-02
  1.3314791E-03 -5.97708371820396422E+01 -2.20050418589360711E-02
  1.3450386E-03 -5.97674552157512124E+01 -2.22291359157319700E-02
  1.3587122E-03 -5.97640481594506596E+01 -2.24551162619976812E-02
  1.3725009E-03 -5.97606157468604167E+01 -2.26829987753874932E-02
  1.3864056E-03 -5.97571577102690057E+01 -2.29127994672042937E-02
  1.4004274E-03 -5.97536737805032487E+01 -2.31445344835244753E-02
  1.4145672E-03 -5.97501636868904669E+01 -2.33782201063324618E-02
  1.4288261E-03 -5.97466271572448662E+01 -2.36138727546646547E-02
  1.4432050E-03 -5.97430639178397698E+01 -2.38515089857630445E-02
  1.4577049E-03 -5.97394736933713020E+01 -2.40911454962385967E-02
  1.4723268E-03 -5.97358562069429126E+01 -2.43327991232442954E-02
  1.4870719E-03 -5.97322111800317543E+01 -2.45764868456582360E-02
  1.5019410E-03 -5.97285383324643391E+01 -2.48222257852764930E-02
  1.5169353E-03 -5.97248373823941492E+01 -2.50700332080161931E-02
  1.5320558E-03 -5.97211080462647672E+01 -2.53199265251285686E-02
  1.5473036E-03 -5.97173500387953666E+01 -2.55719232944223683E-02
  1.5626798E-03 -5.97135630729514446E+01 -2.58260412214974082E-02
  1.5781854E-03 -5.97097468599063959E+01 -2.60822981609886741E-02
  1.5938214E-03 -5.97059011090342011E+01 -2.63407121178207311E-02
  1.6095892E-03 -5.97020255278724008E+01 -2.66013012484728438E-02
  1.6254896E-03 -5.96981198220909732E+01 -2.68640838622546015E-02
  1.6415238E-03 -5.96941836954782374E+01 -2.71290784225924203E-02
  1.6576931E-03 -5.96902168499093548E+01 -2.73963035483267524E-02
  1.6739984E-03 -5.96862189853150298E+01 -2.76657780150202960E-02
  1.6904410E-03 -5.96821897996610602E+01 -2.79375207562771663E-02
  1.7070220E-03 -5.96781289889229782E+01 -2.82115508650732337E-02
  1.7237426E-03 -5.96740362470552768E+01 -2.84878875950975892E-02
  1.7406039E-03 -5.96699112659691622E+01 -2.87665503621053337E-02
  1.7576071E-03 -5.96657537355007079E+01 -2.90475587452817714E-02
  1.7747534E-03 -5.96615633433952155E+01 -2.93309324886180146E-02
  1.7920441E-03 -5.96573397752720140E+01 -2.96166915022982973E-02
  1.8094803E-03 -5.96530827145940563E+01 -2.99048558640988490E-02
  1.8270633E-03 -5.96487918426594916E+01 -3.01954458207985520E-02
  1.8447943E-03 -5.96444668385637726E+01 -3.04884817896015660E-02
  1.8626746E-03 -5.96401073791657055E+01 -3.07839843595718241E-02
  1.8807053E-03 -5.96357131390710649E+01 -3.10819742930796977E-02
  1.8988878E-03 -5.96312837906175943E+01 -3.13824725272606672E-02
  1.9172234E-03 -5.96268190038274994E+01 -3.16855001754865473E-02
  1.9357133E-03 -5.96223184463863660E+01 -3.19910785288488181E-02
  1.9543589E-03 -5.96177817836315995E+01 -3.22992290576546021E-02
  1.9731614E-03 -5.96132086785113060E+01 -3.26099734129352281E-02
  1.9921221E-03 -5.96085987915593876E+01 -3.29233334279674036E-02
  2.0112425E-03 -5.96039517808761303E+01 -3.32393311198073069E-02
  2.0305238E-03 -5.95992673021026746E+01 -3.35579886908374259E-02
  2.0499674E-03 -5.95945450083854809E+01 -3.38793285303266647E-02
  2.0695746E-03 -5.95897845503537766E+01 -3.42033732160033424E-02
  2.0893470E-03 -5.95849855760989797E+01 -3.45301455156415832E-02
  2.1092857E-03 -5.95801477311477896E+01 -3.48596683886609332E-02
  2.1293923E-03 -5.95752706584276837E+01 -3.51919649877396254E-02
  2.1496681E-03 -5.95703539982408756E+01 -3.55270586604412367E-02
  2.1701146E-03 -5.95653973882543397E+01 -3.58649729508551188E-02
  2.1907332E-03 -5.95604004634615976E+01 -3.62057316012506861E-02
  2.2115253E-03 -5.95553628561424233E+01 -3.65493585537455257E-02
  2.2324925E-03 -5.95502841958639664E+01 -3.68958779519876351E-02
  2.2536361E-03 -5.95451641094432418E+01 -3.72453141428517182E-02
  2.2749578E-03 -5.95400022209104449E+01 -3.75976916781499415E-02
  2.2964589E-03 -5.95347981514945275E+01 -3.79530353163568465E-02
  2.3181409E-03 -5.95295515195903491E+01 -3.83113700243490340E-02
  2.3400055E-03 -5.95242619407468894E+01 -3.86727209791592197E-02
  2.3620542E-03 -5.95189290276175100E+01 -3.90371135697453603E-02
  2.3842884E-03 -5.95135523899418502E+01 -3.94045733987744146E-02
  2.4067098E-03 -5.95081316345381452E+01 -3.97751262844212097E-02
  2.4293199E-03 -5.95026663652494037E+01 -4.01487982621825390E-02
  2.4521203E-03 -5.94971561829287694E+01 -4.05256155867063650E-02
  2.4751127E-03 -5.94916006854173247E+01 -4.09056047336365525E-02
  2.4982986E-03 -5.94859994675124568E+01 -4.12887924014730401E-02
  2.5216796E-03 -5.94803521209406441E+01 -4.16752055134477425E-02
  2.5452575E-03 -5.94746582343276060E+01 -4.20648712194162111E-02
  2.5690338E-03 -5.94689173931812078E+01 -4.24578168977651910E-02
  2.5930102E-03 -5.94631291798619586E+01 -4.28540701573362631E-02
  2.6171885E-03 -5.94572931735485426E+01 -4.32536588393656468E-02
  2.6415703E-03 -5.94514089502135832E+01 -4.36566110194404611E-02
  2.6661573E-03 -5.94454760826073496E+01 -4.40629550094712788E-02
  2.6909513E-03 -5.94394941402239212E+01 -4.44727193596812648E-02
  2.7159540E-03 -5.94334626892629672E+01 -4.48859328606123278E-02
  2.7411671E-03 -5.94273812926202396E+01 -4.53026245451478918E-02
  2.7665925E-03 -5.94212495098604947E+01 -4.57228236905527080E-02
  2.7922319E-03 -5.94150668971787894E+01 -4.61465598205300642E-02
  2.8180871E-03 -5.94088330073757049E+01 -4.65738627072960140E-02
  2.8441600E-03 -5.94025473898346803E+01 -4.70047623736713494E-02
  2.8704523E-03 -5.93962095905038083E+01 -4.74392890951908439E-02
  2.8969659E-03 -5.93898191518545104E+01 -4.78774734022306414E-02
  2.9237027E-03 -5.93833756128516583E+01 -4.83193460821532902E-02
  2.9506645E-03 -5.93768785089463691E+01 -4.87649381814708391E-02
  2.9778533E-03 -5.93703273720385596E+01 -4.92142810080262519E-02
  3.0052710E-03 -5.93637217304363176E+01 -4.96674061331931829E-02
  3.0329194E-03 -5.93570611088520650E+01 -5.01243453940941330E-02
  3.0608006E-03 -5.93503450283677694E+01 -5.05851308958373685E-02
  3.0889164E-03 -5.93435730063976052E+01 -5.10497950137727696E-02
  3.1172689E-03 -5.93367445566756757E+01 -5.15183703957664413E-02
  3.1458601E-03 -5.93298591892187304E+01 -5.19908899644946354E-02
  3.1746919E-03 -5.93229164103076343E+01 -5.24673869197569212E-02
  3.2037665E-03 -5.93159157224577953E+01 -5.29478947408088957E-02
  3.2330857E-03 -5.93088566243816615E+01 -5.34324471887144409E-02
  3.2626518E-03 -5.93017386109781199E+01 -5.39210783087178125E-02
  3.2924667E-03 -5.92945611733051550E+01 -5.44138224326355946E-02
  3.3225326E-03 -5.92873237985382460E+01 -5.49107141812691449E-02
  3.3528515E-03 -5.92800259699516729E+01 -5.54117884668368990E-02
  3.3834257E-03 -5.92726671668988772E+01 -5.59170804954273598E-02
  3.4142572E-03 -5.92652468647806359E+01 -5.64266257694727644E-02
  3.4453483E-03 -5.92577645350118942E+01 -5.69404600902435054E-02
  3.4767010E-03 -5.92502196450031491E+01 -5.74586195603635982E-02
  3.5083177E-03 -5.92426116581358357E+01 -5.79811405863472420E-02
  3.5402004E-03 -5.92349400337304743E+01 -5.85080598811568153E-02
  3.5723516E-03 -5.92272042270203869E+01 -5.90394144667824167E-02
  3.6047734E-03 -5.92194036891272191E+01 -5.95752416768429785E-02
  3.6374681E-03 -5.92115378670409527E+01 -6.01155791592094049E-02
  3.6704380E-03 -5.92036062035829644E+01 -6.06604648786497960E-02
  3.7036854E-03 -5.91956081373825853E+01 -6.12099371194968420E-02
  3.7372127E-03 -5.91875431028592871E+01 -6.17640344883377962E-02
  3.7710222E-03 -5.91794105301915891E+01 -6.23227959167268891E-02
  3.8051162E-03 -5.91712098452881676E+01 -6.28862606639208482E-02
  3.8394973E-03 -5.91629404697628800E+01 -6.34544683196372333E-02
  3.8741677E-03 -5.91546018209165254E+01 -6.40274588068360101E-02
  3.9091300E-03 -5.91461933117099221E+01 -6.46052723845246535E-02
  3.9443866E-03 -5.91377143507278760E+01 -6.51879496505867739E-02
  3.9799400E-03 -5.91291643421638682E+01 -6.57755315446346134E-02
  4.0157926E-03 -5.91205426857965932E+01 -6.63680593508853001E-02
  4.0519470E-03 -5.91118487769593415E+01 -6.69655747010618613E-02
  4.0884057E-03 -5.91030820065194789E+01 -6.75681195773180088E-02
  4.1251713E-03 -5.90942417608484760E+01 -6.81757363151880846E-02
  4.1622464E-03 -5.90853274218053670E+01 -6.87884676065613626E-02
  4.1996336E-03 -5.90763383667088959E+01 -6.94063565026818846E-02
  4.2373355E-03 -5.90672739683076031E+01 -7.00294464171731246E-02
  4.2753547E-03 -5.90581335947676465E+01 -7.06577811290882984E-02
  4.3136939E-03 -5.90489166096441664E+01 -7.12914047859863204E-02
  4.3523559E-03 -5.90396223718512161E+01 -7.19303619070337935E-02
  4.3913433E-03 -5.90302502356470811E+01 -7.25746973861327721E-02
  4.4306589E-03 -5.90207995506111232E+01 -7.32244564950751270E-02
  4.4703054E-03 -5.90112696616180585E+01 -7.38796848867235012E-02
  4.5102856E-03 -5.90016599088134868E+01 -7.45404285982187720E-02
  4.5506023E-03 -5.89919696275909118E+01 -7.52067340542148799E-02
  4.5912584E-03 -5.89821981485825759E+01 -7.58786480701403032E-02
  4.6322568E-03 -5.89723447976245652E+01 -7.65562178554877598E-02
  4.6736002E-03 -5.89624088957320183E+01 -7.72394910171309707E-02
  4.7152916E-03 -5.89523897590920285E+01 -7.79285155626696785E-02
  4.7573340E-03 -5.89422866990346321E+01 -7.86233399038025194E-02
  4.7997303E-03 -5.89320990220099361E+01 -7.93240128597287875E-02
  4.8424834E-03 -5.89218260295718892E+01 -8.00305836605782750E-02
  4.8855964E-03 -5.89114670183606037E+01 -8.07431019508702136E-02
  4.9290723E-03 -5.89010212800753195E+01 -8.14616177930015534E-02
  4.9729141E-03 -5.88904881014564054E+01 -8.21861816707643161E-02
  5.0171250E-03 -5.88798667642754268E+01 -8.29168444928925358E-02
  5.0617080E-03 -5.88691565453074759E+01 -8.36536575966392026E-02
  5.1066663E-03 -5.88583567163119099E+01 -8.43966727513833642E-02
  5.1520030E-03 -5.88474665440195750E+01 -8.51459421622673823E-02
  5.1977214E-03 -5.88364852901148865E+01 -8.59015184738649712E-02
  5.2438246E-03 -5.88254122112161966E+01 -8.66634547738800026E-02
  5.2903158E-03 -5.88142465588590753E+01 -8.74318045968766333E-02
  5.3371984E-03 -5.88029875794795274E+01 -8.82066219280404490E-02
  5.3844756E-03 -5.87916345143993979E+01 -8.89879612069718468E-02
  5.4321508E-03 -5.87801865998145843E+01 -8.97758773315105868E-02
  5.4802272E-03 -5.87686430667714248E+01 -9.05704256615934011E-02
  5.5287083E-03 -5.87570031411575613E+01 -9.13716620231434379E-02
  5.5775976E-03 -5.87452660436872804E+01 -9.21796427119924155E-02
  5.6268983E-03 -5.87334309898866991E+01 -9.29944244978365003E-02
  5.6766140E-03 -5.87214971900828004E+01 -9.38160646282245742E-02
  5.7267482E-03 -5.87094638493836172E+01 -9.46446208325807808E-02
  5.7773045E-03 -5.86973301676773218E+01 -9.54801513262603513E-02
  5.8282862E-03 -5.86850953396157848E+01 -9.63227148146400813E-02
  5.8796971E-03 -5.86727585545943668E+01 -9.71723704972430741E-02
  5.9315407E-03 -5.86603189967524798E+01 -9.80291780718979683E-02
  5.9838208E-03 -5.86477758449659845E+01 -9.88931977389334166E-02
  6.0365408E-03 -5.86351282728243746E+01 -9.97644902054077298E-02
  6.0897047E-03 -5.86223754486294197E+01 -1.00643116689374423E-01
  6.1433161E-03 -5.86095165353936309E+01 -1.01529138924183179E-01
  6.1973787E-03 -5.85965506908198321E+01 -1.02422619162817530E-01
  6.2518964E-03 -5.85834770672989151E+01 -1.03323620182268608E-01
  6.3068730E-03 -5.85702948119078997E+01 -1.04232205287945898E-01
  6.3623123E-03 -5.85570030663990408E+01 -1.05148438318125259E-01
  6.4182183E-03 -5.85436009671964186E+01 -1.06072383648434077E-01
  6.4745949E-03 -5.85300876453897843E+01 -1.07004106196374515E-01
  6.5314460E-03 -5.85164622267304324E+01 -1.07943671425884527E-01
  6.5887757E-03 -5.85027238316344622E+01 -1.08891145351937349E-01
  6.6465879E-03 -5.84888715751706982E+01 -1.09846594545179962E-01
  6.7048868E-03 -5.84749045670626870E+01 -1.10810086136610142E-01
  6.7636764E-03 -5.84608219116935928E+01 -1.11781687822293224E-01
  6.8229608E-03 -5.84466227080968324E+01 -1.12761467868118442E-01
  6.8827443E-03 -5.84323060499587257E+01 -1.13749495114595492E-01
  6.9430310E-03 -5.84178710256233700E+01 -1.14745838981690981E-01
  7.0038251E-03 -5.84033167180930235E+01 -1.15750569473706086E-01
  7.0651310E-03 -5.83886422050293632E+01 -1.16763757184195030E-01
  7.1269529E-03 -5.83738465587569593E+01 -1.17785473300925217E-01
  7.1892952E-03 -5.83589288462665436E+01 -1.18815789610878561E-01
  7.2521622E-03 -5.83438881292253697E+01 -1.19854778505295412E-01
  7.3155585E-03 -5.83287234639798413E+01 -1.20902512984760888E-01
  7.3794883E-03 -5.83134339015574170E+01 -1.21959066664333787E-01
  7.4439563E-03 -5.82980184876805509E+01 -1.23024513778718980E-01
  7.5089669E-03 -5.82824762627761643E+01 -1.24098929187482679E-01
  7.5745248E-03 -5.82668062619791058E+01 -1.25182388380312676E-01
  7.6406345E-03 -5.82510075151436766E+01 -1.26274967482322004E-01
  7.7073006E-03 -5.82350790468602355E+01 -1.27376743259397213E-01
  7.7745279E-03 -5.82190198764613740E+01 -1.28487793123592431E-01
  7.8423211E-03 -5.82028290180336114E+01 -1.29608195138568055E-01
  7.9106849E-03 -5.81865054804364732E+01 -1.30738028025075587E-01
  7.9796242E-03 -5.81700482673151100E+01 -1.31877371166488289E-01
  8.0491438E-03 -5.81534563771144377E+01 -1.33026304614379115E-01
  8.1192485E-03 -5.81367288030946412E+01 -1.34184909094144683E-01
  8.1899434E-03 -5.81198645333505155E+01 -1.35353266010677403E-01
  8.2612333E-03 -5.81028625508333221E+01 -1.36531457454084404E-01
  8.3331232E-03 -5.80857218333634933E+01 -1.37719566205455807E-01
  8.4056183E-03 -5.80684413536519770E+01 -1.38917675742680546E-01
  8.4787237E-03 -5.80510200793262570E+01 -1.40125870246311263E-01
  8.5524444E-03 -5.80334569729493737E+01 -1.41344234605479402E-01
  8.6267856E-03 -5.80157509920410703E+01 -1.42572854423858891E-01
  8.7017526E-03 -5.79979010891049782E+01 -1.43811816025680911E-01
  8.7773506E-03 -5.79799062116541251E+01 -1.45061206461798597E-01
  8.8535849E-03 -5.79617653022347170E+01 -1.46321113515804013E-01
  8.9304610E-03 -5.79434772984534590E+01 -1.47591625710194629E-01
  9.0079841E-03 -5.79250411330064026E+01 -1.48872832312593656E-01
  9.0861598E-03 -5.79064557337093433E+01 -1.50164823342021525E-01
  9.1649935E-03 -5.78877200235268177E+01 -1.51467689575220693E-01
  9.2444908E-03 -5.78688329205993668E+01 -1.52781522553033344E-01
  9.3246572E-03 -5.78497933382803637E+01 -1.54106414586833218E-01
  9.4054985E-03 -5.78306001851716687E+01 -1.55442458765010727E-01
  9.4870202E-03 -5.78112523651480572E+01 -1.56789748959513975E-01
  9.5692281E-03 -5.77917487773986238E+01 -1.58148379832443481E-01
  9.6521280E-03 -5.77720883164644121E+01 -1.59518446842703027E-01
  9.7357257E-03 -5.77522698722711922E+01 -1.60900046252706819E-01
  9.8200271E-03 -5.77322923301680291E+01 -1.62293275135142245E-01
  9.9050381E-03 -5.77121545709668098E+01 -1.63698231379790560E-01
  9.9907646E-03 -5.76918554709840592E+01 -1.65115013700403573E-01
  1.0077213E-02 -5.76713939020790889E+01 -1.66543721641640080E-01
  1.0164389E-02 -5.76507687316951305E+01 -1.67984455586058873E-01
  1.0252298E-02 -5.76299788229023946E+01 -1.69437316761171824E-01
  1.0340948E-02 -5.76090230344467926E+01 -1.70902407246555504E-01
  1.0430344E-02 -5.75879002207868780E+01 -1.72379829981023358E-01
  1.0520492E-02 -5.75666092321406140E+01 -1.73869688769857894E-01
  1.0611399E-02 -5.75451489145376343E+01 -1.75372088292103351E-01
  1.0703071E-02 -5.75235181098595305E+01 -1.76887134107920480E-01
  1.0795515E-02 -5.75017156558905498E+01 -1.78414932666003001E-01
  1.0888737E-02 -5.74797403863654921E+01 -1.79955591311055901E-01
  1.0982744E-02 -5.74575911310212675E+01 -1.81509218291337288E-01
  1.1077542E-02 -5.74352667156472236E+01 -1.83075922766263555E-01
  1.1173138E-02 -5.74127659621311537E+01 -1.84655814814078667E-01
  1.1269538E-02 -5.73900876885173830E+01 -1.86249005439587473E-01
  1.1366751E-02 -5.73672307090584397E+01 -1.87855606581954465E-01
  1.1464781E-02 -5.73441938342662709E+01 -1.89475731122568603E-01
  1.1563636E-02 -5.73209758709665209E+01 -1.91109492892973187E-01
  1.1663324E-02 -5.72975756223528947E+01 -1.92757006682863746E-01
  1.1763851E-02 -5.72739918880479237E+01 -1.94418388248151996E-01
  1.1865224E-02 -5.72502234641508139E+01 -1.96093754319098756E-01
  1.1967450E-02 -5.72262691432969888E+01 -1.97783222608514414E-01
  1.2070537E-02 -5.72021277147204259E+01 -1.99486911820029006E-01
  1.2174491E-02 -5.71777979643037426E+01 -2.01204941656431546E-01
  1.2279320E-02 -5.71532786746377255E+01 -2.02937432828079661E-01
  1.2385032E-02 -5.71285686250831404E+01 -2.04684507061379806E-01
  1.2491634E-02 -5.71036665918288975E+01 -2.06446287107339116E-01
  1.2599133E-02 -5.70785713479488379E+01 -2.08222896750188735E-01
  1.2707537E-02 -5.70532816634616466E+01 -2.10014460816080578E-01
  1.2816853E-02 -5.70277963053924282E+01 -2.11821105181856317E-01
  1.2927089E-02 -5.70021140378330813E+01 -2.13642956783890198E-01
  1.3038254E-02 -5.69762336219999526E+01 -2.15480143627007154E-01
  1.3150354E-02 -5.69501538162959733E+01 -2.17332794793475254E-01
  1.3263398E-02 -5.69238733763714393E+01 -2.19201040452073365E-01
  1.3377393E-02 -5.68973910551838884E+01 -2.21085011867236225E-01
  1.3492348E-02 -5.68707056030584326E+01 -2.22984841408275652E-01
  1.3608270E-02 -5.68438157677488078E+01 -2.24900662558679687E-01
  1.3725168E-02 -5.68167202944982179E+01 -2.26832609925489037E-01
  1.3843050E-02 -5.67894179260987215E+01 -2.28780819248754208E-01
  1.3961924E-02 -5.67619074029502144E+01 -2.30745427411070486E-01
  1.4081799E-02 -5.67341874631224243E+01 -2.32726572447193775E-01
  1.4202683E-02 -5.67062568424153852E+01 -2.34724393553737476E-01
  1.4324585E-02 -5.66781142744139999E+01 -2.36739031098950670E-01
  1.4447513E-02 -5.66497584905491323E+01 -2.38770626632578337E-01
  1.4571475E-02 -5.66211882201568599E+01 -2.40819322895805626E-01
  1.4696481E-02 -5.65924021905361627E+01 -2.42885263831283504E-01
  1.4822539E-02 -5.65633991270017589E+01 -2.44968594593241495E-01
  1.4949658E-02 -5.65341777529444656E+01 -2.47069461557683306E-01
  1.5077847E-02 -5.65047367898873318E+01 -2.49188012332668934E-01
  1.5207115E-02 -5.64750749575346234E+01 -2.51324395768684261E-01
  1.5337472E-02 -5.64451909738317283E+01 -2.53478761969094801E-01
  1.5468925E-02 -5.64150835550157836E+01 -2.55651262300691795E-01
  1.5601485E-02 -5.63847514156652423E+01 -2.57842049404322926E-01
  1.5735161E-02 -5.63541932687540452E+01 -2.60051277205614717E-01
  1.5869962E-02 -5.63234078256986663E+01 -2.62279100925784325E-01
  1.6005898E-02 -5.62923937964071399E+01 -2.64525677092542266E-01
  1.6142978E-02 -5.62611498893266031E+01 -2.66791163551086841E-01
  1.6281211E-02 -5.62296748114870866E+01 -2.69075719475191433E-01
  1.6420609E-02 -5.61979672685493696E+01 -2.71379505378383235E-01
  1.6561179E-02 -5.61660259648426035E+01 -2.73702683125219171E-01
  1.6702933E-02 -5.61338496034079384E+01 -2.76045415942653583E-01
  1.6845881E-02 -5.61014368860402257E+01 -2.78407868431502503E-01
  1.6990031E-02 -5.60687865133210508E+01 -2.80790206578004853E-01
  1.7135395E-02 -5.60358971846566121E+01 -2.83192597765479948E-01
  1.7281982E-02 -5.60027675983128148E+01 -2.85615210786083651E-01
  1.7429803E-02 -5.59693964514478921E+01 -2.88058215852662114E-01
  1.7578869E-02 -5.59357824401390076E+01 -2.90521784610707212E-01
  1.7729189E-02 -5.59019242594127448E+01 -2.93006090150410181E-01
  1.7880775E-02 -5.58678206032717384E+01 -2.95511307018818559E-01
  1.8033636E-02 -5.58334701647165303E+01 -2.98037611232092936E-01
  1.8187784E-02 -5.57988716357682293E+01 -3.00585180287869125E-01
  1.8343230E-02 -5.57640237074880716E+01 -3.03154193177722409E-01
  1.8499984E-02 -5.57289250699943821E+01 -3.05744830399736600E-01
  1.8658058E-02 -5.56935744124757832E+01 -3.08357273971180512E-01
  1.8817462E-02 -5.56579704232042829E+01 -3.10991707441288290E-01
  1.8978208E-02 -5.56221117895449026E+01 -3.13648315904148878E-01
  1.9140307E-02 -5.55859971979629108E+01 -3.16327286011702791E-01
  1.9303771E-02 -5.55496253340293364E+01 -3.19028805986848185E-01
  1.9468610E-02 -5.55129948824198820E+01 -3.21753065636657898E-01
  1.9634837E-02 -5.54761045269164299E+01 -3.24500256365705841E-01
  1.9802463E-02 -5.54389529504065877E+01 -3.27270571189505532E-01
  1.9971500E-02 -5.54015388348727171E+01 -3.30064204748063417E-01
  2.0141960E-02 -5.53638608613840404E+01 -3.32881353319543605E-01
  2.0313855E-02 -5.53259177100897475E+01 -3.35722214834047794E-01
  2.0487197E-02 -5.52877080602020783E+01 -3.38586988887511042E-01
  2.0661998E-02 -5.52492305899772589E+01 -3.41475876755715280E-01
  2.0838270E-02 -5.52104839767012265E+01 -3.44389081408418063E-01
  2.1016026E-02 -5.51714668966665869E+01 -3.47326807523600734E-01
  2.1195278E-02 -5.51321780251444693E+01 -3.50289261501837812E-01
  2.1376039E-02 -5.50926160363610791E+01 -3.53276651480784243E-01
  2.1558322E-02 -5.50527796034680676E+01 -3.56289187349785430E-01
  2.1742138E-02 -5.50126673985090449E+01 -3.59327080764609785E-01
  2.1927503E-02 -5.49722780923858139E+01 -3.62390545162304512E-01
  2.2114427E-02 -5.49316103548208829E+01 -3.65479795776175509E-01
  2.2302925E-02 -5.48906628543195723E+01 -3.68595049650894457E-01
  2.2493009E-02 -5.48494342581296905E+01 -3.71736525657728301E-01
  2.2684694E-02 -5.48079232321946321E+01 -3.74904444509902568E-01
  2.2877992E-02 -5.47661284411105669E+01 -3.78099028778088486E-01
  2.3072917E-02 -5.47240485480806456E+01 -3.81320502906020764E-01
  2.3269483E-02 -5.46816822148632369E+01 -3.84569093226247216E-01
  2.3467703E-02 -5.46390281017227366E+01 -3.87845027976009837E-01
  2.3667592E-02 -5.45960848673789343E+01 -3.91148537313258382E-01
  2.3869164E-02 -5.45528511689528770E+01 -3.94479853332796948E-01
  2.4072432E-02 -5.45093256619119018E+01 -3.97839210082568784E-01
  2.4277411E-02 -5.44655070000164727E+01 -4.01226843580074377E-01
  2.4484116E-02 -5.44213938352634088E+01 -4.04642991828927268E-01
  2.4692560E-02 -5.43769848178297792E+01 -4.08087894835549692E-01
  2.4902759E-02 -5.43322785960170194E+01 -4.11561794626006006E-01
  2.5114728E-02 -5.42872738161940731E+01 -4.15064935262978274E-01
  2.5328480E-02 -5.42419691227432779E+01 -4.18597562862881578E-01
  2.5544032E-02 -5.41963631580016312E+01 -4.22159925613126041E-01
  2.5761398E-02 -5.41504545622073863E+01 -4.25752273789518521E-01
  2.5980594E-02 -5.41042419734481967E+01 -4.29374859773812456E-01
  2.6201635E-02 -5.40577240276070512E+01 -4.33027938071403162E-01
  2.6424537E-02 -5.40108993583124857E+01 -4.36711765329170998E-01
  2.6649314E-02 -5.39637665968886253E+01 -4.40426600353473252E-01
  2.6875984E-02 -5.39163243723111734E+01 -4.44172704128286022E-01
  2.7104562E-02 -5.38685713111647289E+01 -4.47950339833496358E-01
  2.7335064E-02 -5.38205060375983138E+01 -4.51759772863349618E-01
  2.7567506E-02 -5.37721271732910679E+01 -4.55601270845046702E-01
  2.7801905E-02 -5.37234333374203388E+01 -4.59475103657499162E-01
  2.8038276E-02 -5.36744231466298274E+01 -4.63381543450238409E-01
  2.8276638E-02 -5.36250952150051035E+01 -4.67320864662483515E-01
  2.8517005E-02 -5.35754481540549250E+01 -4.71293344042367279E-01
  2.8759396E-02 -5.35254805726965088E+01 -4.75299260666319889E-01
  2.9003827E-02 -5.34751910772445882E+01 -4.79338895958618560E-01
  2.9250316E-02 -5.34245782714080661E+01 -4.83412533711094827E-01
  2.9498880E-02 -5.33736407562933977E+01 -4.87520460103007425E-01
  2.9749535E-02 -5.33223771304138410E+01 -4.91662963721079538E-01
  3.0002301E-02 -5.32707859897045850E+01 -4.95840335579703195E-01
  3.0257194E-02 -5.32188659275442149E+01 -5.00052869141309198E-01
  3.0514233E-02 -5.31666155347867431E+01 -5.04300860336909018E-01
  3.0773435E-02 -5.31140333997993395E+01 -5.08584607586801352E-01
  3.1034820E-02 -5.30611181085040329E+01 -5.12904411821456852E-01
  3.1298404E-02 -5.30078682444333751E+01 -5.17260576502570069E-01
  3.1564207E-02 -5.29542823887909506E+01 -5.21653407644288025E-01
  3.1832248E-02 -5.29003591205181891E+01 -5.26083213834613539E-01
  3.2102544E-02 -5.28460970163714165E+01 -5.30550306256984405E-01
  3.2375116E-02 -5.27914946510059480E+01 -5.35054998712032770E-01
  3.2649982E-02 -5.27365505970687707E+01 -5.39597607639520249E-01
  3.2927162E-02 -5.26812634252957395E+01 -5.44178452140458235E-01
  3.3206675E-02 -5.26256317046176747E+01 -5.48797853999406282E-01
  3.3488541E-02 -5.25696540022738361E+01 -5.53456137706956119E-01
  3.3772779E-02 -5.25133288839303347E+01 -5.58153630482399521E-01
  3.4059410E-02 -5.24566549138046554E+01 -5.62890662296582911E-01
  3.4348454E-02 -5.23996306547926451E+01 -5.67667565894948378E-01
  3.4639930E-02 -5.23422546686022798E+01 -5.72484676820765759E-01
  3.4933860E-02 -5.22845255158908202E+01 -5.77342333438550237E-01
  3.5230264E-02 -5.22264417563983017E+01 -5.82240876957679010E-01
  3.5529163E-02 -5.21680019490866229E+01 -5.87180651456193581E-01
  3.5830579E-02 -5.21092046522765386E+01 -5.92162003904800449E-01
  3.6134531E-02 -5.20500484237800833E+01 -5.97185284191066645E-01
  3.6441041E-02 -5.19905318210285472E+01 -6.02250845143811997E-01
  3.6750132E-02 -5.19306534011962597E+01 -6.07359042557700568E-01
  3.7061825E-02 -5.18704117213147526E+01 -6.12510235218029386E-01
  3.7376141E-02 -5.18098053383717669E+01 -6.17704784925725447E-01
  3.7693103E-02 -5.17488328094025718E+01 -6.22943056522534788E-01
  3.8012732E-02 -5.16874926915621415E+01 -6.28225417916425721E-01
  3.8335053E-02 -5.16257835421770253E+01 -6.33552240107189246E-01
  3.8660086E-02 -5.15637039187754382E+01 -6.38923897212253178E-01
  3.8987855E-02 -5.15012523790919587E+01 -6.44340766492699446E-01
  3.9318384E-02 -5.14384274810442435E+01 -6.49803228379491116E-01
  3.9651694E-02 -5.13752277826728871E+01 -6.55311666499914236E-01
  3.9987810E-02 -5.13116518420468708E+01 -6.60866467704228189E-01
  4.0326755E-02 -5.12476982171301358E+01 -6.66468022092529977E-01
  4.0668554E-02 -5.11833654656004526E+01 -6.72116723041834452E-01
  4.1013229E-02 -5.11186521446205546E+01 -6.77812967233369701E-01
  4.1360806E-02 -5.10535568105568274E+01 -6.83557154680091705E-01
  4.1711308E-02 -5.09880780186420282E+01 -6.89349688754415268E-01
  4.2064761E-02 -5.09222143225764796E+01 -6.95190976216165102E-01
  4.2421189E-02 -5.08559642740629130E+01 -7.01081427240753063E-01
  4.2780617E-02 -5.07893264222774761E+01 -7.07021455447570890E-01
  4.3143070E-02 -5.07222993132667170E+01 -7.13011477928612081E-01
  4.3508574E-02 -5.06548814892709061E+01 -7.19051915277317488E-01
  4.3877155E-02 -5.05870714879725085E+01 -7.25143191617645289E-01
  4.4248839E-02 -5.05188678416659229E+01 -7.31285734633372320E-01
  4.4623651E-02 -5.04502690763503381E+01 -7.37479975597618798E-01
  4.5001618E-02 -5.03812737107426614E+01 -7.43726349402611175E-01
  4.5382767E-02 -5.03118802552153355E+01 -7.50025294589666380E-01
  4.5767123E-02 -5.02420872106612038E+01 -7.56377253379415748E-01
  4.6154715E-02 -5.01718930672876553E+01 -7.62782671702257553E-01
  4.6545570E-02 -5.01012963033485619E+01 -7.69241999229048456E-01
  4.6939715E-02 -5.00302953838215672E+01 -7.75755689402023774E-01
  4.7337177E-02 -4.99588887590415140E+01 -7.82324199465961878E-01
  4.7737985E-02 -4.98870748633040222E+01 -7.88947990499577867E-01
  4.8142166E-02 -4.98148521134525311E+01 -7.95627527447163141E-01
  4.8549750E-02 -4.97422189074720151E+01 -8.02363279150459796E-01
  4.8960765E-02 -4.96691736231117176E+01 -8.09155718380774602E-01
  4.9375239E-02 -4.95957146165618497E+01 -8.16005321871336675E-01
  4.9793202E-02 -4.95218402212162800E+01 -8.22912570349893846E-01
  5.0214683E-02 -4.94475487465596757E+01 -8.29877948571554391E-01
  5.0639712E-02 -4.93728384772185080E+01 -8.36901945351867793E-01
  5.1068319E-02 -4.92977076722184009E+01 -8.43985053600154633E-01
  5.1500533E-02 -4.92221545645055230E+01 -8.51127770353074853E-01
  5.1936386E-02 -4.91461773607880872E+01 -8.58330596808446034E-01
  5.2375907E-02 -4.90697742417574005E+01 -8.65594038359301821E-01
  5.2819128E-02 -4.89929433627618209E+01 -8.72918604628200367E-01
  5.3266079E-02 -4.89156828550089742E+01 -8.80304809501775476E-01
  5.3716793E-02 -4.88379908273762382E+01 -8.87753171165537758E-01
  5.4171301E-02 -4.87598653689174526E+01 -8.95264212138913495E-01
  5.4629634E-02 -4.86813045521569165E+01 -9.02838459310544628E-01
  5.5091826E-02 -4.86023064372694762E+01 -9.10476443973819771E-01
  5.5557907E-02 -4.85228690772458364E+01 -9.18178701862660929E-01
  5.6027912E-02 -4.84429905241465946E+01 -9.25945773187553889E-01
  5.6501874E-02 -4.83626688365473854E+01 -9.33778202671823876E-01
  5.6979825E-02 -4.82819020882801695E+01 -9.41676539588158668E-01
  5.7461798E-02 -4.82006883785714777E+01 -9.49641337795371632E-01
  5.7947829E-02 -4.81190258436673375E+01 -9.57673155775418561E-01
  5.8437951E-02 -4.80369126700375730E+01 -9.65772556670649984E-01
  5.8932199E-02 -4.79543471092301985E+01 -9.73940108321309506E-01
  5.9430607E-02 -4.78713274944339844E+01 -9.82176383303274281E-01
  5.9933210E-02 -4.77878522587902665E+01 -9.90481958966036413E-01
  6.0440043E-02 -4.77039199554679669E+01 -9.98857417470925601E-01
  6.0951143E-02 -4.76195292794882548E+01 -1.00730334582956460E+00
  6.1466545E-02 -4.75346790912469643E+01 -1.01582033594256926E+00
  6.1986286E-02 -4.74493684416529931E+01 -1.02440898463847896E+00
  6.2510401E-02 -4.73635965987481313E+01 -1.03306989371292124E+00
  6.3038928E-02 -4.72773630756275409E+01 -1.04180366996800755E+00
  6.3571904E-02 -4.71906676594302610E+01 -1.05061092525195865E+00
  6.4109366E-02 -4.71035104411063017E+01 -1.05949227649895672E+00
  6.4651352E-02 -4.70158918456167498E+01 -1.06844834576922287E+00
  6.5197900E-02 -4.69278126621530802E+01 -1.07747976028930847E+00
  6.5749049E-02 -4.68392740739038800E+01 -1.08658715249261939E+00
  6.6304837E-02 -4.67502776868481931E+01 -1.09577116006013875E+00
  6.6865303E-02 -4.66608255569863530E+01 -1.10503242596137197E+00
  6.7430487E-02 -4.65709202153787203E+01 -1.11437159849549627E+00
  6.8000428E-02 -4.64805646903249965E+01 -1.12378933133271275E+00
  6.8575167E-02 -4.63897625259848070E+01 -1.13328628355579886E+00
  6.9154744E-02 -4.62985177967395316E+01 -1.14286311970185261E+00
  6.9739199E-02 -4.62068351165588638E+01 -1.15252050980423482E+00
  7.0328573E-02 -4.61147196427137231E+01 -1.16225912943468557E+00
  7.0922909E-02 -4.60221770732154312E+01 -1.17207965974562667E+00
  7.1522247E-02 -4.59292136373355504E+01 -1.18198278751263297E+00
  7.2126631E-02 -4.58358360787546673E+01 -1.19196920517707494E+00
  7.2736101E-02 -4.57420516309682483E+01 -1.20203961088891687E+00
  7.3350702E-02 -4.56478679846639537E+01 -1.21219470854967182E+00
  7.3970476E-02 -4.55532932469761533E+01 -1.22243520785549786E+00
  7.4595467E-02 -4.54583358926625891E+01 -1.23276182434044101E+00
  7.5225719E-02 -4.53630047074354223E+01 -1.24317527941979633E+00
  7.5861276E-02 -4.52673087238453320E+01 -1.25367630043359868E+00
  7.6502182E-02 -4.51712571502998017E+01 -1.26426562069022119E+00
  7.7148484E-02 -4.50748592939729065E+01 -1.27494397951007699E+00
  7.7800225E-02 -4.49781244785230427E+01 -1.28571212226941145E+00
  7.8457453E-02 -4.48810619576740208E+01 -1.29657080044417072E+00
  7.9120213E-02 -4.47836808258350914E+01 -1.30752077165395386E+00
  7.9788551E-02 -4.46859899270410352E+01 -1.31856279970600498E+00
  8.0462515E-02 -4.45879977635347373E+01 -1.32969765463926204E+00
  8.1142152E-02 -4.44897124053577784E+01 -1.34092611276842932E+00
  8.1827510E-02 -4.43911414023106801E+01 -1.35224895672807310E+00
  8.2518637E-02 -4.42922916996104306E+01 -1.36366697551671923E+00
  8.3215581E-02 -4.41931695585134179E+01 -1.37518096454092786E+00
  8.3918392E-02 -4.40937804830835702E+01 -1.38679172565936093E+00
  8.4627119E-02 -4.39941291542002659E+01 -1.39850006722677955E+00
  8.5341811E-02 -4.38942193717689690E+01 -1.41030680413799558E+00
  8.6062519E-02 -4.37940540059886416E+01 -1.42221275787173052E+00
  8.6789293E-02 -4.36936349584081967E+01 -1.43421875653437469E+00
  8.7522186E-02 -4.35929631333729404E+01 -1.44632563490363197E+00
  8.8261247E-02 -4.34920384203580284E+01 -1.45853423447200536E+00
  8.9006529E-02 -4.33908596875543822E+01 -1.47084540349012571E+00
  8.9758084E-02 -4.32894247869600122E+01 -1.48325999700989430E+00
  9.0515966E-02 -4.31877305711192889E+01 -1.49577887692739853E+00
  9.1280227E-02 -4.30857729215078535E+01 -1.50840291202559329E+00
  9.2050921E-02 -4.29835467884282849E+01 -1.52113297801671554E+00
  9.2828103E-02 -4.28810462421215490E+01 -1.53396995758439969E+00
  9.3611826E-02 -4.27782645346176054E+01 -1.54691474042546573E+00
  9.4402146E-02 -4.26751941716496148E+01 -1.55996822329135165E+00
  9.5199118E-02 -4.25718269937338079E+01 -1.57313131002915840E+00
  9.6002799E-02 -4.24681542653007043E+01 -1.58640491162226693E+00
  9.6813245E-02 -4.23641667705238163E+01 -1.59978994623049831E+00
  9.7630513E-02 -4.22598549142778310E+01 -1.61328733922977574E+00
  9.8454660E-02 -4.21552088264780451E+01 -1.62689802325125332E+00
  9.9285744E-02 -4.20502184678902609E+01 -1.64062293821986449E+00
  1.0012382E-01 -4.19448737354288141E+01 -1.65446303139226392E+00
  1.0096896E-01 -4.18391645649326236E+01 -1.66841925739408459E+00
  1.0182121E-01 -4.17330810294485133E+01 -1.68249257825651388E+00
  1.0268063E-01 -4.16266134312109628E+01 -1.69668396345209094E+00
  1.0354728E-01 -4.15197523856976645E+01 -1.71099438992970732E+00
  1.0442123E-01 -4.14124888964083055E+01 -1.72542484214874259E+00
  1.0530254E-01 -4.13048144193479629E+01 -1.73997631211228976E+00
  1.0619127E-01 -4.11967209165526072E+01 -1.75464979939940324E+00
  1.0708747E-01 -4.10882008983594176E+01 -1.76944631119631635E+00
  1.0799122E-01 -4.09792474544874352E+01 -1.78436686232656672E+00
  1.0890258E-01 -4.08698542743475315E+01 -1.79941247527996273E+00
  1.0982161E-01 -4.07600156572840717E+01 -1.81458418024031309E+00
  1.1074837E-01 -4.06497265136969759E+01 -1.82988301511187079E+00
  1.1168294E-01 -4.05389823581805331E+01 -1.84531002554439461E+00
  1.1262537E-01 -4.04277792959241111E+01 -1.86086626495676621E+00
  1.1357574E-01 -4.03161140036779528E+01 -1.87655279455907698E+00
  1.1453410E-01 -4.02039837065730694E+01 -1.89237068337309644E+00
  1.1550053E-01 -4.00913861520212151E+01 -1.90832100825105044E+00
  1.1647510E-01 -3.99783195818313359E+01 -1.92440485389259464E+00
  1.1745787E-01 -3.98647827035328106E+01 -1.94062331285991219E+00
  1.1844891E-01 -3.97507746617428808E+01 -1.95697748559081508E+00
  1.1944829E-01 -3.96362950102571503E+01 -1.97346848040977063E+00
  1.2045609E-01 -3.95213436853778148E+01 -1.99009741353671887E+00
  1.2147237E-01 -3.94059209808346580E+01 -2.00686540909358424E+00
  1.2249720E-01 -3.92900275245085240E+01 -2.02377359910837562E+00
  1.2353066E-01 -3.91736642570560178E+01 -2.04082312351672623E+00
  1.2457282E-01 -3.90568324124170516E+01 -2.05801513016077031E+00
  1.2562375E-01 -3.89395335001054193E+01 -2.07535077478521046E+00
  1.2668353E-01 -3.88217692891303585E+01 -2.09283122103045249E+00
  1.2775223E-01 -3.87035417933512633E+01 -2.11045764042265027E+00
  1.2882992E-01 -3.85848532580410080E+01 -2.12823121236052204E+00
  1.2991669E-01 -3.84657061474286053E+01 -2.14615312409878722E+00
  1.3101260E-01 -3.83461031329996587E+01 -2.16422457072804697E+00
  1.3211774E-01 -3.82260470823435696E+01 -2.18244675515095654E+00
  1.3323218E-01 -3.81055410483607275E+01 -2.20082088805450926E+00
  1.3435600E-01 -3.79845882586658803E+01 -2.21934818787825217E+00
  1.3548928E-01 -3.78631921050524909E+01 -2.23802988077823972E+00
  1.3663210E-01 -3.77413561329214744E+01 -2.25686720058654489E+00
  1.3778453E-01 -3.76190840305941308E+01 -2.27586138876608990E+00
  1.3894667E-01 -3.74963796184546254E+01 -2.29501369436064273E+00
  1.4011860E-01 -3.73732468379094200E+01 -2.31432537393968962E+00
  1.4130038E-01 -3.72496897401507283E+01 -2.33379769153800121E+00
  1.4249212E-01 -3.71257124747345273E+01 -2.35343191858964573E+00
  1.4369388E-01 -3.70013192780085234E+01 -2.37322933385618784E+00
  1.4490576E-01 -3.68765144614217348E+01 -2.39319122334882328E+00
  1.4612784E-01 -3.67513023997617125E+01 -2.41331888024418095E+00
  1.4736021E-01 -3.66256875193677871E+01 -2.43361360479352440E+00
  1.4860295E-01 -3.64996742863790331E+01 -2.45407670422503532E+00
  1.4985616E-01 -3.63732671950706248E+01 -2.47470949263891038E+00
  1.5111991E-01 -3.62464707563213437E+01 -2.49551329089493290E+00
  1.5239430E-01 -3.61192894862779070E+01 -2.51648942649221530E+00
  1.5367941E-01 -3.59917278952632103E+01 -2.53763923344075781E+00
  1.5497534E-01 -3.58637904769654625E+01 -2.55896405212448208E+00
  1.5628219E-01 -3.57354816979621148E+01 -2.58046522915537535E+00
  1.5760003E-01 -3.56068059876114802E+01 -2.60214411721836258E+00
  1.5892896E-01 -3.54777677283508552E+01 -2.62400207490652626E+00
  1.6026908E-01 -3.53483712464350930E+01 -2.64604046654624181E+00
  1.6162048E-01 -3.52186208031445105E+01 -2.66826066201183254E+00
  1.6298326E-01 -3.50885205864886274E+01 -2.69066403652928754E+00
  1.6435751E-01 -3.49580747034310946E+01 -2.71325197046860156E+00
  1.6574332E-01 -3.48272871726635174E+01 -2.73602584912422975E+00
  1.6714080E-01 -3.46961619179399676E+01 -2.75898706248323089E+00
  1.6855004E-01 -3.45647027620009908E+01 -2.78213700498051208E+00
  1.6997115E-01 -3.44329134211033292E+01 -2.80547707524070722E+00
  1.7140422E-01 -3.43007975001696295E+01 -2.82900867580611104E+00
  1.7284935E-01 -3.41683584885780363E+01 -2.85273321285010617E+00
  1.7430664E-01 -3.40355997566079509E+01 -2.87665209587550708E+00
  1.7577620E-01 -3.39025245525556969E+01 -2.90076673739717483E+00
  1.7725813E-01 -3.37691360005295991E+01 -2.92507855260832539E+00
  1.7875254E-01 -3.36354370989453173E+01 -2.94958895902981943E+00
  1.8025952E-01 -3.35014307197268550E+01 -2.97429937614177842E+00
  1.8177919E-01 -3.33671196082207047E+01 -2.99921122499683168E+00
  1.8331165E-01 -3.32325063838353003E+01 -3.02432592781423626E+00
  1.8485701E-01 -3.30975935414049260E+01 -3.04964490755414408E+00
  1.8641538E-01 -3.29623834532787257E+01 -3.07516958747121194E+00
  1.8798686E-01 -3.28268783721355888E+01 -3.10090139064672865E+00
  1.8957157E-01 -3.26910804345104253E+01 -3.12684173949847555E+00
  1.9116962E-01 -3.25549916650184770E+01 -3.15299205526738469E+00
  1.9278113E-01 -3.24186139812618705E+01 -3.17935375748012827E+00
  1.9440620E-01 -3.22819491993847265E+01 -3.20592826338670278E+00
  1.9604494E-01 -3.21449990402385311E+01 -3.23271698737204538E+00
  1.9769748E-01 -3.20077651361172144E+01 -3.25972134034067951E+00
  1.9936393E-01 -3.18702490379996348E+01 -3.28694272907334772E+00
  2.0104441E-01 -3.17324522232285915E+01 -3.31438255555461092E+00
  2.0273904E-01 -3.15943761035498554E+01 -3.34204221627023745E+00
  2.0444792E-01 -3.14560220334106155E+01 -3.36992310147330798E+00
  2.0617120E-01 -3.13173913184059565E+01 -3.39802659441781785E+00
  2.0790897E-01 -3.11784852237484955E+01 -3.42635407055858687E+00
  2.0966138E-01 -3.10393049826147518E+01 -3.45490689671618956E+00
  2.1142853E-01 -3.08998518042104600E+01 -3.48368643020563606E+00
  2.1321056E-01 -3.07601268813772855E+01 -3.51269401792742908E+00
  2.1500759E-01 -3.06201313975420710E+01 -3.54193099541966872E+00
  2.1681975E-01 -3.04798665328050191E+01 -3.57139868586969689E+00
  2.1864716E-01 -3.03393334689388858E+01 -3.60109839908388185E+00
  2.2048995E-01 -3.01985333930617834E+01 -3.63103143041398013E+00
  2.2234826E-01 -3.00574674997401630E+01 -3.66119905963851178E+00
  2.2422220E-01 -2.99161369912686936E+01 -3.69160254979755331E+00
  2.2611192E-01 -2.97745430758785581E+01 -3.72224314597925732E+00
  2.2801755E-01 -2.96326869636267674E+01 -3.75312207405640086E+00
  2.2993922E-01 -2.94905698597414307E+01 -3.78424053937118821E+00
  2.3187706E-01 -2.93481929552202487E+01 -3.81559972536648129E+00
  2.3383121E-01 -2.92055574145120289E+01 -3.84720079216159405E+00
  2.3580182E-01 -2.90626643601714463E+01 -3.87904487507071583E+00
  2.3778901E-01 -2.89195148544397220E+01 -3.91113308306199814E+00
  2.3979293E-01 -2.87761098777924360E+01 -3.94346649715522934E+00
  2.4181371E-01 -2.86324503046052996E+01 -3.97604616875603334E+00
  2.4385151E-01 -2.84885368762190261E+01 -4.00887311792444834E+00
  2.4590645E-01 -2.83443701718511427E+01 -4.04194833157562350E+00
  2.4797870E-01 -2.81999505779829356E+01 -4.07527276161041652E+00
  2.5006839E-01 -2.80552782570736348E+01 -4.10884732297353761E+00
  2.5217566E-01 -2.79103531167075047E+01 -4.14267289163684893E+00
  2.5430068E-01 -2.77651747805611251E+01 -4.17675030250538448E+00
  2.5644358E-01 -2.76197425628940465E+01 -4.21108034724354585E+00
  2.5860452E-01 -2.74740554486082686E+01 -4.24566377201897627E+00
  2.6078365E-01 -2.73281120812953873E+01 -4.28050127516138090E+00
  2.6298112E-01 -2.71819107620631826E+01 -4.31559350473368486E+00
  2.6519709E-01 -2.70354494623207842E+01 -4.35094105601273373E+00
  2.6743172E-01 -2.68887258540713034E+01 -4.38654446887673544E+00
  2.6968515E-01 -2.67417373615897560E+01 -4.42240422509657805E+00
  2.7195755E-01 -2.65944812386321701E+01 -4.45852074552805977E+00
  2.7424907E-01 -2.64469546754780396E+01 -4.49489438720210366E+00
  2.7655989E-01 -2.62991549401398288E+01 -4.53152544030984128E+00
  2.7889016E-01 -2.61510795579261170E+01 -4.56841412507950206E+00
  2.8124004E-01 -2.60027265330528792E+01 -4.60556058854195705E+00
  2.8360970E-01 -2.58540946153141533E+01 -4.64296490118166716E+00
  2.8599931E-01 -2.57051836138340093E+01 -4.68062705346984043E+00
  2.8840903E-01 -2.55559947583046920E+01 -4.71854695227643006E+00
  2.9083904E-01 -2.54065311061982086E+01 -4.75672441715763483E+00
  2.9328950E-01 -2.52567979920849695E+01 -4.79515917651556212E+00
  2.9576059E-01 -2.51068035122772457E+01 -4.83385086362653382E+00
  2.9825247E-01 -2.49565590347283504E+01 -4.87279901253462011E+00
  3.0076534E-01 -2.48060797205080945E+01 -4.91200305380689173E+00
  3.0329935E-01 -2.46553850393753891E+01 -4.95146231014686133E+00
  3.0585469E-01 -2.45044992582093570E+01 -4.99117599186255312E+00
  3.0843155E-01 -2.43534518774631508E+01 -5.03114319218565686E+00
  3.1103009E-01 -2.42022779878267400E+01 -5.07136288243819422E+00
  3.1365051E-01 -2.40510185173000792E+01 -5.11183390704308760E+00
  3.1629298E-01 -2.38997203376340153E+01 -5.15255497837508969E+00
  3.1895770E-01 -2.37484361994362843E+01 -5.19352467144851193E+00
  3.2164485E-01 -2.35972244674265355E+01 -5.23474141843817886E+00
  3.2435461E-01 -2.34461486308626519E+01 -5.27620350303014174E+00
  3.2708719E-01 -2.32952765695586237E+01 -5.31790905459864138E+00
  3.2984276E-01 -2.31446795631179612E+01 -5.35985604220589984E+00
  3.3262153E-01 -2.29944310397642582E+01 -5.40204226842142532E+00
  3.3542369E-01 -2.28446050715016327E+01 -5.44446536295747485E+00
  3.3824944E-01 -2.26952746341595741E+01 -5.48712277611751276E+00
  3.4109897E-01 -2.25465096642119605E+01 -5.53001177205456784E+00
  3.4397249E-01 -2.23983749590878887E+01 -5.57312942183648552E+00
  3.4687020E-01 -2.22509279839360090E+01 -5.61647259631524509E+00
  3.4979230E-01 -2.21042166651222871E+01 -5.66003795879760929E+00
  3.5273899E-01 -2.19582772682843768E+01 -5.70382195751462540E+00
  3.5571049E-01 -2.18131324750061850E+01 -5.74782081788757626E+00
  3.5870700E-01 -2.16687897846448010E+01 -5.79203053458825856E+00
  3.6172873E-01 -2.15252403733408784E+01 -5.83644686339172747E+00
  3.6477590E-01 -2.13824585371387457E+01 -5.88106531281979183E+00
  3.6784871E-01 -2.12404018270362158E+01 -5.92588113557391161E+00
  3.7094739E-01 -2.10990119486295313E+01 -5.97088931975647075E+00
  3.7407216E-01 -2.09582164480836823E+01 -6.01608457987960410E+00
  3.7722323E-01 -2.08179311428675859E+01 -6.06146134766130995E+00
  3.8040082E-01 -2.06780631868020208E+01 -6.10701376260878614E+00
  3.8360516E-01 -2.05385145937981832E+01 -6.15273566238949954E+00
  3.8683647E-01 -2.03991859935589233E+01 -6.19862057299086278E+00
  3.9009497E-01 -2.02599803645468342E+01 -6.24466169866994214E+00
  3.9338091E-01 -2.01208064903647710E+01 -6.29085191169516733E+00
  3.9669451E-01 -1.99815819160252346E+01 -6.33718374188249189E+00
  4.0003600E-01 -1.98422352358199703E+01 -6.38364936592925414E+00
  4.0340561E-01 -1.97027076157747345E+01 -6.43024059654943159E+00
  4.0680359E-01 -1.95629535297967152E+01 -6.47694887141486575E+00
  4.1023017E-01 -1.94229407586574681E+01 -6.52376524190770102E+00
  4.1368560E-01 -1.92826497562531287E+01 -6.57068036169011904E+00
  4.1717011E-01 -1.91420725231763100E+01 -6.61768447509827595E+00
  4.2068394E-01 -1.90012111424908952E+01 -6.66476740536831080E+00
  4.2422736E-01 -1.88600761290721834E+01 -6.71191854270326704E+00
  4.2780061E-01 -1.87186847264933647E+01 -6.75912683219067922E+00
  4.3140393E-01 -1.85770592595560515E+01 -6.80638076158185790E+00
  4.3503758E-01 -1.84352256213524512E+01 -6.85366834894490751E+00
  4.3870182E-01 -1.82932119453181912E+01 -6.90097713020477599E+00
  4.4239690E-01 -1.81510474878646448E+01 -6.94829414658498035E+00
  4.4612308E-01 -1.80087617273580136E+01 -6.99560593196688796E+00
  4.4988063E-01 -1.78663836707721018E+01 -7.04289850018396546E+00
  4.5366981E-01 -1.77239413499061982E+01 -7.09015733226990807E+00
  4.5749088E-01 -1.75814614838103225E+01 -7.13736736368102420E+00
  4.6134411E-01 -1.74389692819700386E+01 -7.18451297151505752E+00
  4.6522978E-01 -1.72964883629466044E+01 -7.23157796175025158E+00
  4.6914816E-01 -1.71540407647113611E+01 -7.27854555653035185E+00
  4.7309952E-01 -1.70116470252227572E+01 -7.32539838152306988E+00
  4.7708414E-01 -1.68693263144162700E+01 -7.37211845338157001E+00
  4.8110230E-01 -1.67270966014308726E+01 -7.41868716734061540E+00
  4.8515429E-01 -1.65849748434291371E+01 -7.46508528498104962E+00
  4.8924038E-01 -1.64429771846707524E+01 -7.51129292219873346E+00
  4.9336086E-01 -1.63011191565867577E+01 -7.55728953741614262E+00
  4.9751603E-01 -1.61594158714630112E+01 -7.60305392007745162E+00
  5.0170617E-01 -1.60178822039854367E+01 -7.64856417947028788E+00
  5.0593158E-01 -1.58765329563726283E+01 -7.69379773392001276E+00
  5.1019257E-01 -1.57353830041119309E+01 -7.73873130040495383E+00
  5.1448941E-01 -1.55944474204436858E+01 -7.78334088464393492E+00
  5.1882243E-01 -1.54537415787292289E+01 -7.82760177171007321E+00
  5.2319192E-01 -1.53132812326626393E+01 -7.87148851722787324E+00
  5.2759818E-01 -1.51730825749693636E+01 -7.91497493921360729E+00
  5.3204154E-01 -1.50331622757838872E+01 -7.95803411062199473E+00
  5.3652230E-01 -1.48935375023069625E+01 -8.00063835266533374E+00
  5.4104077E-01 -1.47542259216272669E+01 -8.04275922897446627E+00
  5.4559728E-01 -1.46152456887651638E+01 -8.08436754067415997E+00
  5.5019215E-01 -1.44766154220760512E+01 -8.12543332244882777E+00
  5.5482569E-01 -1.43383541681394036E+01 -8.16592583967778829E+00
  5.5949823E-01 -1.42004813581866074E+01 -8.20581358672274597E+00
  5.6421010E-01 -1.40630167579969410E+01 -8.24506428645348066E+00
  5.6896164E-01 -1.39259804130331304E+01 -8.28364489110123436E+00
  5.7375316E-01 -1.37893925903996148E+01 -8.32152158453262558E+00
  5.7858503E-01 -1.36532737190114304E+01 -8.35865978604047832E+00
  5.8345756E-01 -1.35176443291711124E+01 -8.39502415575118732E+00
  5.8837111E-01 -1.33825249925510761E+01 -8.43057860175177076E+00
  5.9332602E-01 -1.32479362634009092E+01 -8.46528628904295566E+00
  5.9832263E-01 -1.31138986216320319E+01 -8.49910965042804811E+00
  6.0336130E-01 -1.29804324182818149E+01 -8.53201039945029827E+00
  6.0844239E-01 -1.28475578237317762E+01 -8.56394954549482179E+00
  6.1356625E-01 -1.27152947789333552E+01 -8.59488741117381672E+00
  6.1873323E-01 -1.25836629498030348E+01 -8.62478365211686793E+00
  6.2394371E-01 -1.24526816848769144E+01 -8.65359727929058842E+00
  6.2919804E-01 -1.23223699762377095E+01 -8.68128668397442560E+00
  6.3449661E-01 -1.21927464236860317E+01 -8.70780966552164060E+00
  6.3983977E-01 -1.20638292020877245E+01 -8.73312346203653789E+00
  6.4522791E-01 -1.19356360317993193E+01 -8.75718478410062851E+00
  6.5066140E-01 -1.18081841520582813E+01 -8.77994985168199626E+00
  6.5614063E-01 -1.16814902972013144E+01 -8.80137443436317568E+00
  6.6166598E-01 -1.15555706755819259E+01 -8.82141389502350926E+00
  6.6723784E-01 -1.14304409510467337E+01 -8.84002323711246873E+00
  6.7285660E-01 -1.13061162268285216E+01 -8.85715715565022599E+00
  6.7852266E-01 -1.11826110317258838E+01 -8.87277009209123513E+00
  6.8423641E-01 -1.10599393084361779E+01 -8.88681629318558031E+00
  6.8999825E-01 -1.09381144039227820E+01 -8.89924987397124845E+00
  6.9580860E-01 -1.08171490616976911E+01 -8.91002488502823198E+00
  7.0166785E-01 -1.06970554159084088E+01 -8.91909538412282288E+00
  7.0757642E-01 -1.05778449871327851E+01 -8.92641551236662956E+00
  7.1353473E-01 -1.04595286797845120E+01 -8.93193957501114610E+00
  7.1954319E-01 -1.03421167810411205E+01 -8.93562212699339753E+00
  7.2560222E-01 -1.02256189612121346E+01 -8.93741806334278621E+00
  7.3171226E-01 -1.01100442754755804E+01 -8.93728271455249512E+00
  7.3787372E-01 -9.99540116690954505E+00 -8.93517194701156825E+00
  7.4408705E-01 -9.88169747074791616E+00 -8.93104226858515737E+00
  7.5035269E-01 -9.76894041980661854E+00 -8.92485093942134000E+00
  7.5667106E-01 -9.65713665101569774E+00 -8.91655608805210775E+00
  7.6304261E-01 -9.54629221299855857E+00 -8.90611683284485345E+00
  7.6946780E-01 -9.43641257464864225E+00 -8.89349340884772488E+00
  7.7594707E-01 -9.32750263464706109E+00 -8.87864730005825287E+00
  7.8248088E-01 -9.21956673186986819E+00 -8.86154137712930634E+00
  7.8906969E-01 -9.11260865663525976E+00 -8.84214004050962288E+00
  7.9571395E-01 -9.00663166273594840E+00 -8.82040936899784356E+00
  8.0241415E-01 -8.90163848020949899E+00 -8.79631727366917282E+00
  8.0917074E-01 -8.79763132879418919E+00 -8.76983365711198637E+00
  8.1598421E-01 -8.69461193201837546E+00 -8.74093057788844519E+00
  8.2285503E-01 -8.59258153186841156E+00 -8.70958242010748407E+00
  8.2978368E-01 -8.49154090398609185E+00 -8.67576606797116412E+00
  8.3677065E-01 -8.39149037333987025E+00 -8.63946108512531907E+00
  8.4381644E-01 -8.29242983030763980E+00 -8.60064989861299267E+00
  8.5092153E-01 -8.19435874712346646E+00 -8.55931798719412740E+00
  8.5808643E-01 -8.09727619462783110E+00 -8.51545407375676966E+00
  8.6531164E-01 -8.00118085925299027E+00 -8.46905032150353598E+00
  8.7259767E-01 -7.90607106019322003E+00 -8.42010253355232763E+00
  8.7994502E-01 -7.81194476670569316E+00 -8.36861035554138866E+00
  8.8735422E-01 -7.71879961539213610E+00 -8.31457748077528080E+00
  8.9482579E-01 -7.62663292765405032E+00 -8.25801185739096155E+00
  9.0236025E-01 -7.53544172695252712E+00 -8.19892589695938057E+00
  9.0995813E-01 -7.44522275572155223E+00 -8.13733668386972475E+00
  9.1761996E-01 -7.35597249250325547E+00 -8.07326618476750291E+00
  9.2534629E-01 -7.26768716856376784E+00 -8.00674145723598407E+00
  9.3313765E-01 -7.18036278422724905E+00 -7.93779485682045038E+00
  9.4099460E-01 -7.09399512487253503E+00 -7.86646424139608147E+00
  9.4891768E-01 -7.00857977615992667E+00 -7.79279317177353814E+00
  9.5690745E-01 -6.92411213919967850E+00 -7.71683110731784083E+00
  9.6496448E-01 -6.84058744497772864E+00 -7.63863359522887286E+00
  9.7308932E-01 -6.75800076799852434E+00 -7.55826245199046731E+00
  9.8128256E-01 -6.67634703935413398E+00 -7.47578593534336644E+00
  9.8954476E-01 -6.59562105922108799E+00 -7.39127890496991391E+00
  9.9787650E-01 -6.51581750845932106E+00 -7.30482296989816948E+00
  1.0062784E+00 -6.43693095913262425E+00 -7.21650662043698254E+00
  1.0147510E+00 -6.35895588473366047E+00 -7.12642534224113078E+00
  1.0232949E+00 -6.28188666935523088E+00 -7.03468170987828056E+00
  1.0319107E+00 -6.20571761579729753E+00 -6.94138545702318854E+00
  1.0405991E+00 -6.13044295304987230E+00 -6.84665352014418271E+00
  1.0493606E+00 -6.05605684282432577E+00 -6.75061005226744548E+00
  1.0581958E+00 -5.98255338525094515E+00 -6.65338640311172824E+00
  1.0671054E+00 -5.90992662376065425E+00 -6.55512106157789365E+00
  1.0760900E+00 -5.83817054917330580E+00 -6.45595955625706619E+00
  1.0851503E+00 -5.76727910304756364E+00 -6.35605430929266824E+00
  1.0942868E+00 -5.69724618034110364E+00 -6.25556443859592548E+00
  1.1035002E+00 -5.62806563145216643E+00 -6.15465550308090492E+00
  1.1127911E+00 -5.55973126371107185E+00 -6.05349918525579245E+00
  1.1221603E+00 -5.49223684240800480E+00 -5.95227290519448449E+00
  1.1316083E+00 -5.42557609145588060E+00 -5.85115935962411449E+00
  1.1411359E+00 -5.35974269377875601E+00 -5.75034597961238703E+00
  1.1507436E+00 -5.29473029153967190E+00 -5.65002430014127377E+00
  1.1604322E+00 -5.23053248631489254E+00 -5.55038923472388124E+00
  1.1702024E+00 -5.16714283933606566E+00 -5.45163824818592069E+00
  1.1800548E+00 -5.10455487190742474E+00 -5.35397042081140118E+00
  1.1899902E+00 -5.04276206611812938E+00 -5.25758539727756613E+00
  1.2000091E+00 -4.98175786596755898E+00 -5.16268221420743689E+00
  1.2101125E+00 -4.92153567899992339E+00 -5.06945800078776987E+00
  1.2203008E+00 -4.86208887855693916E+00 -4.97810654778309036E+00
  1.2305749E+00 -4.80341080673169785E+00 -4.88881674146710221E+00
  1.2409355E+00 -4.74549477810525389E+00 -4.80177086055352298E+00
  1.2513833E+00 -4.68833408431947873E+00 -4.71714273619710056E+00
  1.2619191E+00 -4.63192199953074635E+00 -4.63509577762678227E+00
  1.2725435E+00 -4.57625178676843092E+00 -4.55578086904320756E+00
  1.2832574E+00 -4.52131670518699735E+00 -4.47933414714842115E+00
  1.2940614E+00 -4.46711001819122089E+00 -4.40587467317515635E+00
  1.3049564E+00 -4.41362500237291755E+00 -4.33550201864695861E+00
  1.3159431E+00 -4.36085495717850335E+00 -4.26829379044857671E+00
  1.3270223E+00 -4.30879321518909819E+00 -4.20430312823836694E+00
  1.3381947E+00 -4.25743315287442670E+00 -4.14355621593198187E+00
  1.3494612E+00 -4.20676820164083409E+00 -4.08604985907278095E+00
  1.3608225E+00 -4.15679185897300840E+00 -4.03174919154376621E+00
  1.3722794E+00 -4.10749769944476384E+00 -3.98058558844023791E+00
  1.3838328E+00 -4.05887938533894044E+00 -3.93245487720522213E+00
  1.3954834E+00 -4.01093067661022928E+00 -3.88721595653774976E+00
  1.4072321E+00 -3.96364543989786711E+00 -3.84468995235091615E+00
  1.4190797E+00 -3.91701765629768772E+00 -3.80466006243641619E+00
  1.4310270E+00 -3.87104142758821013E+00 -3.76687226677418652E+00
  1.4430749E+00 -3.82571098061622905E+00 -3.73103710893583651E+00
  1.4552242E+00 -3.78102066956729743E+00 -3.69683278614184818E+00
  1.4674757E+00 -3.73696497585310539E+00 -3.66390982167442969E+00
  1.4798304E+00 -3.69353850539467032E+00 -3.63189763402460652E+00
  1.4922891E+00 -3.65073598310979008E+00 -3.60041336294533743E+00
  1.5048526E+00 -3.60855224447481504E+00 -3.56907336418517129E+00
  1.5175219E+00 -3.56698222407474219E+00 -3.53750784288930209E+00
  1.5302979E+00 -3.52602094113428421E+00 -3.50537916142422246E+00
  1.5431814E+00 -3.48566348209366339E+00 -3.47240443178975733E+00
  1.5561733E+00 -3.44590498035940840E+00 -3.43838308707364648E+00
  1.5692746E+00 -3.40674059345536051E+00 -3.40323022195697922E+00
  1.5824861E+00 -3.36816547786305875E+00 -3.36701660058621099E+00
  1.5958089E+00 -3.33017476193369788E+00 -3.33001635271352692E+00
  1.6092438E+00 -3.29276351730734262E+00 -3.29276351730734307E+00
  1.6227918E+00 -3.25592672935078298E+00 -3.25592672935078298E+00
  1.6364539E+00 -3.21965926717910378E+00 -3.21965926717910378E+00
  1.6502309E+00 -3.18395585384722324E+00 -3.18395585384722324E+00
  1.6641239E+00 -3.14881103734286683E+00 -3.14881103734286683E+00
  1.6781339E+00 -3.11421916300081847E+00 -3.11421916300081847E+00
  1.6922617E+00 -3.08017434795803524E+00 -3.08017434795803524E+00
  1.7065085E+00 -3.04667045822581883E+00 -3.04667045822581883E+00
  1.7208753E+00 -3.01370108891705968E+00 -3.01370108891705968E+00
  1.7353629E+00 -2.98125954809984961E+00 -2.98125954809984961E+00
  1.7499725E+00 -2.94933884465626051E+00 -2.94933884465626051E+00
  1.7647051E+00 -2.91793168044964091E+00 -2.91793168044964091E+00
  1.7795617E+00 -2.88703044698723232E+00 -2.88703044698723232E+00
  1.7945433E+00 -2.85662722666678803E+00 -2.85662722666678803E+00
  1.8096510E+00 -2.82671379857841032E+00 -2.82671379857841032E+00
  1.8248859E+00 -2.79728164873716167E+00 -2.79728164873716167E+00
  1.8402491E+00 -2.76832198450356515E+00 -2.76832198450356515E+00
  1.8557416E+00 -2.73982575286931507E+00 -2.73982575286931507E+00
  1.8713644E+00 -2.71178366220713940E+00 -2.71178366220713940E+00
  1.8871188E+00 -2.68418620699836907E+00 -2.68418620699836907E+00
  1.9030058E+00 -2.65702369502455582E+00 -2.65702369502455582E+00
  1.9190265E+00 -2.63028627645707758E+00 -2.63028627645707758E+00
  1.9351821E+00 -2.60396397427724224E+00 -2.60396397427724224E+00
  1.9514736E+00 -2.57804671544362662E+00 -2.57804671544362662E+00
  1.9679023E+00 -2.55252436224981949E+00 -2.55252436224981949E+00
  1.9844693E+00 -2.52738674334923275E+00 -2.52738674334923275E+00
  2.0011757E+00 -2.50262368394630386E+00 -2.50262368394630386E+00
  2.0180228E+00 -2.47822503472685440E+00 -2.47822503472685440E+00
  2.0350116E+00 -2.45418069914230585E+00 -2.45418069914230585E+00
  2.0521435E+00 -2.43048065873916386E+00 -2.43048065873916386E+00
  2.0694196E+00 -2.40711499627630587E+00 -2.40711499627630587E+00
  2.0868410E+00 -2.38407391645178279E+00 -2.38407391645178279E+00
  2.1044092E+00 -2.36134776412315972E+00 -2.36134776412315972E+00
  2.1221252E+00 -2.33892703995508100E+00 -2.33892703995508100E+00
  2.1399903E+00 -2.31680241350373706E+00 -2.31680241350373706E+00
  2.1580058E+00 -2.29496473377894006E+00 -2.29496473377894006E+00
  2.1761730E+00 -2.27340503738815158E+00 -2.27340503738815158E+00
  2.1944930E+00 -2.25211455438748942E+00 -2.25211455438748942E+00
  2.2129673E+00 -2.23108471200740865E+00 -2.23108471200740865E+00
  2.2315971E+00 -2.21030713644792343E+00 -2.21030713644792343E+00
  2.2503837E+00 -2.18977365294293946E+00 -2.18977365294293946E+00
  2.2693284E+00 -2.16947628432296824E+00 -2.16947628432296824E+00
  2.2884326E+00 -2.14940724829978791E+00 -2.14940724829978791E+00
  2.3076976E+00 -2.12955895371630533E+00 -2.12955895371630533E+00
  2.3271248E+00 -2.10992399598315927E+00 -2.10992399598315927E+00
  2.3467155E+00 -2.09049515193791535E+00 -2.09049515193791535E+00
  2.3664711E+00 -2.07126537435684099E+00 -2.07126537435684099E+00
  2.3863930E+00 -2.05222778632330005E+00 -2.05222778632330005E+00
  2.4064826E+00 -2.03337567567053412E+00 -2.03337567567053412E+00
  2.4267412E+00 -2.01470248968996657E+00 -2.01470248968996657E+00
  2.4471704E+00 -1.99620183029241360E+00 -1.99620183029241360E+00
  2.4677716E+00 -1.97786744979364215E+00 -1.97786744979364215E+00
  2.4885462E+00 -1.95969324749048468E+00 -1.95969324749048468E+00
  2.5094956E+00 -1.94167326716911504E+00 -1.94167326716911526E+00
  2.5306214E+00 -1.92380169568518511E+00 -1.92380169568518533E+00
  2.5519250E+00 -1.90607286274046572E+00 -1.90607286274046595E+00
  2.5734079E+00 -1.88848124195607880E+00 -1.88848124195607880E+00
  2.5950717E+00 -1.87102145334607428E+00 -1.87102145334607428E+00
  2.6169178E+00 -1.85368826725843405E+00 -1.85368826725843405E+00
  2.6389478E+00 -1.83647660985503336E+00 -1.83647660985503336E+00
  2.6611632E+00 -1.81938157016684698E+00 -1.81938157016684698E+00
  2.6835657E+00 -1.80239840874780555E+00 -1.80239840874780533E+00
  2.7061567E+00 -1.78552256793803821E+00 -1.78552256793803799E+00
  2.7289378E+00 -1.76874968370745478E+00 -1.76874968370745500E+00
  2.7519107E+00 -1.75207559904085031E+00 -1.75207559904085031E+00
  2.7750770E+00 -1.73549637879001040E+00 -1.73549637879001062E+00
  2.7984383E+00 -1.71900832590071673E+00 -1.71900832590071651E+00
  2.8219962E+00 -1.70260799887799408E+00 -1.70260799887799408E+00
  2.8457525E+00 -1.68629223033528319E+00 -1.68629223033528297E+00
  2.8697087E+00 -1.67005814644079464E+00 -1.67005814644079464E+00
  2.8938665E+00 -1.65390318703032335E+00 -1.65390318703032335E+00
  2.9182277E+00 -1.63782512614120179E+00 -1.63782512614120179E+00
  2.9427939E+00 -1.62182209267741229E+00 -1.62182209267741206E+00
  2.9675670E+00 -1.60589259089856995E+00 -1.60589259089857017E+00
  2.9925485E+00 -1.59003552038833362E+00 -1.59003552038833362E+00
  3.0177403E+00 -1.57425019514437992E+00 -1.57425019514437992E+00
  3.0431442E+00 -1.55853636141294061E+00 -1.55853636141294039E+00
  3.0687619E+00 -1.54289421387029080E+00 -1.54289421387029080E+00
  3.0945953E+00 -1.52732440975908190E+00 -1.52732440975908190E+00
  3.1206461E+00 -1.51182808057864548E+00 -1.51182808057864548E+00
  3.1469162E+00 -1.49640684094271847E+00 -1.49640684094271847E+00
  3.1734074E+00 -1.48106279422861320E+00 -1.48106279422861320E+00
  3.2001216E+00 -1.46579853467402188E+00 -1.46579853467402188E+00
  3.2270606E+00 -1.45061714560138455E+00 -1.45061714560138455E+00
  3.2542264E+00 -1.43552219349630406E+00 -1.43552219349630406E+00
  3.2816209E+00 -1.42051771771671298E+00 -1.42051771771671298E+00
  3.3092460E+00 -1.40560821565496497E+00 -1.40560821565496497E+00
  3.3371036E+00 -1.39079862324569348E+00 -1.39079862324569348E+00
  3.3651957E+00 -1.37609429076243117E+00 -1.37609429076243117E+00
  3.3935242E+00 -1.36150095398397042E+00 -1.36150095398397042E+00
  3.4220912E+00 -1.34702470063547963E+00 -1.34702470063547963E+00
  3.4508987E+00 -1.33267193252559935E+00 -1.33267193252559935E+00
  3.4799486E+00 -1.31844932354976407E+00 -1.31844932354976407E+00
  3.5092431E+00 -1.30436377354381960E+00 -1.30436377354381960E+00
  3.5387842E+00 -1.29042235871413880E+00 -1.29042235871413880E+00
  3.5685739E+00 -1.27663227893709319E+00 -1.27663227893709319E+00
  3.5986144E+00 -1.26300080228449474E+00 -1.26300080228449474E+00
  3.6289077E+00 -1.24953520734784007E+00 -1.24953520734784007E+00
  3.6594560E+00 -1.23624272385142575E+00 -1.23624272385142575E+00
  3.6902615E+00 -1.22313047209436121E+00 -1.22313047209436121E+00
  3.7213262E+00 -1.21020540176824198E+00 -1.21020540176824198E+00
  3.7526525E+00 -1.19747423070188574E+00 -1.19747423070188574E+00
  3.7842424E+00 -1.18494338407745659E+00 -1.18494338407745659E+00
  3.8160983E+00 -1.17261893464972644E+00 -1.17261893464972644E+00
  3.8482222E+00 -1.16050654448132207E+00 -1.16050654448132207E+00
  3.8806166E+00 -1.14861140868110567E+00 -1.14861140868110567E+00
  3.9132837E+00 -1.13693820160229109E+00 -1.13693820160229109E+00
  3.9462257E+00 -1.12549102592590344E+00 -1.12549102592590344E+00
  3.9794450E+00 -1.11427336501905927E+00 -1.11427336501905927E+00
  4.0129439E+00 -1.10328803892074490E+00 -1.10328803892074490E+00
  4.0467249E+00 -1.09253716427080860E+00 -1.09253716427080860E+00
  4.0807901E+00 -1.08202211846473517E+00 -1.08202211846473517E+00
  4.1151421E+00 -1.07174350827929743E+00 -1.07174350827929743E+00
  4.1497833E+00 -1.06170114318020836E+00 -1.06170114318020836E+00
  4.1847160E+00 -1.05189401349757361E+00 -1.05189401349757361E+00
  4.2199428E+00 -1.04232027362078128E+00 -1.04232027362078128E+00
  4.2554661E+00 -1.03297723034014410E+00 -1.03297723034014410E+00
  4.2912884E+00 -1.02386133644167643E+00 -1.02386133644167643E+00
  4.3274122E+00 -1.01496818963428836E+00 -1.01496818963428836E+00
  4.3638402E+00 -1.00629253686931719E+00 -1.00629253686931719E+00
  4.4005747E+00 -9.97828284095291451E-01 -9.97828284095291451E-01
  4.4376185E+00 -9.89568511466735856E-01 -9.89568511466735856E-01
  4.4749740E+00 -9.81505494004750290E-01 -9.81505494004750290E-01
  4.5126440E+00 -9.73630727689204889E-01 -9.73630727689204889E-01
  4.5506311E+00 -9.65934960934049514E-01 -9.65934960934049514E-01
  4.5889379E+00 -9.58408231373461206E-01 -9.58408231373461095E-01
  4.6275672E+00 -9.51039907852781141E-01 -9.51039907852781141E-01
  4.6665217E+00 -9.43818737490296655E-01 -9.43818737490296655E-01
  4.7058040E+00 -9.36732897633362427E-01 -9.36732897633362427E-01
  4.7454170E+00 -9.29770052492507659E-01 -9.29770052492507659E-01
  4.7853634E+00 -9.22917414194444063E-01 -9.22917414194444063E-01
  4.8256461E+00 -9.16161807942160067E-01 -9.16161807942160067E-01
  4.8662678E+00 -9.09489740923575596E-01 -9.09489740923575596E-01
  4.9072315E+00 -9.02887474550915670E-01 -9.02887474550915670E-01
  4.9485400E+00 -8.96341099565816535E-01 -8.96341099565816535E-01
  4.9901962E+00 -8.89836613487155148E-01 -8.89836613487155148E-01
  5.0322030E+00 -8.83359999824953945E-01 -8.83359999824953945E-01
  5.0745635E+00 -8.76897308441485279E-01 -8.76897308441485279E-01
  5.1172804E+00 -8.70434736392525110E-01 -8.70434736392525110E-01
  5.1603570E+00 -8.63958708547848175E-01 -8.63958708547848175E-01
  5.2037961E+00 -8.57455957260569335E-01 -8.57455957260569446E-01
  5.2476009E+00 -8.50913600340952314E-01 -8.50913600340952314E-01
  5.2917744E+00 -8.44319216581389753E-01 -8.44319216581389753E-01
  5.3363198E+00 -8.37660918085063599E-01 -8.37660918085063599E-01
  5.3812401E+00 -8.30927418673645946E-01 -8.30927418673645946E-01
  5.4265385E+00 -8.24108097680117169E-01 -8.24108097680117058E-01
  5.4722182E+00 -8.17193058479091405E-01 -8.17193058479091405E-01
  5.5182824E+00 -8.10173181167265000E-01 -8.10173181167265000E-01
  5.5647343E+00 -8.03040168878268901E-01 -8.03040168878268901E-01
  5.6115773E+00 -7.95786587296660741E-01 -7.95786587296660741E-01
  5.6588145E+00 -7.88405897026578373E-01 -7.88405897026578373E-01
  5.7064494E+00 -7.80892478569249704E-01 -7.80892478569249704E-01
  5.7544852E+00 -7.73241649763996008E-01 -7.73241649763995897E-01
  5.8029254E+00 -7.65449675650771155E-01 -7.65449675650771155E-01
  5.8517733E+00 -7.57513770817723753E-01 -7.57513770817723864E-01
  5.9010323E+00 -7.49432094395459103E-01 -7.49432094395459103E-01
  5.9507060E+00 -7.41203737956723785E-01 -7.41203737956723785E-01
  6.0007979E+00 -7.32828706667866925E-01 -7.32828706667866925E-01
  6.0513113E+00 -7.24307894117430351E-01 -7.24307894117430351E-01
  6.1022500E+00 -7.15643051315943524E-01 -7.15643051315943524E-01
  6.1536174E+00 -7.06836750418048609E-01 -7.06836750418048609E-01
  6.2054173E+00 -6.97892343763122369E-01 -6.97892343763122369E-01
  6.2576531E+00 -6.88813918861477248E-01 -6.88813918861477248E-01
  6.3103286E+00 -6.79606249973673471E-01 -6.79606249973673471E-01
  6.3634475E+00 -6.70274746937224108E-01 -6.70274746937224108E-01
  6.4170136E+00 -6.60825401890178910E-01 -6.60825401890178910E-01
  6.4710305E+00 -6.51264734526868949E-01 -6.51264734526868949E-01
  6.5255021E+00 -6.41599736495869877E-01 -6.41599736495869877E-01
  6.5804322E+00 -6.31837815518608181E-01 -6.31837815518608181E-01
  6.6358247E+00 -6.21986739766249741E-01 -6.21986739766249741E-01
  6.6916835E+00 -6.12054582990189999E-01 -6.12054582990189999E-01
  6.7480124E+00 -6.02049670850682617E-01 -6.02049670850682617E-01
  6.8048155E+00 -5.91980528838000453E-01 -5.91980528838000453E-01
  6.8620967E+00 -5.81855832129249961E-01 -5.81855832129249961E-01
  6.9198601E+00 -5.71684357668722498E-01 -5.71684357668722498E-01
  6.9781096E+00 -5.61474938711505445E-01 -5.61474938711505445E-01
  7.0368495E+00 -5.51236422016842198E-01 -5.51236422016842198E-01
  7.0960839E+00 -5.40977627833193253E-01 -5.40977627833193253E-01
  7.1558168E+00 -5.30707312770474005E-01 -5.30707312770474005E-01
  7.2160525E+00 -5.20434135615239768E-01 -5.20434135615239768E-01
  7.2767953E+00 -5.10166626107590560E-01 -5.10166626107590560E-01
  7.3380493E+00 -4.99913156664241853E-01 -4.99913156664241853E-01
  7.3998190E+00 -4.89681917005142964E-01 -4.89681917005142964E-01
  7.4621086E+00 -4.79480891613107474E-01 -4.79480891613107474E-01
  7.5249225E+00 -4.69317839938021564E-01 -4.69317839938021564E-01
  7.5882651E+00 -4.59200279236441133E-01 -4.59200279236441133E-01
  7.6521410E+00 -4.49135469925536768E-01 -4.49135469925536768E-01
  7.7165545E+00 -4.39130403319161644E-01 -4.39130403319161644E-01
  7.7815101E+00 -4.29191791604608852E-01 -4.29191791604608852E-01
  7.8470126E+00 -4.19326059916031113E-01 -4.19326059916031113E-01
  7.9130664E+00 -4.09539340354669434E-01 -4.09539340354669434E-01
  7.9796762E+00 -3.99837467808673352E-01 -3.99837467808673352E-01
  8.0468467E+00 -3.90225977422886672E-01 -3.90225977422886672E-01
  8.1145825E+00 -3.80710103575317760E-01 -3.80710103575317760E-01
  8.1828886E+00 -3.71294780217333198E-01 -3.71294780217333198E-01
  8.2517696E+00 -3.61984642442493509E-01 -3.61984642442493509E-01
  8.3212304E+00 -3.52784029153170309E-01 -3.52784029153170309E-01
  8.3912759E+00 -3.43696986700464890E-01 -3.43696986700464890E-01
  8.4619110E+00 -3.34727273381147938E-01 -3.34727273381147938E-01
  8.5331406E+00 -3.25878364680228572E-01 -3.25878364680228572E-01
  8.6049698E+00 -3.17153459157729856E-01 -3.17153459157729856E-01
  8.6774037E+00 -3.08555484883385134E-01 -3.08555484883385134E-01
  8.7504472E+00 -3.00087106331133668E-01 -3.00087106331133668E-01
  8.8241056E+00 -2.91750731653522166E-01 -2.91750731653522166E-01
  8.8983840E+00 -2.83548520260524128E-01 -2.83548520260524128E-01
  8.9732876E+00 -2.75482390637321828E-01 -2.75482390637321828E-01
  9.0488217E+00 -2.67554028338764738E-01 -2.67554028338764738E-01
  9.1249916E+00 -2.59764894107156863E-01 -2.59764894107156863E-01
  9.2018026E+00 -2.52116232063912094E-01 -2.52116232063912094E-01
  9.2792603E+00 -2.44609077931791319E-01 -2.44609077931791319E-01
  9.3573699E+00 -2.37244267250069640E-01 -2.37244267250069640E-01
  9.4361369E+00 -2.30022443547930777E-01 -2.30022443547930777E-01
  9.5155670E+00 -2.22944066448590661E-01 -2.22944066448590689E-01
  9.5956657E+00 -2.16009419676986170E-01 -2.16009419676986170E-01
  9.6764387E+00 -2.09218618951588553E-01 -2.09218618951588553E-01
  9.7578915E+00 -2.02571619740588460E-01 -2.02571619740588488E-01
  9.8400299E+00 -1.96068224868085395E-01 -1.96068224868085395E-01
  9.9228597E+00 -1.89708091958188163E-01 -1.89708091958188163E-01
  1.0006387E+01 -1.83490740706091060E-01 -1.83490740706091060E-01
  1.0090617E+01 -1.77415559969752223E-01 -1.77415559969752223E-01
  1.0175556E+01 -1.71481814674955046E-01 -1.71481814674955046E-01
  1.0261210E+01 -1.65688652531031266E-01 -1.65688652531031266E-01
  1.0347585E+01 -1.60035110553437221E-01 -1.60035110553437221E-01
  1.0434687E+01 -1.54520121393083798E-01 -1.54520121393083798E-01
  1.0522523E+01 -1.49142519471411106E-01 -1.49142519471411106E-01
  1.0611097E+01 -1.43901046922252362E-01 -1.43901046922252362E-01
  1.0700417E+01 -1.38794359342767848E-01 -1.38794359342767848E-01
  1.0790489E+01 -1.33821031354692366E-01 -1.33821031354692366E-01
  1.0881320E+01 -1.28979561980123947E-01 -1.28979561980123947E-01
  1.0972914E+01 -1.24268379833623044E-01 -1.24268379833623044E-01
  1.1065280E+01 -1.19685848136363404E-01 -1.19685848136363404E-01
  1.1158424E+01 -1.15230269554423614E-01 -1.15230269554423614E-01
  1.1252351E+01 -1.10899890866576811E-01 -1.10899890866576811E-01
  1.1347069E+01 -1.06692907465969711E-01 -1.06692907465969697E-01
  1.1442584E+01 -1.02607467699186827E-01 -1.02607467699186827E-01
  1.1538903E+01 -9.86416770487608119E-02 -9.86416770487608119E-02
  1.1636033E+01 -9.47936021615873869E-02 -9.47936021615873869E-02
  1.1733980E+01 -9.10612747298955583E-02 -9.10612747298955583E-02
  1.1832752E+01 -8.74426952271960545E-02 -8.74426952271960545E-02
  1.1932356E+01 -8.39358365045583810E-02 -8.39358365045583810E-02
  1.2032798E+01 -8.05386472513731633E-02 -8.05386472513731633E-02
  1.2134085E+01 -7.72490553237688005E-02 -7.72490553237688005E-02
  1.2236225E+01 -7.40649709459262340E-02 -7.40649709459262340E-02
  1.2339224E+01 -7.09842897862387190E-02 -7.09842897862387190E-02
  1.2443091E+01 -6.80048959139085696E-02 -6.80048959139085696E-02
  1.2547832E+01 -6.51246646376861804E-02 -6.51246646376861804E-02
  1.2653454E+01 -6.23414652307374695E-02 -6.23414652307374625E-02
  1.2759966E+01 -5.96531635451853504E-02 -5.96531635451853573E-02
  1.2867374E+01 -5.70576245180802744E-02 -5.70576245180802744E-02
  1.2975686E+01 -5.45527145730559937E-02 -5.45527145730559868E-02
  1.3084910E+01 -5.21363039188784683E-02 -5.21363039188784683E-02
  1.3195053E+01 -4.98062687487816902E-02 -4.98062687487816902E-02
  1.3306123E+01 -4.75604933419262466E-02 -4.75604933419262466E-02
  1.3418129E+01 -4.53968720695741013E-02 -4.53968720695741013E-02
  1.3531077E+01 -4.33133113089638755E-02 -4.33133113089638755E-02
  1.3644976E+01 -4.13077312652774253E-02 -4.13077312652774253E-02
  1.3759833E+01 -3.93780677056270179E-02 -3.93780677056270179E-02
  1.3875658E+01 -3.75222736050773165E-02 -3.75222736050773165E-02
  1.3992457E+01 -3.57383207084041032E-02 -3.57383207084041032E-02
  1.4110239E+01 -3.40242010073197321E-02 -3.40242010073197321E-02
  1.4229013E+01 -3.23779281370022431E-02 -3.23779281370022431E-02
  1.4348787E+01 -3.07975386916297111E-02 -3.07975386916297111E-02
  1.4469569E+01 -2.92810934616696272E-02 -2.92810934616696272E-02
  1.4591367E+01 -2.78266785945575634E-02 -2.78266785945575634E-02
  1.4714191E+01 -2.64324066793051315E-02 -2.64324066793051315E-02
  1.4838049E+01 -2.50964177578225645E-02 -2.50964177578225645E-02
  1.4962949E+01 -2.38168802631761878E-02 -2.38168802631761878E-02
  1.5088900E+01 -2.25919918876584802E-02 -2.25919918876584802E-02
  1.5215912E+01 -2.14199803809620448E-02 -2.14199803809620448E-02
  1.5343993E+01 -2.02991042800562127E-02 -2.02991042800562127E-02
  1.5473152E+01 -1.92276535736937149E-02 -1.92276535736937149E-02
  1.5603398E+01 -1.82039503005597680E-02 -1.82039503005597680E-02
  1.5734740E+01 -1.72263490851776169E-02 -1.72263490851776169E-02
  1.5867188E+01 -1.62932376108528842E-02 -1.62932376108528842E-02
  1.6000751E+01 -1.54030370328968047E-02 -1.54030370328968047E-02
  1.6135438E+01 -1.45542023325404557E-02 -1.45542023325404557E-02
  1.6271259E+01 -1.37452226134087141E-02 -1.37452226134087141E-02
  1.6408223E+01 -1.29746213428276747E-02 -1.29746213428276747E-02
  1.6546340E+01 -1.22409565381573771E-02 -1.22409565381573771E-02
  1.6685619E+01 -1.15428209013970218E-02 -1.15428209013970218E-02
  1.6826071E+01 -1.08788419019347771E-02 -1.08788419019347771E-02
  1.6967705E+01 -1.02476818111441048E-02 -1.02476818111441048E-02
  1.7110532E+01 -9.64803768843580656E-03 -9.64803768843580656E-03
  1.7254560E+01 -9.07864132182112371E-03 -9.07864132182112371E-03
  1.7399801E+01 -8.53825912449934776E-03 -8.53825912449934603E-03
  1.7546265E+01 -8.02569198839364617E-03 -8.02569198839364617E-03
  1.7693961E+01 -7.53977509767622678E-03 -7.53977509767622678E-03
  1.7842900E+01 -7.07937770251731990E-03 -7.07937770251731990E-03
  1.7993094E+01 -6.64340285639042349E-03 -6.64340285639042349E-03
  1.8144551E+01 -6.23078711732460988E-03 -6.23078711732460988E-03
  1.8297283E+01 -5.84050021547710685E-03 -5.84050021547710685E-03
  1.8451301E+01 -5.47154468925725723E-03 -5.47154468925725723E-03
  1.8606616E+01 -5.12295549054186949E-03 -5.12295549054186949E-03
  1.8763237E+01 -4.79379956220071790E-03 -4.79379956220071790E-03
  1.8921177E+01 -4.48317538813824967E-03 -4.48317538813824967E-03
  1.9080447E+01 -4.19021251926920968E-03 -4.19021251926920968E-03
  1.9241057E+01 -3.91407107552765865E-03 -3.91407107552765865E-03
  1.9403019E+01 -3.65394122700735124E-03 -3.65394122700735124E-03
  1.9566344E+01 -3.40904265488717328E-03 -3.40904265488717328E-03
  1.9731044E+01 -3.17862399430879350E-03 -3.17862399430879307E-03
  1.9897131E+01 -2.96196226130973628E-03 -2.96196226130973671E-03
  2.0064615E+01 -2.75836226401793283E-03 -2.75836226401793283E-03
  2.0233510E+01 -2.56715600178125669E-03 -2.56715600178125669E-03
  2.0403826E+01 -2.38770205139360314E-03 -2.38770205139360314E-03
  2.0575575E+01 -2.21938494445339529E-03 -2.21938494445339529E-03
  2.0748770E+01 -2.06161453532160976E-03 -2.06161453532160976E-03
  2.0923423E+01 -1.91382536202411302E-03 -1.91382536202411302E-03
  2.1099547E+01 -1.77547600205230083E-03 -1.77547600205230104E-03
  2.1277152E+01 -1.64604842294835407E-03 -1.64604842294835407E-03
  2.1456253E+01 -1.52504733087965860E-03 -1.52504733087965860E-03
  2.1636861E+01 -1.41199951656290068E-03 -1.41199951656290068E-03
  2.1818990E+01 -1.30645320173528035E-03 -1.30645320173528035E-03
  2.2002651E+01 -1.20797738567546276E-03 -1.20797738567546276E-03
  2.2187859E+01 -1.11616119384905232E-03 -1.11616119384905232E-03
  2.2374625E+01 -1.03061322992203941E-03 -1.03061322992203941E-03
  2.2562964E+01 -9.50960931270117271E-04 -9.50960931270117271E-04
  2.2752887E+01 -8.76849930200762628E-04 -8.76849930200762628E-04
  2.2944410E+01 -8.07943420589651851E-04 -8.07943420589651851E-04
  2.3137545E+01 -7.43921532006197594E-04 -7.43921532006197594E-04
  2.3332305E+01 -6.84480711250046170E-04 -6.84480711250046170E-04
  2.3528705E+01 -6.29333112307506326E-04 -6.29333112307506326E-04
  2.3726758E+01 -5.78205996163205782E-04 -5.78205996163205782E-04
  2.3926478E+01 -5.30841139770643622E-04 -5.30841139770643622E-04
  2.4127879E+01 -4.86994256441164453E-04 -4.86994256441164507E-04
  2.4330975E+01 -4.46434426571329368E-04 -4.46434426571329314E-04
  2.4535781E+01 -4.08943540733730515E-04 -4.08943540733730515E-04
  2.4742311E+01 -3.74315754434917380E-04 -3.74315754434917380E-04
  2.4950579E+01 -3.42356955506772920E-04 -3.42356955506772920E-04
  2.5160600E+01 -3.12884244749511709E-04 -3.12884244749511709E-04
  2.5372390E+01 -2.85725429300498490E-04 -2.85725429300498490E-04
  2.5585962E+01 -2.60718530086023748E-04 -2.60718530086023748E-04
  2.5801331E+01 -2.37711302318643902E-04 -2.37711302318643929E-04
  2.6018514E+01 -2.16560770773810418E-04 -2.16560770773810391E-04
  2.6237524E+01 -1.97132778154696098E-04 -1.97132778154696098E-04
  2.6458378E+01 -1.79301548662635923E-04 -1.79301548662635923E-04
  2.6681092E+01 -1.62949264918665904E-04 -1.62949264918665904E-04
  2.6905679E+01 -1.47965659458293430E-04 -1.47965659458293430E-04
  2.7132158E+01 -1.34247620692917735E-04 -1.34247620692917735E-04
  2.7360542E+01 -1.21698812534987155E-04 -1.21698812534987155E-04
  2.7590849E+01 -1.10229308710074747E-04 -1.10229308710074747E-04
  2.7823095E+01 -9.97552403774193408E-05 -9.97552403774193408E-05
  2.8057295E+01 -9.01984582881709684E-05 -9.01984582881709684E-05
  2.8293467E+01 -8.14862081028877583E-05 -8.14862081028877583E-05
  2.8531627E+01 -7.35508192448719456E-05 -7.35508192448719456E-05
  2.8771791E+01 -6.63294074669806832E-05 -6.63294074669806832E-05
  2.9013977E+01 -5.97635896895098995E-05 -5.97635896895099062E-05
  2.9258202E+01 -5.37992124449715448E-05 -5.37992124449715448E-05
  2.9504482E+01 -4.83860919970879877E-05 -4.83860919970879877E-05
  2.9752836E+01 -4.34777673916642016E-05 -4.34777673916642016E-05
  3.0003280E+01 -3.90312650182522702E-05 -3.90312650182522702E-05
  3.0255832E+01 -3.50068745120779568E-05 -3.50068745120779568E-05
  3.0510509E+01 -3.13679366996666431E-05 -3.13679366996666431E-05
  3.0767331E+01 -2.80806415915435537E-05 -2.80806415915435537E-05
  3.1026314E+01 -2.51138378501991610E-05 -2.51138378501991610E-05
  3.1287478E+01 -2.24388514098450287E-05 -2.24388514098450287E-05
  3.1550839E+01 -2.00293152090580406E-05 -2.00293152090580406E-05
  3.1816418E+01 -1.78610074925700246E-05 -1.78610074925700246E-05
  3.2084231E+01 -1.59116997053843079E-05 -1.59116997053843079E-05
  3.2354300E+01 -1.41610133610470257E-05 -1.41610133610470257E-05
  3.2626641E+01 -1.25902849106296344E-05 -1.25902849106296344E-05
  3.2901275E+01 -1.11824393016490831E-05 -1.11824393016490831E-05
  3.3178221E+01 -9.92187077031303488E-06 -9.92187077031303488E-06
  3.3457497E+01 -8.79433159184372926E-06 -8.79433159184372926E-06
  3.3739125E+01 -7.78682733937330340E-06 -7.78682733937330340E-06
  3.4023123E+01 -6.88751948274557435E-06 -6.88751948274557435E-06
  3.4309511E+01 -6.08563411219620320E-06 -6.08563411219620236E-06
  3.4598311E+01 -5.37137652401042942E-06 -5.37137652401042942E-06
  3.4889541E+01 -4.73585231475226465E-06 -4.73585231475226380E-06
  3.5183223E+01 -4.17099309402146901E-06 -4.17099309402146901E-06
  3.5479376E+01 -3.66948820840207190E-06 -3.66948820840207190E-06
  3.5778023E+01 -3.22472067182388855E-06 -3.22472067182388855E-06
  3.6079183E+01 -2.83070828999143487E-06 -2.83070828999143487E-06
  3.6382878E+01 -2.48204884201186360E-06 -2.48204884201186318E-06
  3.6689130E+01 -2.17386922685136597E-06 -2.17386922685136597E-06
  3.6997959E+01 -1.90177904357824445E-06 -1.90177904357824445E-06
  3.7309388E+01 -1.66182695693350979E-06 -1.66182695693350979E-06
  3.7623439E+01 -1.45046137589588398E-06 -1.45046137589588398E-06
  3.7940133E+01 -1.26449332071842946E-06 -1.26449332071842946E-06
  3.8259492E+01 -1.10106321926650708E-06 -1.10106321926650708E-06
  3.8581540E+01 -9.57609707086248818E-07 -9.57609707086248818E-07
  3.8906299E+01 -8.31841248327691574E-07 -8.31841248327691574E-07
  3.9233791E+01 -7.21710463835734117E-07 -7.21710463835734117E-07
  3.9564040E+01 -6.25390036645967484E-07 -6.25390036645967590E-07
  3.9897069E+01 -5.41251402808029525E-07 -5.41251402808029525E-07
  4.0232901E+01 -4.67844586182764033E-07 -4.67844586182764033E-07
  4.0571559E+01 -4.03880527244382392E-07 -4.03880527244382392E-07
  4.0913069E+01 -3.48214634016130731E-07 -3.48214634016130731E-07
  4.1257453E+01 -2.99831675931727659E-07 -2.99831675931727659E-07
  4.1604736E+01 -2.57832610373043281E-07 -2.57832610373043281E-07
  4.1954942E+01 -2.21422013169103593E-07 -2.21422013169103620E-07
  4.2308096E+01 -1.89897399138772016E-07 -1.89897399138772016E-07
  4.2664222E+01 -1.62638833955952578E-07 -1.62638833955952551E-07
  4.3023346E+01 -1.39100194473940064E-07 -1.39100194473940064E-07
  4.3385494E+01 -1.18801033011095569E-07 -1.18801033011095569E-07
  4.3750689E+01 -1.01319010070710647E-07 -1.01319010070710647E-07
  4.4118958E+01 -8.62837055137788411E-08 -8.62837055137788411E-08
  4.4490328E+01 -7.33703089395021379E-08 -7.33703089395021379E-08
  4.4864823E+01 -6.22948235218245827E-08 -6.22948235218245827E-08
  4.5242471E+01 -5.28088577311791596E-08 -5.28088577311791596E-08
  4.5623297E+01 -4.46958381417061901E-08 -4.46958381417061967E-08
  4.6007329E+01 -3.77668527562491363E-08 -3.77668527562491363E-08
  4.6394593E+01 -3.18576738322917663E-08 -3.18576738322917663E-08
  4.6785118E+01 -2.68255817559293064E-08 -2.68255817559293064E-08
  4.7178929E+01 -2.25466294523357647E-08 -2.25466294523357680E-08
  4.7576055E+01 -1.89136031281122996E-08 -1.89136031281122996E-08
  4.7976524E+01 -1.58335495825667749E-08 -1.58335495825667749E-08
  4.8380364E+01 -1.32263835439516697E-08 -1.32263835439516697E-08
  4.8787604E+01 -1.10228555172398046E-08 -1.10228555172398046E-08
  4.9198271E+01 -9.16342912660184084E-09 -9.16342912660184084E-09
  4.9612395E+01 -7.59693818963569356E-09 -7.59693818963569356E-09
  5.0030004E+01 -6.27928642416009097E-09 -6.27928642416009180E-09
  5.0451129E+01 -5.17292164659011178E-09 -5.17292164659011178E-09
  5.0875799E+01 -4.24544310817509540E-09 -4.24544310817509540E-09
  5.1304043E+01 -3.46938833217791398E-09 -3.46938833217791398E-09
  5.1735892E+01 -2.82111756177982897E-09 -2.82111756177982897E-09
  5.2171377E+01 -2.28062901896919357E-09 -2.28062901896919357E-09
  5.2610526E+01 -1.83096915407077176E-09 -1.83096915407077156E-09
  5.3053373E+01 -1.45752920843733591E-09 -1.45752920843733591E-09
  5.3499946E+01 -1.14818021756946109E-09 -1.14818021756946109E-09
  5.3950279E+01 -8.92413254405255429E-10 -8.92413254405255429E-10
  5.4404403E+01 -6.81545486713730497E-10 -6.81545486713730497E-10
  5.4862349E+01 -5.08102004914690042E-10 -5.08102004914690042E-10
  5.5324149E+01 -3.65886876352305990E-10 -3.65886876352305990E-10
  5.5789837E+01 -2.49720244482887210E-10 -2.49720244482887210E-10
  5.6259445E+01 -1.55083057506999467E-10 -1.55083057506999467E-10
  5.6733006E+01 -7.84297071731998585E-11 -7.84297071731998585E-11
  5.7210553E+01 -1.65698565979255363E-11 -1.65698565979255363E-11
  5.7692119E+01  3.29904992213414516E-11  3.29904992213414516E-11
  5.8177739E+01  7.24469373380998150E-11  7.24469373380998150E-11
  5.8667447E+01  1.03533182027604198E-10  1.03533182027604198E-10
  5.9161277E+01  1.27705845898162806E-10  1.27705845898162806E-10
  5.9659263E+01  1.46272327583574224E-10  1.46272327583574224E-10
  6.0161441E+01  1.60149227212968981E-10  1.60149227212968981E-10
  6.0667847E+01  1.70281566624908010E-10  1.70281566624908010E-10
  6.1178515E+01  1.77237780007999390E-10  1.77237780007999390E-10
  6.1693481E+01  1.81714199243288022E-10  1.81714199243288022E-10
  6.2212782E+01  1.84058990271296352E-10  1.84058990271296352E-10
  6.2736454E+01  1.84776638434414053E-10  1.84776638434414053E-10
  6.3264535E+01  1.84094517408084357E-10  1.84094517408084357E-10
  6.3797060E+01  1.82247106295108097E-10  1.82247106295108097E-10
  6.4334068E+01  1.79511516762431711E-10  1.79511516762431711E-10
  6.4875596E+01  1.75980119365704013E-10  1.75980119365704013E-10
  6.5421682E+01  1.71851866070937831E-10  1.71851866070937831E-10
  6.5972365E+01  1.67204916579066776E-10  1.67204916579066776E-10
  6.6527683E+01  1.62167168582527665E-10  1.62167168582527665E-10
  6.7087675E+01  1.56795465500181308E-10  1.56795465500181308E-10
  6.7652382E+01  1.51075596477312502E-10  1.51075596477312502E-10
  6.8221841E+01  1.45170986343146069E-10  1.45170986343146069E-10
  6.8796094E+01  1.38996369969390798E-10  1.38996369969390798E-10
  6.9375181E+01  1.32700961330556311E-10  1.32700961330556311E-10
  6.9959142E+01  1.26213706153066596E-10  1.26213706153066596E-10
  7.0548018E+01  1.19626974992570467E-10  1.19626974992570467E-10
  7.1141852E+01  1.12940767849067925E-10  1.12940767849067925E-10
  7.1740683E+01  1.06084030448982958E-10  1.06084030448982958E-10
  7.2344556E+01  9.91775550573947839E-11  9.91775550573947839E-11
  7.2953511E+01  9.21289711186545901E-11  9.21289711186545901E-11
  7.3567593E+01  8.50590708978415933E-11  8.50590708978415933E-11
  7.4186843E+01  7.78470621298765764E-11  7.78470621298765764E-11
  7.4811306E+01  7.06066316524811555E-11  7.06066316524811555E-11
  7.5441025E+01  6.33093577562249266E-11  6.33093577562249266E-11
  7.6076044E+01  5.58557644581014756E-11  5.58557644581014756E-11
  7.6716409E+01  4.83950657326204237E-11  4.83950657326204237E-11
  7.7362164E+01  4.07922584599873517E-11  4.07922584599873517E-11
  7.8013355E+01  3.31752403326390777E-11  3.31752403326390777E-11
  7.8670027E+01  2.54445353675691877E-11  2.54445353675691844E-11
  7.9332227E+01  1.76925141204264946E-11  1.76925141204264946E-11
  8.0000000E+01  9.85522774499258958E-12  9.85522774499258796E-12
