 # l=           1 basis function with energy     5.00000000000000     
  0.0000E+00  0.0000E+00  0.0000E+00  0.0000E+00
  2.3519E-06 -8.8561E-09 -9.9426E-12 -2.2851E-11
  4.7235E-06 -2.9362E-08 -4.0106E-11 -9.2176E-11
  7.1152E-06 -5.9384E-08 -9.1001E-11 -2.0915E-10
  9.5269E-06 -9.8099E-08 -1.6315E-10 -3.7496E-10
  1.1959E-05 -1.4492E-07 -2.5708E-10 -5.9084E-10
  1.4412E-05 -1.9974E-07 -3.7333E-10 -8.5803E-10
  1.6885E-05 -2.6234E-07 -5.1246E-10 -1.1778E-09
  1.9379E-05 -3.3256E-07 -6.7503E-10 -1.5514E-09
  2.1894E-05 -4.1032E-07 -8.6161E-10 -1.9803E-09
  2.4430E-05 -4.9558E-07 -1.0728E-09 -2.4656E-09
  2.6987E-05 -5.8832E-07 -1.3092E-09 -3.0089E-09
  2.9566E-05 -6.8853E-07 -1.5713E-09 -3.6114E-09
  3.2167E-05 -7.9624E-07 -1.8599E-09 -4.2747E-09
  3.4790E-05 -9.1146E-07 -2.1756E-09 -5.0002E-09
  3.7434E-05 -1.0342E-06 -2.5189E-09 -5.7893E-09
  4.0101E-05 -1.1646E-06 -2.8906E-09 -6.6436E-09
  4.2791E-05 -1.3027E-06 -3.2914E-09 -7.5646E-09
  4.5503E-05 -1.4485E-06 -3.7218E-09 -8.5538E-09
  4.8238E-05 -1.6021E-06 -4.1826E-09 -9.6130E-09
  5.0996E-05 -1.7635E-06 -4.6746E-09 -1.0744E-08
  5.3777E-05 -1.9330E-06 -5.1984E-09 -1.1947E-08
  5.6581E-05 -2.1105E-06 -5.7547E-09 -1.3226E-08
  5.9409E-05 -2.2962E-06 -6.3444E-09 -1.4581E-08
  6.2261E-05 -2.4901E-06 -6.9681E-09 -1.6015E-08
  6.5137E-05 -2.6924E-06 -7.6267E-09 -1.7528E-08
  6.8038E-05 -2.9032E-06 -8.3209E-09 -1.9124E-08
  7.0962E-05 -3.1225E-06 -9.0517E-09 -2.0803E-08
  7.3911E-05 -3.3506E-06 -9.8197E-09 -2.2569E-08
  7.6885E-05 -3.5875E-06 -1.0626E-08 -2.4421E-08
  7.9884E-05 -3.8333E-06 -1.1471E-08 -2.6364E-08
  8.2909E-05 -4.0882E-06 -1.2356E-08 -2.8398E-08
  8.5958E-05 -4.3524E-06 -1.3282E-08 -3.0525E-08
  8.9034E-05 -4.6259E-06 -1.4249E-08 -3.2749E-08
  9.2135E-05 -4.9089E-06 -1.5259E-08 -3.5070E-08
  9.5263E-05 -5.2015E-06 -1.6312E-08 -3.7491E-08
  9.8416E-05 -5.5040E-06 -1.7410E-08 -4.0014E-08
  1.0160E-04 -5.8163E-06 -1.8554E-08 -4.2642E-08
  1.0480E-04 -6.1388E-06 -1.9744E-08 -4.5377E-08
  1.0804E-04 -6.4715E-06 -2.0981E-08 -4.8221E-08
  1.1130E-04 -6.8147E-06 -2.2267E-08 -5.1176E-08
  1.1459E-04 -7.1684E-06 -2.3602E-08 -5.4245E-08
  1.1790E-04 -7.5329E-06 -2.4988E-08 -5.7430E-08
  1.2125E-04 -7.9083E-06 -2.6426E-08 -6.0734E-08
  1.2462E-04 -8.2948E-06 -2.7916E-08 -6.4160E-08
  1.2802E-04 -8.6926E-06 -2.9461E-08 -6.7710E-08
  1.3145E-04 -9.1019E-06 -3.1060E-08 -7.1386E-08
  1.3491E-04 -9.5228E-06 -3.2716E-08 -7.5191E-08
  1.3840E-04 -9.9555E-06 -3.4429E-08 -7.9129E-08
  1.4191E-04 -1.0400E-05 -3.6201E-08 -8.3202E-08
  1.4546E-04 -1.0857E-05 -3.8033E-08 -8.7412E-08
  1.4904E-04 -1.1327E-05 -3.9926E-08 -9.1763E-08
  1.5264E-04 -1.1809E-05 -4.1882E-08 -9.6258E-08
  1.5628E-04 -1.2304E-05 -4.3902E-08 -1.0090E-07
  1.5995E-04 -1.2812E-05 -4.5986E-08 -1.0569E-07
  1.6365E-04 -1.3333E-05 -4.8137E-08 -1.1063E-07
  1.6737E-04 -1.3868E-05 -5.0356E-08 -1.1573E-07
  1.7114E-04 -1.4417E-05 -5.2645E-08 -1.2099E-07
  1.7493E-04 -1.4979E-05 -5.5004E-08 -1.2642E-07
  1.7875E-04 -1.5556E-05 -5.7435E-08 -1.3200E-07
  1.8261E-04 -1.6148E-05 -5.9940E-08 -1.3776E-07
  1.8650E-04 -1.6753E-05 -6.2520E-08 -1.4369E-07
  1.9042E-04 -1.7374E-05 -6.5177E-08 -1.4980E-07
  1.9437E-04 -1.8010E-05 -6.7913E-08 -1.5608E-07
  1.9836E-04 -1.8662E-05 -7.0728E-08 -1.6255E-07
  2.0238E-04 -1.9329E-05 -7.3625E-08 -1.6921E-07
  2.0644E-04 -2.0012E-05 -7.6605E-08 -1.7606E-07
  2.1053E-04 -2.0712E-05 -7.9670E-08 -1.8311E-07
  2.1465E-04 -2.1428E-05 -8.2822E-08 -1.9035E-07
  2.1881E-04 -2.2160E-05 -8.6062E-08 -1.9780E-07
  2.2300E-04 -2.2910E-05 -8.9393E-08 -2.0545E-07
  2.2723E-04 -2.3678E-05 -9.2815E-08 -2.1332E-07
  2.3150E-04 -2.4462E-05 -9.6332E-08 -2.2140E-07
  2.3580E-04 -2.5265E-05 -9.9944E-08 -2.2970E-07
  2.4014E-04 -2.6087E-05 -1.0365E-07 -2.3823E-07
  2.4451E-04 -2.6926E-05 -1.0746E-07 -2.4699E-07
  2.4892E-04 -2.7785E-05 -1.1138E-07 -2.5597E-07
  2.5337E-04 -2.8663E-05 -1.1539E-07 -2.6520E-07
  2.5785E-04 -2.9560E-05 -1.1951E-07 -2.7467E-07
  2.6237E-04 -3.0478E-05 -1.2374E-07 -2.8439E-07
  2.6693E-04 -3.1415E-05 -1.2808E-07 -2.9437E-07
  2.7153E-04 -3.2373E-05 -1.3253E-07 -3.0460E-07
  2.7617E-04 -3.3353E-05 -1.3710E-07 -3.1509E-07
  2.8085E-04 -3.4353E-05 -1.4178E-07 -3.2585E-07
  2.8556E-04 -3.5375E-05 -1.4658E-07 -3.3689E-07
  2.9032E-04 -3.6419E-05 -1.5150E-07 -3.4820E-07
  2.9511E-04 -3.7486E-05 -1.5655E-07 -3.5980E-07
  2.9995E-04 -3.8575E-05 -1.6172E-07 -3.7169E-07
  3.0483E-04 -3.9687E-05 -1.6702E-07 -3.8387E-07
  3.0974E-04 -4.0823E-05 -1.7246E-07 -3.9636E-07
  3.1470E-04 -4.1983E-05 -1.7802E-07 -4.0915E-07
  3.1970E-04 -4.3167E-05 -1.8372E-07 -4.2226E-07
  3.2475E-04 -4.4376E-05 -1.8957E-07 -4.3568E-07
  3.2983E-04 -4.5611E-05 -1.9555E-07 -4.4943E-07
  3.3496E-04 -4.6871E-05 -2.0168E-07 -4.6352E-07
  3.4013E-04 -4.8157E-05 -2.0795E-07 -4.7794E-07
  3.4535E-04 -4.9469E-05 -2.1438E-07 -4.9271E-07
  3.5060E-04 -5.0809E-05 -2.2096E-07 -5.0783E-07
  3.5591E-04 -5.2176E-05 -2.2769E-07 -5.2331E-07
  3.6125E-04 -5.3570E-05 -2.3459E-07 -5.3915E-07
  3.6665E-04 -5.4994E-05 -2.4164E-07 -5.5537E-07
  3.7209E-04 -5.6446E-05 -2.4886E-07 -5.7196E-07
  3.7757E-04 -5.7927E-05 -2.5625E-07 -5.8895E-07
  3.8310E-04 -5.9438E-05 -2.6381E-07 -6.0633E-07
  3.8868E-04 -6.0980E-05 -2.7155E-07 -6.2411E-07
  3.9430E-04 -6.2552E-05 -2.7947E-07 -6.4230E-07
  3.9997E-04 -6.4156E-05 -2.8756E-07 -6.6091E-07
  4.0569E-04 -6.5792E-05 -2.9584E-07 -6.7994E-07
  4.1146E-04 -6.7460E-05 -3.0431E-07 -6.9941E-07
  4.1727E-04 -6.9162E-05 -3.1298E-07 -7.1932E-07
  4.2314E-04 -7.0897E-05 -3.2184E-07 -7.3968E-07
  4.2905E-04 -7.2666E-05 -3.3089E-07 -7.6050E-07
  4.3501E-04 -7.4470E-05 -3.4016E-07 -7.8178E-07
  4.4103E-04 -7.6309E-05 -3.4963E-07 -8.0355E-07
  4.4709E-04 -7.8184E-05 -3.5931E-07 -8.2580E-07
  4.5321E-04 -8.0095E-05 -3.6920E-07 -8.4854E-07
  4.5937E-04 -8.2044E-05 -3.7932E-07 -8.7179E-07
  4.6559E-04 -8.4031E-05 -3.8966E-07 -8.9555E-07
  4.7186E-04 -8.6056E-05 -4.0023E-07 -9.1984E-07
  4.7819E-04 -8.8120E-05 -4.1102E-07 -9.4466E-07
  4.8456E-04 -9.0224E-05 -4.2206E-07 -9.7002E-07
  4.9099E-04 -9.2368E-05 -4.3334E-07 -9.9594E-07
  4.9748E-04 -9.4554E-05 -4.4486E-07 -1.0224E-06
  5.0402E-04 -9.6781E-05 -4.5663E-07 -1.0495E-06
  5.1061E-04 -9.9050E-05 -4.6866E-07 -1.0771E-06
  5.1726E-04 -1.0136E-04 -4.8094E-07 -1.1054E-06
  5.2397E-04 -1.0372E-04 -4.9350E-07 -1.1342E-06
  5.3073E-04 -1.0612E-04 -5.0632E-07 -1.1637E-06
  5.3755E-04 -1.0857E-04 -5.1941E-07 -1.1938E-06
  5.4443E-04 -1.1106E-04 -5.3278E-07 -1.2245E-06
  5.5136E-04 -1.1360E-04 -5.4644E-07 -1.2559E-06
  5.5835E-04 -1.1619E-04 -5.6039E-07 -1.2880E-06
  5.6540E-04 -1.1883E-04 -5.7464E-07 -1.3207E-06
  5.7252E-04 -1.2151E-04 -5.8918E-07 -1.3541E-06
  5.7969E-04 -1.2425E-04 -6.0403E-07 -1.3883E-06
  5.8692E-04 -1.2704E-04 -6.1920E-07 -1.4231E-06
  5.9421E-04 -1.2988E-04 -6.3468E-07 -1.4587E-06
  6.0156E-04 -1.3277E-04 -6.5049E-07 -1.4950E-06
  6.0898E-04 -1.3572E-04 -6.6662E-07 -1.5321E-06
  6.1646E-04 -1.3872E-04 -6.8309E-07 -1.5700E-06
  6.2400E-04 -1.4177E-04 -6.9991E-07 -1.6086E-06
  6.3160E-04 -1.4489E-04 -7.1707E-07 -1.6480E-06
  6.3927E-04 -1.4806E-04 -7.3459E-07 -1.6883E-06
  6.4700E-04 -1.5129E-04 -7.5247E-07 -1.7294E-06
  6.5480E-04 -1.5457E-04 -7.7072E-07 -1.7713E-06
  6.6266E-04 -1.5792E-04 -7.8934E-07 -1.8141E-06
  6.7059E-04 -1.6133E-04 -8.0834E-07 -1.8578E-06
  6.7859E-04 -1.6480E-04 -8.2774E-07 -1.9024E-06
  6.8665E-04 -1.6834E-04 -8.4752E-07 -1.9479E-06
  6.9479E-04 -1.7194E-04 -8.6772E-07 -1.9943E-06
  7.0299E-04 -1.7561E-04 -8.8832E-07 -2.0416E-06
  7.1126E-04 -1.7934E-04 -9.0934E-07 -2.0899E-06
  7.1959E-04 -1.8314E-04 -9.3079E-07 -2.1392E-06
  7.2800E-04 -1.8701E-04 -9.5267E-07 -2.1895E-06
  7.3648E-04 -1.9095E-04 -9.7499E-07 -2.2408E-06
  7.4503E-04 -1.9496E-04 -9.9776E-07 -2.2932E-06
  7.5366E-04 -1.9905E-04 -1.0210E-06 -2.3466E-06
  7.6235E-04 -2.0321E-04 -1.0447E-06 -2.4010E-06
  7.7112E-04 -2.0744E-04 -1.0689E-06 -2.4566E-06
  7.7996E-04 -2.1175E-04 -1.0935E-06 -2.5132E-06
  7.8888E-04 -2.1613E-04 -1.1187E-06 -2.5710E-06
  7.9787E-04 -2.2060E-04 -1.1443E-06 -2.6300E-06
  8.0694E-04 -2.2515E-04 -1.1705E-06 -2.6901E-06
  8.1609E-04 -2.2977E-04 -1.1971E-06 -2.7514E-06
  8.2531E-04 -2.3448E-04 -1.2244E-06 -2.8139E-06
  8.3461E-04 -2.3928E-04 -1.2521E-06 -2.8777E-06
  8.4398E-04 -2.4416E-04 -1.2804E-06 -2.9427E-06
  8.5344E-04 -2.4913E-04 -1.3092E-06 -3.0090E-06
  8.6298E-04 -2.5418E-04 -1.3387E-06 -3.0767E-06
  8.7259E-04 -2.5933E-04 -1.3687E-06 -3.1456E-06
  8.8229E-04 -2.6456E-04 -1.3993E-06 -3.2159E-06
  8.9207E-04 -2.6990E-04 -1.4304E-06 -3.2876E-06
  9.0193E-04 -2.7532E-04 -1.4622E-06 -3.3607E-06
  9.1187E-04 -2.8084E-04 -1.4947E-06 -3.4352E-06
  9.2190E-04 -2.8646E-04 -1.5277E-06 -3.5111E-06
  9.3201E-04 -2.9218E-04 -1.5614E-06 -3.5886E-06
  9.4221E-04 -2.9800E-04 -1.5958E-06 -3.6675E-06
  9.5249E-04 -3.0392E-04 -1.6308E-06 -3.7480E-06
  9.6286E-04 -3.0995E-04 -1.6665E-06 -3.8301E-06
  9.7332E-04 -3.1608E-04 -1.7029E-06 -3.9137E-06
  9.8386E-04 -3.2232E-04 -1.7400E-06 -3.9990E-06
  9.9449E-04 -3.2867E-04 -1.7778E-06 -4.0859E-06
  1.0052E-03 -3.3514E-04 -1.8163E-06 -4.1745E-06
  1.0160E-03 -3.4171E-04 -1.8556E-06 -4.2648E-06
  1.0269E-03 -3.4840E-04 -1.8957E-06 -4.3568E-06
  1.0379E-03 -3.5521E-04 -1.9365E-06 -4.4506E-06
  1.0490E-03 -3.6214E-04 -1.9781E-06 -4.5462E-06
  1.0602E-03 -3.6919E-04 -2.0205E-06 -4.6436E-06
  1.0715E-03 -3.7636E-04 -2.0637E-06 -4.7429E-06
  1.0828E-03 -3.8366E-04 -2.1077E-06 -4.8442E-06
  1.0943E-03 -3.9108E-04 -2.1526E-06 -4.9473E-06
  1.1059E-03 -3.9864E-04 -2.1983E-06 -5.0524E-06
  1.1175E-03 -4.0632E-04 -2.2449E-06 -5.1595E-06
  1.1293E-03 -4.1414E-04 -2.2924E-06 -5.2686E-06
  1.1412E-03 -4.2210E-04 -2.3408E-06 -5.3799E-06
  1.1531E-03 -4.3019E-04 -2.3901E-06 -5.4932E-06
  1.1652E-03 -4.3843E-04 -2.4404E-06 -5.6087E-06
  1.1773E-03 -4.4680E-04 -2.4916E-06 -5.7264E-06
  1.1896E-03 -4.5533E-04 -2.5437E-06 -5.8463E-06
  1.2020E-03 -4.6400E-04 -2.5969E-06 -5.9684E-06
  1.2144E-03 -4.7282E-04 -2.6510E-06 -6.0929E-06
  1.2270E-03 -4.8179E-04 -2.7062E-06 -6.2197E-06
  1.2397E-03 -4.9092E-04 -2.7624E-06 -6.3489E-06
  1.2525E-03 -5.0020E-04 -2.8197E-06 -6.4806E-06
  1.2654E-03 -5.0965E-04 -2.8781E-06 -6.6147E-06
  1.2784E-03 -5.1926E-04 -2.9375E-06 -6.7514E-06
  1.2915E-03 -5.2903E-04 -2.9981E-06 -6.8906E-06
  1.3047E-03 -5.3898E-04 -3.0598E-06 -7.0324E-06
  1.3180E-03 -5.4909E-04 -3.1227E-06 -7.1769E-06
  1.3315E-03 -5.5938E-04 -3.1867E-06 -7.3241E-06
  1.3450E-03 -5.6984E-04 -3.2520E-06 -7.4740E-06
  1.3587E-03 -5.8049E-04 -3.3184E-06 -7.6267E-06
  1.3725E-03 -5.9131E-04 -3.3861E-06 -7.7823E-06
  1.3864E-03 -6.0233E-04 -3.4551E-06 -7.9408E-06
  1.4004E-03 -6.1353E-04 -3.5253E-06 -8.1022E-06
  1.4146E-03 -6.2492E-04 -3.5969E-06 -8.2667E-06
  1.4288E-03 -6.3651E-04 -3.6697E-06 -8.4342E-06
  1.4432E-03 -6.4829E-04 -3.7440E-06 -8.6048E-06
  1.4577E-03 -6.6028E-04 -3.8196E-06 -8.7785E-06
  1.4723E-03 -6.7247E-04 -3.8966E-06 -8.9555E-06
  1.4871E-03 -6.8487E-04 -3.9750E-06 -9.1358E-06
  1.5019E-03 -6.9749E-04 -4.0549E-06 -9.3194E-06
  1.5169E-03 -7.1031E-04 -4.1363E-06 -9.5064E-06
  1.5321E-03 -7.2336E-04 -4.2191E-06 -9.6969E-06
  1.5473E-03 -7.3663E-04 -4.3035E-06 -9.8909E-06
  1.5627E-03 -7.5012E-04 -4.3895E-06 -1.0088E-05
  1.5782E-03 -7.6384E-04 -4.4770E-06 -1.0290E-05
  1.5938E-03 -7.7780E-04 -4.5662E-06 -1.0495E-05
  1.6096E-03 -7.9199E-04 -4.6570E-06 -1.0703E-05
  1.6255E-03 -8.0642E-04 -4.7495E-06 -1.0916E-05
  1.6415E-03 -8.2110E-04 -4.8436E-06 -1.1132E-05
  1.6577E-03 -8.3603E-04 -4.9395E-06 -1.1352E-05
  1.6740E-03 -8.5121E-04 -5.0372E-06 -1.1577E-05
  1.6904E-03 -8.6665E-04 -5.1366E-06 -1.1805E-05
  1.7070E-03 -8.8235E-04 -5.2379E-06 -1.2038E-05
  1.7237E-03 -8.9831E-04 -5.3410E-06 -1.2275E-05
  1.7406E-03 -9.1455E-04 -5.4460E-06 -1.2516E-05
  1.7576E-03 -9.3105E-04 -5.5529E-06 -1.2762E-05
  1.7748E-03 -9.4784E-04 -5.6618E-06 -1.3012E-05
  1.7920E-03 -9.6491E-04 -5.7726E-06 -1.3267E-05
  1.8095E-03 -9.8227E-04 -5.8855E-06 -1.3527E-05
  1.8271E-03 -9.9992E-04 -6.0004E-06 -1.3791E-05
  1.8448E-03 -1.0179E-03 -6.1175E-06 -1.4060E-05
  1.8627E-03 -1.0361E-03 -6.2366E-06 -1.4334E-05
  1.8807E-03 -1.0547E-03 -6.3579E-06 -1.4612E-05
  1.8989E-03 -1.0735E-03 -6.4815E-06 -1.4896E-05
  1.9172E-03 -1.0927E-03 -6.6072E-06 -1.5185E-05
  1.9357E-03 -1.1122E-03 -6.7353E-06 -1.5480E-05
  1.9544E-03 -1.1321E-03 -6.8657E-06 -1.5779E-05
  1.9732E-03 -1.1523E-03 -6.9984E-06 -1.6085E-05
  1.9921E-03 -1.1728E-03 -7.1336E-06 -1.6395E-05
  2.0112E-03 -1.1936E-03 -7.2712E-06 -1.6711E-05
  2.0305E-03 -1.2148E-03 -7.4112E-06 -1.7033E-05
  2.0500E-03 -1.2364E-03 -7.5539E-06 -1.7361E-05
  2.0696E-03 -1.2583E-03 -7.6990E-06 -1.7695E-05
  2.0893E-03 -1.2806E-03 -7.8469E-06 -1.8034E-05
  2.1093E-03 -1.3032E-03 -7.9973E-06 -1.8380E-05
  2.1294E-03 -1.3263E-03 -8.1505E-06 -1.8732E-05
  2.1497E-03 -1.3497E-03 -8.3065E-06 -1.9091E-05
  2.1701E-03 -1.3735E-03 -8.4653E-06 -1.9456E-05
  2.1907E-03 -1.3977E-03 -8.6269E-06 -1.9827E-05
  2.2115E-03 -1.4223E-03 -8.7914E-06 -2.0205E-05
  2.2325E-03 -1.4473E-03 -8.9589E-06 -2.0590E-05
  2.2536E-03 -1.4728E-03 -9.1294E-06 -2.0982E-05
  2.2750E-03 -1.4986E-03 -9.3030E-06 -2.1381E-05
  2.2965E-03 -1.5249E-03 -9.4796E-06 -2.1787E-05
  2.3181E-03 -1.5517E-03 -9.6595E-06 -2.2200E-05
  2.3400E-03 -1.5788E-03 -9.8426E-06 -2.2621E-05
  2.3621E-03 -1.6065E-03 -1.0029E-05 -2.3050E-05
  2.3843E-03 -1.6346E-03 -1.0219E-05 -2.3485E-05
  2.4067E-03 -1.6631E-03 -1.0412E-05 -2.3929E-05
  2.4293E-03 -1.6921E-03 -1.0608E-05 -2.4381E-05
  2.4521E-03 -1.7216E-03 -1.0808E-05 -2.4841E-05
  2.4751E-03 -1.7516E-03 -1.1012E-05 -2.5309E-05
  2.4983E-03 -1.7821E-03 -1.1219E-05 -2.5785E-05
  2.5217E-03 -1.8131E-03 -1.1430E-05 -2.6270E-05
  2.5453E-03 -1.8446E-03 -1.1645E-05 -2.6764E-05
  2.5690E-03 -1.8767E-03 -1.1864E-05 -2.7266E-05
  2.5930E-03 -1.9092E-03 -1.2086E-05 -2.7777E-05
  2.6172E-03 -1.9423E-03 -1.2312E-05 -2.8298E-05
  2.6416E-03 -1.9760E-03 -1.2543E-05 -2.8827E-05
  2.6662E-03 -2.0102E-03 -1.2778E-05 -2.9367E-05
  2.6910E-03 -2.0450E-03 -1.3016E-05 -2.9915E-05
  2.7160E-03 -2.0803E-03 -1.3259E-05 -3.0474E-05
  2.7412E-03 -2.1162E-03 -1.3507E-05 -3.1042E-05
  2.7666E-03 -2.1527E-03 -1.3758E-05 -3.1621E-05
  2.7922E-03 -2.1898E-03 -1.4014E-05 -3.2210E-05
  2.8181E-03 -2.2276E-03 -1.4275E-05 -3.2809E-05
  2.8442E-03 -2.2659E-03 -1.4541E-05 -3.3419E-05
  2.8705E-03 -2.3049E-03 -1.4811E-05 -3.4039E-05
  2.8970E-03 -2.3445E-03 -1.5086E-05 -3.4671E-05
  2.9237E-03 -2.3848E-03 -1.5365E-05 -3.5314E-05
  2.9507E-03 -2.4257E-03 -1.5650E-05 -3.5968E-05
  2.9779E-03 -2.4673E-03 -1.5940E-05 -3.6634E-05
  3.0053E-03 -2.5096E-03 -1.6235E-05 -3.7312E-05
  3.0329E-03 -2.5526E-03 -1.6535E-05 -3.8002E-05
  3.0608E-03 -2.5963E-03 -1.6840E-05 -3.8704E-05
  3.0889E-03 -2.6407E-03 -1.7151E-05 -3.9418E-05
  3.1173E-03 -2.6858E-03 -1.7467E-05 -4.0145E-05
  3.1459E-03 -2.7317E-03 -1.7789E-05 -4.0885E-05
  3.1747E-03 -2.7783E-03 -1.8117E-05 -4.1637E-05
  3.2038E-03 -2.8256E-03 -1.8450E-05 -4.2404E-05
  3.2331E-03 -2.8738E-03 -1.8789E-05 -4.3183E-05
  3.2627E-03 -2.9227E-03 -1.9134E-05 -4.3977E-05
  3.2925E-03 -2.9725E-03 -1.9486E-05 -4.4784E-05
  3.3225E-03 -3.0230E-03 -1.9843E-05 -4.5606E-05
  3.3529E-03 -3.0744E-03 -2.0207E-05 -4.6442E-05
  3.3834E-03 -3.1266E-03 -2.0577E-05 -4.7293E-05
  3.4143E-03 -3.1796E-03 -2.0954E-05 -4.8159E-05
  3.4453E-03 -3.2336E-03 -2.1337E-05 -4.9040E-05
  3.4767E-03 -3.2884E-03 -2.1727E-05 -4.9936E-05
  3.5083E-03 -3.3440E-03 -2.2124E-05 -5.0849E-05
  3.5402E-03 -3.4006E-03 -2.2528E-05 -5.1777E-05
  3.5724E-03 -3.4581E-03 -2.2939E-05 -5.2722E-05
  3.6048E-03 -3.5166E-03 -2.3358E-05 -5.3683E-05
  3.6375E-03 -3.5760E-03 -2.3783E-05 -5.4661E-05
  3.6704E-03 -3.6363E-03 -2.4216E-05 -5.5657E-05
  3.7037E-03 -3.6977E-03 -2.4657E-05 -5.6669E-05
  3.7372E-03 -3.7600E-03 -2.5106E-05 -5.7700E-05
  3.7710E-03 -3.8233E-03 -2.5562E-05 -5.8749E-05
  3.8051E-03 -3.8877E-03 -2.6026E-05 -5.9816E-05
  3.8395E-03 -3.9531E-03 -2.6499E-05 -6.0902E-05
  3.8742E-03 -4.0196E-03 -2.6979E-05 -6.2006E-05
  3.9091E-03 -4.0871E-03 -2.7468E-05 -6.3131E-05
  3.9444E-03 -4.1557E-03 -2.7966E-05 -6.4275E-05
  3.9799E-03 -4.2255E-03 -2.8473E-05 -6.5438E-05
  4.0158E-03 -4.2963E-03 -2.8988E-05 -6.6623E-05
  4.0519E-03 -4.3683E-03 -2.9512E-05 -6.7828E-05
  4.0884E-03 -4.4415E-03 -3.0046E-05 -6.9054E-05
  4.1252E-03 -4.5158E-03 -3.0588E-05 -7.0301E-05
  4.1622E-03 -4.5914E-03 -3.1141E-05 -7.1571E-05
  4.1996E-03 -4.6681E-03 -3.1703E-05 -7.2862E-05
  4.2373E-03 -4.7461E-03 -3.2274E-05 -7.4176E-05
  4.2754E-03 -4.8253E-03 -3.2856E-05 -7.5513E-05
  4.3137E-03 -4.9058E-03 -3.3448E-05 -7.6874E-05
  4.3524E-03 -4.9876E-03 -3.4050E-05 -7.8258E-05
  4.3913E-03 -5.0707E-03 -3.4663E-05 -7.9666E-05
  4.4307E-03 -5.1552E-03 -3.5287E-05 -8.1099E-05
  4.4703E-03 -5.2410E-03 -3.5921E-05 -8.2557E-05
  4.5103E-03 -5.3281E-03 -3.6566E-05 -8.4040E-05
  4.5506E-03 -5.4167E-03 -3.7223E-05 -8.5549E-05
  4.5913E-03 -5.5067E-03 -3.7891E-05 -8.7085E-05
  4.6323E-03 -5.5981E-03 -3.8571E-05 -8.8647E-05
  4.6736E-03 -5.6910E-03 -3.9262E-05 -9.0236E-05
  4.7153E-03 -5.7853E-03 -3.9966E-05 -9.1854E-05
  4.7573E-03 -5.8812E-03 -4.0682E-05 -9.3499E-05
  4.7997E-03 -5.9786E-03 -4.1410E-05 -9.5173E-05
  4.8425E-03 -6.0775E-03 -4.2151E-05 -9.6876E-05
  4.8856E-03 -6.1780E-03 -4.2905E-05 -9.8608E-05
  4.9291E-03 -6.2802E-03 -4.3672E-05 -1.0037E-04
  4.9729E-03 -6.3839E-03 -4.4452E-05 -1.0216E-04
  5.0171E-03 -6.4893E-03 -4.5246E-05 -1.0399E-04
  5.0617E-03 -6.5964E-03 -4.6054E-05 -1.0585E-04
  5.1067E-03 -6.7051E-03 -4.6876E-05 -1.0773E-04
  5.1520E-03 -6.8156E-03 -4.7712E-05 -1.0966E-04
  5.1977E-03 -6.9278E-03 -4.8562E-05 -1.1161E-04
  5.2438E-03 -7.0419E-03 -4.9427E-05 -1.1360E-04
  5.2903E-03 -7.1577E-03 -5.0308E-05 -1.1562E-04
  5.3372E-03 -7.2753E-03 -5.1203E-05 -1.1768E-04
  5.3845E-03 -7.3948E-03 -5.2114E-05 -1.1977E-04
  5.4322E-03 -7.5162E-03 -5.3041E-05 -1.2190E-04
  5.4802E-03 -7.6396E-03 -5.3984E-05 -1.2407E-04
  5.5287E-03 -7.7648E-03 -5.4944E-05 -1.2628E-04
  5.5776E-03 -7.8920E-03 -5.5920E-05 -1.2852E-04
  5.6269E-03 -8.0213E-03 -5.6913E-05 -1.3080E-04
  5.6766E-03 -8.1526E-03 -5.7923E-05 -1.3312E-04
  5.7267E-03 -8.2859E-03 -5.8950E-05 -1.3549E-04
  5.7773E-03 -8.4213E-03 -5.9996E-05 -1.3789E-04
  5.8283E-03 -8.5589E-03 -6.1059E-05 -1.4033E-04
  5.8797E-03 -8.6986E-03 -6.2141E-05 -1.4282E-04
  5.9315E-03 -8.8405E-03 -6.3242E-05 -1.4535E-04
  5.9838E-03 -8.9847E-03 -6.4362E-05 -1.4792E-04
  6.0365E-03 -9.1311E-03 -6.5501E-05 -1.5054E-04
  6.0897E-03 -9.2797E-03 -6.6660E-05 -1.5320E-04
  6.1433E-03 -9.4307E-03 -6.7839E-05 -1.5591E-04
  6.1974E-03 -9.5841E-03 -6.9038E-05 -1.5867E-04
  6.2519E-03 -9.7399E-03 -7.0258E-05 -1.6147E-04
  6.3069E-03 -9.8981E-03 -7.1499E-05 -1.6433E-04
  6.3623E-03 -1.0059E-02 -7.2761E-05 -1.6723E-04
  6.4182E-03 -1.0222E-02 -7.4046E-05 -1.7018E-04
  6.4746E-03 -1.0388E-02 -7.5352E-05 -1.7318E-04
  6.5314E-03 -1.0556E-02 -7.6681E-05 -1.7624E-04
  6.5888E-03 -1.0727E-02 -7.8033E-05 -1.7934E-04
  6.6466E-03 -1.0900E-02 -7.9409E-05 -1.8250E-04
  6.7049E-03 -1.1077E-02 -8.0808E-05 -1.8572E-04
  6.7637E-03 -1.1256E-02 -8.2231E-05 -1.8899E-04
  6.8230E-03 -1.1437E-02 -8.3679E-05 -1.9232E-04
  6.8827E-03 -1.1622E-02 -8.5152E-05 -1.9570E-04
  6.9430E-03 -1.1809E-02 -8.6650E-05 -1.9915E-04
  7.0038E-03 -1.2000E-02 -8.8174E-05 -2.0265E-04
  7.0651E-03 -1.2193E-02 -8.9724E-05 -2.0621E-04
  7.1270E-03 -1.2389E-02 -9.1301E-05 -2.0984E-04
  7.1893E-03 -1.2588E-02 -9.2905E-05 -2.1352E-04
  7.2522E-03 -1.2791E-02 -9.4537E-05 -2.1727E-04
  7.3156E-03 -1.2996E-02 -9.6197E-05 -2.2109E-04
  7.3795E-03 -1.3205E-02 -9.7886E-05 -2.2497E-04
  7.4440E-03 -1.3416E-02 -9.9604E-05 -2.2892E-04
  7.5090E-03 -1.3632E-02 -1.0135E-04 -2.3293E-04
  7.5745E-03 -1.3850E-02 -1.0313E-04 -2.3702E-04
  7.6406E-03 -1.4072E-02 -1.0494E-04 -2.4117E-04
  7.7073E-03 -1.4297E-02 -1.0678E-04 -2.4540E-04
  7.7745E-03 -1.4525E-02 -1.0865E-04 -2.4970E-04
  7.8423E-03 -1.4757E-02 -1.1055E-04 -2.5407E-04
  7.9107E-03 -1.4993E-02 -1.1249E-04 -2.5852E-04
  7.9796E-03 -1.5232E-02 -1.1445E-04 -2.6305E-04
  8.0491E-03 -1.5475E-02 -1.1646E-04 -2.6765E-04
  8.1192E-03 -1.5721E-02 -1.1849E-04 -2.7233E-04
  8.1899E-03 -1.5971E-02 -1.2057E-04 -2.7710E-04
  8.2612E-03 -1.6225E-02 -1.2268E-04 -2.8194E-04
  8.3331E-03 -1.6483E-02 -1.2482E-04 -2.8687E-04
  8.4056E-03 -1.6745E-02 -1.2700E-04 -2.9188E-04
  8.4787E-03 -1.7011E-02 -1.2922E-04 -2.9698E-04
  8.5524E-03 -1.7281E-02 -1.3148E-04 -3.0217E-04
  8.6268E-03 -1.7554E-02 -1.3377E-04 -3.0744E-04
  8.7018E-03 -1.7832E-02 -1.3611E-04 -3.1281E-04
  8.7774E-03 -1.8115E-02 -1.3848E-04 -3.1827E-04
  8.8536E-03 -1.8401E-02 -1.4090E-04 -3.2382E-04
  8.9305E-03 -1.8692E-02 -1.4336E-04 -3.2947E-04
  9.0080E-03 -1.8987E-02 -1.4585E-04 -3.3521E-04
  9.0862E-03 -1.9286E-02 -1.4840E-04 -3.4106E-04
  9.1650E-03 -1.9590E-02 -1.5098E-04 -3.4700E-04
  9.2445E-03 -1.9899E-02 -1.5361E-04 -3.5305E-04
  9.3247E-03 -2.0212E-02 -1.5629E-04 -3.5920E-04
  9.4055E-03 -2.0530E-02 -1.5901E-04 -3.6545E-04
  9.4870E-03 -2.0853E-02 -1.6178E-04 -3.7181E-04
  9.5692E-03 -2.1180E-02 -1.6460E-04 -3.7829E-04
  9.6521E-03 -2.1512E-02 -1.6746E-04 -3.8487E-04
  9.7357E-03 -2.1850E-02 -1.7037E-04 -3.9156E-04
  9.8200E-03 -2.2192E-02 -1.7334E-04 -3.9837E-04
  9.9050E-03 -2.2539E-02 -1.7635E-04 -4.0530E-04
  9.9908E-03 -2.2892E-02 -1.7942E-04 -4.1235E-04
  1.0077E-02 -2.3249E-02 -1.8253E-04 -4.1951E-04
  1.0164E-02 -2.3612E-02 -1.8571E-04 -4.2680E-04
  1.0252E-02 -2.3981E-02 -1.8893E-04 -4.3422E-04
  1.0341E-02 -2.4355E-02 -1.9221E-04 -4.4176E-04
  1.0430E-02 -2.4734E-02 -1.9555E-04 -4.4943E-04
  1.0520E-02 -2.5119E-02 -1.9895E-04 -4.5723E-04
  1.0611E-02 -2.5509E-02 -2.0240E-04 -4.6517E-04
  1.0703E-02 -2.5906E-02 -2.0591E-04 -4.7324E-04
  1.0796E-02 -2.6308E-02 -2.0948E-04 -4.8145E-04
  1.0889E-02 -2.6716E-02 -2.1312E-04 -4.8980E-04
  1.0983E-02 -2.7129E-02 -2.1681E-04 -4.9829E-04
  1.1078E-02 -2.7549E-02 -2.2057E-04 -5.0693E-04
  1.1173E-02 -2.7976E-02 -2.2439E-04 -5.1572E-04
  1.1270E-02 -2.8408E-02 -2.2828E-04 -5.2465E-04
  1.1367E-02 -2.8846E-02 -2.3224E-04 -5.3374E-04
  1.1465E-02 -2.9291E-02 -2.3626E-04 -5.4299E-04
  1.1564E-02 -2.9743E-02 -2.4035E-04 -5.5239E-04
  1.1663E-02 -3.0201E-02 -2.4451E-04 -5.6196E-04
  1.1764E-02 -3.0665E-02 -2.4875E-04 -5.7168E-04
  1.1865E-02 -3.1136E-02 -2.5305E-04 -5.8158E-04
  1.1967E-02 -3.1614E-02 -2.5743E-04 -5.9164E-04
  1.2071E-02 -3.2099E-02 -2.6188E-04 -6.0188E-04
  1.2174E-02 -3.2591E-02 -2.6641E-04 -6.1229E-04
  1.2279E-02 -3.3090E-02 -2.7102E-04 -6.2288E-04
  1.2385E-02 -3.3596E-02 -2.7571E-04 -6.3365E-04
  1.2492E-02 -3.4110E-02 -2.8047E-04 -6.4460E-04
  1.2599E-02 -3.4630E-02 -2.8532E-04 -6.5574E-04
  1.2708E-02 -3.5158E-02 -2.9025E-04 -6.6708E-04
  1.2817E-02 -3.5694E-02 -2.9527E-04 -6.7860E-04
  1.2927E-02 -3.6237E-02 -3.0037E-04 -6.9032E-04
  1.3038E-02 -3.6788E-02 -3.0556E-04 -7.0225E-04
  1.3150E-02 -3.7347E-02 -3.1083E-04 -7.1437E-04
  1.3263E-02 -3.7913E-02 -3.1620E-04 -7.2671E-04
  1.3377E-02 -3.8488E-02 -3.2166E-04 -7.3925E-04
  1.3492E-02 -3.9071E-02 -3.2721E-04 -7.5201E-04
  1.3608E-02 -3.9661E-02 -3.3286E-04 -7.6499E-04
  1.3725E-02 -4.0261E-02 -3.3860E-04 -7.7819E-04
  1.3843E-02 -4.0868E-02 -3.4444E-04 -7.9161E-04
  1.3962E-02 -4.1484E-02 -3.5038E-04 -8.0526E-04
  1.4082E-02 -4.2109E-02 -3.5642E-04 -8.1915E-04
  1.4203E-02 -4.2742E-02 -3.6257E-04 -8.3327E-04
  1.4325E-02 -4.3385E-02 -3.6882E-04 -8.4763E-04
  1.4448E-02 -4.4036E-02 -3.7518E-04 -8.6224E-04
  1.4571E-02 -4.4696E-02 -3.8164E-04 -8.7710E-04
  1.4696E-02 -4.5365E-02 -3.8822E-04 -8.9221E-04
  1.4823E-02 -4.6044E-02 -3.9490E-04 -9.0758E-04
  1.4950E-02 -4.6732E-02 -4.0171E-04 -9.2322E-04
  1.5078E-02 -4.7429E-02 -4.0862E-04 -9.3912E-04
  1.5207E-02 -4.8136E-02 -4.1566E-04 -9.5529E-04
  1.5337E-02 -4.8853E-02 -4.2282E-04 -9.7173E-04
  1.5469E-02 -4.9579E-02 -4.3010E-04 -9.8846E-04
  1.5601E-02 -5.0316E-02 -4.3750E-04 -1.0055E-03
  1.5735E-02 -5.1062E-02 -4.4503E-04 -1.0228E-03
  1.5870E-02 -5.1818E-02 -4.5268E-04 -1.0404E-03
  1.6006E-02 -5.2585E-02 -4.6047E-04 -1.0583E-03
  1.6143E-02 -5.3362E-02 -4.6839E-04 -1.0765E-03
  1.6281E-02 -5.4150E-02 -4.7645E-04 -1.0950E-03
  1.6421E-02 -5.4948E-02 -4.8464E-04 -1.1138E-03
  1.6561E-02 -5.5757E-02 -4.9297E-04 -1.1330E-03
  1.6703E-02 -5.6577E-02 -5.0145E-04 -1.1524E-03
  1.6846E-02 -5.7408E-02 -5.1007E-04 -1.1722E-03
  1.6990E-02 -5.8250E-02 -5.1883E-04 -1.1924E-03
  1.7135E-02 -5.9103E-02 -5.2775E-04 -1.2129E-03
  1.7282E-02 -5.9967E-02 -5.3681E-04 -1.2337E-03
  1.7430E-02 -6.0843E-02 -5.4604E-04 -1.2549E-03
  1.7579E-02 -6.1731E-02 -5.5541E-04 -1.2765E-03
  1.7729E-02 -6.2630E-02 -5.6495E-04 -1.2984E-03
  1.7881E-02 -6.3541E-02 -5.7465E-04 -1.3207E-03
  1.8034E-02 -6.4464E-02 -5.8452E-04 -1.3433E-03
  1.8188E-02 -6.5399E-02 -5.9456E-04 -1.3664E-03
  1.8343E-02 -6.6346E-02 -6.0476E-04 -1.3899E-03
  1.8500E-02 -6.7306E-02 -6.1514E-04 -1.4137E-03
  1.8658E-02 -6.8278E-02 -6.2570E-04 -1.4380E-03
  1.8817E-02 -6.9263E-02 -6.3643E-04 -1.4626E-03
  1.8978E-02 -7.0260E-02 -6.4735E-04 -1.4877E-03
  1.9140E-02 -7.1271E-02 -6.5846E-04 -1.5133E-03
  1.9304E-02 -7.2294E-02 -6.6975E-04 -1.5392E-03
  1.9469E-02 -7.3330E-02 -6.8123E-04 -1.5656E-03
  1.9635E-02 -7.4380E-02 -6.9292E-04 -1.5924E-03
  1.9802E-02 -7.5443E-02 -7.0480E-04 -1.6197E-03
  1.9972E-02 -7.6520E-02 -7.1688E-04 -1.6475E-03
  2.0142E-02 -7.7610E-02 -7.2917E-04 -1.6758E-03
  2.0314E-02 -7.8714E-02 -7.4166E-04 -1.7045E-03
  2.0487E-02 -7.9831E-02 -7.5437E-04 -1.7337E-03
  2.0662E-02 -8.0963E-02 -7.6730E-04 -1.7634E-03
  2.0838E-02 -8.2109E-02 -7.8045E-04 -1.7936E-03
  2.1016E-02 -8.3270E-02 -7.9382E-04 -1.8243E-03
  2.1195E-02 -8.4445E-02 -8.0741E-04 -1.8556E-03
  2.1376E-02 -8.5634E-02 -8.2124E-04 -1.8873E-03
  2.1558E-02 -8.6838E-02 -8.3531E-04 -1.9197E-03
  2.1742E-02 -8.8057E-02 -8.4961E-04 -1.9525E-03
  2.1928E-02 -8.9291E-02 -8.6416E-04 -1.9860E-03
  2.2114E-02 -9.0540E-02 -8.7895E-04 -2.0200E-03
  2.2303E-02 -9.1804E-02 -8.9400E-04 -2.0545E-03
  2.2493E-02 -9.3083E-02 -9.0930E-04 -2.0897E-03
  2.2685E-02 -9.4378E-02 -9.2486E-04 -2.1255E-03
  2.2878E-02 -9.5689E-02 -9.4068E-04 -2.1618E-03
  2.3073E-02 -9.7016E-02 -9.5678E-04 -2.1988E-03
  2.3269E-02 -9.8358E-02 -9.7315E-04 -2.2364E-03
  2.3468E-02 -9.9716E-02 -9.8980E-04 -2.2747E-03
  2.3668E-02 -1.0109E-01 -1.0067E-03 -2.3136E-03
  2.3869E-02 -1.0248E-01 -1.0239E-03 -2.3532E-03
  2.4072E-02 -1.0389E-01 -1.0415E-03 -2.3934E-03
  2.4277E-02 -1.0531E-01 -1.0593E-03 -2.4343E-03
  2.4484E-02 -1.0675E-01 -1.0774E-03 -2.4759E-03
  2.4693E-02 -1.0821E-01 -1.0958E-03 -2.5183E-03
  2.4903E-02 -1.0968E-01 -1.1145E-03 -2.5613E-03
  2.5115E-02 -1.1118E-01 -1.1336E-03 -2.6051E-03
  2.5328E-02 -1.1268E-01 -1.1530E-03 -2.6496E-03
  2.5544E-02 -1.1421E-01 -1.1727E-03 -2.6949E-03
  2.5761E-02 -1.1575E-01 -1.1927E-03 -2.7409E-03
  2.5981E-02 -1.1731E-01 -1.2131E-03 -2.7878E-03
  2.6202E-02 -1.1889E-01 -1.2338E-03 -2.8354E-03
  2.6425E-02 -1.2049E-01 -1.2549E-03 -2.8838E-03
  2.6649E-02 -1.2210E-01 -1.2763E-03 -2.9331E-03
  2.6876E-02 -1.2373E-01 -1.2981E-03 -2.9832E-03
  2.7105E-02 -1.2538E-01 -1.3203E-03 -3.0341E-03
  2.7335E-02 -1.2705E-01 -1.3428E-03 -3.0859E-03
  2.7568E-02 -1.2874E-01 -1.3658E-03 -3.1386E-03
  2.7802E-02 -1.3044E-01 -1.3891E-03 -3.1922E-03
  2.8038E-02 -1.3217E-01 -1.4128E-03 -3.2467E-03
  2.8277E-02 -1.3391E-01 -1.4369E-03 -3.3021E-03
  2.8517E-02 -1.3567E-01 -1.4614E-03 -3.3584E-03
  2.8759E-02 -1.3745E-01 -1.4864E-03 -3.4158E-03
  2.9004E-02 -1.3925E-01 -1.5117E-03 -3.4740E-03
  2.9250E-02 -1.4107E-01 -1.5375E-03 -3.5333E-03
  2.9499E-02 -1.4290E-01 -1.5638E-03 -3.5936E-03
  2.9750E-02 -1.4476E-01 -1.5905E-03 -3.6549E-03
  3.0002E-02 -1.4664E-01 -1.6176E-03 -3.7173E-03
  3.0257E-02 -1.4853E-01 -1.6452E-03 -3.7807E-03
  3.0514E-02 -1.5045E-01 -1.6732E-03 -3.8451E-03
  3.0773E-02 -1.5238E-01 -1.7018E-03 -3.9107E-03
  3.1035E-02 -1.5433E-01 -1.7308E-03 -3.9774E-03
  3.1298E-02 -1.5631E-01 -1.7603E-03 -4.0452E-03
  3.1564E-02 -1.5830E-01 -1.7903E-03 -4.1142E-03
  3.1832E-02 -1.6032E-01 -1.8209E-03 -4.1843E-03
  3.2103E-02 -1.6235E-01 -1.8519E-03 -4.2557E-03
  3.2375E-02 -1.6440E-01 -1.8835E-03 -4.3282E-03
  3.2650E-02 -1.6648E-01 -1.9156E-03 -4.4020E-03
  3.2927E-02 -1.6857E-01 -1.9482E-03 -4.4770E-03
  3.3207E-02 -1.7068E-01 -1.9815E-03 -4.5533E-03
  3.3489E-02 -1.7282E-01 -2.0152E-03 -4.6309E-03
  3.3773E-02 -1.7497E-01 -2.0496E-03 -4.7098E-03
  3.4059E-02 -1.7715E-01 -2.0845E-03 -4.7900E-03
  3.4348E-02 -1.7934E-01 -2.1200E-03 -4.8716E-03
  3.4640E-02 -1.8156E-01 -2.1561E-03 -4.9546E-03
  3.4934E-02 -1.8379E-01 -2.1929E-03 -5.0390E-03
  3.5230E-02 -1.8605E-01 -2.2302E-03 -5.1248E-03
  3.5529E-02 -1.8832E-01 -2.2682E-03 -5.2121E-03
  3.5831E-02 -1.9062E-01 -2.3068E-03 -5.3009E-03
  3.6135E-02 -1.9294E-01 -2.3461E-03 -5.3912E-03
  3.6441E-02 -1.9528E-01 -2.3861E-03 -5.4830E-03
  3.6750E-02 -1.9764E-01 -2.4267E-03 -5.5763E-03
  3.7062E-02 -2.0001E-01 -2.4680E-03 -5.6712E-03
  3.7376E-02 -2.0241E-01 -2.5101E-03 -5.7678E-03
  3.7693E-02 -2.0483E-01 -2.5528E-03 -5.8660E-03
  3.8013E-02 -2.0727E-01 -2.5963E-03 -5.9658E-03
  3.8335E-02 -2.0973E-01 -2.6405E-03 -6.0673E-03
  3.8660E-02 -2.1221E-01 -2.6854E-03 -6.1706E-03
  3.8988E-02 -2.1471E-01 -2.7311E-03 -6.2756E-03
  3.9318E-02 -2.1723E-01 -2.7776E-03 -6.3824E-03
  3.9652E-02 -2.1978E-01 -2.8249E-03 -6.4910E-03
  3.9988E-02 -2.2234E-01 -2.8729E-03 -6.6014E-03
  4.0327E-02 -2.2492E-01 -2.9218E-03 -6.7137E-03
  4.0669E-02 -2.2752E-01 -2.9715E-03 -6.8279E-03
  4.1013E-02 -2.3014E-01 -3.0221E-03 -6.9441E-03
  4.1361E-02 -2.3278E-01 -3.0735E-03 -7.0622E-03
  4.1711E-02 -2.3544E-01 -3.1258E-03 -7.1823E-03
  4.2065E-02 -2.3812E-01 -3.1790E-03 -7.3044E-03
  4.2421E-02 -2.4081E-01 -3.2330E-03 -7.4286E-03
  4.2781E-02 -2.4353E-01 -3.2880E-03 -7.5550E-03
  4.3143E-02 -2.4627E-01 -3.3439E-03 -7.6834E-03
  4.3509E-02 -2.4902E-01 -3.4008E-03 -7.8140E-03
  4.3877E-02 -2.5180E-01 -3.4586E-03 -7.9469E-03
  4.4249E-02 -2.5459E-01 -3.5174E-03 -8.0820E-03
  4.4624E-02 -2.5740E-01 -3.5773E-03 -8.2193E-03
  4.5002E-02 -2.6023E-01 -3.6381E-03 -8.3590E-03
  4.5383E-02 -2.6308E-01 -3.6999E-03 -8.5011E-03
  4.5767E-02 -2.6594E-01 -3.7628E-03 -8.6456E-03
  4.6155E-02 -2.6882E-01 -3.8268E-03 -8.7925E-03
  4.6546E-02 -2.7172E-01 -3.8918E-03 -8.9419E-03
  4.6940E-02 -2.7464E-01 -3.9580E-03 -9.0938E-03
  4.7337E-02 -2.7757E-01 -4.0252E-03 -9.2484E-03
  4.7738E-02 -2.8052E-01 -4.0936E-03 -9.4055E-03
  4.8142E-02 -2.8349E-01 -4.1632E-03 -9.5652E-03
  4.8550E-02 -2.8647E-01 -4.2340E-03 -9.7277E-03
  4.8961E-02 -2.8946E-01 -4.3059E-03 -9.8930E-03
  4.9375E-02 -2.9248E-01 -4.3791E-03 -1.0061E-02
  4.9793E-02 -2.9550E-01 -4.4535E-03 -1.0232E-02
  5.0215E-02 -2.9855E-01 -4.5291E-03 -1.0406E-02
  5.0640E-02 -3.0160E-01 -4.6060E-03 -1.0582E-02
  5.1068E-02 -3.0467E-01 -4.6843E-03 -1.0762E-02
  5.1501E-02 -3.0776E-01 -4.7638E-03 -1.0945E-02
  5.1936E-02 -3.1085E-01 -4.8448E-03 -1.1131E-02
  5.2376E-02 -3.1396E-01 -4.9270E-03 -1.1319E-02
  5.2819E-02 -3.1709E-01 -5.0107E-03 -1.1512E-02
  5.3266E-02 -3.2022E-01 -5.0958E-03 -1.1707E-02
  5.3717E-02 -3.2337E-01 -5.1823E-03 -1.1906E-02
  5.4171E-02 -3.2652E-01 -5.2703E-03 -1.2108E-02
  5.4630E-02 -3.2969E-01 -5.3598E-03 -1.2313E-02
  5.5092E-02 -3.3287E-01 -5.4508E-03 -1.2522E-02
  5.5558E-02 -3.3605E-01 -5.5433E-03 -1.2735E-02
  5.6028E-02 -3.3925E-01 -5.6374E-03 -1.2951E-02
  5.6502E-02 -3.4245E-01 -5.7331E-03 -1.3171E-02
  5.6980E-02 -3.4566E-01 -5.8304E-03 -1.3394E-02
  5.7462E-02 -3.4888E-01 -5.9294E-03 -1.3621E-02
  5.7948E-02 -3.5211E-01 -6.0300E-03 -1.3852E-02
  5.8438E-02 -3.5534E-01 -6.1323E-03 -1.4087E-02
  5.8932E-02 -3.5858E-01 -6.2364E-03 -1.4326E-02
  5.9431E-02 -3.6182E-01 -6.3422E-03 -1.4569E-02
  5.9933E-02 -3.6507E-01 -6.4498E-03 -1.4816E-02
  6.0440E-02 -3.6832E-01 -6.5593E-03 -1.5067E-02
  6.0951E-02 -3.7157E-01 -6.6705E-03 -1.5323E-02
  6.1467E-02 -3.7483E-01 -6.7837E-03 -1.5583E-02
  6.1986E-02 -3.7808E-01 -6.8988E-03 -1.5847E-02
  6.2510E-02 -3.8134E-01 -7.0158E-03 -1.6116E-02
  6.3039E-02 -3.8460E-01 -7.1348E-03 -1.6389E-02
  6.3572E-02 -3.8785E-01 -7.2558E-03 -1.6667E-02
  6.4109E-02 -3.9111E-01 -7.3789E-03 -1.6949E-02
  6.4651E-02 -3.9436E-01 -7.5040E-03 -1.7236E-02
  6.5198E-02 -3.9761E-01 -7.6312E-03 -1.7528E-02
  6.5749E-02 -4.0086E-01 -7.7606E-03 -1.7825E-02
  6.6305E-02 -4.0410E-01 -7.8922E-03 -1.8127E-02
  6.6865E-02 -4.0733E-01 -8.0260E-03 -1.8435E-02
  6.7430E-02 -4.1056E-01 -8.1621E-03 -1.8747E-02
  6.8000E-02 -4.1378E-01 -8.3005E-03 -1.9064E-02
  6.8575E-02 -4.1699E-01 -8.4412E-03 -1.9387E-02
  6.9155E-02 -4.2019E-01 -8.5843E-03 -1.9716E-02
  6.9739E-02 -4.2339E-01 -8.7298E-03 -2.0050E-02
  7.0329E-02 -4.2657E-01 -8.8777E-03 -2.0389E-02
  7.0923E-02 -4.2973E-01 -9.0282E-03 -2.0735E-02
  7.1522E-02 -4.3289E-01 -9.1812E-03 -2.1086E-02
  7.2127E-02 -4.3603E-01 -9.3368E-03 -2.1443E-02
  7.2736E-02 -4.3915E-01 -9.4950E-03 -2.1806E-02
  7.3351E-02 -4.4226E-01 -9.6559E-03 -2.2175E-02
  7.3970E-02 -4.4535E-01 -9.8195E-03 -2.2550E-02
  7.4595E-02 -4.4842E-01 -9.9858E-03 -2.2932E-02
  7.5226E-02 -4.5147E-01 -1.0155E-02 -2.3320E-02
  7.5861E-02 -4.5450E-01 -1.0327E-02 -2.3715E-02
  7.6502E-02 -4.5750E-01 -1.0502E-02 -2.4116E-02
  7.7148E-02 -4.6048E-01 -1.0680E-02 -2.4524E-02
  7.7800E-02 -4.6344E-01 -1.0861E-02 -2.4939E-02
  7.8457E-02 -4.6637E-01 -1.1045E-02 -2.5361E-02
  7.9120E-02 -4.6927E-01 -1.1232E-02 -2.5790E-02
  7.9789E-02 -4.7215E-01 -1.1422E-02 -2.6227E-02
  8.0463E-02 -4.7499E-01 -1.1615E-02 -2.6670E-02
  8.1142E-02 -4.7780E-01 -1.1812E-02 -2.7121E-02
  8.1828E-02 -4.8058E-01 -1.2012E-02 -2.7580E-02
  8.2519E-02 -4.8333E-01 -1.2215E-02 -2.8047E-02
  8.3216E-02 -4.8604E-01 -1.2422E-02 -2.8521E-02
  8.3918E-02 -4.8871E-01 -1.2632E-02 -2.9003E-02
  8.4627E-02 -4.9134E-01 -1.2846E-02 -2.9493E-02
  8.5342E-02 -4.9394E-01 -1.3064E-02 -2.9992E-02
  8.6063E-02 -4.9649E-01 -1.3285E-02 -3.0499E-02
  8.6789E-02 -4.9900E-01 -1.3509E-02 -3.1015E-02
  8.7522E-02 -5.0147E-01 -1.3738E-02 -3.1539E-02
  8.8261E-02 -5.0388E-01 -1.3970E-02 -3.2072E-02
  8.9007E-02 -5.0626E-01 -1.4207E-02 -3.2614E-02
  8.9758E-02 -5.0858E-01 -1.4447E-02 -3.3165E-02
  9.0516E-02 -5.1085E-01 -1.4692E-02 -3.3725E-02
  9.1280E-02 -5.1307E-01 -1.4940E-02 -3.4295E-02
  9.2051E-02 -5.1523E-01 -1.5193E-02 -3.4874E-02
  9.2828E-02 -5.1734E-01 -1.5450E-02 -3.5463E-02
  9.3612E-02 -5.1939E-01 -1.5711E-02 -3.6062E-02
  9.4402E-02 -5.2139E-01 -1.5977E-02 -3.6671E-02
  9.5199E-02 -5.2332E-01 -1.6247E-02 -3.7290E-02
  9.6003E-02 -5.2519E-01 -1.6522E-02 -3.7920E-02
  9.6813E-02 -5.2699E-01 -1.6801E-02 -3.8560E-02
  9.7631E-02 -5.2873E-01 -1.7085E-02 -3.9211E-02
  9.8455E-02 -5.3040E-01 -1.7374E-02 -3.9873E-02
  9.9286E-02 -5.3201E-01 -1.7668E-02 -4.0546E-02
  1.0012E-01 -5.3354E-01 -1.7966E-02 -4.1230E-02
  1.0097E-01 -5.3500E-01 -1.8270E-02 -4.1926E-02
  1.0182E-01 -5.3638E-01 -1.8579E-02 -4.2633E-02
  1.0268E-01 -5.3769E-01 -1.8893E-02 -4.3352E-02
  1.0355E-01 -5.3892E-01 -1.9212E-02 -4.4084E-02
  1.0442E-01 -5.4006E-01 -1.9536E-02 -4.4827E-02
  1.0530E-01 -5.4113E-01 -1.9867E-02 -4.5583E-02
  1.0619E-01 -5.4211E-01 -2.0202E-02 -4.6352E-02
  1.0709E-01 -5.4301E-01 -2.0543E-02 -4.7133E-02
  1.0799E-01 -5.4382E-01 -2.0890E-02 -4.7928E-02
  1.0890E-01 -5.4454E-01 -2.1243E-02 -4.8736E-02
  1.0982E-01 -5.4516E-01 -2.1602E-02 -4.9557E-02
  1.1075E-01 -5.4570E-01 -2.1967E-02 -5.0392E-02
  1.1168E-01 -5.4613E-01 -2.2338E-02 -5.1241E-02
  1.1263E-01 -5.4648E-01 -2.2715E-02 -5.2104E-02
  1.1358E-01 -5.4672E-01 -2.3098E-02 -5.2982E-02
  1.1453E-01 -5.4686E-01 -2.3488E-02 -5.3875E-02
  1.1550E-01 -5.4690E-01 -2.3885E-02 -5.4782E-02
  1.1648E-01 -5.4683E-01 -2.4288E-02 -5.5704E-02
  1.1746E-01 -5.4666E-01 -2.4698E-02 -5.6642E-02
  1.1845E-01 -5.4637E-01 -2.5115E-02 -5.7596E-02
  1.1945E-01 -5.4598E-01 -2.5538E-02 -5.8565E-02
  1.2046E-01 -5.4547E-01 -2.5969E-02 -5.9551E-02
  1.2147E-01 -5.4485E-01 -2.6407E-02 -6.0553E-02
  1.2250E-01 -5.4412E-01 -2.6853E-02 -6.1571E-02
  1.2353E-01 -5.4326E-01 -2.7306E-02 -6.2607E-02
  1.2457E-01 -5.4229E-01 -2.7766E-02 -6.3660E-02
  1.2562E-01 -5.4119E-01 -2.8234E-02 -6.4731E-02
  1.2668E-01 -5.3997E-01 -2.8711E-02 -6.5819E-02
  1.2775E-01 -5.3863E-01 -2.9195E-02 -6.6925E-02
  1.2883E-01 -5.3716E-01 -2.9687E-02 -6.8050E-02
  1.2992E-01 -5.3555E-01 -3.0187E-02 -6.9194E-02
  1.3101E-01 -5.3382E-01 -3.0696E-02 -7.0357E-02
  1.3212E-01 -5.3196E-01 -3.1213E-02 -7.1538E-02
  1.3323E-01 -5.2996E-01 -3.1739E-02 -7.2740E-02
  1.3436E-01 -5.2782E-01 -3.2274E-02 -7.3962E-02
  1.3549E-01 -5.2555E-01 -3.2818E-02 -7.5203E-02
  1.3663E-01 -5.2313E-01 -3.3371E-02 -7.6466E-02
  1.3778E-01 -5.2058E-01 -3.3933E-02 -7.7749E-02
  1.3895E-01 -5.1788E-01 -3.4504E-02 -7.9054E-02
  1.4012E-01 -5.1504E-01 -3.5085E-02 -8.0380E-02
  1.4130E-01 -5.1205E-01 -3.5676E-02 -8.1729E-02
  1.4249E-01 -5.0892E-01 -3.6277E-02 -8.3099E-02
  1.4369E-01 -5.0563E-01 -3.6888E-02 -8.4493E-02
  1.4491E-01 -5.0220E-01 -3.7508E-02 -8.5909E-02
  1.4613E-01 -4.9861E-01 -3.8140E-02 -8.7349E-02
  1.4736E-01 -4.9487E-01 -3.8781E-02 -8.8813E-02
  1.4860E-01 -4.9097E-01 -3.9434E-02 -9.0301E-02
  1.4986E-01 -4.8692E-01 -4.0097E-02 -9.1813E-02
  1.5112E-01 -4.8272E-01 -4.0772E-02 -9.3350E-02
  1.5239E-01 -4.7835E-01 -4.1458E-02 -9.4913E-02
  1.5368E-01 -4.7382E-01 -4.2155E-02 -9.6502E-02
  1.5498E-01 -4.6914E-01 -4.2864E-02 -9.8117E-02
  1.5628E-01 -4.6429E-01 -4.3584E-02 -9.9758E-02
  1.5760E-01 -4.5927E-01 -4.4317E-02 -1.0143E-01
  1.5893E-01 -4.5410E-01 -4.5062E-02 -1.0312E-01
  1.6027E-01 -4.4876E-01 -4.5819E-02 -1.0485E-01
  1.6162E-01 -4.4325E-01 -4.6589E-02 -1.0660E-01
  1.6298E-01 -4.3758E-01 -4.7371E-02 -1.0838E-01
  1.6436E-01 -4.3174E-01 -4.8167E-02 -1.1019E-01
  1.6574E-01 -4.2573E-01 -4.8976E-02 -1.1203E-01
  1.6714E-01 -4.1955E-01 -4.9798E-02 -1.1390E-01
  1.6855E-01 -4.1321E-01 -5.0634E-02 -1.1580E-01
  1.6997E-01 -4.0669E-01 -5.1484E-02 -1.1773E-01
  1.7140E-01 -4.0001E-01 -5.2349E-02 -1.1970E-01
  1.7285E-01 -3.9315E-01 -5.3227E-02 -1.2169E-01
  1.7431E-01 -3.8612E-01 -5.4120E-02 -1.2372E-01
  1.7578E-01 -3.7892E-01 -5.5028E-02 -1.2578E-01
  1.7726E-01 -3.7156E-01 -5.5951E-02 -1.2788E-01
  1.7875E-01 -3.6402E-01 -5.6889E-02 -1.3001E-01
  1.8026E-01 -3.5631E-01 -5.7843E-02 -1.3217E-01
  1.8178E-01 -3.4842E-01 -5.8812E-02 -1.3437E-01
  1.8331E-01 -3.4037E-01 -5.9798E-02 -1.3660E-01
  1.8486E-01 -3.3215E-01 -6.0800E-02 -1.3887E-01
  1.8642E-01 -3.2376E-01 -6.1819E-02 -1.4118E-01
  1.8799E-01 -3.1519E-01 -6.2854E-02 -1.4353E-01
  1.8957E-01 -3.0646E-01 -6.3907E-02 -1.4591E-01
  1.9117E-01 -2.9756E-01 -6.4977E-02 -1.4833E-01
  1.9278E-01 -2.8849E-01 -6.6064E-02 -1.5080E-01
  1.9441E-01 -2.7926E-01 -6.7170E-02 -1.5330E-01
  1.9604E-01 -2.6986E-01 -6.8294E-02 -1.5584E-01
  1.9770E-01 -2.6029E-01 -6.9436E-02 -1.5842E-01
  1.9936E-01 -2.5057E-01 -7.0598E-02 -1.6104E-01
  2.0104E-01 -2.4067E-01 -7.1778E-02 -1.6371E-01
  2.0274E-01 -2.3062E-01 -7.2978E-02 -1.6642E-01
  2.0445E-01 -2.2041E-01 -7.4198E-02 -1.6917E-01
  2.0617E-01 -2.1004E-01 -7.5438E-02 -1.7197E-01
  2.0791E-01 -1.9951E-01 -7.6698E-02 -1.7481E-01
  2.0966E-01 -1.8883E-01 -7.7979E-02 -1.7770E-01
  2.1143E-01 -1.7799E-01 -7.9281E-02 -1.8063E-01
  2.1321E-01 -1.6701E-01 -8.0604E-02 -1.8361E-01
  2.1501E-01 -1.5587E-01 -8.1950E-02 -1.8664E-01
  2.1682E-01 -1.4459E-01 -8.3317E-02 -1.8972E-01
  2.1865E-01 -1.3317E-01 -8.4707E-02 -1.9284E-01
  2.2049E-01 -1.2160E-01 -8.6119E-02 -1.9602E-01
  2.2235E-01 -1.0989E-01 -8.7555E-02 -1.9924E-01
  2.2422E-01 -9.8047E-02 -8.9014E-02 -2.0252E-01
  2.2611E-01 -8.6069E-02 -9.0497E-02 -2.0585E-01
  2.2802E-01 -7.3961E-02 -9.2005E-02 -2.0923E-01
  2.2994E-01 -6.1724E-02 -9.3537E-02 -2.1266E-01
  2.3188E-01 -4.9363E-02 -9.5094E-02 -2.1615E-01
  2.3383E-01 -3.6881E-02 -9.6677E-02 -2.1969E-01
  2.3580E-01 -2.4280E-02 -9.8285E-02 -2.2329E-01
  2.3779E-01 -1.1564E-02 -9.9920E-02 -2.2694E-01
  2.3979E-01  1.2623E-03 -1.0158E-01 -2.3065E-01
  2.4181E-01  1.4196E-02 -1.0327E-01 -2.3442E-01
  2.4385E-01  2.7233E-02 -1.0499E-01 -2.3825E-01
  2.4591E-01  4.0369E-02 -1.0673E-01 -2.4214E-01
  2.4798E-01  5.3601E-02 -1.0850E-01 -2.4609E-01
  2.5007E-01  6.6923E-02 -1.1030E-01 -2.5009E-01
  2.5218E-01  8.0333E-02 -1.1213E-01 -2.5416E-01
  2.5430E-01  9.3824E-02 -1.1399E-01 -2.5830E-01
  2.5644E-01  1.0739E-01 -1.1588E-01 -2.6249E-01
  2.5860E-01  1.2103E-01 -1.1780E-01 -2.6675E-01
  2.6078E-01  1.3474E-01 -1.1975E-01 -2.7108E-01
  2.6298E-01  1.4852E-01 -1.2174E-01 -2.7547E-01
  2.6520E-01  1.6235E-01 -1.2375E-01 -2.7993E-01
  2.6743E-01  1.7623E-01 -1.2580E-01 -2.8446E-01
  2.6969E-01  1.9016E-01 -1.2788E-01 -2.8905E-01
  2.7196E-01  2.0413E-01 -1.3000E-01 -2.9372E-01
  2.7425E-01  2.1814E-01 -1.3214E-01 -2.9845E-01
  2.7656E-01  2.3218E-01 -1.3433E-01 -3.0326E-01
  2.7889E-01  2.4624E-01 -1.3655E-01 -3.0813E-01
  2.8124E-01  2.6033E-01 -1.3880E-01 -3.1308E-01
  2.8361E-01  2.7442E-01 -1.4109E-01 -3.1811E-01
  2.8600E-01  2.8853E-01 -1.4342E-01 -3.2320E-01
  2.8841E-01  3.0263E-01 -1.4578E-01 -3.2838E-01
  2.9084E-01  3.1673E-01 -1.4818E-01 -3.3363E-01
  2.9329E-01  3.3082E-01 -1.5062E-01 -3.3895E-01
  2.9576E-01  3.4489E-01 -1.5310E-01 -3.4436E-01
  2.9825E-01  3.5893E-01 -1.5562E-01 -3.4984E-01
  3.0077E-01  3.7294E-01 -1.5818E-01 -3.5540E-01
  3.0330E-01  3.8692E-01 -1.6078E-01 -3.6104E-01
  3.0585E-01  4.0085E-01 -1.6342E-01 -3.6677E-01
  3.0843E-01  4.1472E-01 -1.6610E-01 -3.7257E-01
  3.1103E-01  4.2854E-01 -1.6882E-01 -3.7846E-01
  3.1365E-01  4.4229E-01 -1.7159E-01 -3.8443E-01
  3.1629E-01  4.5597E-01 -1.7440E-01 -3.9048E-01
  3.1896E-01  4.6957E-01 -1.7726E-01 -3.9662E-01
  3.2164E-01  4.8308E-01 -1.8016E-01 -4.0285E-01
  3.2435E-01  4.9649E-01 -1.8311E-01 -4.0916E-01
  3.2709E-01  5.0980E-01 -1.8610E-01 -4.1556E-01
  3.2984E-01  5.2300E-01 -1.8914E-01 -4.2205E-01
  3.3262E-01  5.3609E-01 -1.9223E-01 -4.2863E-01
  3.3542E-01  5.4904E-01 -1.9536E-01 -4.3529E-01
  3.3825E-01  5.6187E-01 -1.9855E-01 -4.4205E-01
  3.4110E-01  5.7456E-01 -2.0178E-01 -4.4889E-01
  3.4397E-01  5.8709E-01 -2.0507E-01 -4.5583E-01
  3.4687E-01  5.9947E-01 -2.0840E-01 -4.6286E-01
  3.4979E-01  6.1169E-01 -2.1179E-01 -4.6998E-01
  3.5274E-01  6.2373E-01 -2.1523E-01 -4.7719E-01
  3.5571E-01  6.3560E-01 -2.1873E-01 -4.8450E-01
  3.5871E-01  6.4728E-01 -2.2227E-01 -4.9190E-01
  3.6173E-01  6.5876E-01 -2.2588E-01 -4.9939E-01
  3.6478E-01  6.7004E-01 -2.2953E-01 -5.0698E-01
  3.6785E-01  6.8110E-01 -2.3325E-01 -5.1467E-01
  3.7095E-01  6.9195E-01 -2.3702E-01 -5.2245E-01
  3.7407E-01  7.0257E-01 -2.4085E-01 -5.3032E-01
  3.7722E-01  7.1295E-01 -2.4473E-01 -5.3829E-01
  3.8040E-01  7.2309E-01 -2.4868E-01 -5.4636E-01
  3.8361E-01  7.3298E-01 -2.5269E-01 -5.5452E-01
  3.8684E-01  7.4261E-01 -2.5675E-01 -5.6278E-01
  3.9009E-01  7.5197E-01 -2.6088E-01 -5.7113E-01
  3.9338E-01  7.6106E-01 -2.6507E-01 -5.7958E-01
  3.9669E-01  7.6986E-01 -2.6932E-01 -5.8813E-01
  4.0004E-01  7.7837E-01 -2.7364E-01 -5.9677E-01
  4.0341E-01  7.8658E-01 -2.7802E-01 -6.0550E-01
  4.0680E-01  7.9449E-01 -2.8247E-01 -6.1434E-01
  4.1023E-01  8.0208E-01 -2.8698E-01 -6.2326E-01
  4.1369E-01  8.0934E-01 -2.9157E-01 -6.3228E-01
  4.1717E-01  8.1628E-01 -2.9621E-01 -6.4140E-01
  4.2068E-01  8.2288E-01 -3.0093E-01 -6.5060E-01
  4.2423E-01  8.2914E-01 -3.0572E-01 -6.5990E-01
  4.2780E-01  8.3504E-01 -3.1058E-01 -6.6929E-01
  4.3140E-01  8.4058E-01 -3.1550E-01 -6.7877E-01
  4.3504E-01  8.4576E-01 -3.2050E-01 -6.8834E-01
  4.3870E-01  8.5057E-01 -3.2558E-01 -6.9800E-01
  4.4240E-01  8.5499E-01 -3.3072E-01 -7.0774E-01
  4.4612E-01  8.5903E-01 -3.3595E-01 -7.1757E-01
  4.4988E-01  8.6268E-01 -3.4124E-01 -7.2749E-01
  4.5367E-01  8.6593E-01 -3.4662E-01 -7.3748E-01
  4.5749E-01  8.6877E-01 -3.5206E-01 -7.4756E-01
  4.6134E-01  8.7120E-01 -3.5759E-01 -7.5772E-01
  4.6523E-01  8.7321E-01 -3.6320E-01 -7.6795E-01
  4.6915E-01  8.7480E-01 -3.6888E-01 -7.7826E-01
  4.7310E-01  8.7596E-01 -3.7465E-01 -7.8864E-01
  4.7708E-01  8.7669E-01 -3.8049E-01 -7.9909E-01
  4.8110E-01  8.7698E-01 -3.8642E-01 -8.0960E-01
  4.8515E-01  8.7682E-01 -3.9243E-01 -8.2018E-01
  4.8924E-01  8.7622E-01 -3.9852E-01 -8.3082E-01
  4.9336E-01  8.7516E-01 -4.0470E-01 -8.4152E-01
  4.9752E-01  8.7364E-01 -4.1096E-01 -8.5228E-01
  5.0171E-01  8.7166E-01 -4.1731E-01 -8.6308E-01
  5.0593E-01  8.6922E-01 -4.2374E-01 -8.7394E-01
  5.1019E-01  8.6631E-01 -4.3026E-01 -8.8483E-01
  5.1449E-01  8.6292E-01 -4.3687E-01 -8.9577E-01
  5.1882E-01  8.5906E-01 -4.4357E-01 -9.0674E-01
  5.2319E-01  8.5471E-01 -4.5035E-01 -9.1774E-01
  5.2760E-01  8.4989E-01 -4.5722E-01 -9.2877E-01
  5.3204E-01  8.4458E-01 -4.6419E-01 -9.3982E-01
  5.3652E-01  8.3878E-01 -4.7124E-01 -9.5088E-01
  5.4104E-01  8.3249E-01 -4.7839E-01 -9.6195E-01
  5.4560E-01  8.2572E-01 -4.8563E-01 -9.7303E-01
  5.5019E-01  8.1845E-01 -4.9296E-01 -9.8411E-01
  5.5483E-01  8.1068E-01 -5.0038E-01 -9.9517E-01
  5.5950E-01  8.0243E-01 -5.0790E-01 -1.0062E+00
  5.6421E-01  7.9367E-01 -5.1551E-01 -1.0173E+00
  5.6896E-01  7.8443E-01 -5.2322E-01 -1.0283E+00
  5.7375E-01  7.7468E-01 -5.3102E-01 -1.0392E+00
  5.7859E-01  7.6444E-01 -5.3891E-01 -1.0502E+00
  5.8346E-01  7.5371E-01 -5.4690E-01 -1.0610E+00
  5.8837E-01  7.4248E-01 -5.5499E-01 -1.0719E+00
  5.9333E-01  7.3075E-01 -5.6317E-01 -1.0826E+00
  5.9832E-01  7.1854E-01 -5.7145E-01 -1.0933E+00
  6.0336E-01  7.0583E-01 -5.7983E-01 -1.1039E+00
  6.0844E-01  6.9264E-01 -5.8830E-01 -1.1144E+00
  6.1357E-01  6.7896E-01 -5.9687E-01 -1.1248E+00
  6.1873E-01  6.6480E-01 -6.0553E-01 -1.1350E+00
  6.2394E-01  6.5015E-01 -6.1429E-01 -1.1452E+00
  6.2920E-01  6.3503E-01 -6.2314E-01 -1.1552E+00
  6.3450E-01  6.1944E-01 -6.3210E-01 -1.1651E+00
  6.3984E-01  6.0337E-01 -6.4115E-01 -1.1748E+00
  6.4523E-01  5.8684E-01 -6.5029E-01 -1.1844E+00
  6.5066E-01  5.6984E-01 -6.5953E-01 -1.1937E+00
  6.5614E-01  5.5239E-01 -6.6886E-01 -1.2029E+00
  6.6167E-01  5.3449E-01 -6.7829E-01 -1.2119E+00
  6.6724E-01  5.1614E-01 -6.8781E-01 -1.2207E+00
  6.7286E-01  4.9735E-01 -6.9742E-01 -1.2292E+00
  6.7852E-01  4.7813E-01 -7.0713E-01 -1.2375E+00
  6.8424E-01  4.5847E-01 -7.1692E-01 -1.2455E+00
  6.9000E-01  4.3840E-01 -7.2681E-01 -1.2533E+00
  6.9581E-01  4.1791E-01 -7.3678E-01 -1.2608E+00
  7.0167E-01  3.9702E-01 -7.4685E-01 -1.2680E+00
  7.0758E-01  3.7572E-01 -7.5699E-01 -1.2749E+00
  7.1353E-01  3.5404E-01 -7.6723E-01 -1.2815E+00
  7.1954E-01  3.3197E-01 -7.7755E-01 -1.2878E+00
  7.2560E-01  3.0953E-01 -7.8795E-01 -1.2936E+00
  7.3171E-01  2.8672E-01 -7.9843E-01 -1.2992E+00
  7.3787E-01  2.6356E-01 -8.0898E-01 -1.3043E+00
  7.4409E-01  2.4005E-01 -8.1962E-01 -1.3091E+00
  7.5035E-01  2.1621E-01 -8.3033E-01 -1.3134E+00
  7.5667E-01  1.9204E-01 -8.4110E-01 -1.3174E+00
  7.6304E-01  1.6755E-01 -8.5195E-01 -1.3209E+00
  7.6947E-01  1.4277E-01 -8.6287E-01 -1.3239E+00
  7.7595E-01  1.1769E-01 -8.7385E-01 -1.3265E+00
  7.8248E-01  9.2335E-02 -8.8488E-01 -1.3286E+00
  7.8907E-01  6.6711E-02 -8.9598E-01 -1.3302E+00
  7.9571E-01  4.0833E-02 -9.0713E-01 -1.3313E+00
  8.0241E-01  1.4712E-02 -9.1833E-01 -1.3319E+00
  8.0917E-01 -1.1636E-02 -9.2958E-01 -1.3320E+00
  8.1598E-01 -3.8200E-02 -9.4087E-01 -1.3315E+00
  8.2286E-01 -6.4965E-02 -9.5220E-01 -1.3305E+00
  8.2978E-01 -9.1915E-02 -9.6356E-01 -1.3289E+00
  8.3677E-01 -1.1904E-01 -9.7496E-01 -1.3267E+00
  8.4382E-01 -1.4632E-01 -9.8637E-01 -1.3239E+00
  8.5092E-01 -1.7374E-01 -9.9781E-01 -1.3205E+00
  8.5809E-01 -2.0128E-01 -1.0093E+00 -1.3165E+00
  8.6531E-01 -2.2894E-01 -1.0207E+00 -1.3119E+00
  8.7260E-01 -2.5668E-01 -1.0322E+00 -1.3067E+00
  8.7995E-01 -2.8451E-01 -1.0436E+00 -1.3009E+00
  8.8735E-01 -3.1239E-01 -1.0551E+00 -1.2944E+00
  8.9483E-01 -3.4031E-01 -1.0665E+00 -1.2873E+00
  9.0236E-01 -3.6826E-01 -1.0779E+00 -1.2795E+00
  9.0996E-01 -3.9621E-01 -1.0893E+00 -1.2711E+00
  9.1762E-01 -4.2414E-01 -1.1007E+00 -1.2620E+00
  9.2535E-01 -4.5204E-01 -1.1120E+00 -1.2523E+00
  9.3314E-01 -4.7989E-01 -1.1232E+00 -1.2419E+00
  9.4099E-01 -5.0767E-01 -1.1344E+00 -1.2309E+00
  9.4892E-01 -5.3535E-01 -1.1455E+00 -1.2192E+00
  9.5691E-01 -5.6292E-01 -1.1565E+00 -1.2069E+00
  9.6496E-01 -5.9036E-01 -1.1675E+00 -1.1940E+00
  9.7309E-01 -6.1764E-01 -1.1783E+00 -1.1805E+00
  9.8128E-01 -6.4475E-01 -1.1890E+00 -1.1663E+00
  9.8954E-01 -6.7166E-01 -1.1996E+00 -1.1515E+00
  9.9788E-01 -6.9834E-01 -1.2101E+00 -1.1362E+00
  1.0063E+00 -7.2479E-01 -1.2204E+00 -1.1203E+00
  1.0148E+00 -7.5097E-01 -1.2306E+00 -1.1038E+00
  1.0233E+00 -7.7686E-01 -1.2406E+00 -1.0868E+00
  1.0319E+00 -8.0244E-01 -1.2504E+00 -1.0693E+00
  1.0406E+00 -8.2768E-01 -1.2601E+00 -1.0512E+00
  1.0494E+00 -8.5256E-01 -1.2695E+00 -1.0328E+00
  1.0582E+00 -8.7706E-01 -1.2787E+00 -1.0138E+00
  1.0671E+00 -9.0115E-01 -1.2877E+00 -9.9447E-01
  1.0761E+00 -9.2480E-01 -1.2964E+00 -9.7473E-01
  1.0852E+00 -9.4800E-01 -1.3048E+00 -9.5463E-01
  1.0943E+00 -9.7071E-01 -1.3130E+00 -9.3421E-01
  1.1035E+00 -9.9292E-01 -1.3209E+00 -9.1349E-01
  1.1128E+00 -1.0146E+00 -1.3285E+00 -8.9251E-01
  1.1222E+00 -1.0357E+00 -1.3357E+00 -8.7131E-01
  1.1316E+00 -1.0562E+00 -1.3426E+00 -8.4993E-01
  1.1411E+00 -1.0761E+00 -1.3491E+00 -8.2840E-01
  1.1507E+00 -1.0954E+00 -1.3552E+00 -8.0676E-01
  1.1604E+00 -1.1140E+00 -1.3609E+00 -7.8505E-01
  1.1702E+00 -1.1319E+00 -1.3662E+00 -7.6331E-01
  1.1801E+00 -1.1491E+00 -1.3711E+00 -7.4159E-01
  1.1900E+00 -1.1655E+00 -1.3755E+00 -7.1991E-01
  1.2000E+00 -1.1812E+00 -1.3794E+00 -6.9832E-01
  1.2101E+00 -1.1961E+00 -1.3828E+00 -6.7687E-01
  1.2203E+00 -1.2101E+00 -1.3857E+00 -6.5557E-01
  1.2306E+00 -1.2233E+00 -1.3881E+00 -6.3449E-01
  1.2409E+00 -1.2356E+00 -1.3898E+00 -6.1363E-01
  1.2514E+00 -1.2470E+00 -1.3910E+00 -5.9305E-01
  1.2619E+00 -1.2575E+00 -1.3916E+00 -5.7278E-01
  1.2725E+00 -1.2670E+00 -1.3915E+00 -5.5283E-01
  1.2833E+00 -1.2755E+00 -1.3908E+00 -5.3323E-01
  1.2941E+00 -1.2830E+00 -1.3894E+00 -5.1402E-01
  1.3050E+00 -1.2895E+00 -1.3873E+00 -4.9520E-01
  1.3159E+00 -1.2949E+00 -1.3845E+00 -4.7679E-01
  1.3270E+00 -1.2992E+00 -1.3809E+00 -4.5880E-01
  1.3382E+00 -1.3024E+00 -1.3765E+00 -4.4124E-01
  1.3495E+00 -1.3045E+00 -1.3714E+00 -4.2412E-01
  1.3608E+00 -1.3054E+00 -1.3654E+00 -4.0742E-01
  1.3723E+00 -1.3051E+00 -1.3586E+00 -3.9114E-01
  1.3838E+00 -1.3036E+00 -1.3508E+00 -3.7527E-01
  1.3955E+00 -1.3009E+00 -1.3422E+00 -3.5979E-01
  1.4072E+00 -1.2970E+00 -1.3327E+00 -3.4469E-01
  1.4191E+00 -1.2918E+00 -1.3222E+00 -3.2994E-01
  1.4310E+00 -1.2853E+00 -1.3108E+00 -3.1551E-01
  1.4431E+00 -1.2775E+00 -1.2984E+00 -3.0138E-01
  1.4552E+00 -1.2683E+00 -1.2850E+00 -2.8751E-01
  1.4675E+00 -1.2579E+00 -1.2705E+00 -2.7388E-01
  1.4798E+00 -1.2460E+00 -1.2550E+00 -2.6045E-01
  1.4923E+00 -1.2328E+00 -1.2384E+00 -2.4719E-01
  1.5049E+00 -1.2183E+00 -1.2207E+00 -2.3408E-01
  1.5175E+00 -1.2023E+00 -1.2019E+00 -2.2110E-01
  1.5303E+00 -1.1850E+00 -1.1820E+00 -2.0824E-01
  1.5432E+00 -1.1662E+00 -1.1609E+00 -1.9548E-01
  1.5562E+00 -1.1460E+00 -1.1386E+00 -1.8284E-01
  1.5693E+00 -1.1244E+00 -1.1152E+00 -1.7033E-01
  1.5825E+00 -1.1014E+00 -1.0906E+00 -1.5799E-01
  1.5958E+00 -1.0769E+00 -1.0648E+00 -1.4586E-01
  1.6092E+00 -1.0510E+00 -1.0378E+00 -1.3402E-01
  1.6228E+00 -1.0237E+00 -1.0095E+00 -1.2253E-01
  1.6365E+00 -9.9498E-01 -9.8007E-01 -1.1141E-01
  1.6502E+00 -9.6485E-01 -9.4937E-01 -1.0069E-01
  1.6641E+00 -9.3331E-01 -9.1745E-01 -9.0366E-02
  1.6781E+00 -9.0037E-01 -8.8429E-01 -8.0453E-02
  1.6923E+00 -8.6607E-01 -8.4989E-01 -7.0959E-02
  1.7065E+00 -8.3040E-01 -8.1428E-01 -6.1895E-02
  1.7209E+00 -7.9339E-01 -7.7745E-01 -5.3268E-02
  1.7354E+00 -7.5506E-01 -7.3941E-01 -4.5085E-02
  1.7500E+00 -7.1544E-01 -7.0017E-01 -3.7353E-02
  1.7647E+00 -6.7455E-01 -6.5976E-01 -3.0077E-02
  1.7796E+00 -6.3243E-01 -6.1819E-01 -2.3261E-02
  1.7945E+00 -5.8910E-01 -5.7549E-01 -1.6909E-02
  1.8097E+00 -5.4462E-01 -5.3167E-01 -1.1021E-02
  1.8249E+00 -4.9900E-01 -4.8678E-01 -5.5997E-03
  1.8402E+00 -4.5231E-01 -4.4084E-01 -6.4357E-04
  1.8557E+00 -4.0459E-01 -3.9389E-01  3.8491E-03
  1.8714E+00 -3.5588E-01 -3.4597E-01  7.8816E-03
  1.8871E+00 -3.0625E-01 -2.9714E-01  1.1459E-02
  1.9030E+00 -2.5575E-01 -2.4743E-01  1.4586E-02
  1.9190E+00 -2.0444E-01 -1.9690E-01  1.7272E-02
  1.9352E+00 -1.5239E-01 -1.4562E-01  1.9526E-02
  1.9515E+00 -9.9674E-02 -9.3638E-02  2.1358E-02
  1.9679E+00 -4.6354E-02 -4.1026E-02  2.2781E-02
  1.9845E+00  7.4875E-03  1.2143E-02  2.3808E-02
  2.0012E+00  6.1770E-02  6.5794E-02  2.4457E-02
  2.0180E+00  1.1641E-01  1.1984E-01  2.4743E-02
  2.0350E+00  1.7132E-01  1.7421E-01  2.4685E-02
  2.0521E+00  2.2640E-01  2.2880E-01  2.4305E-02
  2.0694E+00  2.8156E-01  2.8352E-01  2.3625E-02
  2.0868E+00  3.3670E-01  3.3827E-01  2.2667E-02
  2.1044E+00  3.9171E-01  3.9294E-01  2.1458E-02
  2.1221E+00  4.4650E-01  4.4743E-01  2.0023E-02
  2.1400E+00  5.0094E-01  5.0163E-01  1.8390E-02
  2.1580E+00  5.5493E-01  5.5542E-01  1.6590E-02
  2.1762E+00  6.0834E-01  6.0867E-01  1.4651E-02
  2.1945E+00  6.6106E-01  6.6127E-01  1.2606E-02
  2.2130E+00  7.1297E-01  7.1309E-01  1.0486E-02
  2.2316E+00  7.6393E-01  7.6399E-01  8.3250E-03
  2.2504E+00  8.1381E-01  8.1384E-01  6.1560E-03
  2.2693E+00  8.6250E-01  8.6251E-01  4.0131E-03
  2.2884E+00  9.0985E-01  9.0985E-01  1.9304E-03
  2.3077E+00  9.5573E-01  9.5573E-01  0.0000E+00
  2.3271E+00  1.0000E+00  1.0000E+00  0.0000E+00
  2.3467E+00  1.0425E+00  1.0425E+00  0.0000E+00
  2.3665E+00  1.0832E+00  1.0832E+00  0.0000E+00
  2.3864E+00  1.1218E+00  1.1218E+00  0.0000E+00
  2.4065E+00  1.1583E+00  1.1583E+00  0.0000E+00
  2.4267E+00  1.1924E+00  1.1924E+00  0.0000E+00
  2.4472E+00  1.2242E+00  1.2242E+00  0.0000E+00
  2.4678E+00  1.2534E+00  1.2534E+00  0.0000E+00
  2.4885E+00  1.2798E+00  1.2798E+00  0.0000E+00
  2.5095E+00  1.3035E+00  1.3035E+00  0.0000E+00
  2.5306E+00  1.3241E+00  1.3241E+00  0.0000E+00
  2.5519E+00  1.3417E+00  1.3417E+00  0.0000E+00
  2.5734E+00  1.3561E+00  1.3561E+00  0.0000E+00
  2.5951E+00  1.3672E+00  1.3672E+00  0.0000E+00
  2.6169E+00  1.3748E+00  1.3748E+00  0.0000E+00
  2.6389E+00  1.3789E+00  1.3789E+00  0.0000E+00
  2.6612E+00  1.3793E+00  1.3793E+00  0.0000E+00
  2.6836E+00  1.3761E+00  1.3761E+00  0.0000E+00
  2.7062E+00  1.3690E+00  1.3690E+00  0.0000E+00
  2.7289E+00  1.3581E+00  1.3581E+00  0.0000E+00
  2.7519E+00  1.3433E+00  1.3433E+00  0.0000E+00
  2.7751E+00  1.3244E+00  1.3244E+00  0.0000E+00
  2.7984E+00  1.3016E+00  1.3016E+00  0.0000E+00
  2.8220E+00  1.2747E+00  1.2747E+00  0.0000E+00
  2.8458E+00  1.2437E+00  1.2437E+00  0.0000E+00
  2.8697E+00  1.2087E+00  1.2087E+00  0.0000E+00
  2.8939E+00  1.1696E+00  1.1696E+00  0.0000E+00
  2.9182E+00  1.1265E+00  1.1265E+00  0.0000E+00
  2.9428E+00  1.0795E+00  1.0795E+00  0.0000E+00
  2.9676E+00  1.0285E+00  1.0285E+00  0.0000E+00
  2.9925E+00  9.7376E-01  9.7376E-01  0.0000E+00
  3.0177E+00  9.1525E-01  9.1525E-01  0.0000E+00
  3.0431E+00  8.5314E-01  8.5314E-01  0.0000E+00
  3.0688E+00  7.8755E-01  7.8755E-01  0.0000E+00
  3.0946E+00  7.1865E-01  7.1865E-01  0.0000E+00
  3.1206E+00  6.4660E-01  6.4660E-01  0.0000E+00
  3.1469E+00  5.7159E-01  5.7159E-01  0.0000E+00
  3.1734E+00  4.9385E-01  4.9385E-01  0.0000E+00
  3.2001E+00  4.1361E-01  4.1361E-01  0.0000E+00
  3.2271E+00  3.3112E-01  3.3112E-01  0.0000E+00
  3.2542E+00  2.4666E-01  2.4666E-01  0.0000E+00
  3.2816E+00  1.6052E-01  1.6052E-01  0.0000E+00
  3.3092E+00  7.3015E-02  7.3015E-02  0.0000E+00
  3.3371E+00 -1.5520E-02 -1.5520E-02  0.0000E+00
  3.3652E+00 -1.0474E-01 -1.0474E-01  0.0000E+00
  3.3935E+00 -1.9426E-01 -1.9426E-01  0.0000E+00
  3.4221E+00 -2.8372E-01 -2.8372E-01  0.0000E+00
  3.4509E+00 -3.7270E-01 -3.7270E-01  0.0000E+00
  3.4799E+00 -4.6080E-01 -4.6080E-01  0.0000E+00
  3.5092E+00 -5.4758E-01 -5.4758E-01  0.0000E+00
