 -5.0000E+00  1.1595E+00  1.1585E+00  8.5911E-01  8.5868E-01
 -4.9870E+00  1.1545E+00  1.1535E+00  8.5699E-01  8.5657E-01
 -4.9740E+00  1.1496E+00  1.1486E+00  8.5486E-01  8.5444E-01
 -4.9610E+00  1.1446E+00  1.1436E+00  8.5272E-01  8.5229E-01
 -4.9479E+00  1.1396E+00  1.1386E+00  8.5056E-01  8.5014E-01
 -4.9349E+00  1.1346E+00  1.1337E+00  8.4838E-01  8.4796E-01
 -4.9219E+00  1.1296E+00  1.1287E+00  8.4619E-01  8.4577E-01
 -4.9089E+00  1.1246E+00  1.1237E+00  8.4398E-01  8.4356E-01
 -4.8959E+00  1.1196E+00  1.1186E+00  8.4176E-01  8.4134E-01
 -4.8829E+00  1.1145E+00  1.1136E+00  8.3952E-01  8.3910E-01
 -4.8699E+00  1.1095E+00  1.1086E+00  8.3726E-01  8.3684E-01
 -4.8569E+00  1.1044E+00  1.1035E+00  8.3498E-01  8.3457E-01
 -4.8438E+00  1.0994E+00  1.0984E+00  8.3269E-01  8.3228E-01
 -4.8308E+00  1.0943E+00  1.0934E+00  8.3038E-01  8.2997E-01
 -4.8178E+00  1.0892E+00  1.0883E+00  8.2806E-01  8.2764E-01
 -4.8048E+00  1.0841E+00  1.0832E+00  8.2571E-01  8.2530E-01
 -4.7918E+00  1.0789E+00  1.0780E+00  8.2335E-01  8.2294E-01
 -4.7788E+00  1.0738E+00  1.0729E+00  8.2097E-01  8.2056E-01
 -4.7658E+00  1.0687E+00  1.0678E+00  8.1857E-01  8.1816E-01
 -4.7528E+00  1.0635E+00  1.0626E+00  8.1616E-01  8.1575E-01
 -4.7397E+00  1.0583E+00  1.0575E+00  8.1372E-01  8.1332E-01
 -4.7267E+00  1.0531E+00  1.0523E+00  8.1127E-01  8.1086E-01
 -4.7137E+00  1.0479E+00  1.0471E+00  8.0880E-01  8.0839E-01
 -4.7007E+00  1.0427E+00  1.0419E+00  8.0631E-01  8.0590E-01
 -4.6877E+00  1.0375E+00  1.0367E+00  8.0380E-01  8.0340E-01
 -4.6747E+00  1.0323E+00  1.0314E+00  8.0127E-01  8.0087E-01
 -4.6617E+00  1.0270E+00  1.0262E+00  7.9872E-01  7.9832E-01
 -4.6486E+00  1.0217E+00  1.0209E+00  7.9615E-01  7.9575E-01
 -4.6356E+00  1.0165E+00  1.0156E+00  7.9356E-01  7.9316E-01
 -4.6226E+00  1.0112E+00  1.0104E+00  7.9095E-01  7.9055E-01
 -4.6096E+00  1.0059E+00  1.0051E+00  7.8832E-01  7.8792E-01
 -4.5966E+00  1.0005E+00  9.9975E-01  7.8567E-01  7.8528E-01
 -4.5836E+00  9.9521E-01  9.9443E-01  7.8300E-01  7.8260E-01
 -4.5706E+00  9.8986E-01  9.8909E-01  7.8030E-01  7.7991E-01
 -4.5576E+00  9.8450E-01  9.8374E-01  7.7759E-01  7.7720E-01
 -4.5445E+00  9.7913E-01  9.7837E-01  7.7485E-01  7.7447E-01
 -4.5315E+00  9.7374E-01  9.7299E-01  7.7210E-01  7.7171E-01
 -4.5185E+00  9.6834E-01  9.6759E-01  7.6932E-01  7.6893E-01
 -4.5055E+00  9.6293E-01  9.6219E-01  7.6651E-01  7.6613E-01
 -4.4925E+00  9.5750E-01  9.5676E-01  7.6369E-01  7.6331E-01
 -4.4795E+00  9.5206E-01  9.5133E-01  7.6084E-01  7.6046E-01
 -4.4665E+00  9.4660E-01  9.4588E-01  7.5797E-01  7.5759E-01
 -4.4535E+00  9.4113E-01  9.4041E-01  7.5508E-01  7.5470E-01
 -4.4404E+00  9.3564E-01  9.3493E-01  7.5216E-01  7.5178E-01
 -4.4274E+00  9.3014E-01  9.2944E-01  7.4922E-01  7.4884E-01
 -4.4144E+00  9.2463E-01  9.2393E-01  7.4626E-01  7.4588E-01
 -4.4014E+00  9.1910E-01  9.1841E-01  7.4327E-01  7.4289E-01
 -4.3884E+00  9.1355E-01  9.1287E-01  7.4025E-01  7.3988E-01
 -4.3754E+00  9.0800E-01  9.0732E-01  7.3721E-01  7.3684E-01
 -4.3624E+00  9.0242E-01  9.0175E-01  7.3415E-01  7.3378E-01
 -4.3493E+00  8.9683E-01  8.9617E-01  7.3106E-01  7.3069E-01
 -4.3363E+00  8.9123E-01  8.9057E-01  7.2795E-01  7.2758E-01
 -4.3233E+00  8.8561E-01  8.8496E-01  7.2481E-01  7.2444E-01
 -4.3103E+00  8.7998E-01  8.7933E-01  7.2164E-01  7.2128E-01
 -4.2973E+00  8.7433E-01  8.7369E-01  7.1845E-01  7.1809E-01
 -4.2843E+00  8.6866E-01  8.6803E-01  7.1523E-01  7.1487E-01
 -4.2713E+00  8.6298E-01  8.6235E-01  7.1198E-01  7.1162E-01
 -4.2583E+00  8.5729E-01  8.5667E-01  7.0871E-01  7.0835E-01
 -4.2452E+00  8.5158E-01  8.5096E-01  7.0541E-01  7.0505E-01
 -4.2322E+00  8.4585E-01  8.4524E-01  7.0208E-01  7.0172E-01
 -4.2192E+00  8.4011E-01  8.3951E-01  6.9873E-01  6.9837E-01
 -4.2062E+00  8.3435E-01  8.3375E-01  6.9534E-01  6.9499E-01
 -4.1932E+00  8.2858E-01  8.2799E-01  6.9193E-01  6.9157E-01
 -4.1802E+00  8.2279E-01  8.2220E-01  6.8848E-01  6.8813E-01
 -4.1672E+00  8.1698E-01  8.1640E-01  6.8501E-01  6.8466E-01
 -4.1542E+00  8.1116E-01  8.1059E-01  6.8151E-01  6.8116E-01
 -4.1411E+00  8.0532E-01  8.0475E-01  6.7798E-01  6.7763E-01
 -4.1281E+00  7.9947E-01  7.9890E-01  6.7442E-01  6.7407E-01
 -4.1151E+00  7.9360E-01  7.9304E-01  6.7083E-01  6.7048E-01
 -4.1021E+00  7.8771E-01  7.8716E-01  6.6720E-01  6.6686E-01
 -4.0891E+00  7.8181E-01  7.8126E-01  6.6355E-01  6.6321E-01
 -4.0761E+00  7.7589E-01  7.7534E-01  6.5986E-01  6.5952E-01
 -4.0631E+00  7.6995E-01  7.6941E-01  6.5615E-01  6.5581E-01
 -4.0501E+00  7.6399E-01  7.6346E-01  6.5240E-01  6.5206E-01
 -4.0370E+00  7.5802E-01  7.5750E-01  6.4862E-01  6.4828E-01
 -4.0240E+00  7.5203E-01  7.5151E-01  6.4480E-01  6.4447E-01
 -4.0110E+00  7.4603E-01  7.4551E-01  6.4095E-01  6.4062E-01
 -3.9980E+00  7.4000E-01  7.3949E-01  6.3707E-01  6.3674E-01
 -3.9850E+00  7.3396E-01  7.3346E-01  6.3316E-01  6.3283E-01
 -3.9720E+00  7.2790E-01  7.2741E-01  6.2921E-01  6.2888E-01
 -3.9590E+00  7.2183E-01  7.2134E-01  6.2523E-01  6.2490E-01
 -3.9459E+00  7.1573E-01  7.1525E-01  6.2121E-01  6.2089E-01
 -3.9329E+00  7.0962E-01  7.0914E-01  6.1716E-01  6.1684E-01
 -3.9199E+00  7.0349E-01  7.0302E-01  6.1307E-01  6.1275E-01
 -3.9069E+00  6.9735E-01  6.9688E-01  6.0894E-01  6.0863E-01
 -3.8939E+00  6.9118E-01  6.9072E-01  6.0478E-01  6.0447E-01
 -3.8809E+00  6.8500E-01  6.8454E-01  6.0059E-01  6.0027E-01
 -3.8679E+00  6.7879E-01  6.7834E-01  5.9635E-01  5.9604E-01
 -3.8549E+00  6.7257E-01  6.7213E-01  5.9208E-01  5.9177E-01
 -3.8418E+00  6.6633E-01  6.6589E-01  5.8777E-01  5.8747E-01
 -3.8288E+00  6.6008E-01  6.5964E-01  5.8343E-01  5.8312E-01
 -3.8158E+00  6.5380E-01  6.5337E-01  5.7904E-01  5.7874E-01
 -3.8028E+00  6.4750E-01  6.4708E-01  5.7462E-01  5.7432E-01
 -3.7898E+00  6.4119E-01  6.4077E-01  5.7016E-01  5.6986E-01
 -3.7768E+00  6.3486E-01  6.3444E-01  5.6566E-01  5.6536E-01
 -3.7638E+00  6.2850E-01  6.2809E-01  5.6111E-01  5.6082E-01
 -3.7508E+00  6.2213E-01  6.2172E-01  5.5653E-01  5.5624E-01
 -3.7377E+00  6.1574E-01  6.1534E-01  5.5191E-01  5.5162E-01
 -3.7247E+00  6.0933E-01  6.0893E-01  5.4725E-01  5.4696E-01
 -3.7117E+00  6.0290E-01  6.0250E-01  5.4255E-01  5.4226E-01
 -3.6987E+00  5.9645E-01  5.9606E-01  5.3780E-01  5.3752E-01
 -3.6857E+00  5.8997E-01  5.8959E-01  5.3302E-01  5.3273E-01
 -3.6727E+00  5.8348E-01  5.8311E-01  5.2819E-01  5.2791E-01
 -3.6597E+00  5.7697E-01  5.7660E-01  5.2332E-01  5.2304E-01
 -3.6466E+00  5.7044E-01  5.7007E-01  5.1840E-01  5.1812E-01
 -3.6336E+00  5.6389E-01  5.6353E-01  5.1344E-01  5.1317E-01
 -3.6206E+00  5.5732E-01  5.5696E-01  5.0844E-01  5.0817E-01
 -3.6076E+00  5.5072E-01  5.5037E-01  5.0340E-01  5.0313E-01
 -3.5946E+00  5.4411E-01  5.4376E-01  4.9831E-01  4.9804E-01
 -3.5816E+00  5.3747E-01  5.3713E-01  4.9318E-01  4.9291E-01
 -3.5686E+00  5.3082E-01  5.3048E-01  4.8800E-01  4.8773E-01
 -3.5556E+00  5.2414E-01  5.2381E-01  4.8277E-01  4.8251E-01
 -3.5425E+00  5.1744E-01  5.1711E-01  4.7750E-01  4.7724E-01
 -3.5295E+00  5.1072E-01  5.1040E-01  4.7219E-01  4.7193E-01
 -3.5165E+00  5.0398E-01  5.0366E-01  4.6683E-01  4.6657E-01
 -3.5035E+00  4.9722E-01  4.9690E-01  4.6142E-01  4.6117E-01
 -3.4905E+00  4.9043E-01  4.9012E-01  4.5596E-01  4.5571E-01
 -3.4775E+00  4.8363E-01  4.8332E-01  4.5046E-01  4.5021E-01
 -3.4645E+00  4.7680E-01  4.7649E-01  4.4491E-01  4.4467E-01
 -3.4515E+00  4.6994E-01  4.6965E-01  4.3932E-01  4.3907E-01
 -3.4384E+00  4.6307E-01  4.6278E-01  4.3367E-01  4.3343E-01
 -3.4254E+00  4.5617E-01  4.5589E-01  4.2798E-01  4.2774E-01
 -3.4124E+00  4.4925E-01  4.4897E-01  4.2223E-01  4.2200E-01
 -3.3994E+00  4.4231E-01  4.4203E-01  4.1644E-01  4.1621E-01
 -3.3864E+00  4.3535E-01  4.3507E-01  4.1060E-01  4.1037E-01
 -3.3734E+00  4.2836E-01  4.2809E-01  4.0471E-01  4.0448E-01
 -3.3604E+00  4.2135E-01  4.2108E-01  3.9877E-01  3.9855E-01
 -3.3473E+00  4.1431E-01  4.1405E-01  3.9278E-01  3.9256E-01
 -3.3343E+00  4.0725E-01  4.0699E-01  3.8674E-01  3.8652E-01
 -3.3213E+00  4.0017E-01  3.9992E-01  3.8065E-01  3.8043E-01
 -3.3083E+00  3.9306E-01  3.9281E-01  3.7451E-01  3.7430E-01
 -3.2953E+00  3.8593E-01  3.8569E-01  3.6832E-01  3.6811E-01
 -3.2823E+00  3.7878E-01  3.7854E-01  3.6208E-01  3.6187E-01
 -3.2693E+00  3.7160E-01  3.7136E-01  3.5579E-01  3.5558E-01
 -3.2563E+00  3.6440E-01  3.6416E-01  3.4944E-01  3.4924E-01
 -3.2432E+00  3.5717E-01  3.5694E-01  3.4305E-01  3.4284E-01
 -3.2302E+00  3.4991E-01  3.4969E-01  3.3660E-01  3.3640E-01
 -3.2172E+00  3.4264E-01  3.4241E-01  3.3010E-01  3.2990E-01
 -3.2042E+00  3.3533E-01  3.3512E-01  3.2355E-01  3.2335E-01
 -3.1912E+00  3.2800E-01  3.2779E-01  3.1695E-01  3.1675E-01
 -3.1782E+00  3.2065E-01  3.2044E-01  3.1029E-01  3.1010E-01
 -3.1652E+00  3.1327E-01  3.1306E-01  3.0359E-01  3.0340E-01
 -3.1522E+00  3.0586E-01  3.0566E-01  2.9683E-01  2.9664E-01
 -3.1391E+00  2.9843E-01  2.9823E-01  2.9002E-01  2.8984E-01
 -3.1261E+00  2.9097E-01  2.9078E-01  2.8316E-01  2.8298E-01
 -3.1131E+00  2.8349E-01  2.8330E-01  2.7624E-01  2.7606E-01
 -3.1001E+00  2.7598E-01  2.7579E-01  2.6928E-01  2.6910E-01
 -3.0871E+00  2.6844E-01  2.6826E-01  2.6226E-01  2.6209E-01
 -3.0741E+00  2.6088E-01  2.6070E-01  2.5519E-01  2.5502E-01
 -3.0611E+00  2.5328E-01  2.5311E-01  2.4807E-01  2.4790E-01
 -3.0480E+00  2.4566E-01  2.4549E-01  2.4089E-01  2.4073E-01
 -3.0350E+00  2.3802E-01  2.3785E-01  2.3367E-01  2.3351E-01
 -3.0220E+00  2.3034E-01  2.3018E-01  2.2639E-01  2.2624E-01
 -3.0090E+00  2.2264E-01  2.2248E-01  2.1907E-01  2.1891E-01
 -2.9960E+00  2.1491E-01  2.1475E-01  2.1169E-01  2.1154E-01
 -2.9830E+00  2.0715E-01  2.0700E-01  2.0426E-01  2.0411E-01
 -2.9700E+00  1.9937E-01  1.9921E-01  1.9679E-01  1.9664E-01
 -2.9570E+00  1.9155E-01  1.9140E-01  1.8926E-01  1.8911E-01
 -2.9439E+00  1.8371E-01  1.8356E-01  1.8168E-01  1.8154E-01
 -2.9309E+00  1.7583E-01  1.7569E-01  1.7405E-01  1.7391E-01
 -2.9179E+00  1.6793E-01  1.6779E-01  1.6638E-01  1.6624E-01
 -2.9049E+00  1.6000E-01  1.5986E-01  1.5865E-01  1.5852E-01
 -2.8919E+00  1.5204E-01  1.5190E-01  1.5088E-01  1.5075E-01
 -2.8789E+00  1.4404E-01  1.4391E-01  1.4306E-01  1.4293E-01
 -2.8659E+00  1.3602E-01  1.3589E-01  1.3519E-01  1.3507E-01
 -2.8529E+00  1.2797E-01  1.2785E-01  1.2728E-01  1.2716E-01
 -2.8398E+00  1.1989E-01  1.1977E-01  1.1932E-01  1.1920E-01
 -2.8268E+00  1.1178E-01  1.1166E-01  1.1131E-01  1.1120E-01
 -2.8138E+00  1.0363E-01  1.0351E-01  1.0326E-01  1.0315E-01
 -2.8008E+00  9.5456E-02  9.5343E-02  9.5167E-02  9.5055E-02
 -2.7878E+00  8.7249E-02  8.7139E-02  8.7029E-02  8.6919E-02
 -2.7748E+00  7.9011E-02  7.8903E-02  7.8847E-02  7.8740E-02
 -2.7618E+00  7.0741E-02  7.0636E-02  7.0623E-02  7.0519E-02
 -2.7487E+00  6.2439E-02  6.2337E-02  6.2358E-02  6.2256E-02
 -2.7357E+00  5.4104E-02  5.4005E-02  5.4052E-02  5.3953E-02
 -2.7227E+00  4.5738E-02  4.5641E-02  4.5706E-02  4.5609E-02
 -2.7097E+00  3.7338E-02  3.7244E-02  3.7321E-02  3.7227E-02
 -2.6967E+00  2.8905E-02  2.8814E-02  2.8897E-02  2.8806E-02
 -2.6837E+00  2.0440E-02  2.0351E-02  2.0437E-02  2.0348E-02
 -2.6707E+00  1.1940E-02  1.1854E-02  1.1940E-02  1.1853E-02
 -2.6577E+00  3.4072E-03  3.3234E-03  3.4072E-03  3.3233E-03
 -2.6446E+00 -5.1598E-03 -5.2412E-03 -5.1597E-03 -5.2411E-03
 -2.6316E+00 -1.3761E-02 -1.3840E-02 -1.3760E-02 -1.3839E-02
 -2.6186E+00 -2.2397E-02 -2.2473E-02 -2.2393E-02 -2.2470E-02
 -2.6056E+00 -3.1067E-02 -3.1141E-02 -3.1057E-02 -3.1131E-02
 -2.5926E+00 -3.9772E-02 -3.9844E-02 -3.9751E-02 -3.9823E-02
 -2.5796E+00 -4.8513E-02 -4.8583E-02 -4.8475E-02 -4.8545E-02
 -2.5666E+00 -5.7289E-02 -5.7357E-02 -5.7227E-02 -5.7294E-02
 -2.5536E+00 -6.6101E-02 -6.6166E-02 -6.6005E-02 -6.6070E-02
 -2.5405E+00 -7.4949E-02 -7.5012E-02 -7.4809E-02 -7.4872E-02
 -2.5275E+00 -8.3833E-02 -8.3894E-02 -8.3638E-02 -8.3698E-02
 -2.5145E+00 -9.2754E-02 -9.2813E-02 -9.2490E-02 -9.2548E-02
 -2.5015E+00 -1.0171E-01 -1.0177E-01 -1.0136E-01 -1.0142E-01
 -2.4885E+00 -1.1071E-01 -1.1076E-01 -1.1026E-01 -1.1031E-01
 -2.4755E+00 -1.1974E-01 -1.1979E-01 -1.1917E-01 -1.1922E-01
 -2.4625E+00 -1.2881E-01 -1.2886E-01 -1.2810E-01 -1.2815E-01
 -2.4494E+00 -1.3792E-01 -1.3797E-01 -1.3705E-01 -1.3710E-01
 -2.4364E+00 -1.4706E-01 -1.4711E-01 -1.4602E-01 -1.4606E-01
 -2.4234E+00 -1.5625E-01 -1.5629E-01 -1.5499E-01 -1.5504E-01
 -2.4104E+00 -1.6547E-01 -1.6552E-01 -1.6399E-01 -1.6403E-01
 -2.3974E+00 -1.7473E-01 -1.7478E-01 -1.7299E-01 -1.7303E-01
 -2.3844E+00 -1.8404E-01 -1.8408E-01 -1.8200E-01 -1.8204E-01
 -2.3714E+00 -1.9338E-01 -1.9342E-01 -1.9102E-01 -1.9106E-01
 -2.3584E+00 -2.0276E-01 -2.0280E-01 -2.0005E-01 -2.0009E-01
 -2.3453E+00 -2.1218E-01 -2.1222E-01 -2.0908E-01 -2.0912E-01
 -2.3323E+00 -2.2165E-01 -2.2168E-01 -2.1812E-01 -2.1815E-01
 -2.3193E+00 -2.3115E-01 -2.3119E-01 -2.2716E-01 -2.2719E-01
 -2.3063E+00 -2.4070E-01 -2.4073E-01 -2.3621E-01 -2.3624E-01
 -2.2933E+00 -2.5029E-01 -2.5032E-01 -2.4525E-01 -2.4528E-01
 -2.2803E+00 -2.5992E-01 -2.5994E-01 -2.5429E-01 -2.5432E-01
 -2.2673E+00 -2.6959E-01 -2.6962E-01 -2.6333E-01 -2.6335E-01
 -2.2543E+00 -2.7930E-01 -2.7933E-01 -2.7236E-01 -2.7239E-01
 -2.2412E+00 -2.8906E-01 -2.8909E-01 -2.8139E-01 -2.8141E-01
 -2.2282E+00 -2.9886E-01 -2.9889E-01 -2.9041E-01 -2.9043E-01
 -2.2152E+00 -3.0871E-01 -3.0873E-01 -2.9943E-01 -2.9945E-01
 -2.2022E+00 -3.1860E-01 -3.1862E-01 -3.0843E-01 -3.0845E-01
 -2.1892E+00 -3.2853E-01 -3.2855E-01 -3.1742E-01 -3.1744E-01
 -2.1762E+00 -3.3851E-01 -3.3853E-01 -3.2640E-01 -3.2642E-01
 -2.1632E+00 -3.4853E-01 -3.4855E-01 -3.3537E-01 -3.3538E-01
 -2.1502E+00 -3.5860E-01 -3.5862E-01 -3.4432E-01 -3.4433E-01
 -2.1371E+00 -3.6872E-01 -3.6873E-01 -3.5325E-01 -3.5326E-01
 -2.1241E+00 -3.7888E-01 -3.7889E-01 -3.6217E-01 -3.6218E-01
 -2.1111E+00 -3.8909E-01 -3.8910E-01 -3.7106E-01 -3.7107E-01
 -2.0981E+00 -3.9934E-01 -3.9935E-01 -3.7994E-01 -3.7995E-01
 -2.0851E+00 -4.0964E-01 -4.0966E-01 -3.8879E-01 -3.8880E-01
 -2.0721E+00 -4.1999E-01 -4.2001E-01 -3.9762E-01 -3.9763E-01
 -2.0591E+00 -4.3039E-01 -4.3040E-01 -4.0643E-01 -4.0644E-01
 -2.0460E+00 -4.4084E-01 -4.4085E-01 -4.1521E-01 -4.1522E-01
 -2.0330E+00 -4.5134E-01 -4.5135E-01 -4.2396E-01 -4.2397E-01
 -2.0200E+00 -4.6188E-01 -4.6189E-01 -4.3269E-01 -4.3270E-01
 -2.0070E+00 -4.7248E-01 -4.7249E-01 -4.4139E-01 -4.4140E-01
 -1.9940E+00 -4.8312E-01 -4.8313E-01 -4.5006E-01 -4.5006E-01
 -1.9810E+00 -4.9382E-01 -4.9383E-01 -4.5869E-01 -4.5870E-01
 -1.9680E+00 -5.0457E-01 -5.0458E-01 -4.6730E-01 -4.6730E-01
 -1.9550E+00 -5.1537E-01 -5.1538E-01 -4.7587E-01 -4.7587E-01
 -1.9419E+00 -5.2622E-01 -5.2623E-01 -4.8440E-01 -4.8441E-01
 -1.9289E+00 -5.3712E-01 -5.3713E-01 -4.9290E-01 -4.9291E-01
 -1.9159E+00 -5.4808E-01 -5.4809E-01 -5.0137E-01 -5.0137E-01
 -1.9029E+00 -5.5909E-01 -5.5910E-01 -5.0980E-01 -5.0980E-01
 -1.8899E+00 -5.7016E-01 -5.7016E-01 -5.1819E-01 -5.1819E-01
 -1.8769E+00 -5.8127E-01 -5.8128E-01 -5.2654E-01 -5.2654E-01
 -1.8639E+00 -5.9245E-01 -5.9246E-01 -5.3485E-01 -5.3485E-01
 -1.8509E+00 -6.0368E-01 -6.0368E-01 -5.4312E-01 -5.4312E-01
 -1.8378E+00 -6.1496E-01 -6.1497E-01 -5.5135E-01 -5.5135E-01
 -1.8248E+00 -6.2630E-01 -6.2631E-01 -5.5953E-01 -5.5954E-01
 -1.8118E+00 -6.3770E-01 -6.3771E-01 -5.6768E-01 -5.6769E-01
 -1.7988E+00 -6.4915E-01 -6.4916E-01 -5.7578E-01 -5.7579E-01
 -1.7858E+00 -6.6067E-01 -6.6068E-01 -5.8384E-01 -5.8384E-01
 -1.7728E+00 -6.7224E-01 -6.7225E-01 -5.9185E-01 -5.9186E-01
 -1.7598E+00 -6.8387E-01 -6.8388E-01 -5.9982E-01 -5.9982E-01
 -1.7467E+00 -6.9556E-01 -6.9557E-01 -6.0774E-01 -6.0774E-01
 -1.7337E+00 -7.0730E-01 -7.0732E-01 -6.1561E-01 -6.1562E-01
 -1.7207E+00 -7.1911E-01 -7.1913E-01 -6.2344E-01 -6.2345E-01
 -1.7077E+00 -7.3098E-01 -7.3100E-01 -6.3122E-01 -6.3123E-01
 -1.6947E+00 -7.4292E-01 -7.4293E-01 -6.3895E-01 -6.3896E-01
 -1.6817E+00 -7.5491E-01 -7.5492E-01 -6.4664E-01 -6.4664E-01
 -1.6687E+00 -7.6697E-01 -7.6698E-01 -6.5427E-01 -6.5428E-01
 -1.6557E+00 -7.7909E-01 -7.7910E-01 -6.6186E-01 -6.6187E-01
 -1.6426E+00 -7.9127E-01 -7.9129E-01 -6.6939E-01 -6.6940E-01
 -1.6296E+00 -8.0352E-01 -8.0353E-01 -6.7688E-01 -6.7689E-01
 -1.6166E+00 -8.1583E-01 -8.1585E-01 -6.8432E-01 -6.8433E-01
 -1.6036E+00 -8.2821E-01 -8.2823E-01 -6.9171E-01 -6.9172E-01
 -1.5906E+00 -8.4065E-01 -8.4067E-01 -6.9904E-01 -6.9905E-01
 -1.5776E+00 -8.5316E-01 -8.5319E-01 -7.0633E-01 -7.0634E-01
 -1.5646E+00 -8.6574E-01 -8.6576E-01 -7.1356E-01 -7.1358E-01
 -1.5516E+00 -8.7839E-01 -8.7841E-01 -7.2075E-01 -7.2076E-01
 -1.5385E+00 -8.9110E-01 -8.9113E-01 -7.2788E-01 -7.2789E-01
 -1.5255E+00 -9.0389E-01 -9.0392E-01 -7.3496E-01 -7.3497E-01
 -1.5125E+00 -9.1674E-01 -9.1677E-01 -7.4199E-01 -7.4200E-01
 -1.4995E+00 -9.2967E-01 -9.2970E-01 -7.4897E-01 -7.4898E-01
 -1.4865E+00 -9.4267E-01 -9.4270E-01 -7.5589E-01 -7.5591E-01
 -1.4735E+00 -9.5573E-01 -9.5577E-01 -7.6277E-01 -7.6279E-01
 -1.4605E+00 -9.6888E-01 -9.6891E-01 -7.6959E-01 -7.6961E-01
 -1.4474E+00 -9.8209E-01 -9.8213E-01 -7.7636E-01 -7.7638E-01
 -1.4344E+00 -9.9538E-01 -9.9542E-01 -7.8308E-01 -7.8310E-01
 -1.4214E+00 -1.0087E+00 -1.0088E+00 -7.8975E-01 -7.8977E-01
 -1.4084E+00 -1.0222E+00 -1.0222E+00 -7.9637E-01 -7.9639E-01
 -1.3954E+00 -1.0357E+00 -1.0357E+00 -8.0293E-01 -8.0295E-01
 -1.3824E+00 -1.0493E+00 -1.0493E+00 -8.0945E-01 -8.0947E-01
 -1.3694E+00 -1.0630E+00 -1.0630E+00 -8.1591E-01 -8.1593E-01
 -1.3564E+00 -1.0767E+00 -1.0768E+00 -8.2232E-01 -8.2234E-01
 -1.3433E+00 -1.0905E+00 -1.0906E+00 -8.2868E-01 -8.2870E-01
 -1.3303E+00 -1.1044E+00 -1.1045E+00 -8.3499E-01 -8.3501E-01
 -1.3173E+00 -1.1184E+00 -1.1185E+00 -8.4125E-01 -8.4127E-01
 -1.3043E+00 -1.1325E+00 -1.1326E+00 -8.4746E-01 -8.4748E-01
 -1.2913E+00 -1.1467E+00 -1.1467E+00 -8.5361E-01 -8.5364E-01
 -1.2783E+00 -1.1609E+00 -1.1610E+00 -8.5972E-01 -8.5975E-01
 -1.2653E+00 -1.1752E+00 -1.1753E+00 -8.6578E-01 -8.6581E-01
 -1.2523E+00 -1.1896E+00 -1.1897E+00 -8.7179E-01 -8.7181E-01
 -1.2392E+00 -1.2041E+00 -1.2042E+00 -8.7774E-01 -8.7777E-01
 -1.2262E+00 -1.2187E+00 -1.2188E+00 -8.8365E-01 -8.8368E-01
 -1.2132E+00 -1.2334E+00 -1.2334E+00 -8.8951E-01 -8.8954E-01
 -1.2002E+00 -1.2481E+00 -1.2482E+00 -8.9532E-01 -8.9535E-01
 -1.1872E+00 -1.2630E+00 -1.2631E+00 -9.0108E-01 -9.0112E-01
 -1.1742E+00 -1.2779E+00 -1.2780E+00 -9.0680E-01 -9.0683E-01
 -1.1612E+00 -1.2929E+00 -1.2930E+00 -9.1246E-01 -9.1250E-01
 -1.1481E+00 -1.3081E+00 -1.3081E+00 -9.1808E-01 -9.1812E-01
 -1.1351E+00 -1.3233E+00 -1.3234E+00 -9.2365E-01 -9.2369E-01
 -1.1221E+00 -1.3386E+00 -1.3387E+00 -9.2918E-01 -9.2921E-01
 -1.1091E+00 -1.3540E+00 -1.3541E+00 -9.3465E-01 -9.3469E-01
 -1.0961E+00 -1.3695E+00 -1.3696E+00 -9.4008E-01 -9.4012E-01
 -1.0831E+00 -1.3851E+00 -1.3852E+00 -9.4547E-01 -9.4550E-01
 -1.0701E+00 -1.4008E+00 -1.4009E+00 -9.5081E-01 -9.5084E-01
 -1.0571E+00 -1.4166E+00 -1.4167E+00 -9.5610E-01 -9.5614E-01
 -1.0440E+00 -1.4325E+00 -1.4326E+00 -9.6135E-01 -9.6138E-01
 -1.0310E+00 -1.4485E+00 -1.4486E+00 -9.6655E-01 -9.6659E-01
 -1.0180E+00 -1.4646E+00 -1.4647E+00 -9.7171E-01 -9.7175E-01
 -1.0050E+00 -1.4808E+00 -1.4809E+00 -9.7682E-01 -9.7686E-01
 -9.9199E-01 -1.4971E+00 -1.4972E+00 -9.8189E-01 -9.8193E-01
 -9.7898E-01 -1.5135E+00 -1.5136E+00 -9.8692E-01 -9.8696E-01
 -9.6597E-01 -1.5300E+00 -1.5301E+00 -9.9190E-01 -9.9194E-01
 -9.5295E-01 -1.5466E+00 -1.5468E+00 -9.9684E-01 -9.9688E-01
 -9.3994E-01 -1.5634E+00 -1.5635E+00 -1.0017E+00 -1.0018E+00
 -9.2693E-01 -1.5802E+00 -1.5804E+00 -1.0066E+00 -1.0066E+00
 -9.1391E-01 -1.5972E+00 -1.5973E+00 -1.0114E+00 -1.0114E+00
 -9.0090E-01 -1.6143E+00 -1.6144E+00 -1.0162E+00 -1.0162E+00
 -8.8789E-01 -1.6315E+00 -1.6316E+00 -1.0209E+00 -1.0210E+00
 -8.7487E-01 -1.6488E+00 -1.6489E+00 -1.0256E+00 -1.0256E+00
 -8.6186E-01 -1.6662E+00 -1.6664E+00 -1.0302E+00 -1.0303E+00
 -8.4885E-01 -1.6837E+00 -1.6839E+00 -1.0349E+00 -1.0349E+00
 -8.3584E-01 -1.7014E+00 -1.7016E+00 -1.0394E+00 -1.0395E+00
 -8.2282E-01 -1.7192E+00 -1.7194E+00 -1.0440E+00 -1.0440E+00
 -8.0981E-01 -1.7371E+00 -1.7373E+00 -1.0485E+00 -1.0485E+00
 -7.9680E-01 -1.7551E+00 -1.7553E+00 -1.0529E+00 -1.0530E+00
 -7.8378E-01 -1.7733E+00 -1.7735E+00 -1.0573E+00 -1.0574E+00
 -7.7077E-01 -1.7916E+00 -1.7918E+00 -1.0617E+00 -1.0617E+00
 -7.5776E-01 -1.8100E+00 -1.8102E+00 -1.0660E+00 -1.0661E+00
 -7.4474E-01 -1.8285E+00 -1.8287E+00 -1.0703E+00 -1.0704E+00
 -7.3173E-01 -1.8472E+00 -1.8474E+00 -1.0746E+00 -1.0747E+00
 -7.1872E-01 -1.8660E+00 -1.8662E+00 -1.0788E+00 -1.0789E+00
 -7.0571E-01 -1.8849E+00 -1.8852E+00 -1.0830E+00 -1.0831E+00
 -6.9269E-01 -1.9040E+00 -1.9042E+00 -1.0872E+00 -1.0872E+00
 -6.7968E-01 -1.9232E+00 -1.9235E+00 -1.0913E+00 -1.0914E+00
 -6.6667E-01 -1.9426E+00 -1.9428E+00 -1.0954E+00 -1.0954E+00
 -6.5365E-01 -1.9621E+00 -1.9623E+00 -1.0994E+00 -1.0995E+00
 -6.4064E-01 -1.9817E+00 -1.9820E+00 -1.1035E+00 -1.1035E+00
 -6.2763E-01 -2.0015E+00 -2.0018E+00 -1.1074E+00 -1.1075E+00
 -6.1461E-01 -2.0214E+00 -2.0217E+00 -1.1114E+00 -1.1115E+00
 -6.0160E-01 -2.0415E+00 -2.0418E+00 -1.1153E+00 -1.1154E+00
 -5.8859E-01 -2.0617E+00 -2.0620E+00 -1.1192E+00 -1.1193E+00
 -5.7558E-01 -2.0821E+00 -2.0824E+00 -1.1231E+00 -1.1231E+00
 -5.6256E-01 -2.1027E+00 -2.1030E+00 -1.1269E+00 -1.1269E+00
 -5.4955E-01 -2.1234E+00 -2.1237E+00 -1.1307E+00 -1.1307E+00
 -5.3654E-01 -2.1442E+00 -2.1445E+00 -1.1344E+00 -1.1345E+00
 -5.2352E-01 -2.1652E+00 -2.1655E+00 -1.1381E+00 -1.1382E+00
 -5.1051E-01 -2.1864E+00 -2.1867E+00 -1.1418E+00 -1.1419E+00
 -4.9750E-01 -2.2077E+00 -2.2080E+00 -1.1455E+00 -1.1455E+00
 -4.8448E-01 -2.2292E+00 -2.2295E+00 -1.1491E+00 -1.1492E+00
 -4.7147E-01 -2.2509E+00 -2.2512E+00 -1.1527E+00 -1.1528E+00
 -4.5846E-01 -2.2727E+00 -2.2731E+00 -1.1563E+00 -1.1563E+00
 -4.4545E-01 -2.2947E+00 -2.2951E+00 -1.1598E+00 -1.1599E+00
 -4.3243E-01 -2.3169E+00 -2.3173E+00 -1.1633E+00 -1.1634E+00
 -4.1942E-01 -2.3393E+00 -2.3397E+00 -1.1668E+00 -1.1669E+00
 -4.0641E-01 -2.3618E+00 -2.3622E+00 -1.1703E+00 -1.1703E+00
 -3.9339E-01 -2.3846E+00 -2.3849E+00 -1.1737E+00 -1.1738E+00
 -3.8038E-01 -2.4075E+00 -2.4079E+00 -1.1771E+00 -1.1772E+00
 -3.6737E-01 -2.4306E+00 -2.4310E+00 -1.1805E+00 -1.1805E+00
 -3.5435E-01 -2.4539E+00 -2.4542E+00 -1.1838E+00 -1.1839E+00
 -3.4134E-01 -2.4773E+00 -2.4777E+00 -1.1871E+00 -1.1872E+00
 -3.2833E-01 -2.5010E+00 -2.5014E+00 -1.1904E+00 -1.1905E+00
 -3.1532E-01 -2.5249E+00 -2.5253E+00 -1.1937E+00 -1.1937E+00
 -3.0230E-01 -2.5489E+00 -2.5494E+00 -1.1969E+00 -1.1970E+00
 -2.8929E-01 -2.5732E+00 -2.5736E+00 -1.2001E+00 -1.2002E+00
 -2.7628E-01 -2.5977E+00 -2.5981E+00 -1.2033E+00 -1.2034E+00
 -2.6326E-01 -2.6224E+00 -2.6228E+00 -1.2065E+00 -1.2065E+00
 -2.5025E-01 -2.6472E+00 -2.6477E+00 -1.2096E+00 -1.2097E+00
 -2.3724E-01 -2.6723E+00 -2.6728E+00 -1.2127E+00 -1.2128E+00
 -2.2422E-01 -2.6977E+00 -2.6981E+00 -1.2158E+00 -1.2159E+00
 -2.1121E-01 -2.7232E+00 -2.7237E+00 -1.2189E+00 -1.2189E+00
 -1.9820E-01 -2.7490E+00 -2.7495E+00 -1.2219E+00 -1.2220E+00
 -1.8519E-01 -2.7750E+00 -2.7755E+00 -1.2249E+00 -1.2250E+00
 -1.7217E-01 -2.8012E+00 -2.8017E+00 -1.2279E+00 -1.2280E+00
 -1.5916E-01 -2.8276E+00 -2.8281E+00 -1.2309E+00 -1.2309E+00
 -1.4615E-01 -2.8543E+00 -2.8548E+00 -1.2338E+00 -1.2339E+00
 -1.3313E-01 -2.8812E+00 -2.8818E+00 -1.2367E+00 -1.2368E+00
 -1.2012E-01 -2.9084E+00 -2.9090E+00 -1.2396E+00 -1.2397E+00
 -1.0711E-01 -2.9358E+00 -2.9364E+00 -1.2425E+00 -1.2426E+00
 -9.4094E-02 -2.9635E+00 -2.9640E+00 -1.2454E+00 -1.2454E+00
 -8.1081E-02 -2.9914E+00 -2.9920E+00 -1.2482E+00 -1.2482E+00
 -6.8068E-02 -3.0196E+00 -3.0202E+00 -1.2510E+00 -1.2510E+00
 -5.5055E-02 -3.0480E+00 -3.0486E+00 -1.2538E+00 -1.2538E+00
 -4.2042E-02 -3.0767E+00 -3.0773E+00 -1.2565E+00 -1.2566E+00
 -2.9029E-02 -3.1057E+00 -3.1063E+00 -1.2593E+00 -1.2593E+00
 -1.6016E-02 -3.1349E+00 -3.1355E+00 -1.2620E+00 -1.2621E+00
 -3.0030E-03 -3.1644E+00 -3.1651E+00 -1.2647E+00 -1.2648E+00
  1.0010E-02 -3.1942E+00 -3.1949E+00 -1.2674E+00 -1.2675E+00
  2.3023E-02 -3.2243E+00 -3.2250E+00 -1.2701E+00 -1.2701E+00
  3.6036E-02 -3.2547E+00 -3.2554E+00 -1.2727E+00 -1.2728E+00
  4.9049E-02 -3.2854E+00 -3.2860E+00 -1.2753E+00 -1.2754E+00
  6.2062E-02 -3.3164E+00 -3.3170E+00 -1.2779E+00 -1.2780E+00
  7.5075E-02 -3.3476E+00 -3.3483E+00 -1.2805E+00 -1.2806E+00
  8.8088E-02 -3.3792E+00 -3.3799E+00 -1.2831E+00 -1.2831E+00
  1.0110E-01 -3.4111E+00 -3.4118E+00 -1.2856E+00 -1.2857E+00
  1.1411E-01 -3.4433E+00 -3.4440E+00 -1.2882E+00 -1.2882E+00
  1.2713E-01 -3.4759E+00 -3.4766E+00 -1.2907E+00 -1.2907E+00
  1.4014E-01 -3.5087E+00 -3.5094E+00 -1.2932E+00 -1.2932E+00
  1.5315E-01 -3.5419E+00 -3.5427E+00 -1.2956E+00 -1.2957E+00
  1.6617E-01 -3.5755E+00 -3.5762E+00 -1.2981E+00 -1.2981E+00
  1.7918E-01 -3.6093E+00 -3.6101E+00 -1.3005E+00 -1.3006E+00
  1.9219E-01 -3.6436E+00 -3.6443E+00 -1.3029E+00 -1.3030E+00
  2.0521E-01 -3.6782E+00 -3.6790E+00 -1.3053E+00 -1.3054E+00
  2.1822E-01 -3.7131E+00 -3.7139E+00 -1.3077E+00 -1.3078E+00
  2.3123E-01 -3.7484E+00 -3.7492E+00 -1.3101E+00 -1.3101E+00
  2.4424E-01 -3.7841E+00 -3.7850E+00 -1.3124E+00 -1.3125E+00
  2.5726E-01 -3.8202E+00 -3.8210E+00 -1.3148E+00 -1.3148E+00
  2.7027E-01 -3.8567E+00 -3.8575E+00 -1.3171E+00 -1.3171E+00
  2.8328E-01 -3.8935E+00 -3.8944E+00 -1.3194E+00 -1.3194E+00
  2.9630E-01 -3.9308E+00 -3.9317E+00 -1.3217E+00 -1.3217E+00
  3.0931E-01 -3.9685E+00 -3.9694E+00 -1.3239E+00 -1.3240E+00
  3.2232E-01 -4.0066E+00 -4.0074E+00 -1.3262E+00 -1.3263E+00
  3.3534E-01 -4.0451E+00 -4.0460E+00 -1.3284E+00 -1.3285E+00
  3.4835E-01 -4.0840E+00 -4.0849E+00 -1.3307E+00 -1.3307E+00
  3.6136E-01 -4.1234E+00 -4.1243E+00 -1.3329E+00 -1.3329E+00
  3.7437E-01 -4.1632E+00 -4.1641E+00 -1.3351E+00 -1.3351E+00
  3.8739E-01 -4.2035E+00 -4.2044E+00 -1.3372E+00 -1.3373E+00
  4.0040E-01 -4.2442E+00 -4.2452E+00 -1.3394E+00 -1.3395E+00
  4.1341E-01 -4.2854E+00 -4.2864E+00 -1.3415E+00 -1.3416E+00
  4.2643E-01 -4.3271E+00 -4.3281E+00 -1.3437E+00 -1.3437E+00
  4.3944E-01 -4.3693E+00 -4.3703E+00 -1.3458E+00 -1.3458E+00
  4.5245E-01 -4.4119E+00 -4.4129E+00 -1.3479E+00 -1.3480E+00
  4.6547E-01 -4.4551E+00 -4.4561E+00 -1.3500E+00 -1.3500E+00
  4.7848E-01 -4.4988E+00 -4.4998E+00 -1.3521E+00 -1.3521E+00
  4.9149E-01 -4.5430E+00 -4.5440E+00 -1.3541E+00 -1.3542E+00
  5.0450E-01 -4.5877E+00 -4.5888E+00 -1.3562E+00 -1.3562E+00
  5.1752E-01 -4.6330E+00 -4.6341E+00 -1.3582E+00 -1.3583E+00
  5.3053E-01 -4.6789E+00 -4.6800E+00 -1.3602E+00 -1.3603E+00
  5.4354E-01 -4.7253E+00 -4.7264E+00 -1.3622E+00 -1.3623E+00
  5.5656E-01 -4.7723E+00 -4.7734E+00 -1.3642E+00 -1.3643E+00
  5.6957E-01 -4.8198E+00 -4.8210E+00 -1.3662E+00 -1.3663E+00
  5.8258E-01 -4.8680E+00 -4.8692E+00 -1.3682E+00 -1.3682E+00
  5.9560E-01 -4.9168E+00 -4.9180E+00 -1.3701E+00 -1.3702E+00
  6.0861E-01 -4.9662E+00 -4.9674E+00 -1.3721E+00 -1.3721E+00
  6.2162E-01 -5.0163E+00 -5.0175E+00 -1.3740E+00 -1.3741E+00
  6.3463E-01 -5.0670E+00 -5.0682E+00 -1.3759E+00 -1.3760E+00
  6.4765E-01 -5.1183E+00 -5.1196E+00 -1.3779E+00 -1.3779E+00
  6.6066E-01 -5.1704E+00 -5.1716E+00 -1.3797E+00 -1.3798E+00
  6.7367E-01 -5.2231E+00 -5.2243E+00 -1.3816E+00 -1.3817E+00
  6.8669E-01 -5.2765E+00 -5.2778E+00 -1.3835E+00 -1.3835E+00
  6.9970E-01 -5.3307E+00 -5.3320E+00 -1.3854E+00 -1.3854E+00
  7.1271E-01 -5.3856E+00 -5.3869E+00 -1.3872E+00 -1.3872E+00
  7.2573E-01 -5.4412E+00 -5.4425E+00 -1.3890E+00 -1.3891E+00
  7.3874E-01 -5.4976E+00 -5.4989E+00 -1.3909E+00 -1.3909E+00
  7.5175E-01 -5.5548E+00 -5.5561E+00 -1.3927E+00 -1.3927E+00
  7.6476E-01 -5.6128E+00 -5.6141E+00 -1.3945E+00 -1.3945E+00
  7.7778E-01 -5.6716E+00 -5.6730E+00 -1.3963E+00 -1.3963E+00
  7.9079E-01 -5.7312E+00 -5.7326E+00 -1.3981E+00 -1.3981E+00
  8.0380E-01 -5.7917E+00 -5.7931E+00 -1.3998E+00 -1.3999E+00
  8.1682E-01 -5.8531E+00 -5.8545E+00 -1.4016E+00 -1.4016E+00
  8.2983E-01 -5.9153E+00 -5.9168E+00 -1.4033E+00 -1.4034E+00
  8.4284E-01 -5.9785E+00 -5.9800E+00 -1.4051E+00 -1.4051E+00
  8.5586E-01 -6.0426E+00 -6.0441E+00 -1.4068E+00 -1.4068E+00
  8.6887E-01 -6.1077E+00 -6.1092E+00 -1.4085E+00 -1.4085E+00
  8.8188E-01 -6.1737E+00 -6.1752E+00 -1.4102E+00 -1.4103E+00
  8.9489E-01 -6.2408E+00 -6.2423E+00 -1.4119E+00 -1.4119E+00
  9.0791E-01 -6.3088E+00 -6.3104E+00 -1.4136E+00 -1.4136E+00
  9.2092E-01 -6.3780E+00 -6.3795E+00 -1.4153E+00 -1.4153E+00
  9.3393E-01 -6.4481E+00 -6.4497E+00 -1.4169E+00 -1.4170E+00
  9.4695E-01 -6.5194E+00 -6.5210E+00 -1.4186E+00 -1.4186E+00
  9.5996E-01 -6.5919E+00 -6.5935E+00 -1.4202E+00 -1.4203E+00
  9.7297E-01 -6.6654E+00 -6.6671E+00 -1.4219E+00 -1.4219E+00
  9.8599E-01 -6.7402E+00 -6.7418E+00 -1.4235E+00 -1.4235E+00
  9.9900E-01 -6.8162E+00 -6.8178E+00 -1.4251E+00 -1.4252E+00
  1.0120E+00 -6.8934E+00 -6.8951E+00 -1.4267E+00 -1.4268E+00
  1.0250E+00 -6.9719E+00 -6.9736E+00 -1.4283E+00 -1.4284E+00
  1.0380E+00 -7.0517E+00 -7.0534E+00 -1.4299E+00 -1.4300E+00
  1.0511E+00 -7.1328E+00 -7.1346E+00 -1.4315E+00 -1.4315E+00
  1.0641E+00 -7.2153E+00 -7.2171E+00 -1.4331E+00 -1.4331E+00
  1.0771E+00 -7.2992E+00 -7.3010E+00 -1.4346E+00 -1.4347E+00
  1.0901E+00 -7.3846E+00 -7.3864E+00 -1.4362E+00 -1.4362E+00
  1.1031E+00 -7.4715E+00 -7.4733E+00 -1.4377E+00 -1.4378E+00
  1.1161E+00 -7.5599E+00 -7.5618E+00 -1.4393E+00 -1.4393E+00
  1.1291E+00 -7.6499E+00 -7.6517E+00 -1.4408E+00 -1.4408E+00
  1.1421E+00 -7.7414E+00 -7.7434E+00 -1.4423E+00 -1.4424E+00
  1.1552E+00 -7.8347E+00 -7.8366E+00 -1.4438E+00 -1.4439E+00
  1.1682E+00 -7.9296E+00 -7.9316E+00 -1.4453E+00 -1.4454E+00
  1.1812E+00 -8.0264E+00 -8.0283E+00 -1.4468E+00 -1.4469E+00
  1.1942E+00 -8.1249E+00 -8.1269E+00 -1.4483E+00 -1.4484E+00
  1.2072E+00 -8.2252E+00 -8.2273E+00 -1.4498E+00 -1.4498E+00
  1.2202E+00 -8.3275E+00 -8.3296E+00 -1.4513E+00 -1.4513E+00
  1.2332E+00 -8.4318E+00 -8.4338E+00 -1.4527E+00 -1.4528E+00
  1.2462E+00 -8.5381E+00 -8.5401E+00 -1.4542E+00 -1.4542E+00
  1.2593E+00 -8.6464E+00 -8.6485E+00 -1.4557E+00 -1.4557E+00
  1.2723E+00 -8.7569E+00 -8.7591E+00 -1.4571E+00 -1.4571E+00
  1.2853E+00 -8.8697E+00 -8.8718E+00 -1.4585E+00 -1.4586E+00
  1.2983E+00 -8.9847E+00 -8.9869E+00 -1.4600E+00 -1.4600E+00
  1.3113E+00 -9.1021E+00 -9.1043E+00 -1.4614E+00 -1.4614E+00
  1.3243E+00 -9.2219E+00 -9.2241E+00 -1.4628E+00 -1.4628E+00
  1.3373E+00 -9.3442E+00 -9.3465E+00 -1.4642E+00 -1.4642E+00
  1.3504E+00 -9.4691E+00 -9.4714E+00 -1.4656E+00 -1.4656E+00
  1.3634E+00 -9.5967E+00 -9.5990E+00 -1.4670E+00 -1.4670E+00
  1.3764E+00 -9.7270E+00 -9.7294E+00 -1.4683E+00 -1.4684E+00
  1.3894E+00 -9.8602E+00 -9.8626E+00 -1.4697E+00 -1.4697E+00
  1.4024E+00 -9.9964E+00 -9.9988E+00 -1.4711E+00 -1.4711E+00
  1.4154E+00 -1.0136E+01 -1.0138E+01 -1.4725E+00 -1.4725E+00
  1.4284E+00 -1.0278E+01 -1.0280E+01 -1.4738E+00 -1.4738E+00
  1.4414E+00 -1.0424E+01 -1.0426E+01 -1.4752E+00 -1.4752E+00
  1.4545E+00 -1.0573E+01 -1.0575E+01 -1.4765E+00 -1.4765E+00
  1.4675E+00 -1.0725E+01 -1.0728E+01 -1.4778E+00 -1.4778E+00
  1.4805E+00 -1.0881E+01 -1.0884E+01 -1.4792E+00 -1.4792E+00
  1.4935E+00 -1.1041E+01 -1.1044E+01 -1.4805E+00 -1.4805E+00
  1.5065E+00 -1.1205E+01 -1.1208E+01 -1.4818E+00 -1.4818E+00
  1.5195E+00 -1.1373E+01 -1.1376E+01 -1.4831E+00 -1.4831E+00
  1.5325E+00 -1.1545E+01 -1.1548E+01 -1.4844E+00 -1.4844E+00
  1.5455E+00 -1.1721E+01 -1.1724E+01 -1.4857E+00 -1.4857E+00
  1.5586E+00 -1.1902E+01 -1.1905E+01 -1.4870E+00 -1.4870E+00
  1.5716E+00 -1.2088E+01 -1.2091E+01 -1.4883E+00 -1.4883E+00
  1.5846E+00 -1.2279E+01 -1.2282E+01 -1.4895E+00 -1.4896E+00
  1.5976E+00 -1.2474E+01 -1.2477E+01 -1.4908E+00 -1.4908E+00
  1.6106E+00 -1.2676E+01 -1.2678E+01 -1.4921E+00 -1.4921E+00
  1.6236E+00 -1.2882E+01 -1.2885E+01 -1.4933E+00 -1.4933E+00
  1.6366E+00 -1.3094E+01 -1.3097E+01 -1.4946E+00 -1.4946E+00
  1.6496E+00 -1.3313E+01 -1.3316E+01 -1.4958E+00 -1.4958E+00
  1.6627E+00 -1.3538E+01 -1.3541E+01 -1.4971E+00 -1.4971E+00
  1.6757E+00 -1.3769E+01 -1.3772E+01 -1.4983E+00 -1.4983E+00
  1.6887E+00 -1.4007E+01 -1.4010E+01 -1.4995E+00 -1.4995E+00
  1.7017E+00 -1.4252E+01 -1.4255E+01 -1.5007E+00 -1.5008E+00
  1.7147E+00 -1.4505E+01 -1.4508E+01 -1.5020E+00 -1.5020E+00
  1.7277E+00 -1.4766E+01 -1.4769E+01 -1.5032E+00 -1.5032E+00
  1.7407E+00 -1.5034E+01 -1.5038E+01 -1.5044E+00 -1.5044E+00
  1.7538E+00 -1.5312E+01 -1.5315E+01 -1.5056E+00 -1.5056E+00
  1.7668E+00 -1.5598E+01 -1.5602E+01 -1.5068E+00 -1.5068E+00
  1.7798E+00 -1.5894E+01 -1.5898E+01 -1.5080E+00 -1.5080E+00
  1.7928E+00 -1.6200E+01 -1.6204E+01 -1.5091E+00 -1.5092E+00
  1.8058E+00 -1.6517E+01 -1.6521E+01 -1.5103E+00 -1.5103E+00
  1.8188E+00 -1.6845E+01 -1.6848E+01 -1.5115E+00 -1.5115E+00
  1.8318E+00 -1.7184E+01 -1.7188E+01 -1.5127E+00 -1.5127E+00
  1.8448E+00 -1.7536E+01 -1.7539E+01 -1.5138E+00 -1.5138E+00
  1.8579E+00 -1.7900E+01 -1.7904E+01 -1.5150E+00 -1.5150E+00
  1.8709E+00 -1.8279E+01 -1.8282E+01 -1.5161E+00 -1.5162E+00
  1.8839E+00 -1.8671E+01 -1.8675E+01 -1.5173E+00 -1.5173E+00
  1.8969E+00 -1.9080E+01 -1.9083E+01 -1.5184E+00 -1.5184E+00
  1.9099E+00 -1.9504E+01 -1.9508E+01 -1.5196E+00 -1.5196E+00
  1.9229E+00 -1.9946E+01 -1.9950E+01 -1.5207E+00 -1.5207E+00
  1.9359E+00 -2.0406E+01 -2.0410E+01 -1.5218E+00 -1.5218E+00
  1.9489E+00 -2.0886E+01 -2.0890E+01 -1.5230E+00 -1.5230E+00
  1.9620E+00 -2.1387E+01 -2.1391E+01 -1.5241E+00 -1.5241E+00
  1.9750E+00 -2.1910E+01 -2.1914E+01 -1.5252E+00 -1.5252E+00
  1.9880E+00 -2.2456E+01 -2.2461E+01 -1.5263E+00 -1.5263E+00
  2.0010E+00 -2.3029E+01 -2.3033E+01 -1.5274E+00 -1.5274E+00
  2.0140E+00 -2.3628E+01 -2.3632E+01 -1.5285E+00 -1.5285E+00
  2.0270E+00 -2.4257E+01 -2.4261E+01 -1.5296E+00 -1.5296E+00
  2.0400E+00 -2.4917E+01 -2.4922E+01 -1.5307E+00 -1.5307E+00
  2.0531E+00 -2.5611E+01 -2.5616E+01 -1.5318E+00 -1.5318E+00
  2.0661E+00 -2.6342E+01 -2.6347E+01 -1.5329E+00 -1.5329E+00
  2.0791E+00 -2.7112E+01 -2.7117E+01 -1.5339E+00 -1.5339E+00
  2.0921E+00 -2.7926E+01 -2.7931E+01 -1.5350E+00 -1.5350E+00
  2.1051E+00 -2.8786E+01 -2.8791E+01 -1.5361E+00 -1.5361E+00
  2.1181E+00 -2.9696E+01 -2.9701E+01 -1.5371E+00 -1.5371E+00
  2.1311E+00 -3.0662E+01 -3.0667E+01 -1.5382E+00 -1.5382E+00
  2.1441E+00 -3.1689E+01 -3.1694E+01 -1.5393E+00 -1.5393E+00
  2.1572E+00 -3.2782E+01 -3.2788E+01 -1.5403E+00 -1.5403E+00
  2.1702E+00 -3.3949E+01 -3.3954E+01 -1.5413E+00 -1.5414E+00
  2.1832E+00 -3.5196E+01 -3.5202E+01 -1.5424E+00 -1.5424E+00
  2.1962E+00 -3.6533E+01 -3.6539E+01 -1.5434E+00 -1.5434E+00
  2.2092E+00 -3.7970E+01 -3.7976E+01 -1.5445E+00 -1.5445E+00
  2.2222E+00 -3.9518E+01 -3.9524E+01 -1.5455E+00 -1.5455E+00
  2.2352E+00 -4.1190E+01 -4.1196E+01 -1.5465E+00 -1.5465E+00
  2.2482E+00 -4.3003E+01 -4.3009E+01 -1.5475E+00 -1.5475E+00
  2.2613E+00 -4.4975E+01 -4.4981E+01 -1.5486E+00 -1.5486E+00
  2.2743E+00 -4.7127E+01 -4.7134E+01 -1.5496E+00 -1.5496E+00
  2.2873E+00 -4.9487E+01 -4.9494E+01 -1.5506E+00 -1.5506E+00
  2.3003E+00 -5.2084E+01 -5.2091E+01 -1.5516E+00 -1.5516E+00
  2.3133E+00 -5.4958E+01 -5.4965E+01 -1.5526E+00 -1.5526E+00
  2.3263E+00 -5.8154E+01 -5.8162E+01 -1.5536E+00 -1.5536E+00
  2.3393E+00 -6.1731E+01 -6.1740E+01 -1.5546E+00 -1.5546E+00
  2.3524E+00 -6.5761E+01 -6.5770E+01 -1.5556E+00 -1.5556E+00
  2.3654E+00 -7.0335E+01 -7.0344E+01 -1.5566E+00 -1.5566E+00
  2.3784E+00 -7.5572E+01 -7.5582E+01 -1.5576E+00 -1.5576E+00
  2.3914E+00 -8.1628E+01 -8.1638E+01 -1.5585E+00 -1.5585E+00
  2.4044E+00 -8.8710E+01 -8.8721E+01 -1.5595E+00 -1.5595E+00
  2.4174E+00 -9.7104E+01 -9.7116E+01 -1.5605E+00 -1.5605E+00
  2.4304E+00 -1.0721E+02 -1.0723E+02 -1.5615E+00 -1.5615E+00
  2.4434E+00 -1.1962E+02 -1.1963E+02 -1.5624E+00 -1.5624E+00
  2.4565E+00 -1.3521E+02 -1.3523E+02 -1.5634E+00 -1.5634E+00
  2.4695E+00 -1.5539E+02 -1.5541E+02 -1.5644E+00 -1.5644E+00
  2.4825E+00 -1.8254E+02 -1.8256E+02 -1.5653E+00 -1.5653E+00
  2.4955E+00 -2.2101E+02 -2.2104E+02 -1.5663E+00 -1.5663E+00
  2.5085E+00 -2.7977E+02 -2.7981E+02 -1.5672E+00 -1.5672E+00
  2.5215E+00 -3.8062E+02 -3.8068E+02 -1.5682E+00 -1.5682E+00
  2.5345E+00 -5.9398E+02 -5.9408E+02 -1.5691E+00 -1.5691E+00
  2.5475E+00 -1.3457E+03 -1.3461E+03 -1.5701E+00 -1.5701E+00
  2.5606E+00  5.1514E+03  5.1474E+03 -1.5710E+00 -1.5710E+00
  2.5736E+00  8.8642E+02  8.8635E+02 -1.5719E+00 -1.5719E+00
  2.5866E+00  4.8568E+02  4.8567E+02 -1.5729E+00 -1.5729E+00
  2.5996E+00  3.3482E+02  3.3483E+02 -1.5738E+00 -1.5738E+00
  2.6126E+00  2.5567E+02  2.5568E+02 -1.5747E+00 -1.5747E+00
  2.6256E+00  2.0692E+02  2.0693E+02 -1.5756E+00 -1.5756E+00
  2.6386E+00  1.7388E+02  1.7388E+02 -1.5765E+00 -1.5765E+00
  2.6517E+00  1.5001E+02  1.5001E+02 -1.5775E+00 -1.5775E+00
  2.6647E+00  1.3195E+02  1.3195E+02 -1.5784E+00 -1.5784E+00
  2.6777E+00  1.1781E+02  1.1781E+02 -1.5793E+00 -1.5793E+00
  2.6907E+00  1.0645E+02  1.0645E+02 -1.5802E+00 -1.5802E+00
  2.7037E+00  9.7106E+01  9.7108E+01 -1.5811E+00 -1.5811E+00
  2.7167E+00  8.9298E+01  8.9299E+01 -1.5820E+00 -1.5820E+00
  2.7297E+00  8.2671E+01  8.2672E+01 -1.5829E+00 -1.5829E+00
  2.7427E+00  7.6976E+01  7.6977E+01 -1.5838E+00 -1.5838E+00
  2.7558E+00  7.2031E+01  7.2031E+01 -1.5847E+00 -1.5847E+00
  2.7688E+00  6.7695E+01  6.7695E+01 -1.5856E+00 -1.5856E+00
  2.7818E+00  6.3863E+01  6.3863E+01 -1.5865E+00 -1.5865E+00
  2.7948E+00  6.0452E+01  6.0451E+01 -1.5873E+00 -1.5873E+00
  2.8078E+00  5.7395E+01  5.7395E+01 -1.5882E+00 -1.5882E+00
  2.8208E+00  5.4641E+01  5.4640E+01 -1.5891E+00 -1.5891E+00
  2.8338E+00  5.2147E+01  5.2146E+01 -1.5900E+00 -1.5900E+00
  2.8468E+00  4.9876E+01  4.9875E+01 -1.5908E+00 -1.5908E+00
  2.8599E+00  4.7802E+01  4.7801E+01 -1.5917E+00 -1.5917E+00
  2.8729E+00  4.5898E+01  4.5897E+01 -1.5926E+00 -1.5926E+00
  2.8859E+00  4.4146E+01  4.4144E+01 -1.5934E+00 -1.5934E+00
  2.8989E+00  4.2527E+01  4.2525E+01 -1.5943E+00 -1.5943E+00
  2.9119E+00  4.1026E+01  4.1025E+01 -1.5952E+00 -1.5952E+00
  2.9249E+00  3.9632E+01  3.9630E+01 -1.5960E+00 -1.5960E+00
  2.9379E+00  3.8334E+01  3.8332E+01 -1.5969E+00 -1.5969E+00
  2.9510E+00  3.7121E+01  3.7119E+01 -1.5977E+00 -1.5977E+00
  2.9640E+00  3.5985E+01  3.5983E+01 -1.5986E+00 -1.5986E+00
  2.9770E+00  3.4920E+01  3.4918E+01 -1.5994E+00 -1.5994E+00
  2.9900E+00  3.3919E+01  3.3917E+01 -1.6003E+00 -1.6003E+00
  3.0030E+00  3.2977E+01  3.2974E+01 -1.6011E+00 -1.6011E+00
  3.0160E+00  3.2088E+01  3.2085E+01 -1.6020E+00 -1.6020E+00
  3.0290E+00  3.1247E+01  3.1245E+01 -1.6028E+00 -1.6028E+00
  3.0420E+00  3.0452E+01  3.0450E+01 -1.6036E+00 -1.6036E+00
  3.0551E+00  2.9699E+01  2.9696E+01 -1.6045E+00 -1.6045E+00
  3.0681E+00  2.8983E+01  2.8980E+01 -1.6053E+00 -1.6053E+00
  3.0811E+00  2.8303E+01  2.8301E+01 -1.6061E+00 -1.6061E+00
  3.0941E+00  2.7656E+01  2.7653E+01 -1.6069E+00 -1.6069E+00
  3.1071E+00  2.7040E+01  2.7037E+01 -1.6078E+00 -1.6078E+00
  3.1201E+00  2.6452E+01  2.6449E+01 -1.6086E+00 -1.6086E+00
  3.1331E+00  2.5891E+01  2.5887E+01 -1.6094E+00 -1.6094E+00
  3.1461E+00  2.5354E+01  2.5350E+01 -1.6102E+00 -1.6102E+00
  3.1592E+00  2.4840E+01  2.4837E+01 -1.6110E+00 -1.6110E+00
  3.1722E+00  2.4348E+01  2.4345E+01 -1.6118E+00 -1.6118E+00
  3.1852E+00  2.3876E+01  2.3873E+01 -1.6127E+00 -1.6127E+00
  3.1982E+00  2.3424E+01  2.3420E+01 -1.6135E+00 -1.6135E+00
  3.2112E+00  2.2989E+01  2.2986E+01 -1.6143E+00 -1.6143E+00
  3.2242E+00  2.2571E+01  2.2568E+01 -1.6151E+00 -1.6151E+00
  3.2372E+00  2.2169E+01  2.2166E+01 -1.6159E+00 -1.6159E+00
  3.2503E+00  2.1783E+01  2.1779E+01 -1.6167E+00 -1.6167E+00
  3.2633E+00  2.1410E+01  2.1406E+01 -1.6175E+00 -1.6175E+00
  3.2763E+00  2.1051E+01  2.1047E+01 -1.6183E+00 -1.6183E+00
  3.2893E+00  2.0704E+01  2.0700E+01 -1.6191E+00 -1.6191E+00
  3.3023E+00  2.0370E+01  2.0366E+01 -1.6198E+00 -1.6199E+00
  3.3153E+00  2.0046E+01  2.0042E+01 -1.6206E+00 -1.6206E+00
  3.3283E+00  1.9734E+01  1.9730E+01 -1.6214E+00 -1.6214E+00
  3.3413E+00  1.9432E+01  1.9428E+01 -1.6222E+00 -1.6222E+00
  3.3544E+00  1.9140E+01  1.9136E+01 -1.6230E+00 -1.6230E+00
  3.3674E+00  1.8857E+01  1.8853E+01 -1.6238E+00 -1.6238E+00
  3.3804E+00  1.8583E+01  1.8579E+01 -1.6246E+00 -1.6246E+00
  3.3934E+00  1.8318E+01  1.8313E+01 -1.6253E+00 -1.6253E+00
  3.4064E+00  1.8060E+01  1.8056E+01 -1.6261E+00 -1.6261E+00
  3.4194E+00  1.7810E+01  1.7806E+01 -1.6269E+00 -1.6269E+00
  3.4324E+00  1.7568E+01  1.7563E+01 -1.6277E+00 -1.6277E+00
  3.4454E+00  1.7333E+01  1.7328E+01 -1.6284E+00 -1.6284E+00
  3.4585E+00  1.7104E+01  1.7099E+01 -1.6292E+00 -1.6292E+00
  3.4715E+00  1.6882E+01  1.6877E+01 -1.6300E+00 -1.6300E+00
  3.4845E+00  1.6666E+01  1.6661E+01 -1.6307E+00 -1.6307E+00
  3.4975E+00  1.6456E+01  1.6451E+01 -1.6315E+00 -1.6315E+00
  3.5105E+00  1.6251E+01  1.6246E+01 -1.6323E+00 -1.6323E+00
  3.5235E+00  1.6052E+01  1.6047E+01 -1.6330E+00 -1.6330E+00
  3.5365E+00  1.5858E+01  1.5853E+01 -1.6338E+00 -1.6338E+00
  3.5495E+00  1.5670E+01  1.5664E+01 -1.6345E+00 -1.6345E+00
  3.5626E+00  1.5486E+01  1.5481E+01 -1.6353E+00 -1.6353E+00
  3.5756E+00  1.5306E+01  1.5301E+01 -1.6360E+00 -1.6361E+00
  3.5886E+00  1.5132E+01  1.5126E+01 -1.6368E+00 -1.6368E+00
  3.6016E+00  1.4961E+01  1.4956E+01 -1.6375E+00 -1.6376E+00
  3.6146E+00  1.4795E+01  1.4789E+01 -1.6383E+00 -1.6383E+00
  3.6276E+00  1.4632E+01  1.4627E+01 -1.6390E+00 -1.6391E+00
  3.6406E+00  1.4474E+01  1.4468E+01 -1.6398E+00 -1.6398E+00
  3.6537E+00  1.4319E+01  1.4313E+01 -1.6405E+00 -1.6405E+00
  3.6667E+00  1.4168E+01  1.4162E+01 -1.6413E+00 -1.6413E+00
  3.6797E+00  1.4020E+01  1.4014E+01 -1.6420E+00 -1.6420E+00
  3.6927E+00  1.3875E+01  1.3870E+01 -1.6427E+00 -1.6428E+00
  3.7057E+00  1.3734E+01  1.3728E+01 -1.6435E+00 -1.6435E+00
  3.7187E+00  1.3596E+01  1.3590E+01 -1.6442E+00 -1.6442E+00
  3.7317E+00  1.3461E+01  1.3455E+01 -1.6450E+00 -1.6450E+00
  3.7447E+00  1.3329E+01  1.3323E+01 -1.6457E+00 -1.6457E+00
  3.7578E+00  1.3199E+01  1.3193E+01 -1.6464E+00 -1.6464E+00
  3.7708E+00  1.3072E+01  1.3066E+01 -1.6471E+00 -1.6472E+00
  3.7838E+00  1.2948E+01  1.2942E+01 -1.6479E+00 -1.6479E+00
  3.7968E+00  1.2827E+01  1.2821E+01 -1.6486E+00 -1.6486E+00
  3.8098E+00  1.2708E+01  1.2702E+01 -1.6493E+00 -1.6494E+00
  3.8228E+00  1.2591E+01  1.2585E+01 -1.6501E+00 -1.6501E+00
  3.8358E+00  1.2477E+01  1.2471E+01 -1.6508E+00 -1.6508E+00
  3.8488E+00  1.2365E+01  1.2359E+01 -1.6515E+00 -1.6515E+00
  3.8619E+00  1.2255E+01  1.2249E+01 -1.6522E+00 -1.6523E+00
  3.8749E+00  1.2147E+01  1.2141E+01 -1.6529E+00 -1.6530E+00
  3.8879E+00  1.2042E+01  1.2035E+01 -1.6537E+00 -1.6537E+00
  3.9009E+00  1.1938E+01  1.1931E+01 -1.6544E+00 -1.6544E+00
  3.9139E+00  1.1836E+01  1.1830E+01 -1.6551E+00 -1.6551E+00
  3.9269E+00  1.1736E+01  1.1730E+01 -1.6558E+00 -1.6558E+00
  3.9399E+00  1.1638E+01  1.1632E+01 -1.6565E+00 -1.6566E+00
  3.9530E+00  1.1542E+01  1.1535E+01 -1.6572E+00 -1.6573E+00
  3.9660E+00  1.1448E+01  1.1441E+01 -1.6579E+00 -1.6580E+00
  3.9790E+00  1.1355E+01  1.1348E+01 -1.6586E+00 -1.6587E+00
  3.9920E+00  1.1264E+01  1.1257E+01 -1.6593E+00 -1.6594E+00
  4.0050E+00  1.1174E+01  1.1167E+01 -1.6601E+00 -1.6601E+00
  4.0180E+00  1.1086E+01  1.1079E+01 -1.6608E+00 -1.6608E+00
  4.0310E+00  1.0999E+01  1.0992E+01 -1.6615E+00 -1.6615E+00
  4.0440E+00  1.0914E+01  1.0907E+01 -1.6622E+00 -1.6622E+00
  4.0571E+00  1.0831E+01  1.0824E+01 -1.6629E+00 -1.6629E+00
  4.0701E+00  1.0748E+01  1.0741E+01 -1.6636E+00 -1.6636E+00
  4.0831E+00  1.0668E+01  1.0660E+01 -1.6643E+00 -1.6643E+00
  4.0961E+00  1.0588E+01  1.0581E+01 -1.6650E+00 -1.6650E+00
  4.1091E+00  1.0510E+01  1.0503E+01 -1.6657E+00 -1.6657E+00
  4.1221E+00  1.0433E+01  1.0425E+01 -1.6664E+00 -1.6664E+00
  4.1351E+00  1.0357E+01  1.0350E+01 -1.6671E+00 -1.6671E+00
  4.1481E+00  1.0283E+01  1.0275E+01 -1.6677E+00 -1.6678E+00
  4.1612E+00  1.0209E+01  1.0202E+01 -1.6684E+00 -1.6685E+00
  4.1742E+00  1.0137E+01  1.0129E+01 -1.6691E+00 -1.6692E+00
  4.1872E+00  1.0066E+01  1.0058E+01 -1.6698E+00 -1.6699E+00
  4.2002E+00  9.9957E+00  9.9880E+00 -1.6705E+00 -1.6706E+00
  4.2132E+00  9.9267E+00  9.9189E+00 -1.6712E+00 -1.6713E+00
  4.2262E+00  9.8587E+00  9.8509E+00 -1.6719E+00 -1.6720E+00
  4.2392E+00  9.7918E+00  9.7839E+00 -1.6726E+00 -1.6727E+00
  4.2523E+00  9.7258E+00  9.7179E+00 -1.6733E+00 -1.6733E+00
  4.2653E+00  9.6608E+00  9.6528E+00 -1.6739E+00 -1.6740E+00
  4.2783E+00  9.5968E+00  9.5887E+00 -1.6746E+00 -1.6747E+00
  4.2913E+00  9.5337E+00  9.5256E+00 -1.6753E+00 -1.6754E+00
  4.3043E+00  9.4714E+00  9.4633E+00 -1.6760E+00 -1.6761E+00
  4.3173E+00  9.4101E+00  9.4019E+00 -1.6767E+00 -1.6768E+00
  4.3303E+00  9.3496E+00  9.3414E+00 -1.6773E+00 -1.6774E+00
  4.3433E+00  9.2900E+00  9.2817E+00 -1.6780E+00 -1.6781E+00
  4.3564E+00  9.2312E+00  9.2228E+00 -1.6787E+00 -1.6788E+00
  4.3694E+00  9.1732E+00  9.1648E+00 -1.6794E+00 -1.6795E+00
  4.3824E+00  9.1160E+00  9.1075E+00 -1.6801E+00 -1.6802E+00
  4.3954E+00  9.0596E+00  9.0510E+00 -1.6807E+00 -1.6808E+00
  4.4084E+00  9.0039E+00  8.9953E+00 -1.6814E+00 -1.6815E+00
  4.4214E+00  8.9489E+00  8.9403E+00 -1.6821E+00 -1.6822E+00
  4.4344E+00  8.8947E+00  8.8860E+00 -1.6828E+00 -1.6829E+00
  4.4474E+00  8.8412E+00  8.8325E+00 -1.6834E+00 -1.6835E+00
  4.4605E+00  8.7884E+00  8.7796E+00 -1.6841E+00 -1.6842E+00
  4.4735E+00  8.7363E+00  8.7274E+00 -1.6848E+00 -1.6849E+00
  4.4865E+00  8.6849E+00  8.6759E+00 -1.6854E+00 -1.6856E+00
  4.4995E+00  8.6341E+00  8.6251E+00 -1.6861E+00 -1.6862E+00
  4.5125E+00  8.5839E+00  8.5748E+00 -1.6868E+00 -1.6869E+00
  4.5255E+00  8.5344E+00  8.5253E+00 -1.6874E+00 -1.6876E+00
  4.5385E+00  8.4855E+00  8.4763E+00 -1.6881E+00 -1.6882E+00
  4.5516E+00  8.4372E+00  8.4279E+00 -1.6888E+00 -1.6889E+00
  4.5646E+00  8.3895E+00  8.3801E+00 -1.6894E+00 -1.6896E+00
  4.5776E+00  8.3423E+00  8.3330E+00 -1.6901E+00 -1.6902E+00
  4.5906E+00  8.2958E+00  8.2863E+00 -1.6908E+00 -1.6909E+00
  4.6036E+00  8.2498E+00  8.2403E+00 -1.6914E+00 -1.6916E+00
  4.6166E+00  8.2043E+00  8.1947E+00 -1.6921E+00 -1.6922E+00
  4.6296E+00  8.1594E+00  8.1498E+00 -1.6927E+00 -1.6929E+00
  4.6426E+00  8.1150E+00  8.1053E+00 -1.6934E+00 -1.6936E+00
  4.6557E+00  8.0711E+00  8.0614E+00 -1.6941E+00 -1.6942E+00
  4.6687E+00  8.0278E+00  8.0180E+00 -1.6947E+00 -1.6949E+00
  4.6817E+00  7.9849E+00  7.9750E+00 -1.6954E+00 -1.6955E+00
  4.6947E+00  7.9425E+00  7.9326E+00 -1.6960E+00 -1.6962E+00
  4.7077E+00  7.9006E+00  7.8906E+00 -1.6967E+00 -1.6969E+00
  4.7207E+00  7.8592E+00  7.8492E+00 -1.6974E+00 -1.6975E+00
  4.7337E+00  7.8183E+00  7.8081E+00 -1.6980E+00 -1.6982E+00
  4.7467E+00  7.7778E+00  7.7676E+00 -1.6987E+00 -1.6988E+00
  4.7598E+00  7.7377E+00  7.7275E+00 -1.6993E+00 -1.6995E+00
  4.7728E+00  7.6981E+00  7.6878E+00 -1.7000E+00 -1.7001E+00
  4.7858E+00  7.6589E+00  7.6485E+00 -1.7006E+00 -1.7008E+00
  4.7988E+00  7.6201E+00  7.6097E+00 -1.7013E+00 -1.7015E+00
  4.8118E+00  7.5818E+00  7.5713E+00 -1.7019E+00 -1.7021E+00
  4.8248E+00  7.5439E+00  7.5333E+00 -1.7026E+00 -1.7028E+00
  4.8378E+00  7.5063E+00  7.4957E+00 -1.7032E+00 -1.7034E+00
  4.8509E+00  7.4692E+00  7.4585E+00 -1.7039E+00 -1.7041E+00
  4.8639E+00  7.4325E+00  7.4217E+00 -1.7045E+00 -1.7047E+00
  4.8769E+00  7.3961E+00  7.3853E+00 -1.7052E+00 -1.7054E+00
  4.8899E+00  7.3601E+00  7.3492E+00 -1.7058E+00 -1.7060E+00
  4.9029E+00  7.3245E+00  7.3135E+00 -1.7065E+00 -1.7067E+00
  4.9159E+00  7.2892E+00  7.2782E+00 -1.7071E+00 -1.7073E+00
  4.9289E+00  7.2543E+00  7.2432E+00 -1.7078E+00 -1.7080E+00
  4.9419E+00  7.2198E+00  7.2086E+00 -1.7084E+00 -1.7086E+00
  4.9550E+00  7.1856E+00  7.1744E+00 -1.7091E+00 -1.7093E+00
  4.9680E+00  7.1517E+00  7.1404E+00 -1.7097E+00 -1.7099E+00
  4.9810E+00  7.1182E+00  7.1069E+00 -1.7104E+00 -1.7106E+00
  4.9940E+00  7.0850E+00  7.0736E+00 -1.7110E+00 -1.7112E+00
  5.0070E+00  7.0521E+00  7.0406E+00 -1.7117E+00 -1.7119E+00
  5.0200E+00  7.0196E+00  7.0080E+00 -1.7123E+00 -1.7125E+00
  5.0330E+00  6.9874E+00  6.9757E+00 -1.7129E+00 -1.7132E+00
  5.0460E+00  6.9554E+00  6.9437E+00 -1.7136E+00 -1.7138E+00
  5.0591E+00  6.9238E+00  6.9120E+00 -1.7142E+00 -1.7145E+00
  5.0721E+00  6.8925E+00  6.8806E+00 -1.7149E+00 -1.7151E+00
  5.0851E+00  6.8614E+00  6.8495E+00 -1.7155E+00 -1.7158E+00
  5.0981E+00  6.8307E+00  6.8187E+00 -1.7162E+00 -1.7164E+00
  5.1111E+00  6.8002E+00  6.7882E+00 -1.7168E+00 -1.7171E+00
  5.1241E+00  6.7701E+00  6.7579E+00 -1.7174E+00 -1.7177E+00
  5.1371E+00  6.7402E+00  6.7280E+00 -1.7181E+00 -1.7183E+00
  5.1502E+00  6.7105E+00  6.6983E+00 -1.7187E+00 -1.7190E+00
  5.1632E+00  6.6812E+00  6.6688E+00 -1.7194E+00 -1.7196E+00
  5.1762E+00  6.6521E+00  6.6397E+00 -1.7200E+00 -1.7203E+00
  5.1892E+00  6.6233E+00  6.6108E+00 -1.7206E+00 -1.7209E+00
  5.2022E+00  6.5947E+00  6.5821E+00 -1.7213E+00 -1.7216E+00
  5.2152E+00  6.5664E+00  6.5537E+00 -1.7219E+00 -1.7222E+00
  5.2282E+00  6.5383E+00  6.5256E+00 -1.7226E+00 -1.7229E+00
  5.2412E+00  6.5105E+00  6.4977E+00 -1.7232E+00 -1.7235E+00
  5.2543E+00  6.4829E+00  6.4700E+00 -1.7238E+00 -1.7241E+00
  5.2673E+00  6.4555E+00  6.4426E+00 -1.7245E+00 -1.7248E+00
  5.2803E+00  6.4284E+00  6.4154E+00 -1.7251E+00 -1.7254E+00
  5.2933E+00  6.4015E+00  6.3885E+00 -1.7258E+00 -1.7261E+00
  5.3063E+00  6.3749E+00  6.3618E+00 -1.7264E+00 -1.7267E+00
  5.3193E+00  6.3485E+00  6.3352E+00 -1.7270E+00 -1.7274E+00
  5.3323E+00  6.3223E+00  6.3090E+00 -1.7277E+00 -1.7280E+00
  5.3453E+00  6.2963E+00  6.2829E+00 -1.7283E+00 -1.7286E+00
  5.3584E+00  6.2705E+00  6.2571E+00 -1.7289E+00 -1.7293E+00
  5.3714E+00  6.2449E+00  6.2314E+00 -1.7296E+00 -1.7299E+00
  5.3844E+00  6.2196E+00  6.2060E+00 -1.7302E+00 -1.7306E+00
  5.3974E+00  6.1944E+00  6.1808E+00 -1.7309E+00 -1.7312E+00
  5.4104E+00  6.1695E+00  6.1558E+00 -1.7315E+00 -1.7318E+00
  5.4234E+00  6.1448E+00  6.1310E+00 -1.7321E+00 -1.7325E+00
  5.4364E+00  6.1202E+00  6.1063E+00 -1.7328E+00 -1.7331E+00
  5.4494E+00  6.0959E+00  6.0819E+00 -1.7334E+00 -1.7338E+00
  5.4625E+00  6.0717E+00  6.0577E+00 -1.7340E+00 -1.7344E+00
  5.4755E+00  6.0478E+00  6.0337E+00 -1.7347E+00 -1.7350E+00
  5.4885E+00  6.0240E+00  6.0098E+00 -1.7353E+00 -1.7357E+00
  5.5015E+00  6.0004E+00  5.9862E+00 -1.7359E+00 -1.7363E+00
  5.5145E+00  5.9770E+00  5.9627E+00 -1.7366E+00 -1.7370E+00
  5.5275E+00  5.9538E+00  5.9394E+00 -1.7372E+00 -1.7376E+00
  5.5405E+00  5.9308E+00  5.9162E+00 -1.7378E+00 -1.7382E+00
  5.5536E+00  5.9079E+00  5.8933E+00 -1.7385E+00 -1.7389E+00
  5.5666E+00  5.8852E+00  5.8705E+00 -1.7391E+00 -1.7395E+00
  5.5796E+00  5.8627E+00  5.8479E+00 -1.7397E+00 -1.7402E+00
  5.5926E+00  5.8403E+00  5.8255E+00 -1.7404E+00 -1.7408E+00
  5.6056E+00  5.8181E+00  5.8032E+00 -1.7410E+00 -1.7414E+00
  5.6186E+00  5.7961E+00  5.7811E+00 -1.7416E+00 -1.7421E+00
  5.6316E+00  5.7743E+00  5.7592E+00 -1.7423E+00 -1.7427E+00
  5.6446E+00  5.7526E+00  5.7374E+00 -1.7429E+00 -1.7434E+00
  5.6577E+00  5.7310E+00  5.7158E+00 -1.7435E+00 -1.7440E+00
  5.6707E+00  5.7096E+00  5.6943E+00 -1.7442E+00 -1.7446E+00
  5.6837E+00  5.6884E+00  5.6730E+00 -1.7448E+00 -1.7453E+00
  5.6967E+00  5.6673E+00  5.6518E+00 -1.7454E+00 -1.7459E+00
  5.7097E+00  5.6464E+00  5.6308E+00 -1.7461E+00 -1.7466E+00
  5.7227E+00  5.6256E+00  5.6099E+00 -1.7467E+00 -1.7472E+00
  5.7357E+00  5.6050E+00  5.5892E+00 -1.7474E+00 -1.7478E+00
  5.7487E+00  5.5845E+00  5.5686E+00 -1.7480E+00 -1.7485E+00
  5.7618E+00  5.5641E+00  5.5482E+00 -1.7486E+00 -1.7491E+00
  5.7748E+00  5.5439E+00  5.5279E+00 -1.7493E+00 -1.7498E+00
  5.7878E+00  5.5239E+00  5.5078E+00 -1.7499E+00 -1.7504E+00
  5.8008E+00  5.5039E+00  5.4878E+00 -1.7505E+00 -1.7510E+00
  5.8138E+00  5.4842E+00  5.4679E+00 -1.7512E+00 -1.7517E+00
  5.8268E+00  5.4645E+00  5.4482E+00 -1.7518E+00 -1.7523E+00
  5.8398E+00  5.4450E+00  5.4285E+00 -1.7524E+00 -1.7530E+00
  5.8529E+00  5.4256E+00  5.4091E+00 -1.7531E+00 -1.7536E+00
  5.8659E+00  5.4063E+00  5.3897E+00 -1.7537E+00 -1.7542E+00
  5.8789E+00  5.3872E+00  5.3705E+00 -1.7543E+00 -1.7549E+00
  5.8919E+00  5.3682E+00  5.3514E+00 -1.7550E+00 -1.7555E+00
  5.9049E+00  5.3493E+00  5.3324E+00 -1.7556E+00 -1.7562E+00
  5.9179E+00  5.3306E+00  5.3136E+00 -1.7562E+00 -1.7568E+00
  5.9309E+00  5.3119E+00  5.2949E+00 -1.7569E+00 -1.7575E+00
  5.9439E+00  5.2934E+00  5.2763E+00 -1.7575E+00 -1.7581E+00
  5.9570E+00  5.2750E+00  5.2578E+00 -1.7581E+00 -1.7587E+00
  5.9700E+00  5.2567E+00  5.2394E+00 -1.7588E+00 -1.7594E+00
  5.9830E+00  5.2386E+00  5.2212E+00 -1.7594E+00 -1.7600E+00
  5.9960E+00  5.2205E+00  5.2030E+00 -1.7601E+00 -1.7607E+00
  6.0090E+00  5.2026E+00  5.1850E+00 -1.7607E+00 -1.7613E+00
  6.0220E+00  5.1848E+00  5.1671E+00 -1.7613E+00 -1.7620E+00
  6.0350E+00  5.1671E+00  5.1493E+00 -1.7620E+00 -1.7626E+00
  6.0480E+00  5.1495E+00  5.1316E+00 -1.7626E+00 -1.7633E+00
  6.0611E+00  5.1320E+00  5.1140E+00 -1.7632E+00 -1.7639E+00
  6.0741E+00  5.1146E+00  5.0966E+00 -1.7639E+00 -1.7645E+00
  6.0871E+00  5.0974E+00  5.0792E+00 -1.7645E+00 -1.7652E+00
  6.1001E+00  5.0802E+00  5.0619E+00 -1.7652E+00 -1.7658E+00
  6.1131E+00  5.0631E+00  5.0448E+00 -1.7658E+00 -1.7665E+00
  6.1261E+00  5.0462E+00  5.0277E+00 -1.7664E+00 -1.7671E+00
  6.1391E+00  5.0293E+00  5.0108E+00 -1.7671E+00 -1.7678E+00
  6.1522E+00  5.0126E+00  4.9939E+00 -1.7677E+00 -1.7684E+00
  6.1652E+00  4.9959E+00  4.9772E+00 -1.7683E+00 -1.7691E+00
  6.1782E+00  4.9793E+00  4.9605E+00 -1.7690E+00 -1.7697E+00
  6.1912E+00  4.9629E+00  4.9440E+00 -1.7696E+00 -1.7704E+00
  6.2042E+00  4.9465E+00  4.9275E+00 -1.7703E+00 -1.7710E+00
  6.2172E+00  4.9302E+00  4.9111E+00 -1.7709E+00 -1.7717E+00
  6.2302E+00  4.9141E+00  4.8948E+00 -1.7716E+00 -1.7723E+00
  6.2432E+00  4.8980E+00  4.8787E+00 -1.7722E+00 -1.7730E+00
  6.2563E+00  4.8820E+00  4.8626E+00 -1.7728E+00 -1.7736E+00
  6.2693E+00  4.8661E+00  4.8466E+00 -1.7735E+00 -1.7743E+00
  6.2823E+00  4.8503E+00  4.8307E+00 -1.7741E+00 -1.7749E+00
  6.2953E+00  4.8346E+00  4.8149E+00 -1.7748E+00 -1.7756E+00
  6.3083E+00  4.8189E+00  4.7991E+00 -1.7754E+00 -1.7762E+00
  6.3213E+00  4.8034E+00  4.7835E+00 -1.7761E+00 -1.7769E+00
  6.3343E+00  4.7879E+00  4.7679E+00 -1.7767E+00 -1.7775E+00
  6.3473E+00  4.7726E+00  4.7524E+00 -1.7773E+00 -1.7782E+00
  6.3604E+00  4.7573E+00  4.7371E+00 -1.7780E+00 -1.7788E+00
  6.3734E+00  4.7421E+00  4.7218E+00 -1.7786E+00 -1.7795E+00
  6.3864E+00  4.7270E+00  4.7065E+00 -1.7793E+00 -1.7802E+00
  6.3994E+00  4.7119E+00  4.6914E+00 -1.7799E+00 -1.7808E+00
  6.4124E+00  4.6970E+00  4.6763E+00 -1.7806E+00 -1.7815E+00
  6.4254E+00  4.6821E+00  4.6613E+00 -1.7812E+00 -1.7821E+00
  6.4384E+00  4.6673E+00  4.6464E+00 -1.7819E+00 -1.7828E+00
  6.4515E+00  4.6526E+00  4.6316E+00 -1.7825E+00 -1.7834E+00
  6.4645E+00  4.6379E+00  4.6169E+00 -1.7832E+00 -1.7841E+00
  6.4775E+00  4.6234E+00  4.6022E+00 -1.7838E+00 -1.7848E+00
  6.4905E+00  4.6089E+00  4.5876E+00 -1.7845E+00 -1.7854E+00
  6.5035E+00  4.5945E+00  4.5731E+00 -1.7851E+00 -1.7861E+00
  6.5165E+00  4.5801E+00  4.5587E+00 -1.7858E+00 -1.7867E+00
  6.5295E+00  4.5659E+00  4.5443E+00 -1.7864E+00 -1.7874E+00
  6.5425E+00  4.5517E+00  4.5300E+00 -1.7871E+00 -1.7881E+00
  6.5556E+00  4.5376E+00  4.5158E+00 -1.7877E+00 -1.7887E+00
  6.5686E+00  4.5235E+00  4.5016E+00 -1.7884E+00 -1.7894E+00
  6.5816E+00  4.5095E+00  4.4875E+00 -1.7890E+00 -1.7901E+00
  6.5946E+00  4.4956E+00  4.4735E+00 -1.7897E+00 -1.7907E+00
  6.6076E+00  4.4818E+00  4.4596E+00 -1.7903E+00 -1.7914E+00
  6.6206E+00  4.4680E+00  4.4457E+00 -1.7910E+00 -1.7921E+00
  6.6336E+00  4.4543E+00  4.4319E+00 -1.7916E+00 -1.7927E+00
  6.6466E+00  4.4407E+00  4.4182E+00 -1.7923E+00 -1.7934E+00
  6.6597E+00  4.4271E+00  4.4045E+00 -1.7929E+00 -1.7941E+00
  6.6727E+00  4.4137E+00  4.3909E+00 -1.7936E+00 -1.7947E+00
  6.6857E+00  4.4002E+00  4.3773E+00 -1.7943E+00 -1.7954E+00
  6.6987E+00  4.3869E+00  4.3638E+00 -1.7949E+00 -1.7961E+00
  6.7117E+00  4.3736E+00  4.3504E+00 -1.7956E+00 -1.7967E+00
  6.7247E+00  4.3603E+00  4.3371E+00 -1.7962E+00 -1.7974E+00
  6.7377E+00  4.3471E+00  4.3238E+00 -1.7969E+00 -1.7981E+00
  6.7508E+00  4.3340E+00  4.3106E+00 -1.7976E+00 -1.7988E+00
  6.7638E+00  4.3210E+00  4.2974E+00 -1.7982E+00 -1.7994E+00
  6.7768E+00  4.3080E+00  4.2843E+00 -1.7989E+00 -1.8001E+00
  6.7898E+00  4.2951E+00  4.2713E+00 -1.7995E+00 -1.8008E+00
  6.8028E+00  4.2822E+00  4.2583E+00 -1.8002E+00 -1.8015E+00
  6.8158E+00  4.2694E+00  4.2454E+00 -1.8009E+00 -1.8021E+00
  6.8288E+00  4.2566E+00  4.2325E+00 -1.8015E+00 -1.8028E+00
  6.8418E+00  4.2440E+00  4.2197E+00 -1.8022E+00 -1.8035E+00
  6.8549E+00  4.2313E+00  4.2069E+00 -1.8029E+00 -1.8042E+00
  6.8679E+00  4.2188E+00  4.1942E+00 -1.8035E+00 -1.8048E+00
  6.8809E+00  4.2062E+00  4.1816E+00 -1.8042E+00 -1.8055E+00
  6.8939E+00  4.1938E+00  4.1690E+00 -1.8049E+00 -1.8062E+00
  6.9069E+00  4.1814E+00  4.1565E+00 -1.8055E+00 -1.8069E+00
  6.9199E+00  4.1690E+00  4.1440E+00 -1.8062E+00 -1.8076E+00
  6.9329E+00  4.1567E+00  4.1316E+00 -1.8069E+00 -1.8083E+00
  6.9459E+00  4.1445E+00  4.1192E+00 -1.8076E+00 -1.8090E+00
  6.9590E+00  4.1323E+00  4.1069E+00 -1.8082E+00 -1.8096E+00
  6.9720E+00  4.1202E+00  4.0947E+00 -1.8089E+00 -1.8103E+00
  6.9850E+00  4.1081E+00  4.0825E+00 -1.8096E+00 -1.8110E+00
  6.9980E+00  4.0960E+00  4.0703E+00 -1.8102E+00 -1.8117E+00
  7.0110E+00  4.0841E+00  4.0582E+00 -1.8109E+00 -1.8124E+00
  7.0240E+00  4.0721E+00  4.0462E+00 -1.8116E+00 -1.8131E+00
  7.0370E+00  4.0603E+00  4.0342E+00 -1.8123E+00 -1.8138E+00
  7.0501E+00  4.0484E+00  4.0222E+00 -1.8130E+00 -1.8145E+00
  7.0631E+00  4.0367E+00  4.0103E+00 -1.8136E+00 -1.8152E+00
  7.0761E+00  4.0249E+00  3.9985E+00 -1.8143E+00 -1.8159E+00
  7.0891E+00  4.0133E+00  3.9867E+00 -1.8150E+00 -1.8166E+00
  7.1021E+00  4.0016E+00  3.9749E+00 -1.8157E+00 -1.8173E+00
  7.1151E+00  3.9901E+00  3.9632E+00 -1.8164E+00 -1.8180E+00
  7.1281E+00  3.9785E+00  3.9515E+00 -1.8170E+00 -1.8187E+00
  7.1411E+00  3.9670E+00  3.9399E+00 -1.8177E+00 -1.8194E+00
  7.1542E+00  3.9556E+00  3.9284E+00 -1.8184E+00 -1.8201E+00
  7.1672E+00  3.9442E+00  3.9168E+00 -1.8191E+00 -1.8208E+00
  7.1802E+00  3.9329E+00  3.9054E+00 -1.8198E+00 -1.8215E+00
  7.1932E+00  3.9216E+00  3.8939E+00 -1.8205E+00 -1.8222E+00
  7.2062E+00  3.9103E+00  3.8825E+00 -1.8212E+00 -1.8229E+00
  7.2192E+00  3.8991E+00  3.8712E+00 -1.8219E+00 -1.8236E+00
  7.2322E+00  3.8879E+00  3.8599E+00 -1.8225E+00 -1.8243E+00
  7.2452E+00  3.8768E+00  3.8487E+00 -1.8232E+00 -1.8250E+00
  7.2583E+00  3.8657E+00  3.8374E+00 -1.8239E+00 -1.8257E+00
  7.2713E+00  3.8547E+00  3.8263E+00 -1.8246E+00 -1.8264E+00
  7.2843E+00  3.8437E+00  3.8151E+00 -1.8253E+00 -1.8271E+00
  7.2973E+00  3.8328E+00  3.8041E+00 -1.8260E+00 -1.8279E+00
  7.3103E+00  3.8219E+00  3.7930E+00 -1.8267E+00 -1.8286E+00
  7.3233E+00  3.8110E+00  3.7820E+00 -1.8274E+00 -1.8293E+00
  7.3363E+00  3.8002E+00  3.7711E+00 -1.8281E+00 -1.8300E+00
  7.3493E+00  3.7894E+00  3.7601E+00 -1.8288E+00 -1.8307E+00
  7.3624E+00  3.7787E+00  3.7493E+00 -1.8295E+00 -1.8314E+00
  7.3754E+00  3.7680E+00  3.7384E+00 -1.8302E+00 -1.8322E+00
  7.3884E+00  3.7573E+00  3.7276E+00 -1.8309E+00 -1.8329E+00
  7.4014E+00  3.7467E+00  3.7169E+00 -1.8316E+00 -1.8336E+00
  7.4144E+00  3.7361E+00  3.7061E+00 -1.8323E+00 -1.8343E+00
  7.4274E+00  3.7255E+00  3.6955E+00 -1.8330E+00 -1.8351E+00
  7.4404E+00  3.7150E+00  3.6848E+00 -1.8337E+00 -1.8358E+00
  7.4535E+00  3.7046E+00  3.6742E+00 -1.8344E+00 -1.8365E+00
  7.4665E+00  3.6941E+00  3.6636E+00 -1.8352E+00 -1.8373E+00
  7.4795E+00  3.6838E+00  3.6531E+00 -1.8359E+00 -1.8380E+00
  7.4925E+00  3.6734E+00  3.6426E+00 -1.8366E+00 -1.8387E+00
  7.5055E+00  3.6631E+00  3.6321E+00 -1.8373E+00 -1.8395E+00
  7.5185E+00  3.6528E+00  3.6217E+00 -1.8380E+00 -1.8402E+00
  7.5315E+00  3.6426E+00  3.6113E+00 -1.8387E+00 -1.8409E+00
  7.5445E+00  3.6324E+00  3.6010E+00 -1.8394E+00 -1.8417E+00
  7.5576E+00  3.6222E+00  3.5907E+00 -1.8402E+00 -1.8424E+00
  7.5706E+00  3.6121E+00  3.5804E+00 -1.8409E+00 -1.8432E+00
  7.5836E+00  3.6020E+00  3.5701E+00 -1.8416E+00 -1.8439E+00
  7.5966E+00  3.5919E+00  3.5599E+00 -1.8423E+00 -1.8446E+00
  7.6096E+00  3.5819E+00  3.5498E+00 -1.8430E+00 -1.8454E+00
  7.6226E+00  3.5719E+00  3.5396E+00 -1.8438E+00 -1.8461E+00
  7.6356E+00  3.5619E+00  3.5295E+00 -1.8445E+00 -1.8469E+00
  7.6486E+00  3.5520E+00  3.5194E+00 -1.8452E+00 -1.8476E+00
  7.6617E+00  3.5421E+00  3.5094E+00 -1.8460E+00 -1.8484E+00
  7.6747E+00  3.5322E+00  3.4994E+00 -1.8467E+00 -1.8491E+00
  7.6877E+00  3.5224E+00  3.4894E+00 -1.8474E+00 -1.8499E+00
  7.7007E+00  3.5126E+00  3.4794E+00 -1.8481E+00 -1.8507E+00
  7.7137E+00  3.5028E+00  3.4695E+00 -1.8489E+00 -1.8514E+00
  7.7267E+00  3.4931E+00  3.4596E+00 -1.8496E+00 -1.8522E+00
  7.7397E+00  3.4834E+00  3.4498E+00 -1.8504E+00 -1.8529E+00
  7.7528E+00  3.4737E+00  3.4400E+00 -1.8511E+00 -1.8537E+00
  7.7658E+00  3.4641E+00  3.4302E+00 -1.8518E+00 -1.8545E+00
  7.7788E+00  3.4545E+00  3.4204E+00 -1.8526E+00 -1.8552E+00
  7.7918E+00  3.4449E+00  3.4107E+00 -1.8533E+00 -1.8560E+00
  7.8048E+00  3.4354E+00  3.4010E+00 -1.8541E+00 -1.8568E+00
  7.8178E+00  3.4259E+00  3.3913E+00 -1.8548E+00 -1.8575E+00
  7.8308E+00  3.4164E+00  3.3817E+00 -1.8555E+00 -1.8583E+00
  7.8438E+00  3.4069E+00  3.3721E+00 -1.8563E+00 -1.8591E+00
  7.8569E+00  3.3975E+00  3.3625E+00 -1.8570E+00 -1.8599E+00
  7.8699E+00  3.3881E+00  3.3529E+00 -1.8578E+00 -1.8606E+00
  7.8829E+00  3.3788E+00  3.3434E+00 -1.8585E+00 -1.8614E+00
  7.8959E+00  3.3694E+00  3.3339E+00 -1.8593E+00 -1.8622E+00
  7.9089E+00  3.3601E+00  3.3244E+00 -1.8601E+00 -1.8630E+00
  7.9219E+00  3.3508E+00  3.3150E+00 -1.8608E+00 -1.8638E+00
  7.9349E+00  3.3416E+00  3.3056E+00 -1.8616E+00 -1.8646E+00
  7.9479E+00  3.3324E+00  3.2962E+00 -1.8623E+00 -1.8654E+00
  7.9610E+00  3.3232E+00  3.2868E+00 -1.8631E+00 -1.8661E+00
  7.9740E+00  3.3140E+00  3.2775E+00 -1.8639E+00 -1.8669E+00
  7.9870E+00  3.3049E+00  3.2682E+00 -1.8646E+00 -1.8677E+00
  8.0000E+00  3.2958E+00  3.2589E+00 -1.8654E+00 -1.8685E+00
