 # l=           0 basis function with energy     2.59343680500000     
  0.0000E+00  0.0000E+00  0.0000E+00  0.0000E+00
  4.2248E-06  2.1515E-03 -5.0997E-04 -4.7853E-03
  8.4743E-06  4.3108E-03 -1.0229E-03 -9.5984E-03
  1.2748E-05  6.4818E-03 -1.5388E-03 -1.4440E-02
  1.7048E-05  8.6658E-03 -2.0578E-03 -1.9309E-02
  2.1372E-05  1.0810E-02 -2.5797E-03 -2.4207E-02
  2.5721E-05  1.3003E-02 -3.1047E-03 -2.9133E-02
  3.0096E-05  1.5214E-02 -3.6328E-03 -3.4088E-02
  3.4496E-05  1.7434E-02 -4.1639E-03 -3.9071E-02
  3.8921E-05  1.9667E-02 -4.6981E-03 -4.4084E-02
  4.3373E-05  2.1912E-02 -5.2354E-03 -4.9126E-02
  4.7850E-05  2.4169E-02 -5.7759E-03 -5.4197E-02
  5.2354E-05  2.6439E-02 -6.3195E-03 -5.9298E-02
  5.6883E-05  2.8722E-02 -6.8663E-03 -6.4429E-02
  6.1439E-05  3.1018E-02 -7.4162E-03 -6.9589E-02
  6.6022E-05  3.3326E-02 -7.9694E-03 -7.4779E-02
  7.0631E-05  3.5647E-02 -8.5257E-03 -8.0000E-02
  7.5267E-05  3.7982E-02 -9.0853E-03 -8.5251E-02
  7.9930E-05  4.0330E-02 -9.6482E-03 -9.0533E-02
  8.4620E-05  4.2690E-02 -1.0214E-02 -9.5845E-02
  8.9338E-05  4.5065E-02 -1.0784E-02 -1.0119E-01
  9.4083E-05  4.7452E-02 -1.1357E-02 -1.0656E-01
  9.8855E-05  4.9853E-02 -1.1933E-02 -1.1197E-01
  1.0366E-04  5.2268E-02 -1.2512E-02 -1.1741E-01
  1.0848E-04  5.4696E-02 -1.3095E-02 -1.2287E-01
  1.1334E-04  5.7138E-02 -1.3681E-02 -1.2837E-01
  1.1823E-04  5.9594E-02 -1.4271E-02 -1.3391E-01
  1.2314E-04  6.2064E-02 -1.4864E-02 -1.3947E-01
  1.2808E-04  6.4548E-02 -1.5460E-02 -1.4507E-01
  1.3305E-04  6.7046E-02 -1.6060E-02 -1.5070E-01
  1.3805E-04  6.9558E-02 -1.6664E-02 -1.5636E-01
  1.4308E-04  7.2085E-02 -1.7271E-02 -1.6206E-01
  1.4814E-04  7.4625E-02 -1.7881E-02 -1.6779E-01
  1.5322E-04  7.7181E-02 -1.8495E-02 -1.7355E-01
  1.5834E-04  7.9750E-02 -1.9113E-02 -1.7934E-01
  1.6349E-04  8.2335E-02 -1.9734E-02 -1.8517E-01
  1.6866E-04  8.4934E-02 -2.0359E-02 -1.9104E-01
  1.7387E-04  8.7547E-02 -2.0988E-02 -1.9693E-01
  1.7911E-04  9.0176E-02 -2.1620E-02 -2.0287E-01
  1.8438E-04  9.2820E-02 -2.2256E-02 -2.0883E-01
  1.8967E-04  9.5478E-02 -2.2895E-02 -2.1483E-01
  1.9500E-04  9.8152E-02 -2.3538E-02 -2.2087E-01
  2.0036E-04  1.0084E-01 -2.4185E-02 -2.2694E-01
  2.0576E-04  1.0355E-01 -2.4836E-02 -2.3305E-01
  2.1118E-04  1.0626E-01 -2.5491E-02 -2.3919E-01
  2.1663E-04  1.0900E-01 -2.6149E-02 -2.4537E-01
  2.2212E-04  1.1175E-01 -2.6811E-02 -2.5158E-01
  2.2764E-04  1.1452E-01 -2.7478E-02 -2.5783E-01
  2.3319E-04  1.1730E-01 -2.8147E-02 -2.6412E-01
  2.3877E-04  1.2010E-01 -2.8821E-02 -2.7044E-01
  2.4438E-04  1.2291E-01 -2.9499E-02 -2.7680E-01
  2.5003E-04  1.2574E-01 -3.0181E-02 -2.8320E-01
  2.5571E-04  1.2859E-01 -3.0867E-02 -2.8963E-01
  2.6143E-04  1.3145E-01 -3.1556E-02 -2.9610E-01
  2.6717E-04  1.3433E-01 -3.2250E-02 -3.0261E-01
  2.7295E-04  1.3722E-01 -3.2948E-02 -3.0916E-01
  2.7877E-04  1.4013E-01 -3.3649E-02 -3.1574E-01
  2.8462E-04  1.4306E-01 -3.4355E-02 -3.2237E-01
  2.9050E-04  1.4600E-01 -3.5065E-02 -3.2903E-01
  2.9641E-04  1.4897E-01 -3.5779E-02 -3.3573E-01
  3.0236E-04  1.5194E-01 -3.6498E-02 -3.4247E-01
  3.0835E-04  1.5494E-01 -3.7220E-02 -3.4925E-01
  3.1437E-04  1.5795E-01 -3.7947E-02 -3.5607E-01
  3.2042E-04  1.6098E-01 -3.8678E-02 -3.6293E-01
  3.2651E-04  1.6403E-01 -3.9413E-02 -3.6983E-01
  3.3264E-04  1.6709E-01 -4.0152E-02 -3.7676E-01
  3.3880E-04  1.7017E-01 -4.0896E-02 -3.8374E-01
  3.4500E-04  1.7327E-01 -4.1644E-02 -3.9076E-01
  3.5123E-04  1.7639E-01 -4.2397E-02 -3.9782E-01
  3.5750E-04  1.7952E-01 -4.3153E-02 -4.0492E-01
  3.6381E-04  1.8267E-01 -4.3915E-02 -4.1207E-01
  3.7015E-04  1.8584E-01 -4.4680E-02 -4.1925E-01
  3.7653E-04  1.8903E-01 -4.5450E-02 -4.2648E-01
  3.8295E-04  1.9224E-01 -4.6225E-02 -4.3375E-01
  3.8940E-04  1.9546E-01 -4.7004E-02 -4.4106E-01
  3.9590E-04  1.9870E-01 -4.7788E-02 -4.4841E-01
  4.0243E-04  2.0196E-01 -4.8576E-02 -4.5581E-01
  4.0899E-04  2.0524E-01 -4.9369E-02 -4.6324E-01
  4.1560E-04  2.0854E-01 -5.0166E-02 -4.7073E-01
  4.2224E-04  2.1186E-01 -5.0968E-02 -4.7825E-01
  4.2893E-04  2.1520E-01 -5.1775E-02 -4.8582E-01
  4.3565E-04  2.1855E-01 -5.2586E-02 -4.9344E-01
  4.4241E-04  2.2192E-01 -5.3402E-02 -5.0109E-01
  4.4921E-04  2.2532E-01 -5.4223E-02 -5.0880E-01
  4.5605E-04  2.2873E-01 -5.5049E-02 -5.1654E-01
  4.6293E-04  2.3216E-01 -5.5879E-02 -5.2434E-01
  4.6985E-04  2.3561E-01 -5.6715E-02 -5.3218E-01
  4.7681E-04  2.3908E-01 -5.7555E-02 -5.4006E-01
  4.8381E-04  2.4257E-01 -5.8400E-02 -5.4799E-01
  4.9085E-04  2.4609E-01 -5.9250E-02 -5.5596E-01
  4.9794E-04  2.4962E-01 -6.0105E-02 -5.6399E-01
  5.0506E-04  2.5317E-01 -6.0965E-02 -5.7206E-01
  5.1223E-04  2.5674E-01 -6.1830E-02 -5.8017E-01
  5.1943E-04  2.6033E-01 -6.2700E-02 -5.8833E-01
  5.2668E-04  2.6394E-01 -6.3575E-02 -5.9654E-01
  5.3397E-04  2.6757E-01 -6.4455E-02 -6.0480E-01
  5.4131E-04  2.7122E-01 -6.5340E-02 -6.1311E-01
  5.4868E-04  2.7490E-01 -6.6230E-02 -6.2146E-01
  5.5610E-04  2.7859E-01 -6.7126E-02 -6.2987E-01
  5.6357E-04  2.8231E-01 -6.8027E-02 -6.3832E-01
  5.7107E-04  2.8604E-01 -6.8933E-02 -6.4682E-01
  5.7862E-04  2.8980E-01 -6.9844E-02 -6.5537E-01
  5.8621E-04  2.9358E-01 -7.0761E-02 -6.6397E-01
  5.9385E-04  2.9738E-01 -7.1683E-02 -6.7263E-01
  6.0153E-04  3.0120E-01 -7.2610E-02 -6.8133E-01
  6.0926E-04  3.0504E-01 -7.3543E-02 -6.9008E-01
  6.1703E-04  3.0891E-01 -7.4481E-02 -6.9888E-01
  6.2485E-04  3.1280E-01 -7.5424E-02 -7.0774E-01
  6.3271E-04  3.1670E-01 -7.6374E-02 -7.1664E-01
  6.4062E-04  3.2064E-01 -7.7328E-02 -7.2560E-01
  6.4858E-04  3.2459E-01 -7.8288E-02 -7.3461E-01
  6.5658E-04  3.2857E-01 -7.9254E-02 -7.4367E-01
  6.6463E-04  3.3256E-01 -8.0226E-02 -7.5279E-01
  6.7272E-04  3.3659E-01 -8.1203E-02 -7.6195E-01
  6.8086E-04  3.4063E-01 -8.2185E-02 -7.7118E-01
  6.8905E-04  3.4470E-01 -8.3174E-02 -7.8045E-01
  6.9729E-04  3.4879E-01 -8.4168E-02 -7.8978E-01
  7.0557E-04  3.5290E-01 -8.5168E-02 -7.9916E-01
  7.1390E-04  3.5704E-01 -8.6174E-02 -8.0860E-01
  7.2229E-04  3.6120E-01 -8.7186E-02 -8.1809E-01
  7.3072E-04  3.6538E-01 -8.8203E-02 -8.2764E-01
  7.3919E-04  3.6959E-01 -8.9227E-02 -8.3725E-01
  7.4772E-04  3.7382E-01 -9.0256E-02 -8.4691E-01
  7.5630E-04  3.7807E-01 -9.1292E-02 -8.5662E-01
  7.6493E-04  3.8235E-01 -9.2333E-02 -8.6639E-01
  7.7361E-04  3.8666E-01 -9.3381E-02 -8.7622E-01
  7.8234E-04  3.9098E-01 -9.4434E-02 -8.8611E-01
  7.9112E-04  3.9534E-01 -9.5494E-02 -8.9606E-01
  7.9995E-04  3.9971E-01 -9.6560E-02 -9.0606E-01
  8.0883E-04  4.0411E-01 -9.7632E-02 -9.1612E-01
  8.1776E-04  4.0854E-01 -9.8710E-02 -9.2624E-01
  8.2675E-04  4.1299E-01 -9.9795E-02 -9.3642E-01
  8.3579E-04  4.1747E-01 -1.0089E-01 -9.4665E-01
  8.4488E-04  4.2197E-01 -1.0198E-01 -9.5695E-01
  8.5402E-04  4.2650E-01 -1.0309E-01 -9.6731E-01
  8.6322E-04  4.3105E-01 -1.0420E-01 -9.7772E-01
  8.7247E-04  4.3563E-01 -1.0531E-01 -9.8820E-01
  8.8177E-04  4.4024E-01 -1.0644E-01 -9.9874E-01
  8.9113E-04  4.4487E-01 -1.0757E-01 -1.0093E+00
  9.0055E-04  4.4952E-01 -1.0870E-01 -1.0200E+00
  9.1001E-04  4.5421E-01 -1.0985E-01 -1.0307E+00
  9.1954E-04  4.5892E-01 -1.1100E-01 -1.0415E+00
  9.2912E-04  4.6365E-01 -1.1215E-01 -1.0524E+00
  9.3875E-04  4.6842E-01 -1.1331E-01 -1.0633E+00
  9.4844E-04  4.7321E-01 -1.1448E-01 -1.0742E+00
  9.5819E-04  4.7802E-01 -1.1566E-01 -1.0853E+00
  9.6799E-04  4.8287E-01 -1.1684E-01 -1.0964E+00
  9.7785E-04  4.8774E-01 -1.1803E-01 -1.1076E+00
  9.8777E-04  4.9264E-01 -1.1923E-01 -1.1188E+00
  9.9775E-04  4.9757E-01 -1.2044E-01 -1.1301E+00
  1.0078E-03  5.0252E-01 -1.2165E-01 -1.1415E+00
  1.0179E-03  5.0750E-01 -1.2286E-01 -1.1529E+00
  1.0280E-03  5.1251E-01 -1.2409E-01 -1.1644E+00
  1.0382E-03  5.1755E-01 -1.2532E-01 -1.1760E+00
  1.0485E-03  5.2262E-01 -1.2656E-01 -1.1876E+00
  1.0588E-03  5.2771E-01 -1.2781E-01 -1.1993E+00
  1.0692E-03  5.3284E-01 -1.2906E-01 -1.2110E+00
  1.0797E-03  5.3799E-01 -1.3032E-01 -1.2229E+00
  1.0902E-03  5.4317E-01 -1.3159E-01 -1.2348E+00
  1.1008E-03  5.4839E-01 -1.3287E-01 -1.2468E+00
  1.1114E-03  5.5363E-01 -1.3415E-01 -1.2588E+00
  1.1221E-03  5.5890E-01 -1.3544E-01 -1.2709E+00
  1.1328E-03  5.6420E-01 -1.3674E-01 -1.2831E+00
  1.1437E-03  5.6953E-01 -1.3805E-01 -1.2954E+00
  1.1545E-03  5.7489E-01 -1.3936E-01 -1.3077E+00
  1.1655E-03  5.8028E-01 -1.4068E-01 -1.3201E+00
  1.1765E-03  5.8570E-01 -1.4201E-01 -1.3326E+00
  1.1876E-03  5.9115E-01 -1.4335E-01 -1.3451E+00
  1.1987E-03  5.9663E-01 -1.4469E-01 -1.3577E+00
  1.2099E-03  6.0214E-01 -1.4605E-01 -1.3704E+00
  1.2212E-03  6.0769E-01 -1.4741E-01 -1.3832E+00
  1.2325E-03  6.1326E-01 -1.4877E-01 -1.3960E+00
  1.2439E-03  6.1887E-01 -1.5015E-01 -1.4089E+00
  1.2554E-03  6.2451E-01 -1.5154E-01 -1.4219E+00
  1.2669E-03  6.3017E-01 -1.5293E-01 -1.4350E+00
  1.2785E-03  6.3588E-01 -1.5433E-01 -1.4481E+00
  1.2902E-03  6.4161E-01 -1.5574E-01 -1.4613E+00
  1.3019E-03  6.4737E-01 -1.5715E-01 -1.4746E+00
  1.3137E-03  6.5317E-01 -1.5858E-01 -1.4880E+00
  1.3256E-03  6.5900E-01 -1.6001E-01 -1.5014E+00
  1.3376E-03  6.6486E-01 -1.6145E-01 -1.5150E+00
  1.3496E-03  6.7076E-01 -1.6290E-01 -1.5286E+00
  1.3616E-03  6.7669E-01 -1.6436E-01 -1.5423E+00
  1.3738E-03  6.8265E-01 -1.6583E-01 -1.5560E+00
  1.3860E-03  6.8865E-01 -1.6730E-01 -1.5699E+00
  1.3983E-03  6.9468E-01 -1.6879E-01 -1.5838E+00
  1.4107E-03  7.0074E-01 -1.7028E-01 -1.5978E+00
  1.4231E-03  7.0684E-01 -1.7178E-01 -1.6119E+00
  1.4356E-03  7.1297E-01 -1.7329E-01 -1.6261E+00
  1.4482E-03  7.1913E-01 -1.7481E-01 -1.6403E+00
  1.4609E-03  7.2533E-01 -1.7634E-01 -1.6546E+00
  1.4736E-03  7.3157E-01 -1.7787E-01 -1.6691E+00
  1.4864E-03  7.3784E-01 -1.7942E-01 -1.6836E+00
  1.4993E-03  7.4414E-01 -1.8097E-01 -1.6982E+00
  1.5122E-03  7.5048E-01 -1.8254E-01 -1.7128E+00
  1.5253E-03  7.5686E-01 -1.8411E-01 -1.7276E+00
  1.5384E-03  7.6327E-01 -1.8569E-01 -1.7424E+00
  1.5516E-03  7.6971E-01 -1.8728E-01 -1.7574E+00
  1.5648E-03  7.7620E-01 -1.8888E-01 -1.7724E+00
  1.5781E-03  7.8272E-01 -1.9049E-01 -1.7875E+00
  1.5916E-03  7.8927E-01 -1.9211E-01 -1.8027E+00
  1.6051E-03  7.9586E-01 -1.9374E-01 -1.8180E+00
  1.6186E-03  8.0249E-01 -1.9538E-01 -1.8333E+00
  1.6323E-03  8.0916E-01 -1.9703E-01 -1.8488E+00
  1.6460E-03  8.1586E-01 -1.9868E-01 -1.8643E+00
  1.6598E-03  8.2260E-01 -2.0035E-01 -1.8800E+00
  1.6737E-03  8.2938E-01 -2.0203E-01 -1.8957E+00
  1.6877E-03  8.3620E-01 -2.0371E-01 -1.9115E+00
  1.7017E-03  8.4305E-01 -2.0541E-01 -1.9274E+00
  1.7158E-03  8.4994E-01 -2.0712E-01 -1.9434E+00
  1.7301E-03  8.5688E-01 -2.0883E-01 -1.9595E+00
  1.7444E-03  8.6385E-01 -2.1056E-01 -1.9757E+00
  1.7587E-03  8.7085E-01 -2.1229E-01 -1.9920E+00
  1.7732E-03  8.7790E-01 -2.1404E-01 -2.0084E+00
  1.7878E-03  8.8499E-01 -2.1580E-01 -2.0249E+00
  1.8024E-03  8.9211E-01 -2.1756E-01 -2.0415E+00
  1.8171E-03  8.9928E-01 -2.1934E-01 -2.0581E+00
  1.8319E-03  9.0649E-01 -2.2112E-01 -2.0749E+00
  1.8468E-03  9.1373E-01 -2.2292E-01 -2.0918E+00
  1.8618E-03  9.2102E-01 -2.2473E-01 -2.1087E+00
  1.8768E-03  9.2834E-01 -2.2655E-01 -2.1258E+00
  1.8920E-03  9.3571E-01 -2.2838E-01 -2.1430E+00
  1.9072E-03  9.4312E-01 -2.3022E-01 -2.1602E+00
  1.9226E-03  9.5057E-01 -2.3207E-01 -2.1776E+00
  1.9380E-03  9.5806E-01 -2.3393E-01 -2.1950E+00
  1.9535E-03  9.6559E-01 -2.3580E-01 -2.2126E+00
  1.9691E-03  9.7317E-01 -2.3768E-01 -2.2303E+00
  1.9848E-03  9.8078E-01 -2.3958E-01 -2.2480E+00
  2.0006E-03  9.8844E-01 -2.4148E-01 -2.2659E+00
  2.0164E-03  9.9614E-01 -2.4340E-01 -2.2839E+00
  2.0324E-03  1.0039E+00 -2.4532E-01 -2.3020E+00
  2.0485E-03  1.0117E+00 -2.4726E-01 -2.3202E+00
  2.0646E-03  1.0195E+00 -2.4921E-01 -2.3385E+00
  2.0808E-03  1.0274E+00 -2.5117E-01 -2.3569E+00
  2.0972E-03  1.0353E+00 -2.5315E-01 -2.3754E+00
  2.1136E-03  1.0433E+00 -2.5513E-01 -2.3940E+00
  2.1302E-03  1.0513E+00 -2.5712E-01 -2.4127E+00
  2.1468E-03  1.0593E+00 -2.5913E-01 -2.4315E+00
  2.1635E-03  1.0674E+00 -2.6115E-01 -2.4505E+00
  2.1803E-03  1.0755E+00 -2.6318E-01 -2.4695E+00
  2.1972E-03  1.0837E+00 -2.6522E-01 -2.4887E+00
  2.2143E-03  1.0920E+00 -2.6728E-01 -2.5080E+00
  2.2314E-03  1.1002E+00 -2.6934E-01 -2.5274E+00
  2.2486E-03  1.1085E+00 -2.7142E-01 -2.5469E+00
  2.2659E-03  1.1169E+00 -2.7351E-01 -2.5665E+00
  2.2833E-03  1.1253E+00 -2.7561E-01 -2.5862E+00
  2.3008E-03  1.1338E+00 -2.7773E-01 -2.6060E+00
  2.3185E-03  1.1423E+00 -2.7986E-01 -2.6260E+00
  2.3362E-03  1.1508E+00 -2.8199E-01 -2.6461E+00
  2.3540E-03  1.1594E+00 -2.8415E-01 -2.6663E+00
  2.3719E-03  1.1681E+00 -2.8631E-01 -2.6866E+00
  2.3900E-03  1.1768E+00 -2.8849E-01 -2.7070E+00
  2.4081E-03  1.1855E+00 -2.9068E-01 -2.7275E+00
  2.4264E-03  1.1943E+00 -2.9288E-01 -2.7482E+00
  2.4447E-03  1.2032E+00 -2.9509E-01 -2.7690E+00
  2.4632E-03  1.2120E+00 -2.9732E-01 -2.7899E+00
  2.4817E-03  1.2210E+00 -2.9956E-01 -2.8109E+00
  2.5004E-03  1.2300E+00 -3.0182E-01 -2.8321E+00
  2.5192E-03  1.2390E+00 -3.0408E-01 -2.8533E+00
  2.5381E-03  1.2481E+00 -3.0636E-01 -2.8747E+00
  2.5571E-03  1.2572E+00 -3.0866E-01 -2.8963E+00
  2.5762E-03  1.2664E+00 -3.1097E-01 -2.9179E+00
  2.5954E-03  1.2756E+00 -3.1329E-01 -2.9397E+00
  2.6148E-03  1.2849E+00 -3.1562E-01 -2.9616E+00
  2.6342E-03  1.2943E+00 -3.1797E-01 -2.9836E+00
  2.6538E-03  1.3037E+00 -3.2033E-01 -3.0058E+00
  2.6734E-03  1.3131E+00 -3.2270E-01 -3.0281E+00
  2.6932E-03  1.3226E+00 -3.2509E-01 -3.0505E+00
  2.7131E-03  1.3321E+00 -3.2749E-01 -3.0730E+00
  2.7332E-03  1.3417E+00 -3.2991E-01 -3.0957E+00
  2.7533E-03  1.3514E+00 -3.3234E-01 -3.1185E+00
  2.7736E-03  1.3611E+00 -3.3479E-01 -3.1414E+00
  2.7939E-03  1.3708E+00 -3.3725E-01 -3.1645E+00
  2.8144E-03  1.3806E+00 -3.3972E-01 -3.1877E+00
  2.8350E-03  1.3905E+00 -3.4221E-01 -3.2111E+00
  2.8558E-03  1.4004E+00 -3.4471E-01 -3.2345E+00
  2.8766E-03  1.4104E+00 -3.4723E-01 -3.2582E+00
  2.8976E-03  1.4204E+00 -3.4976E-01 -3.2819E+00
  2.9187E-03  1.4305E+00 -3.5230E-01 -3.3058E+00
  2.9399E-03  1.4406E+00 -3.5487E-01 -3.3298E+00
  2.9612E-03  1.4508E+00 -3.5744E-01 -3.3540E+00
  2.9827E-03  1.4611E+00 -3.6003E-01 -3.3783E+00
  3.0043E-03  1.4714E+00 -3.6264E-01 -3.4028E+00
  3.0260E-03  1.4817E+00 -3.6526E-01 -3.4274E+00
  3.0479E-03  1.4921E+00 -3.6790E-01 -3.4521E+00
  3.0698E-03  1.5026E+00 -3.7055E-01 -3.4770E+00
  3.0919E-03  1.5131E+00 -3.7321E-01 -3.5020E+00
  3.1142E-03  1.5237E+00 -3.7590E-01 -3.5272E+00
  3.1365E-03  1.5344E+00 -3.7860E-01 -3.5525E+00
  3.1590E-03  1.5451E+00 -3.8131E-01 -3.5780E+00
  3.1816E-03  1.5558E+00 -3.8404E-01 -3.6036E+00
  3.2044E-03  1.5666E+00 -3.8679E-01 -3.6294E+00
  3.2272E-03  1.5775E+00 -3.8955E-01 -3.6553E+00
  3.2503E-03  1.5885E+00 -3.9233E-01 -3.6814E+00
  3.2734E-03  1.5994E+00 -3.9512E-01 -3.7076E+00
  3.2967E-03  1.6105E+00 -3.9793E-01 -3.7339E+00
  3.3201E-03  1.6216E+00 -4.0076E-01 -3.7605E+00
  3.3437E-03  1.6328E+00 -4.0360E-01 -3.7871E+00
  3.3673E-03  1.6440E+00 -4.0646E-01 -3.8140E+00
  3.3912E-03  1.6553E+00 -4.0934E-01 -3.8410E+00
  3.4151E-03  1.6667E+00 -4.1223E-01 -3.8681E+00
  3.4393E-03  1.6781E+00 -4.1514E-01 -3.8954E+00
  3.4635E-03  1.6896E+00 -4.1807E-01 -3.9229E+00
  3.4879E-03  1.7011E+00 -4.2101E-01 -3.9505E+00
  3.5124E-03  1.7127E+00 -4.2397E-01 -3.9783E+00
  3.5371E-03  1.7244E+00 -4.2695E-01 -4.0062E+00
  3.5619E-03  1.7361E+00 -4.2994E-01 -4.0344E+00
  3.5869E-03  1.7479E+00 -4.3296E-01 -4.0626E+00
  3.6120E-03  1.7598E+00 -4.3599E-01 -4.0911E+00
  3.6372E-03  1.7717E+00 -4.3904E-01 -4.1197E+00
  3.6626E-03  1.7837E+00 -4.4210E-01 -4.1484E+00
  3.6882E-03  1.7957E+00 -4.4519E-01 -4.1774E+00
  3.7139E-03  1.8078E+00 -4.4829E-01 -4.2065E+00
  3.7397E-03  1.8200E+00 -4.5141E-01 -4.2358E+00
  3.7657E-03  1.8323E+00 -4.5455E-01 -4.2652E+00
  3.7919E-03  1.8446E+00 -4.5770E-01 -4.2948E+00
  3.8182E-03  1.8570E+00 -4.6088E-01 -4.3246E+00
  3.8446E-03  1.8694E+00 -4.6407E-01 -4.3546E+00
  3.8713E-03  1.8819E+00 -4.6728E-01 -4.3847E+00
  3.8980E-03  1.8945E+00 -4.7051E-01 -4.4150E+00
  3.9249E-03  1.9071E+00 -4.7376E-01 -4.4455E+00
  3.9520E-03  1.9198E+00 -4.7703E-01 -4.4762E+00
  3.9792E-03  1.9326E+00 -4.8032E-01 -4.5070E+00
  4.0066E-03  1.9455E+00 -4.8362E-01 -4.5380E+00
  4.0342E-03  1.9584E+00 -4.8695E-01 -4.5693E+00
  4.0619E-03  1.9714E+00 -4.9029E-01 -4.6006E+00
  4.0898E-03  1.9844E+00 -4.9366E-01 -4.6322E+00
  4.1178E-03  1.9976E+00 -4.9704E-01 -4.6640E+00
  4.1460E-03  2.0108E+00 -5.0045E-01 -4.6959E+00
  4.1744E-03  2.0240E+00 -5.0387E-01 -4.7280E+00
  4.2029E-03  2.0374E+00 -5.0731E-01 -4.7603E+00
  4.2316E-03  2.0508E+00 -5.1078E-01 -4.7928E+00
  4.2605E-03  2.0643E+00 -5.1426E-01 -4.8255E+00
  4.2895E-03  2.0778E+00 -5.1776E-01 -4.8584E+00
  4.3187E-03  2.0914E+00 -5.2129E-01 -4.8915E+00
  4.3481E-03  2.1051E+00 -5.2483E-01 -4.9247E+00
  4.3776E-03  2.1189E+00 -5.2840E-01 -4.9582E+00
  4.4073E-03  2.1328E+00 -5.3198E-01 -4.9918E+00
  4.4372E-03  2.1467E+00 -5.3559E-01 -5.0257E+00
  4.4673E-03  2.1607E+00 -5.3922E-01 -5.0597E+00
  4.4975E-03  2.1747E+00 -5.4287E-01 -5.0940E+00
  4.5279E-03  2.1889E+00 -5.4654E-01 -5.1284E+00
  4.5585E-03  2.2031E+00 -5.5023E-01 -5.1631E+00
  4.5892E-03  2.2174E+00 -5.5394E-01 -5.1979E+00
  4.6202E-03  2.2317E+00 -5.5768E-01 -5.2330E+00
  4.6513E-03  2.2462E+00 -5.6143E-01 -5.2682E+00
  4.6826E-03  2.2607E+00 -5.6521E-01 -5.3037E+00
  4.7141E-03  2.2753E+00 -5.6901E-01 -5.3393E+00
  4.7458E-03  2.2900E+00 -5.7284E-01 -5.3752E+00
  4.7776E-03  2.3047E+00 -5.7668E-01 -5.4113E+00
  4.8097E-03  2.3195E+00 -5.8055E-01 -5.4476E+00
  4.8419E-03  2.3345E+00 -5.8444E-01 -5.4841E+00
  4.8743E-03  2.3494E+00 -5.8835E-01 -5.5208E+00
  4.9069E-03  2.3645E+00 -5.9229E-01 -5.5577E+00
  4.9397E-03  2.3796E+00 -5.9624E-01 -5.5948E+00
  4.9727E-03  2.3949E+00 -6.0022E-01 -5.6322E+00
  5.0059E-03  2.4102E+00 -6.0423E-01 -5.6698E+00
  5.0392E-03  2.4255E+00 -6.0826E-01 -5.7076E+00
  5.0728E-03  2.4410E+00 -6.1231E-01 -5.7456E+00
  5.1066E-03  2.4566E+00 -6.1638E-01 -5.7838E+00
  5.1405E-03  2.4722E+00 -6.2048E-01 -5.8223E+00
  5.1747E-03  2.4879E+00 -6.2460E-01 -5.8609E+00
  5.2090E-03  2.5037E+00 -6.2875E-01 -5.8999E+00
  5.2436E-03  2.5196E+00 -6.3292E-01 -5.9390E+00
  5.2783E-03  2.5355E+00 -6.3711E-01 -5.9783E+00
  5.3133E-03  2.5516E+00 -6.4133E-01 -6.0179E+00
  5.3485E-03  2.5677E+00 -6.4558E-01 -6.0578E+00
  5.3838E-03  2.5839E+00 -6.4984E-01 -6.0978E+00
  5.4194E-03  2.6002E+00 -6.5414E-01 -6.1381E+00
  5.4552E-03  2.6166E+00 -6.5846E-01 -6.1786E+00
  5.4912E-03  2.6330E+00 -6.6280E-01 -6.2194E+00
  5.5273E-03  2.6496E+00 -6.6717E-01 -6.2604E+00
  5.5638E-03  2.6662E+00 -6.7156E-01 -6.3016E+00
  5.6004E-03  2.6829E+00 -6.7598E-01 -6.3431E+00
  5.6372E-03  2.6997E+00 -6.8043E-01 -6.3848E+00
  5.6742E-03  2.7166E+00 -6.8490E-01 -6.4267E+00
  5.7115E-03  2.7336E+00 -6.8939E-01 -6.4689E+00
  5.7490E-03  2.7507E+00 -6.9392E-01 -6.5114E+00
  5.7867E-03  2.7678E+00 -6.9847E-01 -6.5541E+00
  5.8246E-03  2.7851E+00 -7.0304E-01 -6.5970E+00
  5.8627E-03  2.8024E+00 -7.0765E-01 -6.6402E+00
  5.9011E-03  2.8198E+00 -7.1228E-01 -6.6836E+00
  5.9397E-03  2.8374E+00 -7.1693E-01 -6.7273E+00
  5.9785E-03  2.8550E+00 -7.2162E-01 -6.7713E+00
  6.0175E-03  2.8727E+00 -7.2633E-01 -6.8155E+00
  6.0568E-03  2.8905E+00 -7.3106E-01 -6.8600E+00
  6.0963E-03  2.9083E+00 -7.3583E-01 -6.9047E+00
  6.1360E-03  2.9263E+00 -7.4062E-01 -6.9497E+00
  6.1759E-03  2.9444E+00 -7.4544E-01 -6.9949E+00
  6.2161E-03  2.9625E+00 -7.5029E-01 -7.0404E+00
  6.2565E-03  2.9808E+00 -7.5517E-01 -7.0862E+00
  6.2972E-03  2.9991E+00 -7.6008E-01 -7.1322E+00
  6.3381E-03  3.0176E+00 -7.6501E-01 -7.1785E+00
  6.3792E-03  3.0361E+00 -7.6998E-01 -7.2251E+00
  6.4206E-03  3.0547E+00 -7.7497E-01 -7.2720E+00
  6.4622E-03  3.0734E+00 -7.7999E-01 -7.3191E+00
  6.5040E-03  3.0923E+00 -7.8504E-01 -7.3665E+00
  6.5461E-03  3.1112E+00 -7.9012E-01 -7.4141E+00
  6.5884E-03  3.1302E+00 -7.9523E-01 -7.4621E+00
  6.6310E-03  3.1493E+00 -8.0037E-01 -7.5103E+00
  6.6739E-03  3.1685E+00 -8.0554E-01 -7.5588E+00
  6.7169E-03  3.1878E+00 -8.1074E-01 -7.6076E+00
  6.7603E-03  3.2072E+00 -8.1597E-01 -7.6567E+00
  6.8038E-03  3.2267E+00 -8.2123E-01 -7.7060E+00
  6.8477E-03  3.2463E+00 -8.2652E-01 -7.7557E+00
  6.8918E-03  3.2660E+00 -8.3184E-01 -7.8056E+00
  6.9361E-03  3.2858E+00 -8.3719E-01 -7.8559E+00
  6.9807E-03  3.3057E+00 -8.4257E-01 -7.9064E+00
  7.0256E-03  3.3257E+00 -8.4799E-01 -7.9572E+00
  7.0707E-03  3.3458E+00 -8.5344E-01 -8.0083E+00
  7.1161E-03  3.3660E+00 -8.5891E-01 -8.0597E+00
  7.1618E-03  3.3863E+00 -8.6442E-01 -8.1114E+00
  7.2077E-03  3.4067E+00 -8.6997E-01 -8.1634E+00
  7.2539E-03  3.4272E+00 -8.7554E-01 -8.2157E+00
  7.3003E-03  3.4478E+00 -8.8115E-01 -8.2683E+00
  7.3471E-03  3.4685E+00 -8.8679E-01 -8.3212E+00
  7.3941E-03  3.4893E+00 -8.9246E-01 -8.3745E+00
  7.4414E-03  3.5103E+00 -8.9816E-01 -8.4280E+00
  7.4889E-03  3.5313E+00 -9.0390E-01 -8.4819E+00
  7.5367E-03  3.5524E+00 -9.0967E-01 -8.5360E+00
  7.5848E-03  3.5737E+00 -9.1548E-01 -8.5905E+00
  7.6332E-03  3.5950E+00 -9.2132E-01 -8.6453E+00
  7.6819E-03  3.6164E+00 -9.2719E-01 -8.7004E+00
  7.7308E-03  3.6380E+00 -9.3310E-01 -8.7558E+00
  7.7801E-03  3.6597E+00 -9.3904E-01 -8.8116E+00
  7.8296E-03  3.6814E+00 -9.4502E-01 -8.8677E+00
  7.8794E-03  3.7033E+00 -9.5103E-01 -8.9241E+00
  7.9295E-03  3.7253E+00 -9.5707E-01 -8.9808E+00
  7.9799E-03  3.7474E+00 -9.6315E-01 -9.0379E+00
  8.0306E-03  3.7696E+00 -9.6927E-01 -9.0953E+00
  8.0816E-03  3.7919E+00 -9.7542E-01 -9.1530E+00
  8.1328E-03  3.8143E+00 -9.8161E-01 -9.2111E+00
  8.1844E-03  3.8369E+00 -9.8783E-01 -9.2695E+00
  8.2363E-03  3.8595E+00 -9.9409E-01 -9.3282E+00
  8.2885E-03  3.8823E+00 -1.0004E+00 -9.3873E+00
  8.3409E-03  3.9052E+00 -1.0067E+00 -9.4468E+00
  8.3937E-03  3.9281E+00 -1.0131E+00 -9.5065E+00
  8.4468E-03  3.9512E+00 -1.0195E+00 -9.5667E+00
  8.5002E-03  3.9744E+00 -1.0259E+00 -9.6271E+00
  8.5539E-03  3.9978E+00 -1.0324E+00 -9.6880E+00
  8.6080E-03  4.0212E+00 -1.0389E+00 -9.7491E+00
  8.6623E-03  4.0448E+00 -1.0455E+00 -9.8107E+00
  8.7170E-03  4.0684E+00 -1.0521E+00 -9.8726E+00
  8.7719E-03  4.0922E+00 -1.0587E+00 -9.9348E+00
  8.8272E-03  4.1161E+00 -1.0654E+00 -9.9975E+00
  8.8829E-03  4.1401E+00 -1.0721E+00 -1.0060E+01
  8.9388E-03  4.1642E+00 -1.0789E+00 -1.0124E+01
  8.9951E-03  4.1885E+00 -1.0857E+00 -1.0188E+01
  9.0517E-03  4.2129E+00 -1.0925E+00 -1.0252E+01
  9.1086E-03  4.2373E+00 -1.0994E+00 -1.0316E+01
  9.1658E-03  4.2619E+00 -1.1063E+00 -1.0381E+01
  9.2234E-03  4.2867E+00 -1.1132E+00 -1.0446E+01
  9.2814E-03  4.3115E+00 -1.1202E+00 -1.0512E+01
  9.3396E-03  4.3364E+00 -1.1272E+00 -1.0578E+01
  9.3982E-03  4.3615E+00 -1.1343E+00 -1.0644E+01
  9.4572E-03  4.3867E+00 -1.1414E+00 -1.0711E+01
  9.5164E-03  4.4120E+00 -1.1486E+00 -1.0778E+01
  9.5761E-03  4.4375E+00 -1.1558E+00 -1.0845E+01
  9.6361E-03  4.4630E+00 -1.1630E+00 -1.0913E+01
  9.6964E-03  4.4887E+00 -1.1703E+00 -1.0982E+01
  9.7571E-03  4.5145E+00 -1.1776E+00 -1.1050E+01
  9.8181E-03  4.5405E+00 -1.1850E+00 -1.1119E+01
  9.8795E-03  4.5665E+00 -1.1924E+00 -1.1189E+01
  9.9412E-03  4.5927E+00 -1.1998E+00 -1.1259E+01
  1.0003E-02  4.6190E+00 -1.2073E+00 -1.1329E+01
  1.0066E-02  4.6454E+00 -1.2149E+00 -1.1400E+01
  1.0129E-02  4.6720E+00 -1.2224E+00 -1.1471E+01
  1.0192E-02  4.6986E+00 -1.2301E+00 -1.1543E+01
  1.0255E-02  4.7254E+00 -1.2377E+00 -1.1615E+01
  1.0319E-02  4.7524E+00 -1.2454E+00 -1.1687E+01
  1.0384E-02  4.7794E+00 -1.2532E+00 -1.1760E+01
  1.0448E-02  4.8066E+00 -1.2610E+00 -1.1833E+01
  1.0513E-02  4.8339E+00 -1.2689E+00 -1.1907E+01
  1.0579E-02  4.8613E+00 -1.2768E+00 -1.1981E+01
  1.0645E-02  4.8889E+00 -1.2847E+00 -1.2055E+01
  1.0711E-02  4.9166E+00 -1.2927E+00 -1.2130E+01
  1.0777E-02  4.9444E+00 -1.3007E+00 -1.2206E+01
  1.0844E-02  4.9724E+00 -1.3088E+00 -1.2282E+01
  1.0912E-02  5.0004E+00 -1.3169E+00 -1.2358E+01
  1.0979E-02  5.0286E+00 -1.3251E+00 -1.2435E+01
  1.1048E-02  5.0570E+00 -1.3333E+00 -1.2512E+01
  1.1116E-02  5.0855E+00 -1.3416E+00 -1.2589E+01
  1.1185E-02  5.1141E+00 -1.3499E+00 -1.2667E+01
  1.1254E-02  5.1428E+00 -1.3583E+00 -1.2746E+01
  1.1324E-02  5.1717E+00 -1.3667E+00 -1.2825E+01
  1.1394E-02  5.2007E+00 -1.3751E+00 -1.2904E+01
  1.1465E-02  5.2298E+00 -1.3837E+00 -1.2984E+01
  1.1536E-02  5.2591E+00 -1.3922E+00 -1.3065E+01
  1.1607E-02  5.2884E+00 -1.4008E+00 -1.3145E+01
  1.1679E-02  5.3180E+00 -1.4095E+00 -1.3227E+01
  1.1751E-02  5.3476E+00 -1.4182E+00 -1.3308E+01
  1.1824E-02  5.3775E+00 -1.4270E+00 -1.3391E+01
  1.1897E-02  5.4074E+00 -1.4358E+00 -1.3473E+01
  1.1971E-02  5.4375E+00 -1.4447E+00 -1.3557E+01
  1.2044E-02  5.4677E+00 -1.4536E+00 -1.3640E+01
  1.2119E-02  5.4980E+00 -1.4625E+00 -1.3725E+01
  1.2194E-02  5.5285E+00 -1.4716E+00 -1.3809E+01
  1.2269E-02  5.5591E+00 -1.4806E+00 -1.3894E+01
  1.2344E-02  5.5899E+00 -1.4898E+00 -1.3980E+01
  1.2421E-02  5.6208E+00 -1.4989E+00 -1.4066E+01
  1.2497E-02  5.6518E+00 -1.5082E+00 -1.4153E+01
  1.2574E-02  5.6830E+00 -1.5175E+00 -1.4240E+01
  1.2651E-02  5.7143E+00 -1.5268E+00 -1.4328E+01
  1.2729E-02  5.7457E+00 -1.5362E+00 -1.4416E+01
  1.2808E-02  5.7773E+00 -1.5456E+00 -1.4505E+01
  1.2886E-02  5.8090E+00 -1.5552E+00 -1.4594E+01
  1.2966E-02  5.8409E+00 -1.5647E+00 -1.4683E+01
  1.3045E-02  5.8729E+00 -1.5743E+00 -1.4774E+01
  1.3126E-02  5.9050E+00 -1.5840E+00 -1.4864E+01
  1.3206E-02  5.9373E+00 -1.5937E+00 -1.4956E+01
  1.3287E-02  5.9698E+00 -1.6035E+00 -1.5048E+01
  1.3369E-02  6.0023E+00 -1.6134E+00 -1.5140E+01
  1.3451E-02  6.0351E+00 -1.6233E+00 -1.5233E+01
  1.3534E-02  6.0679E+00 -1.6332E+00 -1.5326E+01
  1.3617E-02  6.1009E+00 -1.6432E+00 -1.5420E+01
  1.3700E-02  6.1340E+00 -1.6533E+00 -1.5515E+01
  1.3784E-02  6.1673E+00 -1.6634E+00 -1.5610E+01
  1.3869E-02  6.2008E+00 -1.6736E+00 -1.5706E+01
  1.3954E-02  6.2343E+00 -1.6839E+00 -1.5802E+01
  1.4039E-02  6.2680E+00 -1.6942E+00 -1.5898E+01
  1.4125E-02  6.3019E+00 -1.7045E+00 -1.5996E+01
  1.4211E-02  6.3359E+00 -1.7150E+00 -1.6094E+01
  1.4298E-02  6.3701E+00 -1.7255E+00 -1.6192E+01
  1.4386E-02  6.4044E+00 -1.7360E+00 -1.6291E+01
  1.4474E-02  6.4388E+00 -1.7466E+00 -1.6391E+01
  1.4562E-02  6.4734E+00 -1.7573E+00 -1.6491E+01
  1.4651E-02  6.5081E+00 -1.7680E+00 -1.6592E+01
  1.4741E-02  6.5430E+00 -1.7788E+00 -1.6693E+01
  1.4831E-02  6.5780E+00 -1.7897E+00 -1.6795E+01
  1.4921E-02  6.6132E+00 -1.8006E+00 -1.6897E+01
  1.5013E-02  6.6485E+00 -1.8116E+00 -1.7001E+01
  1.5104E-02  6.6840E+00 -1.8226E+00 -1.7104E+01
  1.5196E-02  6.7196E+00 -1.8338E+00 -1.7209E+01
  1.5289E-02  6.7554E+00 -1.8449E+00 -1.7314E+01
  1.5382E-02  6.7913E+00 -1.8562E+00 -1.7419E+01
  1.5476E-02  6.8273E+00 -1.8675E+00 -1.7525E+01
  1.5570E-02  6.8636E+00 -1.8789E+00 -1.7632E+01
  1.5665E-02  6.8999E+00 -1.8903E+00 -1.7739E+01
  1.5761E-02  6.9364E+00 -1.9018E+00 -1.7847E+01
  1.5857E-02  6.9731E+00 -1.9134E+00 -1.7956E+01
  1.5953E-02  7.0099E+00 -1.9250E+00 -1.8065E+01
  1.6050E-02  7.0468E+00 -1.9367E+00 -1.8175E+01
  1.6148E-02  7.0839E+00 -1.9485E+00 -1.8286E+01
  1.6246E-02  7.1212E+00 -1.9604E+00 -1.8397E+01
  1.6345E-02  7.1586E+00 -1.9723E+00 -1.8509E+01
  1.6444E-02  7.1961E+00 -1.9843E+00 -1.8621E+01
  1.6544E-02  7.2338E+00 -1.9963E+00 -1.8734E+01
  1.6645E-02  7.2717E+00 -2.0084E+00 -1.8848E+01
  1.6746E-02  7.3097E+00 -2.0206E+00 -1.8963E+01
  1.6848E-02  7.3478E+00 -2.0329E+00 -1.9078E+01
  1.6950E-02  7.3862E+00 -2.0452E+00 -1.9194E+01
  1.7053E-02  7.4246E+00 -2.0576E+00 -1.9310E+01
  1.7157E-02  7.4632E+00 -2.0701E+00 -1.9427E+01
  1.7261E-02  7.5020E+00 -2.0827E+00 -1.9545E+01
  1.7365E-02  7.5409E+00 -2.0953E+00 -1.9664E+01
  1.7471E-02  7.5799E+00 -2.1080E+00 -1.9783E+01
  1.7577E-02  7.6192E+00 -2.1208E+00 -1.9903E+01
  1.7683E-02  7.6585E+00 -2.1336E+00 -2.0023E+01
  1.7790E-02  7.6980E+00 -2.1465E+00 -2.0145E+01
  1.7898E-02  7.7377E+00 -2.1595E+00 -2.0267E+01
  1.8007E-02  7.7775E+00 -2.1726E+00 -2.0389E+01
  1.8116E-02  7.8175E+00 -2.1857E+00 -2.0513E+01
  1.8225E-02  7.8576E+00 -2.1990E+00 -2.0637E+01
  1.8336E-02  7.8979E+00 -2.2123E+00 -2.0762E+01
  1.8447E-02  7.9383E+00 -2.2256E+00 -2.0887E+01
  1.8558E-02  7.9789E+00 -2.2391E+00 -2.1014E+01
  1.8671E-02  8.0196E+00 -2.2526E+00 -2.1141E+01
  1.8784E-02  8.0605E+00 -2.2662E+00 -2.1269E+01
  1.8897E-02  8.1016E+00 -2.2799E+00 -2.1397E+01
  1.9011E-02  8.1427E+00 -2.2937E+00 -2.1526E+01
  1.9126E-02  8.1841E+00 -2.3076E+00 -2.1656E+01
  1.9242E-02  8.2256E+00 -2.3215E+00 -2.1787E+01
  1.9358E-02  8.2672E+00 -2.3355E+00 -2.1919E+01
  1.9475E-02  8.3090E+00 -2.3496E+00 -2.2051E+01
  1.9593E-02  8.3510E+00 -2.3638E+00 -2.2184E+01
  1.9711E-02  8.3931E+00 -2.3780E+00 -2.2318E+01
  1.9830E-02  8.4353E+00 -2.3924E+00 -2.2453E+01
  1.9950E-02  8.4777E+00 -2.4068E+00 -2.2588E+01
  2.0070E-02  8.5203E+00 -2.4213E+00 -2.2724E+01
  2.0191E-02  8.5630E+00 -2.4359E+00 -2.2861E+01
  2.0313E-02  8.6058E+00 -2.4506E+00 -2.2999E+01
  2.0435E-02  8.6488E+00 -2.4653E+00 -2.3137E+01
  2.0559E-02  8.6920E+00 -2.4802E+00 -2.3277E+01
  2.0682E-02  8.7353E+00 -2.4951E+00 -2.3417E+01
  2.0807E-02  8.7787E+00 -2.5101E+00 -2.3558E+01
  2.0932E-02  8.8223E+00 -2.5252E+00 -2.3700E+01
  2.1059E-02  8.8661E+00 -2.5404E+00 -2.3843E+01
  2.1185E-02  8.9100E+00 -2.5557E+00 -2.3986E+01
  2.1313E-02  8.9541E+00 -2.5711E+00 -2.4130E+01
  2.1441E-02  8.9983E+00 -2.5865E+00 -2.4276E+01
  2.1570E-02  9.0426E+00 -2.6021E+00 -2.4422E+01
  2.1700E-02  9.0871E+00 -2.6177E+00 -2.4568E+01
  2.1831E-02  9.1318E+00 -2.6334E+00 -2.4716E+01
  2.1962E-02  9.1766E+00 -2.6493E+00 -2.4865E+01
  2.2094E-02  9.2216E+00 -2.6652E+00 -2.5014E+01
  2.2227E-02  9.2667E+00 -2.6812E+00 -2.5164E+01
  2.2361E-02  9.3119E+00 -2.6973E+00 -2.5315E+01
  2.2495E-02  9.3573E+00 -2.7135E+00 -2.5468E+01
  2.2630E-02  9.4028E+00 -2.7298E+00 -2.5620E+01
  2.2766E-02  9.4485E+00 -2.7461E+00 -2.5774E+01
  2.2903E-02  9.4944E+00 -2.7626E+00 -2.5929E+01
  2.3041E-02  9.5403E+00 -2.7792E+00 -2.6085E+01
  2.3179E-02  9.5865E+00 -2.7959E+00 -2.6241E+01
  2.3318E-02  9.6327E+00 -2.8126E+00 -2.6398E+01
  2.3458E-02  9.6792E+00 -2.8295E+00 -2.6557E+01
  2.3599E-02  9.7257E+00 -2.8464E+00 -2.6716E+01
  2.3741E-02  9.7724E+00 -2.8635E+00 -2.6876E+01
  2.3883E-02  9.8193E+00 -2.8806E+00 -2.7037E+01
  2.4026E-02  9.8663E+00 -2.8979E+00 -2.7199E+01
  2.4170E-02  9.9134E+00 -2.9153E+00 -2.7362E+01
  2.4315E-02  9.9607E+00 -2.9327E+00 -2.7526E+01
  2.4461E-02  1.0008E+01 -2.9503E+00 -2.7691E+01
  2.4608E-02  1.0056E+01 -2.9679E+00 -2.7857E+01
  2.4755E-02  1.0103E+01 -2.9857E+00 -2.8024E+01
  2.4904E-02  1.0151E+01 -3.0035E+00 -2.8191E+01
  2.5053E-02  1.0199E+01 -3.0215E+00 -2.8360E+01
  2.5203E-02  1.0247E+01 -3.0396E+00 -2.8530E+01
  2.5354E-02  1.0296E+01 -3.0578E+00 -2.8701E+01
  2.5506E-02  1.0344E+01 -3.0760E+00 -2.8872E+01
  2.5658E-02  1.0392E+01 -3.0944E+00 -2.9045E+01
  2.5812E-02  1.0441E+01 -3.1129E+00 -2.9219E+01
  2.5967E-02  1.0490E+01 -3.1315E+00 -2.9393E+01
  2.6122E-02  1.0539E+01 -3.1502E+00 -2.9569E+01
  2.6278E-02  1.0588E+01 -3.1690E+00 -2.9746E+01
  2.6435E-02  1.0637E+01 -3.1880E+00 -2.9923E+01
  2.6594E-02  1.0686E+01 -3.2070E+00 -3.0102E+01
  2.6753E-02  1.0736E+01 -3.2261E+00 -3.0282E+01
  2.6913E-02  1.0786E+01 -3.2454E+00 -3.0463E+01
  2.7074E-02  1.0835E+01 -3.2648E+00 -3.0645E+01
  2.7235E-02  1.0885E+01 -3.2842E+00 -3.0828E+01
  2.7398E-02  1.0935E+01 -3.3038E+00 -3.1012E+01
  2.7562E-02  1.0985E+01 -3.3235E+00 -3.1197E+01
  2.7727E-02  1.1035E+01 -3.3433E+00 -3.1383E+01
  2.7892E-02  1.1086E+01 -3.3633E+00 -3.1570E+01
  2.8059E-02  1.1136E+01 -3.3833E+00 -3.1759E+01
  2.8226E-02  1.1187E+01 -3.4035E+00 -3.1948E+01
  2.8395E-02  1.1238E+01 -3.4238E+00 -3.2139E+01
  2.8565E-02  1.1289E+01 -3.4442E+00 -3.2330E+01
  2.8735E-02  1.1339E+01 -3.4647E+00 -3.2523E+01
  2.8907E-02  1.1391E+01 -3.4853E+00 -3.2717E+01
  2.9079E-02  1.1442E+01 -3.5061E+00 -3.2912E+01
  2.9253E-02  1.1493E+01 -3.5270E+00 -3.3108E+01
  2.9427E-02  1.1545E+01 -3.5479E+00 -3.3305E+01
  2.9603E-02  1.1596E+01 -3.5691E+00 -3.3503E+01
  2.9779E-02  1.1648E+01 -3.5903E+00 -3.3703E+01
  2.9957E-02  1.1700E+01 -3.6117E+00 -3.3904E+01
  3.0136E-02  1.1752E+01 -3.6331E+00 -3.4105E+01
  3.0315E-02  1.1804E+01 -3.6548E+00 -3.4308E+01
  3.0496E-02  1.1856E+01 -3.6765E+00 -3.4513E+01
  3.0678E-02  1.1908E+01 -3.6983E+00 -3.4718E+01
  3.0861E-02  1.1960E+01 -3.7203E+00 -3.4925E+01
  3.1045E-02  1.2013E+01 -3.7424E+00 -3.5132E+01
  3.1229E-02  1.2065E+01 -3.7647E+00 -3.5341E+01
  3.1416E-02  1.2118E+01 -3.7871E+00 -3.5551E+01
  3.1603E-02  1.2171E+01 -3.8095E+00 -3.5763E+01
  3.1791E-02  1.2224E+01 -3.8322E+00 -3.5975E+01
  3.1980E-02  1.2277E+01 -3.8549E+00 -3.6189E+01
  3.2171E-02  1.2330E+01 -3.8778E+00 -3.6404E+01
  3.2362E-02  1.2383E+01 -3.9008E+00 -3.6621E+01
  3.2555E-02  1.2436E+01 -3.9240E+00 -3.6838E+01
  3.2749E-02  1.2489E+01 -3.9473E+00 -3.7057E+01
  3.2943E-02  1.2543E+01 -3.9707E+00 -3.7277E+01
  3.3139E-02  1.2596E+01 -3.9943E+00 -3.7499E+01
  3.3337E-02  1.2650E+01 -4.0180E+00 -3.7721E+01
  3.3535E-02  1.2704E+01 -4.0418E+00 -3.7945E+01
  3.3734E-02  1.2758E+01 -4.0658E+00 -3.8170E+01
  3.3935E-02  1.2811E+01 -4.0899E+00 -3.8397E+01
  3.4137E-02  1.2865E+01 -4.1141E+00 -3.8625E+01
  3.4340E-02  1.2919E+01 -4.1385E+00 -3.8854E+01
  3.4544E-02  1.2974E+01 -4.1630E+00 -3.9084E+01
  3.4749E-02  1.3028E+01 -4.1877E+00 -3.9316E+01
  3.4956E-02  1.3082E+01 -4.2125E+00 -3.9549E+01
  3.5164E-02  1.3136E+01 -4.2374E+00 -3.9784E+01
  3.5373E-02  1.3191E+01 -4.2625E+00 -4.0020E+01
  3.5583E-02  1.3245E+01 -4.2878E+00 -4.0257E+01
  3.5794E-02  1.3300E+01 -4.3132E+00 -4.0496E+01
  3.6007E-02  1.3354E+01 -4.3387E+00 -4.0736E+01
  3.6221E-02  1.3409E+01 -4.3644E+00 -4.0977E+01
  3.6436E-02  1.3464E+01 -4.3902E+00 -4.1220E+01
  3.6652E-02  1.3519E+01 -4.4162E+00 -4.1464E+01
  3.6870E-02  1.3573E+01 -4.4423E+00 -4.1710E+01
  3.7089E-02  1.3628E+01 -4.4686E+00 -4.1957E+01
  3.7309E-02  1.3683E+01 -4.4950E+00 -4.2205E+01
  3.7530E-02  1.3738E+01 -4.5216E+00 -4.2455E+01
  3.7753E-02  1.3793E+01 -4.5483E+00 -4.2706E+01
  3.7977E-02  1.3849E+01 -4.5752E+00 -4.2959E+01
  3.8202E-02  1.3904E+01 -4.6022E+00 -4.3213E+01
  3.8429E-02  1.3959E+01 -4.6294E+00 -4.3469E+01
  3.8657E-02  1.4014E+01 -4.6568E+00 -4.3726E+01
  3.8886E-02  1.4069E+01 -4.6843E+00 -4.3985E+01
  3.9117E-02  1.4125E+01 -4.7120E+00 -4.4245E+01
  3.9349E-02  1.4180E+01 -4.7398E+00 -4.4507E+01
  3.9582E-02  1.4235E+01 -4.7678E+00 -4.4770E+01
  3.9817E-02  1.4291E+01 -4.7959E+00 -4.5034E+01
  4.0053E-02  1.4346E+01 -4.8242E+00 -4.5301E+01
  4.0290E-02  1.4402E+01 -4.8527E+00 -4.5568E+01
  4.0529E-02  1.4457E+01 -4.8813E+00 -4.5838E+01
  4.0769E-02  1.4513E+01 -4.9101E+00 -4.6108E+01
  4.1011E-02  1.4568E+01 -4.9391E+00 -4.6381E+01
  4.1254E-02  1.4624E+01 -4.9682E+00 -4.6655E+01
  4.1498E-02  1.4679E+01 -4.9975E+00 -4.6930E+01
  4.1744E-02  1.4735E+01 -5.0270E+00 -4.7207E+01
  4.1991E-02  1.4790E+01 -5.0566E+00 -4.7486E+01
  4.2240E-02  1.4846E+01 -5.0864E+00 -4.7766E+01
  4.2490E-02  1.4901E+01 -5.1164E+00 -4.8048E+01
  4.2742E-02  1.4957E+01 -5.1465E+00 -4.8332E+01
  4.2995E-02  1.5012E+01 -5.1769E+00 -4.8617E+01
  4.3249E-02  1.5068E+01 -5.2074E+00 -4.8904E+01
  4.3505E-02  1.5123E+01 -5.2380E+00 -4.9193E+01
  4.3763E-02  1.5179E+01 -5.2689E+00 -4.9483E+01
  4.4022E-02  1.5234E+01 -5.2999E+00 -4.9775E+01
  4.4282E-02  1.5290E+01 -5.3311E+00 -5.0068E+01
  4.4544E-02  1.5345E+01 -5.3625E+00 -5.0363E+01
  4.4808E-02  1.5400E+01 -5.3940E+00 -5.0660E+01
  4.5073E-02  1.5456E+01 -5.4258E+00 -5.0959E+01
  4.5340E-02  1.5511E+01 -5.4577E+00 -5.1259E+01
  4.5608E-02  1.5566E+01 -5.4898E+00 -5.1561E+01
  4.5878E-02  1.5622E+01 -5.5221E+00 -5.1865E+01
  4.6149E-02  1.5677E+01 -5.5546E+00 -5.2171E+01
  4.6422E-02  1.5732E+01 -5.5872E+00 -5.2478E+01
  4.6696E-02  1.5787E+01 -5.6201E+00 -5.2787E+01
  4.6973E-02  1.5842E+01 -5.6531E+00 -5.3098E+01
  4.7250E-02  1.5897E+01 -5.6863E+00 -5.3411E+01
  4.7530E-02  1.5952E+01 -5.7197E+00 -5.3725E+01
  4.7811E-02  1.6007E+01 -5.7533E+00 -5.4041E+01
  4.8093E-02  1.6061E+01 -5.7871E+00 -5.4359E+01
  4.8377E-02  1.6116E+01 -5.8211E+00 -5.4679E+01
  4.8663E-02  1.6171E+01 -5.8553E+00 -5.5001E+01
  4.8951E-02  1.6225E+01 -5.8896E+00 -5.5324E+01
  4.9240E-02  1.6279E+01 -5.9242E+00 -5.5650E+01
  4.9531E-02  1.6334E+01 -5.9590E+00 -5.5977E+01
  4.9824E-02  1.6388E+01 -5.9940E+00 -5.6306E+01
  5.0118E-02  1.6442E+01 -6.0291E+00 -5.6637E+01
  5.0414E-02  1.6496E+01 -6.0645E+00 -5.6970E+01
  5.0712E-02  1.6550E+01 -6.1001E+00 -5.7305E+01
  5.1011E-02  1.6604E+01 -6.1358E+00 -5.7642E+01
  5.1312E-02  1.6658E+01 -6.1718E+00 -5.7981E+01
  5.1615E-02  1.6711E+01 -6.2080E+00 -5.8321E+01
  5.1920E-02  1.6765E+01 -6.2444E+00 -5.8664E+01
  5.2226E-02  1.6818E+01 -6.2810E+00 -5.9009E+01
  5.2535E-02  1.6871E+01 -6.3178E+00 -5.9355E+01
  5.2845E-02  1.6924E+01 -6.3548E+00 -5.9704E+01
  5.3157E-02  1.6977E+01 -6.3920E+00 -6.0054E+01
  5.3470E-02  1.7030E+01 -6.4294E+00 -6.0407E+01
  5.3786E-02  1.7082E+01 -6.4671E+00 -6.0761E+01
  5.4103E-02  1.7135E+01 -6.5049E+00 -6.1118E+01
  5.4423E-02  1.7187E+01 -6.5430E+00 -6.1477E+01
  5.4744E-02  1.7239E+01 -6.5813E+00 -6.1837E+01
  5.5067E-02  1.7291E+01 -6.6198E+00 -6.2200E+01
  5.5391E-02  1.7343E+01 -6.6585E+00 -6.2565E+01
  5.5718E-02  1.7394E+01 -6.6975E+00 -6.2932E+01
  5.6047E-02  1.7446E+01 -6.7366E+00 -6.3301E+01
  5.6377E-02  1.7497E+01 -6.7760E+00 -6.3672E+01
  5.6710E-02  1.7548E+01 -6.8156E+00 -6.4045E+01
  5.7044E-02  1.7599E+01 -6.8555E+00 -6.4421E+01
  5.7381E-02  1.7649E+01 -6.8955E+00 -6.4798E+01
  5.7719E-02  1.7700E+01 -6.9358E+00 -6.5178E+01
  5.8059E-02  1.7750E+01 -6.9763E+00 -6.5560E+01
  5.8401E-02  1.7800E+01 -7.0171E+00 -6.5944E+01
  5.8746E-02  1.7850E+01 -7.0581E+00 -6.6330E+01
  5.9092E-02  1.7899E+01 -7.0993E+00 -6.6718E+01
  5.9440E-02  1.7948E+01 -7.1407E+00 -6.7109E+01
  5.9790E-02  1.7997E+01 -7.1824E+00 -6.7502E+01
  6.0143E-02  1.8046E+01 -7.2243E+00 -6.7897E+01
  6.0497E-02  1.8095E+01 -7.2665E+00 -6.8294E+01
  6.0854E-02  1.8143E+01 -7.3088E+00 -6.8694E+01
  6.1212E-02  1.8191E+01 -7.3515E+00 -6.9096E+01
  6.1573E-02  1.8239E+01 -7.3943E+00 -6.9500E+01
  6.1935E-02  1.8286E+01 -7.4374E+00 -6.9906E+01
  6.2300E-02  1.8333E+01 -7.4808E+00 -7.0315E+01
  6.2667E-02  1.8380E+01 -7.5244E+00 -7.0726E+01
  6.3036E-02  1.8426E+01 -7.5682E+00 -7.1140E+01
  6.3407E-02  1.8473E+01 -7.6123E+00 -7.1555E+01
  6.3781E-02  1.8519E+01 -7.6566E+00 -7.1974E+01
  6.4156E-02  1.8564E+01 -7.7012E+00 -7.2394E+01
  6.4534E-02  1.8610E+01 -7.7461E+00 -7.2817E+01
  6.4914E-02  1.8655E+01 -7.7912E+00 -7.3242E+01
  6.5296E-02  1.8699E+01 -7.8365E+00 -7.3670E+01
  6.5681E-02  1.8744E+01 -7.8821E+00 -7.4100E+01
  6.6067E-02  1.8788E+01 -7.9279E+00 -7.4533E+01
  6.6456E-02  1.8831E+01 -7.9740E+00 -7.4968E+01
  6.6847E-02  1.8874E+01 -8.0204E+00 -7.5405E+01
  6.7241E-02  1.8917E+01 -8.0670E+00 -7.5845E+01
  6.7636E-02  1.8960E+01 -8.1139E+00 -7.6288E+01
  6.8034E-02  1.9002E+01 -8.1611E+00 -7.6733E+01
  6.8435E-02  1.9044E+01 -8.2085E+00 -7.7180E+01
  6.8837E-02  1.9085E+01 -8.2562E+00 -7.7630E+01
  6.9242E-02  1.9126E+01 -8.3041E+00 -7.8083E+01
  6.9650E-02  1.9167E+01 -8.3523E+00 -7.8538E+01
  7.0060E-02  1.9207E+01 -8.4008E+00 -7.8996E+01
  7.0472E-02  1.9247E+01 -8.4496E+00 -7.9456E+01
  7.0886E-02  1.9286E+01 -8.4986E+00 -7.9919E+01
  7.1303E-02  1.9325E+01 -8.5479E+00 -8.0385E+01
  7.1722E-02  1.9363E+01 -8.5975E+00 -8.0853E+01
  7.2144E-02  1.9401E+01 -8.6473E+00 -8.1324E+01
  7.2569E-02  1.9439E+01 -8.6975E+00 -8.1797E+01
  7.2995E-02  1.9476E+01 -8.7479E+00 -8.2273E+01
  7.3424E-02  1.9512E+01 -8.7986E+00 -8.2752E+01
  7.3856E-02  1.9549E+01 -8.8495E+00 -8.3233E+01
  7.4290E-02  1.9584E+01 -8.9008E+00 -8.3718E+01
  7.4727E-02  1.9619E+01 -8.9523E+00 -8.4204E+01
  7.5166E-02  1.9654E+01 -9.0042E+00 -8.4694E+01
  7.5608E-02  1.9688E+01 -9.0563E+00 -8.5186E+01
  7.6053E-02  1.9722E+01 -9.1087E+00 -8.5682E+01
  7.6500E-02  1.9755E+01 -9.1614E+00 -8.6180E+01
  7.6949E-02  1.9787E+01 -9.2144E+00 -8.6680E+01
  7.7402E-02  1.9819E+01 -9.2676E+00 -8.7184E+01
  7.7856E-02  1.9851E+01 -9.3212E+00 -8.7690E+01
  7.8314E-02  1.9882E+01 -9.3751E+00 -8.8199E+01
  7.8774E-02  1.9912E+01 -9.4292E+00 -8.8711E+01
  7.9237E-02  1.9942E+01 -9.4837E+00 -8.9226E+01
  7.9703E-02  1.9971E+01 -9.5385E+00 -8.9744E+01
  8.0171E-02  2.0000E+01 -9.5935E+00 -9.0265E+01
  8.0642E-02  2.0028E+01 -9.6489E+00 -9.0788E+01
  8.1116E-02  2.0055E+01 -9.7046E+00 -9.1315E+01
  8.1592E-02  2.0082E+01 -9.7606E+00 -9.1844E+01
  8.2071E-02  2.0108E+01 -9.8169E+00 -9.2377E+01
  8.2553E-02  2.0134E+01 -9.8735E+00 -9.2912E+01
  8.3038E-02  2.0159E+01 -9.9304E+00 -9.3451E+01
  8.3526E-02  2.0183E+01 -9.9876E+00 -9.3992E+01
  8.4016E-02  2.0207E+01 -1.0045E+01 -9.4536E+01
  8.4510E-02  2.0230E+01 -1.0103E+01 -9.5084E+01
  8.5006E-02  2.0252E+01 -1.0161E+01 -9.5634E+01
  8.5505E-02  2.0274E+01 -1.0220E+01 -9.6188E+01
  8.6007E-02  2.0295E+01 -1.0278E+01 -9.6744E+01
  8.6512E-02  2.0315E+01 -1.0338E+01 -9.7304E+01
  8.7020E-02  2.0334E+01 -1.0397E+01 -9.7867E+01
  8.7531E-02  2.0353E+01 -1.0457E+01 -9.8432E+01
  8.8045E-02  2.0371E+01 -1.0517E+01 -9.9001E+01
  8.8562E-02  2.0389E+01 -1.0577E+01 -9.9573E+01
  8.9082E-02  2.0405E+01 -1.0638E+01 -1.0015E+02
  8.9604E-02  2.0421E+01 -1.0699E+01 -1.0073E+02
  9.0130E-02  2.0436E+01 -1.0761E+01 -1.0131E+02
  9.0659E-02  2.0451E+01 -1.0822E+01 -1.0189E+02
  9.1191E-02  2.0464E+01 -1.0884E+01 -1.0248E+02
  9.1726E-02  2.0477E+01 -1.0947E+01 -1.0307E+02
  9.2265E-02  2.0489E+01 -1.1010E+01 -1.0367E+02
  9.2806E-02  2.0500E+01 -1.1073E+01 -1.0427E+02
  9.3351E-02  2.0511E+01 -1.1136E+01 -1.0487E+02
  9.3898E-02  2.0520E+01 -1.1200E+01 -1.0547E+02
  9.4449E-02  2.0529E+01 -1.1264E+01 -1.0608E+02
  9.5003E-02  2.0537E+01 -1.1329E+01 -1.0669E+02
  9.5561E-02  2.0544E+01 -1.1393E+01 -1.0730E+02
  9.6121E-02  2.0550E+01 -1.1459E+01 -1.0792E+02
  9.6685E-02  2.0555E+01 -1.1524E+01 -1.0854E+02
  9.7252E-02  2.0559E+01 -1.1590E+01 -1.0917E+02
  9.7823E-02  2.0563E+01 -1.1656E+01 -1.0980E+02
  9.8397E-02  2.0565E+01 -1.1723E+01 -1.1043E+02
  9.8974E-02  2.0567E+01 -1.1790E+01 -1.1106E+02
  9.9554E-02  2.0568E+01 -1.1857E+01 -1.1170E+02
  1.0014E-01  2.0568E+01 -1.1925E+01 -1.1234E+02
  1.0073E-01  2.0567E+01 -1.1993E+01 -1.1299E+02
  1.0132E-01  2.0565E+01 -1.2061E+01 -1.1364E+02
  1.0191E-01  2.0561E+01 -1.2130E+01 -1.1429E+02
  1.0251E-01  2.0557E+01 -1.2199E+01 -1.1494E+02
  1.0311E-01  2.0552E+01 -1.2268E+01 -1.1560E+02
  1.0371E-01  2.0547E+01 -1.2338E+01 -1.1627E+02
  1.0432E-01  2.0540E+01 -1.2408E+01 -1.1693E+02
  1.0493E-01  2.0532E+01 -1.2479E+01 -1.1760E+02
  1.0555E-01  2.0523E+01 -1.2550E+01 -1.1828E+02
  1.0617E-01  2.0513E+01 -1.2621E+01 -1.1895E+02
  1.0679E-01  2.0501E+01 -1.2693E+01 -1.1963E+02
  1.0741E-01  2.0489E+01 -1.2765E+01 -1.2032E+02
  1.0804E-01  2.0476E+01 -1.2838E+01 -1.2101E+02
  1.0868E-01  2.0462E+01 -1.2910E+01 -1.2170E+02
  1.0931E-01  2.0447E+01 -1.2984E+01 -1.2239E+02
  1.0996E-01  2.0430E+01 -1.3057E+01 -1.2309E+02
  1.1060E-01  2.0413E+01 -1.3131E+01 -1.2380E+02
  1.1125E-01  2.0394E+01 -1.3206E+01 -1.2450E+02
  1.1190E-01  2.0374E+01 -1.3280E+01 -1.2521E+02
  1.1256E-01  2.0353E+01 -1.3356E+01 -1.2593E+02
  1.1322E-01  2.0331E+01 -1.3431E+01 -1.2664E+02
  1.1388E-01  2.0308E+01 -1.3507E+01 -1.2737E+02
  1.1455E-01  2.0284E+01 -1.3583E+01 -1.2809E+02
  1.1522E-01  2.0258E+01 -1.3660E+01 -1.2882E+02
  1.1589E-01  2.0231E+01 -1.3737E+01 -1.2955E+02
  1.1657E-01  2.0203E+01 -1.3815E+01 -1.3029E+02
  1.1725E-01  2.0174E+01 -1.3893E+01 -1.3103E+02
  1.1794E-01  2.0144E+01 -1.3971E+01 -1.3178E+02
  1.1863E-01  2.0112E+01 -1.4050E+01 -1.3253E+02
  1.1933E-01  2.0080E+01 -1.4129E+01 -1.3328E+02
  1.2003E-01  2.0046E+01 -1.4208E+01 -1.3404E+02
  1.2073E-01  2.0010E+01 -1.4288E+01 -1.3480E+02
  1.2144E-01  1.9974E+01 -1.4369E+01 -1.3556E+02
  1.2215E-01  1.9936E+01 -1.4449E+01 -1.3633E+02
  1.2286E-01  1.9897E+01 -1.4531E+01 -1.3710E+02
  1.2358E-01  1.9856E+01 -1.4612E+01 -1.3788E+02
  1.2431E-01  1.9815E+01 -1.4694E+01 -1.3866E+02
  1.2503E-01  1.9771E+01 -1.4777E+01 -1.3944E+02
  1.2577E-01  1.9727E+01 -1.4859E+01 -1.4023E+02
  1.2650E-01  1.9681E+01 -1.4943E+01 -1.4102E+02
  1.2724E-01  1.9634E+01 -1.5026E+01 -1.4182E+02
  1.2799E-01  1.9586E+01 -1.5110E+01 -1.4262E+02
  1.2874E-01  1.9536E+01 -1.5195E+01 -1.4342E+02
  1.2949E-01  1.9485E+01 -1.5280E+01 -1.4423E+02
  1.3025E-01  1.9432E+01 -1.5365E+01 -1.4504E+02
  1.3101E-01  1.9378E+01 -1.5451E+01 -1.4586E+02
  1.3178E-01  1.9323E+01 -1.5537E+01 -1.4668E+02
  1.3255E-01  1.9266E+01 -1.5624E+01 -1.4751E+02
  1.3333E-01  1.9208E+01 -1.5711E+01 -1.4834E+02
  1.3411E-01  1.9148E+01 -1.5798E+01 -1.4917E+02
  1.3489E-01  1.9087E+01 -1.5886E+01 -1.5001E+02
  1.3568E-01  1.9024E+01 -1.5975E+01 -1.5085E+02
  1.3648E-01  1.8960E+01 -1.6064E+01 -1.5170E+02
  1.3727E-01  1.8895E+01 -1.6153E+01 -1.5255E+02
  1.3808E-01  1.8828E+01 -1.6242E+01 -1.5340E+02
  1.3889E-01  1.8759E+01 -1.6333E+01 -1.5426E+02
  1.3970E-01  1.8689E+01 -1.6423E+01 -1.5512E+02
  1.4052E-01  1.8618E+01 -1.6514E+01 -1.5599E+02
  1.4134E-01  1.8545E+01 -1.6605E+01 -1.5686E+02
  1.4217E-01  1.8470E+01 -1.6697E+01 -1.5773E+02
  1.4300E-01  1.8394E+01 -1.6790E+01 -1.5861E+02
  1.4383E-01  1.8316E+01 -1.6882E+01 -1.5950E+02
  1.4468E-01  1.8237E+01 -1.6976E+01 -1.6039E+02
  1.4552E-01  1.8156E+01 -1.7069E+01 -1.6128E+02
  1.4637E-01  1.8074E+01 -1.7163E+01 -1.6217E+02
  1.4723E-01  1.7990E+01 -1.7258E+01 -1.6308E+02
  1.4809E-01  1.7904E+01 -1.7353E+01 -1.6398E+02
  1.4896E-01  1.7817E+01 -1.7448E+01 -1.6489E+02
  1.4983E-01  1.7728E+01 -1.7544E+01 -1.6580E+02
  1.5071E-01  1.7637E+01 -1.7640E+01 -1.6672E+02
  1.5159E-01  1.7545E+01 -1.7737E+01 -1.6764E+02
  1.5247E-01  1.7451E+01 -1.7834E+01 -1.6857E+02
  1.5337E-01  1.7356E+01 -1.7932E+01 -1.6950E+02
  1.5426E-01  1.7259E+01 -1.8030E+01 -1.7044E+02
  1.5517E-01  1.7160E+01 -1.8129E+01 -1.7138E+02
  1.5607E-01  1.7060E+01 -1.8228E+01 -1.7232E+02
  1.5699E-01  1.6958E+01 -1.8327E+01 -1.7327E+02
  1.5790E-01  1.6854E+01 -1.8427E+01 -1.7422E+02
  1.5883E-01  1.6748E+01 -1.8528E+01 -1.7518E+02
  1.5976E-01  1.6641E+01 -1.8629E+01 -1.7614E+02
  1.6069E-01  1.6532E+01 -1.8730E+01 -1.7710E+02
  1.6163E-01  1.6421E+01 -1.8832E+01 -1.7807E+02
  1.6258E-01  1.6309E+01 -1.8934E+01 -1.7905E+02
  1.6353E-01  1.6195E+01 -1.9037E+01 -1.8003E+02
  1.6448E-01  1.6079E+01 -1.9140E+01 -1.8101E+02
  1.6545E-01  1.5961E+01 -1.9243E+01 -1.8200E+02
  1.6641E-01  1.5842E+01 -1.9348E+01 -1.8299E+02
  1.6739E-01  1.5721E+01 -1.9452E+01 -1.8398E+02
  1.6837E-01  1.5598E+01 -1.9557E+01 -1.8498E+02
  1.6935E-01  1.5473E+01 -1.9663E+01 -1.8599E+02
  1.7034E-01  1.5347E+01 -1.9769E+01 -1.8699E+02
  1.7134E-01  1.5218E+01 -1.9875E+01 -1.8801E+02
  1.7234E-01  1.5088E+01 -1.9982E+01 -1.8902E+02
  1.7335E-01  1.4956E+01 -2.0089E+01 -1.9004E+02
  1.7436E-01  1.4822E+01 -2.0197E+01 -1.9107E+02
  1.7538E-01  1.4687E+01 -2.0305E+01 -1.9210E+02
  1.7640E-01  1.4550E+01 -2.0414E+01 -1.9313E+02
  1.7743E-01  1.4410E+01 -2.0523E+01 -1.9417E+02
  1.7847E-01  1.4269E+01 -2.0633E+01 -1.9521E+02
  1.7952E-01  1.4126E+01 -2.0743E+01 -1.9626E+02
  1.8056E-01  1.3982E+01 -2.0853E+01 -1.9731E+02
  1.8162E-01  1.3835E+01 -2.0964E+01 -1.9836E+02
  1.8268E-01  1.3687E+01 -2.1076E+01 -1.9942E+02
  1.8375E-01  1.3536E+01 -2.1187E+01 -2.0048E+02
  1.8482E-01  1.3384E+01 -2.1300E+01 -2.0155E+02
  1.8590E-01  1.3230E+01 -2.1413E+01 -2.0262E+02
  1.8699E-01  1.3074E+01 -2.1526E+01 -2.0369E+02
  1.8808E-01  1.2917E+01 -2.1640E+01 -2.0477E+02
  1.8918E-01  1.2757E+01 -2.1754E+01 -2.0585E+02
  1.9029E-01  1.2596E+01 -2.1868E+01 -2.0694E+02
  1.9140E-01  1.2432E+01 -2.1984E+01 -2.0803E+02
  1.9252E-01  1.2267E+01 -2.2099E+01 -2.0912E+02
  1.9364E-01  1.2100E+01 -2.2215E+01 -2.1022E+02
  1.9478E-01  1.1931E+01 -2.2332E+01 -2.1132E+02
  1.9591E-01  1.1760E+01 -2.2448E+01 -2.1243E+02
  1.9706E-01  1.1587E+01 -2.2566E+01 -2.1354E+02
  1.9821E-01  1.1412E+01 -2.2684E+01 -2.1465E+02
  1.9937E-01  1.1236E+01 -2.2802E+01 -2.1577E+02
  2.0053E-01  1.1057E+01 -2.2920E+01 -2.1689E+02
  2.0171E-01  1.0877E+01 -2.3040E+01 -2.1801E+02
  2.0288E-01  1.0694E+01 -2.3159E+01 -2.1914E+02
  2.0407E-01  1.0510E+01 -2.3279E+01 -2.2027E+02
  2.0526E-01  1.0324E+01 -2.3400E+01 -2.2141E+02
  2.0646E-01  1.0136E+01 -2.3520E+01 -2.2254E+02
  2.0767E-01  9.9462E+00 -2.3642E+01 -2.2368E+02
  2.0888E-01  9.7544E+00 -2.3764E+01 -2.2483E+02
  2.1010E-01  9.5607E+00 -2.3886E+01 -2.2598E+02
  2.1133E-01  9.3652E+00 -2.4008E+01 -2.2713E+02
  2.1256E-01  9.1677E+00 -2.4131E+01 -2.2828E+02
  2.1380E-01  8.9683E+00 -2.4255E+01 -2.2944E+02
  2.1505E-01  8.7671E+00 -2.4379E+01 -2.3060E+02
  2.1631E-01  8.5640E+00 -2.4503E+01 -2.3176E+02
  2.1757E-01  8.3589E+00 -2.4628E+01 -2.3293E+02
  2.1884E-01  8.1520E+00 -2.4753E+01 -2.3410E+02
  2.2012E-01  7.9433E+00 -2.4878E+01 -2.3527E+02
  2.2141E-01  7.7326E+00 -2.5004E+01 -2.3644E+02
  2.2270E-01  7.5201E+00 -2.5130E+01 -2.3762E+02
  2.2400E-01  7.3058E+00 -2.5257E+01 -2.3880E+02
  2.2531E-01  7.0895E+00 -2.5384E+01 -2.3998E+02
  2.2663E-01  6.8714E+00 -2.5512E+01 -2.4117E+02
  2.2795E-01  6.6515E+00 -2.5640E+01 -2.4235E+02
  2.2928E-01  6.4297E+00 -2.5768E+01 -2.4354E+02
  2.3062E-01  6.2061E+00 -2.5897E+01 -2.4474E+02
  2.3197E-01  5.9806E+00 -2.6026E+01 -2.4593E+02
  2.3332E-01  5.7534E+00 -2.6155E+01 -2.4712E+02
  2.3469E-01  5.5243E+00 -2.6285E+01 -2.4832E+02
  2.3606E-01  5.2934E+00 -2.6415E+01 -2.4952E+02
  2.3743E-01  5.0606E+00 -2.6546E+01 -2.5072E+02
  2.3882E-01  4.8261E+00 -2.6677E+01 -2.5192E+02
  2.4022E-01  4.5898E+00 -2.6808E+01 -2.5313E+02
  2.4162E-01  4.3518E+00 -2.6940E+01 -2.5433E+02
  2.4303E-01  4.1119E+00 -2.7072E+01 -2.5554E+02
  2.4445E-01  3.8703E+00 -2.7204E+01 -2.5675E+02
  2.4588E-01  3.6270E+00 -2.7336E+01 -2.5796E+02
  2.4731E-01  3.3819E+00 -2.7469E+01 -2.5916E+02
  2.4876E-01  3.1351E+00 -2.7603E+01 -2.6038E+02
  2.5021E-01  2.8865E+00 -2.7736E+01 -2.6159E+02
  2.5167E-01  2.6363E+00 -2.7870E+01 -2.6280E+02
  2.5314E-01  2.3843E+00 -2.8004E+01 -2.6401E+02
  2.5462E-01  2.1307E+00 -2.8139E+01 -2.6522E+02
  2.5610E-01  1.8754E+00 -2.8274E+01 -2.6643E+02
  2.5760E-01  1.6185E+00 -2.8409E+01 -2.6765E+02
  2.5910E-01  1.3599E+00 -2.8544E+01 -2.6886E+02
  2.6062E-01  1.0996E+00 -2.8680E+01 -2.7007E+02
  2.6214E-01  8.3778E-01 -2.8816E+01 -2.7128E+02
  2.6367E-01  5.7434E-01 -2.8952E+01 -2.7249E+02
  2.6521E-01  3.0930E-01 -2.9089E+01 -2.7370E+02
  2.6676E-01  4.2700E-02 -2.9226E+01 -2.7491E+02
  2.6831E-01 -2.2546E-01 -2.9363E+01 -2.7612E+02
  2.6988E-01 -4.9516E-01 -2.9500E+01 -2.7733E+02
  2.7145E-01 -7.6638E-01 -2.9637E+01 -2.7853E+02
  2.7304E-01 -1.0391E+00 -2.9775E+01 -2.7973E+02
  2.7463E-01 -1.3133E+00 -2.9913E+01 -2.8094E+02
  2.7624E-01 -1.5890E+00 -3.0051E+01 -2.8214E+02
  2.7785E-01 -1.8661E+00 -3.0189E+01 -2.8333E+02
  2.7947E-01 -2.1447E+00 -3.0328E+01 -2.8453E+02
  2.8110E-01 -2.4247E+00 -3.0466E+01 -2.8572E+02
  2.8274E-01 -2.7060E+00 -3.0605E+01 -2.8691E+02
  2.8439E-01 -2.9888E+00 -3.0744E+01 -2.8810E+02
  2.8605E-01 -3.2729E+00 -3.0883E+01 -2.8928E+02
  2.8772E-01 -3.5583E+00 -3.1023E+01 -2.9046E+02
  2.8940E-01 -3.8450E+00 -3.1162E+01 -2.9163E+02
  2.9109E-01 -4.1330E+00 -3.1302E+01 -2.9281E+02
  2.9279E-01 -4.4223E+00 -3.1441E+01 -2.9397E+02
  2.9450E-01 -4.7128E+00 -3.1581E+01 -2.9514E+02
  2.9622E-01 -5.0045E+00 -3.1721E+01 -2.9630E+02
  2.9795E-01 -5.2974E+00 -3.1861E+01 -2.9745E+02
  2.9969E-01 -5.5915E+00 -3.2001E+01 -2.9860E+02
  3.0144E-01 -5.8868E+00 -3.2141E+01 -2.9974E+02
  3.0319E-01 -6.1831E+00 -3.2281E+01 -3.0088E+02
  3.0496E-01 -6.4805E+00 -3.2421E+01 -3.0201E+02
  3.0674E-01 -6.7790E+00 -3.2562E+01 -3.0313E+02
  3.0853E-01 -7.0786E+00 -3.2702E+01 -3.0425E+02
  3.1033E-01 -7.3791E+00 -3.2842E+01 -3.0536E+02
  3.1215E-01 -7.6806E+00 -3.2982E+01 -3.0647E+02
  3.1397E-01 -7.9831E+00 -3.3123E+01 -3.0756E+02
  3.1580E-01 -8.2865E+00 -3.3263E+01 -3.0865E+02
  3.1764E-01 -8.5908E+00 -3.3403E+01 -3.0973E+02
  3.1950E-01 -8.8960E+00 -3.3543E+01 -3.1080E+02
  3.2136E-01 -9.2019E+00 -3.3683E+01 -3.1187E+02
  3.2323E-01 -9.5087E+00 -3.3823E+01 -3.1292E+02
  3.2512E-01 -9.8163E+00 -3.3962E+01 -3.1396E+02
  3.2702E-01 -1.0125E+01 -3.4102E+01 -3.1500E+02
  3.2893E-01 -1.0434E+01 -3.4242E+01 -3.1602E+02
  3.3085E-01 -1.0743E+01 -3.4381E+01 -3.1704E+02
  3.3278E-01 -1.1054E+01 -3.4520E+01 -3.1804E+02
  3.3472E-01 -1.1364E+01 -3.4659E+01 -3.1903E+02
  3.3667E-01 -1.1676E+01 -3.4798E+01 -3.2001E+02
  3.3864E-01 -1.1988E+01 -3.4937E+01 -3.2098E+02
  3.4061E-01 -1.2300E+01 -3.5075E+01 -3.2194E+02
  3.4260E-01 -1.2613E+01 -3.5213E+01 -3.2288E+02
  3.4460E-01 -1.2927E+01 -3.5351E+01 -3.2381E+02
  3.4661E-01 -1.3241E+01 -3.5489E+01 -3.2473E+02
  3.4863E-01 -1.3555E+01 -3.5626E+01 -3.2563E+02
  3.5066E-01 -1.3869E+01 -3.5763E+01 -3.2652E+02
  3.5271E-01 -1.4184E+01 -3.5900E+01 -3.2739E+02
  3.5477E-01 -1.4499E+01 -3.6036E+01 -3.2825E+02
  3.5684E-01 -1.4814E+01 -3.6172E+01 -3.2909E+02
  3.5892E-01 -1.5129E+01 -3.6307E+01 -3.2992E+02
  3.6101E-01 -1.5445E+01 -3.6442E+01 -3.3073E+02
  3.6312E-01 -1.5760E+01 -3.6577E+01 -3.3152E+02
  3.6524E-01 -1.6076E+01 -3.6711E+01 -3.3229E+02
  3.6737E-01 -1.6391E+01 -3.6845E+01 -3.3305E+02
  3.6951E-01 -1.6707E+01 -3.6978E+01 -3.3379E+02
  3.7167E-01 -1.7022E+01 -3.7111E+01 -3.3451E+02
  3.7383E-01 -1.7337E+01 -3.7243E+01 -3.3521E+02
  3.7602E-01 -1.7653E+01 -3.7375E+01 -3.3589E+02
  3.7821E-01 -1.7967E+01 -3.7506E+01 -3.3654E+02
  3.8042E-01 -1.8282E+01 -3.7636E+01 -3.3718E+02
  3.8263E-01 -1.8596E+01 -3.7766E+01 -3.3780E+02
  3.8487E-01 -1.8910E+01 -3.7895E+01 -3.3839E+02
  3.8711E-01 -1.9224E+01 -3.8024E+01 -3.3896E+02
  3.8937E-01 -1.9537E+01 -3.8152E+01 -3.3951E+02
  3.9164E-01 -1.9849E+01 -3.8279E+01 -3.4004E+02
  3.9392E-01 -2.0161E+01 -3.8405E+01 -3.4054E+02
  3.9622E-01 -2.0473E+01 -3.8531E+01 -3.4101E+02
  3.9853E-01 -2.0783E+01 -3.8656E+01 -3.4147E+02
  4.0086E-01 -2.1093E+01 -3.8780E+01 -3.4189E+02
  4.0320E-01 -2.1403E+01 -3.8903E+01 -3.4229E+02
  4.0555E-01 -2.1711E+01 -3.9025E+01 -3.4266E+02
  4.0791E-01 -2.2019E+01 -3.9146E+01 -3.4301E+02
  4.1029E-01 -2.2326E+01 -3.9267E+01 -3.4332E+02
  4.1269E-01 -2.2632E+01 -3.9386E+01 -3.4361E+02
  4.1509E-01 -2.2937E+01 -3.9504E+01 -3.4387E+02
  4.1751E-01 -2.3240E+01 -3.9622E+01 -3.4410E+02
  4.1995E-01 -2.3543E+01 -3.9738E+01 -3.4429E+02
  4.2240E-01 -2.3845E+01 -3.9853E+01 -3.4446E+02
  4.2486E-01 -2.4145E+01 -3.9968E+01 -3.4460E+02
  4.2734E-01 -2.4444E+01 -4.0081E+01 -3.4470E+02
  4.2983E-01 -2.4742E+01 -4.0193E+01 -3.4477E+02
  4.3234E-01 -2.5038E+01 -4.0303E+01 -3.4481E+02
  4.3486E-01 -2.5333E+01 -4.0413E+01 -3.4481E+02
  4.3739E-01 -2.5627E+01 -4.0521E+01 -3.4478E+02
  4.3995E-01 -2.5919E+01 -4.0628E+01 -3.4471E+02
  4.4251E-01 -2.6209E+01 -4.0733E+01 -3.4461E+02
  4.4509E-01 -2.6498E+01 -4.0838E+01 -3.4447E+02
  4.4769E-01 -2.6785E+01 -4.0940E+01 -3.4430E+02
  4.5030E-01 -2.7070E+01 -4.1042E+01 -3.4409E+02
  4.5292E-01 -2.7354E+01 -4.1142E+01 -3.4384E+02
  4.5557E-01 -2.7635E+01 -4.1240E+01 -3.4355E+02
  4.5822E-01 -2.7915E+01 -4.1337E+01 -3.4322E+02
  4.6089E-01 -2.8192E+01 -4.1432E+01 -3.4285E+02
  4.6358E-01 -2.8468E+01 -4.1526E+01 -3.4244E+02
  4.6628E-01 -2.8741E+01 -4.1618E+01 -3.4200E+02
  4.6900E-01 -2.9012E+01 -4.1709E+01 -3.4151E+02
  4.7174E-01 -2.9281E+01 -4.1797E+01 -3.4097E+02
  4.7449E-01 -2.9547E+01 -4.1884E+01 -3.4040E+02
  4.7726E-01 -2.9812E+01 -4.1969E+01 -3.3978E+02
  4.8004E-01 -3.0073E+01 -4.2053E+01 -3.3912E+02
  4.8284E-01 -3.0332E+01 -4.2134E+01 -3.3841E+02
  4.8565E-01 -3.0589E+01 -4.2214E+01 -3.3766E+02
  4.8849E-01 -3.0843E+01 -4.2291E+01 -3.3687E+02
  4.9133E-01 -3.1094E+01 -4.2367E+01 -3.3603E+02
  4.9420E-01 -3.1342E+01 -4.2440E+01 -3.3514E+02
  4.9708E-01 -3.1588E+01 -4.2512E+01 -3.3421E+02
  4.9998E-01 -3.1830E+01 -4.2581E+01 -3.3323E+02
  5.0289E-01 -3.2070E+01 -4.2648E+01 -3.3220E+02
  5.0583E-01 -3.2307E+01 -4.2713E+01 -3.3113E+02
  5.0877E-01 -3.2540E+01 -4.2776E+01 -3.3000E+02
  5.1174E-01 -3.2770E+01 -4.2836E+01 -3.2883E+02
  5.1472E-01 -3.2997E+01 -4.2894E+01 -3.2761E+02
  5.1773E-01 -3.3221E+01 -4.2950E+01 -3.2634E+02
  5.2074E-01 -3.3441E+01 -4.3003E+01 -3.2502E+02
  5.2378E-01 -3.3658E+01 -4.3054E+01 -3.2365E+02
  5.2683E-01 -3.3871E+01 -4.3103E+01 -3.2223E+02
  5.2991E-01 -3.4080E+01 -4.3148E+01 -3.2076E+02
  5.3299E-01 -3.4286E+01 -4.3192E+01 -3.1924E+02
  5.3610E-01 -3.4488E+01 -4.3232E+01 -3.1767E+02
  5.3923E-01 -3.4686E+01 -4.3270E+01 -3.1605E+02
  5.4237E-01 -3.4881E+01 -4.3305E+01 -3.1438E+02
  5.4553E-01 -3.5071E+01 -4.3337E+01 -3.1265E+02
  5.4871E-01 -3.5258E+01 -4.3367E+01 -3.1087E+02
  5.5191E-01 -3.5440E+01 -4.3393E+01 -3.0905E+02
  5.5513E-01 -3.5618E+01 -4.3417E+01 -3.0717E+02
  5.5837E-01 -3.5792E+01 -4.3437E+01 -3.0523E+02
  5.6162E-01 -3.5961E+01 -4.3455E+01 -3.0325E+02
  5.6490E-01 -3.6126E+01 -4.3469E+01 -3.0122E+02
  5.6819E-01 -3.6287E+01 -4.3481E+01 -2.9913E+02
  5.7150E-01 -3.6443E+01 -4.3489E+01 -2.9700E+02
  5.7483E-01 -3.6595E+01 -4.3494E+01 -2.9481E+02
  5.7818E-01 -3.6742E+01 -4.3495E+01 -2.9257E+02
  5.8155E-01 -3.6884E+01 -4.3494E+01 -2.9028E+02
  5.8494E-01 -3.7021E+01 -4.3489E+01 -2.8794E+02
  5.8835E-01 -3.7154E+01 -4.3480E+01 -2.8555E+02
  5.9178E-01 -3.7281E+01 -4.3468E+01 -2.8311E+02
  5.9523E-01 -3.7403E+01 -4.3452E+01 -2.8062E+02
  5.9870E-01 -3.7521E+01 -4.3433E+01 -2.7808E+02
  6.0219E-01 -3.7633E+01 -4.3410E+01 -2.7549E+02
  6.0570E-01 -3.7740E+01 -4.3383E+01 -2.7286E+02
  6.0923E-01 -3.7842E+01 -4.3353E+01 -2.7017E+02
  6.1279E-01 -3.7938E+01 -4.3319E+01 -2.6745E+02
  6.1636E-01 -3.8029E+01 -4.3281E+01 -2.6467E+02
  6.1995E-01 -3.8114E+01 -4.3239E+01 -2.6185E+02
  6.2356E-01 -3.8194E+01 -4.3193E+01 -2.5899E+02
  6.2720E-01 -3.8268E+01 -4.3143E+01 -2.5608E+02
  6.3085E-01 -3.8337E+01 -4.3088E+01 -2.5312E+02
  6.3453E-01 -3.8400E+01 -4.3030E+01 -2.5013E+02
  6.3823E-01 -3.8457E+01 -4.2968E+01 -2.4710E+02
  6.4195E-01 -3.8508E+01 -4.2901E+01 -2.4402E+02
  6.4569E-01 -3.8553E+01 -4.2830E+01 -2.4091E+02
  6.4945E-01 -3.8592E+01 -4.2754E+01 -2.3776E+02
  6.5324E-01 -3.8625E+01 -4.2674E+01 -2.3457E+02
  6.5705E-01 -3.8651E+01 -4.2590E+01 -2.3134E+02
  6.6088E-01 -3.8672E+01 -4.2501E+01 -2.2808E+02
  6.6473E-01 -3.8686E+01 -4.2407E+01 -2.2479E+02
  6.6860E-01 -3.8694E+01 -4.2309E+01 -2.2147E+02
  6.7250E-01 -3.8696E+01 -4.2206E+01 -2.1812E+02
  6.7642E-01 -3.8691E+01 -4.2099E+01 -2.1473E+02
  6.8036E-01 -3.8680E+01 -4.1986E+01 -2.1133E+02
  6.8433E-01 -3.8662E+01 -4.1869E+01 -2.0789E+02
  6.8832E-01 -3.8637E+01 -4.1747E+01 -2.0443E+02
  6.9233E-01 -3.8606E+01 -4.1619E+01 -2.0095E+02
  6.9636E-01 -3.8568E+01 -4.1487E+01 -1.9745E+02
  7.0042E-01 -3.8523E+01 -4.1350E+01 -1.9393E+02
  7.0450E-01 -3.8471E+01 -4.1207E+01 -1.9039E+02
  7.0861E-01 -3.8412E+01 -4.1059E+01 -1.8684E+02
  7.1274E-01 -3.8347E+01 -4.0906E+01 -1.8327E+02
  7.1689E-01 -3.8274E+01 -4.0748E+01 -1.7969E+02
  7.2107E-01 -3.8194E+01 -4.0584E+01 -1.7610E+02
  7.2527E-01 -3.8107E+01 -4.0415E+01 -1.7251E+02
  7.2950E-01 -3.8013E+01 -4.0241E+01 -1.6891E+02
  7.3375E-01 -3.7912E+01 -4.0061E+01 -1.6530E+02
  7.3803E-01 -3.7804E+01 -3.9875E+01 -1.6170E+02
  7.4233E-01 -3.7688E+01 -3.9684E+01 -1.5809E+02
  7.4666E-01 -3.7565E+01 -3.9487E+01 -1.5449E+02
  7.5101E-01 -3.7434E+01 -3.9284E+01 -1.5089E+02
  7.5538E-01 -3.7296E+01 -3.9075E+01 -1.4730E+02
  7.5979E-01 -3.7150E+01 -3.8861E+01 -1.4372E+02
  7.6421E-01 -3.6997E+01 -3.8641E+01 -1.4015E+02
  7.6867E-01 -3.6837E+01 -3.8415E+01 -1.3659E+02
  7.7315E-01 -3.6668E+01 -3.8183E+01 -1.3305E+02
  7.7765E-01 -3.6492E+01 -3.7945E+01 -1.2953E+02
  7.8218E-01 -3.6309E+01 -3.7700E+01 -1.2603E+02
  7.8674E-01 -3.6117E+01 -3.7450E+01 -1.2255E+02
  7.9133E-01 -3.5918E+01 -3.7194E+01 -1.1910E+02
  7.9594E-01 -3.5711E+01 -3.6931E+01 -1.1567E+02
  8.0058E-01 -3.5497E+01 -3.6662E+01 -1.1227E+02
  8.0524E-01 -3.5274E+01 -3.6387E+01 -1.0890E+02
  8.0993E-01 -3.5044E+01 -3.6105E+01 -1.0557E+02
  8.1465E-01 -3.4805E+01 -3.5817E+01 -1.0227E+02
  8.1940E-01 -3.4559E+01 -3.5523E+01 -9.9013E+01
  8.2418E-01 -3.4305E+01 -3.5222E+01 -9.5792E+01
  8.2898E-01 -3.4043E+01 -3.4915E+01 -9.2613E+01
  8.3381E-01 -3.3772E+01 -3.4601E+01 -8.9478E+01
  8.3867E-01 -3.3494E+01 -3.4280E+01 -8.6388E+01
  8.4356E-01 -3.3208E+01 -3.3953E+01 -8.3345E+01
  8.4847E-01 -3.2914E+01 -3.3620E+01 -8.0351E+01
  8.5342E-01 -3.2611E+01 -3.3279E+01 -7.7407E+01
  8.5839E-01 -3.2301E+01 -3.2932E+01 -7.4516E+01
  8.6339E-01 -3.1983E+01 -3.2578E+01 -7.1679E+01
  8.6842E-01 -3.1656E+01 -3.2218E+01 -6.8896E+01
  8.7348E-01 -3.1321E+01 -3.1850E+01 -6.6171E+01
  8.7857E-01 -3.0978E+01 -3.1476E+01 -6.3503E+01
  8.8369E-01 -3.0628E+01 -3.1095E+01 -6.0894E+01
  8.8884E-01 -3.0269E+01 -3.0707E+01 -5.8344E+01
  8.9402E-01 -2.9901E+01 -3.0313E+01 -5.5856E+01
  8.9923E-01 -2.9526E+01 -2.9911E+01 -5.3430E+01
  9.0447E-01 -2.9143E+01 -2.9502E+01 -5.1066E+01
  9.0974E-01 -2.8752E+01 -2.9087E+01 -4.8764E+01
  9.1504E-01 -2.8352E+01 -2.8664E+01 -4.6527E+01
  9.2037E-01 -2.7945E+01 -2.8235E+01 -4.4353E+01
  9.2573E-01 -2.7529E+01 -2.7798E+01 -4.2244E+01
  9.3113E-01 -2.7105E+01 -2.7355E+01 -4.0198E+01
  9.3655E-01 -2.6674E+01 -2.6904E+01 -3.8217E+01
  9.4201E-01 -2.6234E+01 -2.6447E+01 -3.6300E+01
  9.4750E-01 -2.5787E+01 -2.5983E+01 -3.4447E+01
  9.5302E-01 -2.5331E+01 -2.5511E+01 -3.2657E+01
  9.5857E-01 -2.4867E+01 -2.5033E+01 -3.0929E+01
  9.6416E-01 -2.4396E+01 -2.4547E+01 -2.9264E+01
  9.6977E-01 -2.3917E+01 -2.4054E+01 -2.7660E+01
  9.7542E-01 -2.3430E+01 -2.3555E+01 -2.6117E+01
  9.8111E-01 -2.2935E+01 -2.3048E+01 -2.4633E+01
  9.8682E-01 -2.2432E+01 -2.2535E+01 -2.3207E+01
  9.9257E-01 -2.1922E+01 -2.2014E+01 -2.1839E+01
  9.9836E-01 -2.1404E+01 -2.1487E+01 -2.0526E+01
  1.0042E+00 -2.0878E+01 -2.0953E+01 -1.9268E+01
  1.0100E+00 -2.0345E+01 -2.0411E+01 -1.8062E+01
  1.0159E+00 -1.9804E+01 -1.9863E+01 -1.6908E+01
  1.0218E+00 -1.9256E+01 -1.9308E+01 -1.5803E+01
  1.0278E+00 -1.8700E+01 -1.8746E+01 -1.4747E+01
  1.0338E+00 -1.8137E+01 -1.8178E+01 -1.3737E+01
  1.0398E+00 -1.7567E+01 -1.7602E+01 -1.2772E+01
  1.0459E+00 -1.6990E+01 -1.7020E+01 -1.1850E+01
  1.0519E+00 -1.6405E+01 -1.6431E+01 -1.0969E+01
  1.0581E+00 -1.5813E+01 -1.5836E+01 -1.0128E+01
  1.0642E+00 -1.5215E+01 -1.5234E+01 -9.3254E+00
  1.0704E+00 -1.4609E+01 -1.4625E+01 -8.5595E+00
  1.0767E+00 -1.3997E+01 -1.4010E+01 -7.8290E+00
  1.0829E+00 -1.3378E+01 -1.3389E+01 -7.1326E+00
  1.0893E+00 -1.2752E+01 -1.2761E+01 -6.4692E+00
  1.0956E+00 -1.2119E+01 -1.2127E+01 -5.8376E+00
  1.1020E+00 -1.1480E+01 -1.1486E+01 -5.2372E+00
  1.1084E+00 -1.0835E+01 -1.0840E+01 -4.6673E+00
  1.1149E+00 -1.0184E+01 -1.0187E+01 -4.1273E+00
  1.1214E+00 -9.5259E+00 -9.5286E+00 -3.6172E+00
  1.1279E+00 -8.8621E+00 -8.8641E+00 -3.1368E+00
  1.1345E+00 -8.1923E+00 -8.1938E+00 -2.6865E+00
  1.1411E+00 -7.5167E+00 -7.5177E+00 -2.2666E+00
  1.1477E+00 -6.8354E+00 -6.8361E+00 -1.8780E+00
  1.1544E+00 -6.1485E+00 -6.1489E+00 -1.5215E+00
  1.1611E+00 -5.4560E+00 -5.4563E+00 -1.1984E+00
  1.1679E+00 -4.7583E+00 -4.7584E+00 -9.1001E-01
  1.1747E+00 -4.0553E+00 -4.0553E+00 -6.5793E-01
  1.1815E+00 -3.3472E+00 -3.3472E+00 -4.4387E-01
  1.1884E+00 -2.6342E+00 -2.6342E+00 -2.6963E-01
  1.1953E+00 -1.9163E+00 -1.9163E+00 -1.3704E-01
  1.2023E+00 -1.1938E+00 -1.1938E+00 -4.7899E-02
  1.2093E+00 -4.6686E-01 -4.6686E-01 -3.8678E-03
  1.2164E+00  2.6447E-01  2.6447E-01  0.0000E+00
  1.2234E+00  1.0000E+00  1.0000E+00  0.0000E+00
  1.2306E+00  1.7396E+00  1.7396E+00  0.0000E+00
  1.2377E+00  2.4830E+00  2.4830E+00  0.0000E+00
  1.2450E+00  3.2301E+00  3.2301E+00  0.0000E+00
  1.2522E+00  3.9807E+00  3.9807E+00  0.0000E+00
  1.2595E+00  4.7347E+00  4.7347E+00  0.0000E+00
  1.2668E+00  5.4918E+00  5.4918E+00  0.0000E+00
  1.2742E+00  6.2519E+00  6.2519E+00  0.0000E+00
  1.2816E+00  7.0147E+00  7.0147E+00  0.0000E+00
  1.2891E+00  7.7802E+00  7.7802E+00  0.0000E+00
  1.2966E+00  8.5480E+00  8.5480E+00  0.0000E+00
  1.3042E+00  9.3180E+00  9.3180E+00  0.0000E+00
  1.3118E+00  1.0090E+01  1.0090E+01  0.0000E+00
  1.3194E+00  1.0864E+01  1.0864E+01  0.0000E+00
  1.3271E+00  1.1639E+01  1.1639E+01  0.0000E+00
  1.3348E+00  1.2416E+01  1.2416E+01  0.0000E+00
  1.3426E+00  1.3193E+01  1.3193E+01  0.0000E+00
  1.3504E+00  1.3972E+01  1.3972E+01  0.0000E+00
  1.3583E+00  1.4751E+01  1.4751E+01  0.0000E+00
  1.3662E+00  1.5531E+01  1.5531E+01  0.0000E+00
  1.3742E+00  1.6311E+01  1.6311E+01  0.0000E+00
  1.3822E+00  1.7090E+01  1.7090E+01  0.0000E+00
  1.3902E+00  1.7870E+01  1.7870E+01  0.0000E+00
  1.3983E+00  1.8648E+01  1.8648E+01  0.0000E+00
  1.4065E+00  1.9426E+01  1.9426E+01  0.0000E+00
  1.4147E+00  2.0203E+01  2.0203E+01  0.0000E+00
  1.4229E+00  2.0978E+01  2.0978E+01  0.0000E+00
  1.4312E+00  2.1752E+01  2.1752E+01  0.0000E+00
  1.4395E+00  2.2524E+01  2.2524E+01  0.0000E+00
  1.4479E+00  2.3293E+01  2.3293E+01  0.0000E+00
  1.4563E+00  2.4060E+01  2.4060E+01  0.0000E+00
  1.4648E+00  2.4824E+01  2.4824E+01  0.0000E+00
  1.4734E+00  2.5586E+01  2.5586E+01  0.0000E+00
  1.4819E+00  2.6343E+01  2.6343E+01  0.0000E+00
  1.4906E+00  2.7097E+01  2.7097E+01  0.0000E+00
  1.4993E+00  2.7847E+01  2.7847E+01  0.0000E+00
  1.5080E+00  2.8593E+01  2.8593E+01  0.0000E+00
  1.5168E+00  2.9334E+01  2.9334E+01  0.0000E+00
  1.5256E+00  3.0070E+01  3.0070E+01  0.0000E+00
  1.5345E+00  3.0801E+01  3.0801E+01  0.0000E+00
  1.5434E+00  3.1526E+01  3.1526E+01  0.0000E+00
  1.5524E+00  3.2245E+01  3.2245E+01  0.0000E+00
  1.5615E+00  3.2958E+01  3.2958E+01  0.0000E+00
  1.5706E+00  3.3664E+01  3.3664E+01  0.0000E+00
  1.5797E+00  3.4363E+01  3.4363E+01  0.0000E+00
  1.5889E+00  3.5055E+01  3.5055E+01  0.0000E+00
  1.5982E+00  3.5740E+01  3.5740E+01  0.0000E+00
  1.6075E+00  3.6416E+01  3.6416E+01  0.0000E+00
  1.6168E+00  3.7084E+01  3.7084E+01  0.0000E+00
  1.6262E+00  3.7743E+01  3.7743E+01  0.0000E+00
