 # l=           1 basis function with energy     3.10446389900000     
  0.0000E+00  0.0000E+00  0.0000E+00  0.0000E+00
  4.2248E-06 -1.2164E-08 -7.9770E-10 -2.1901E-10
  8.4743E-06 -4.0148E-08 -3.2094E-09 -8.8116E-10
  1.2748E-05 -7.9655E-08 -7.2633E-09 -1.9942E-09
  1.7048E-05 -1.2736E-07 -1.2988E-08 -3.5659E-09
  2.1372E-05 -1.8264E-07 -2.0412E-08 -5.6043E-09
  2.5721E-05 -2.5055E-07 -2.9566E-08 -8.1175E-09
  3.0096E-05 -3.2864E-07 -4.0478E-08 -1.1114E-08
  3.4496E-05 -4.1615E-07 -5.3180E-08 -1.4601E-08
  3.8921E-05 -5.1357E-07 -6.7701E-08 -1.8588E-08
  4.3373E-05 -6.2099E-07 -8.4072E-08 -2.3082E-08
  4.7850E-05 -7.3791E-07 -1.0233E-07 -2.8094E-08
  5.2354E-05 -8.6449E-07 -1.2249E-07 -3.3631E-08
  5.6883E-05 -1.0008E-06 -1.4461E-07 -3.9702E-08
  6.1439E-05 -1.1468E-06 -1.6870E-07 -4.6317E-08
  6.6022E-05 -1.3025E-06 -1.9480E-07 -5.3484E-08
  7.0631E-05 -1.4680E-06 -2.2295E-07 -6.1212E-08
  7.5267E-05 -1.6434E-06 -2.5318E-07 -6.9512E-08
  7.9930E-05 -1.8288E-06 -2.8552E-07 -7.8391E-08
  8.4620E-05 -2.0242E-06 -3.2001E-07 -8.7861E-08
  8.9338E-05 -2.2297E-06 -3.5669E-07 -9.7931E-08
  9.4083E-05 -2.4454E-06 -3.9558E-07 -1.0861E-07
  9.8855E-05 -2.6715E-06 -4.3674E-07 -1.1991E-07
  1.0366E-04 -2.9080E-06 -4.8018E-07 -1.3184E-07
  1.0848E-04 -3.1551E-06 -5.2596E-07 -1.4440E-07
  1.1334E-04 -3.4129E-06 -5.7410E-07 -1.5762E-07
  1.1823E-04 -3.6815E-06 -6.2465E-07 -1.7150E-07
  1.2314E-04 -3.9610E-06 -6.7765E-07 -1.8605E-07
  1.2808E-04 -4.2516E-06 -7.3313E-07 -2.0129E-07
  1.3305E-04 -4.5534E-06 -7.9114E-07 -2.1721E-07
  1.3805E-04 -4.8666E-06 -8.5171E-07 -2.3384E-07
  1.4308E-04 -5.1913E-06 -9.1489E-07 -2.5119E-07
  1.4814E-04 -5.5277E-06 -9.8072E-07 -2.6926E-07
  1.5322E-04 -5.8758E-06 -1.0492E-06 -2.8807E-07
  1.5834E-04 -6.2359E-06 -1.1205E-06 -3.0763E-07
  1.6349E-04 -6.6081E-06 -1.1945E-06 -3.2796E-07
  1.6866E-04 -6.9927E-06 -1.2714E-06 -3.4906E-07
  1.7387E-04 -7.3896E-06 -1.3511E-06 -3.7094E-07
  1.7911E-04 -7.7992E-06 -1.4337E-06 -3.9362E-07
  1.8438E-04 -8.2215E-06 -1.5192E-06 -4.1712E-07
  1.8967E-04 -8.6569E-06 -1.6078E-06 -4.4143E-07
  1.9500E-04 -9.1053E-06 -1.6994E-06 -4.6659E-07
  2.0036E-04 -9.5671E-06 -1.7941E-06 -4.9259E-07
  2.0576E-04 -1.0042E-05 -1.8920E-06 -5.1946E-07
  2.1118E-04 -1.0531E-05 -1.9930E-06 -5.4720E-07
  2.1663E-04 -1.1034E-05 -2.0973E-06 -5.7583E-07
  2.2212E-04 -1.1551E-05 -2.2049E-06 -6.0536E-07
  2.2764E-04 -1.2082E-05 -2.3158E-06 -6.3581E-07
  2.3319E-04 -1.2628E-05 -2.4301E-06 -6.6720E-07
  2.3877E-04 -1.3188E-05 -2.5479E-06 -6.9953E-07
  2.4438E-04 -1.3764E-05 -2.6691E-06 -7.3281E-07
  2.5003E-04 -1.4354E-05 -2.7939E-06 -7.6707E-07
  2.5571E-04 -1.4959E-05 -2.9223E-06 -8.0233E-07
  2.6143E-04 -1.5580E-05 -3.0543E-06 -8.3858E-07
  2.6717E-04 -1.6217E-05 -3.1901E-06 -8.7585E-07
  2.7295E-04 -1.6870E-05 -3.3296E-06 -9.1416E-07
  2.7877E-04 -1.7539E-05 -3.4730E-06 -9.5352E-07
  2.8462E-04 -1.8224E-05 -3.6202E-06 -9.9395E-07
  2.9050E-04 -1.8926E-05 -3.7714E-06 -1.0355E-06
  2.9641E-04 -1.9645E-05 -3.9266E-06 -1.0781E-06
  3.0236E-04 -2.0381E-05 -4.0858E-06 -1.1218E-06
  3.0835E-04 -2.1134E-05 -4.2492E-06 -1.1666E-06
  3.1437E-04 -2.1905E-05 -4.4167E-06 -1.2126E-06
  3.2042E-04 -2.2693E-05 -4.5885E-06 -1.2598E-06
  3.2651E-04 -2.3500E-05 -4.7646E-06 -1.3081E-06
  3.3264E-04 -2.4325E-05 -4.9450E-06 -1.3577E-06
  3.3880E-04 -2.5168E-05 -5.1299E-06 -1.4084E-06
  3.4500E-04 -2.6031E-05 -5.3193E-06 -1.4604E-06
  3.5123E-04 -2.6912E-05 -5.5133E-06 -1.5137E-06
  3.5750E-04 -2.7813E-05 -5.7118E-06 -1.5682E-06
  3.6381E-04 -2.8734E-05 -5.9151E-06 -1.6240E-06
  3.7015E-04 -2.9674E-05 -6.1232E-06 -1.6812E-06
  3.7653E-04 -3.0635E-05 -6.3361E-06 -1.7396E-06
  3.8295E-04 -3.1616E-05 -6.5539E-06 -1.7994E-06
  3.8940E-04 -3.2618E-05 -6.7767E-06 -1.8606E-06
  3.9590E-04 -3.3640E-05 -7.0045E-06 -1.9231E-06
  4.0243E-04 -3.4685E-05 -7.2375E-06 -1.9871E-06
  4.0899E-04 -3.5750E-05 -7.4757E-06 -2.0525E-06
  4.1560E-04 -3.6838E-05 -7.7191E-06 -2.1193E-06
  4.2224E-04 -3.7948E-05 -7.9679E-06 -2.1876E-06
  4.2893E-04 -3.9081E-05 -8.2221E-06 -2.2574E-06
  4.3565E-04 -4.0236E-05 -8.4819E-06 -2.3287E-06
  4.4241E-04 -4.1414E-05 -8.7472E-06 -2.4016E-06
  4.4921E-04 -4.2616E-05 -9.0182E-06 -2.4760E-06
  4.5605E-04 -4.3842E-05 -9.2949E-06 -2.5520E-06
  4.6293E-04 -4.5092E-05 -9.5775E-06 -2.6295E-06
  4.6985E-04 -4.6367E-05 -9.8659E-06 -2.7087E-06
  4.7681E-04 -4.7666E-05 -1.0160E-05 -2.7896E-06
  4.8381E-04 -4.8990E-05 -1.0461E-05 -2.8721E-06
  4.9085E-04 -5.0340E-05 -1.0768E-05 -2.9563E-06
  4.9794E-04 -5.1716E-05 -1.1081E-05 -3.0422E-06
  5.0506E-04 -5.3118E-05 -1.1400E-05 -3.1299E-06
  5.1223E-04 -5.4546E-05 -1.1726E-05 -3.2194E-06
  5.1943E-04 -5.6001E-05 -1.2058E-05 -3.3106E-06
  5.2668E-04 -5.7484E-05 -1.2397E-05 -3.4036E-06
  5.3397E-04 -5.8994E-05 -1.2743E-05 -3.4985E-06
  5.4131E-04 -6.0533E-05 -1.3095E-05 -3.5953E-06
  5.4868E-04 -6.2100E-05 -1.3454E-05 -3.6939E-06
  5.5610E-04 -6.3695E-05 -1.3821E-05 -3.7945E-06
  5.6357E-04 -6.5320E-05 -1.4194E-05 -3.8970E-06
  5.7107E-04 -6.6974E-05 -1.4575E-05 -4.0015E-06
  5.7862E-04 -6.8659E-05 -1.4963E-05 -4.1080E-06
  5.8621E-04 -7.0373E-05 -1.5358E-05 -4.2166E-06
  5.9385E-04 -7.2119E-05 -1.5761E-05 -4.3272E-06
  6.0153E-04 -7.3896E-05 -1.6171E-05 -4.4398E-06
  6.0926E-04 -7.5704E-05 -1.6589E-05 -4.5546E-06
  6.1703E-04 -7.7544E-05 -1.7015E-05 -4.6716E-06
  6.2485E-04 -7.9417E-05 -1.7449E-05 -4.7907E-06
  6.3271E-04 -8.1323E-05 -1.7891E-05 -4.9120E-06
  6.4062E-04 -8.3263E-05 -1.8341E-05 -5.0356E-06
  6.4858E-04 -8.5236E-05 -1.8799E-05 -5.1614E-06
  6.5658E-04 -8.7243E-05 -1.9266E-05 -5.2896E-06
  6.6463E-04 -8.9286E-05 -1.9741E-05 -5.4200E-06
  6.7272E-04 -9.1363E-05 -2.0225E-05 -5.5528E-06
  6.8086E-04 -9.3476E-05 -2.0717E-05 -5.6881E-06
  6.8905E-04 -9.5625E-05 -2.1219E-05 -5.8257E-06
  6.9729E-04 -9.7811E-05 -2.1729E-05 -5.9658E-06
  7.0557E-04 -1.0003E-04 -2.2248E-05 -6.1084E-06
  7.1390E-04 -1.0230E-04 -2.2777E-05 -6.2535E-06
  7.2229E-04 -1.0459E-04 -2.3315E-05 -6.4012E-06
  7.3072E-04 -1.0693E-04 -2.3862E-05 -6.5515E-06
  7.3919E-04 -1.0931E-04 -2.4419E-05 -6.7045E-06
  7.4772E-04 -1.1172E-04 -2.4986E-05 -6.8601E-06
  7.5630E-04 -1.1418E-04 -2.5563E-05 -7.0184E-06
  7.6493E-04 -1.1668E-04 -2.6149E-05 -7.1794E-06
  7.7361E-04 -1.1922E-04 -2.6746E-05 -7.3432E-06
  7.8234E-04 -1.2180E-04 -2.7353E-05 -7.5099E-06
  7.9112E-04 -1.2442E-04 -2.7970E-05 -7.6794E-06
  7.9995E-04 -1.2709E-04 -2.8598E-05 -7.8518E-06
  8.0883E-04 -1.2979E-04 -2.9237E-05 -8.0271E-06
  8.1776E-04 -1.3255E-04 -2.9886E-05 -8.2054E-06
  8.2675E-04 -1.3535E-04 -3.0547E-05 -8.3868E-06
  8.3579E-04 -1.3819E-04 -3.1218E-05 -8.5711E-06
  8.4488E-04 -1.4108E-04 -3.1901E-05 -8.7586E-06
  8.5402E-04 -1.4401E-04 -3.2595E-05 -8.9492E-06
  8.6322E-04 -1.4700E-04 -3.3301E-05 -9.1430E-06
  8.7247E-04 -1.5003E-04 -3.4019E-05 -9.3400E-06
  8.8177E-04 -1.5311E-04 -3.4748E-05 -9.5403E-06
  8.9113E-04 -1.5623E-04 -3.5490E-05 -9.7439E-06
  9.0055E-04 -1.5941E-04 -3.6243E-05 -9.9508E-06
  9.1001E-04 -1.6264E-04 -3.7010E-05 -1.0161E-05
  9.1954E-04 -1.6592E-04 -3.7788E-05 -1.0375E-05
  9.2912E-04 -1.6924E-04 -3.8580E-05 -1.0592E-05
  9.3875E-04 -1.7263E-04 -3.9384E-05 -1.0813E-05
  9.4844E-04 -1.7606E-04 -4.0201E-05 -1.1037E-05
  9.5819E-04 -1.7955E-04 -4.1032E-05 -1.1265E-05
  9.6799E-04 -1.8309E-04 -4.1875E-05 -1.1497E-05
  9.7785E-04 -1.8669E-04 -4.2733E-05 -1.1733E-05
  9.8777E-04 -1.9034E-04 -4.3604E-05 -1.1972E-05
  9.9775E-04 -1.9405E-04 -4.4489E-05 -1.2215E-05
  1.0078E-03 -1.9782E-04 -4.5389E-05 -1.2462E-05
  1.0179E-03 -2.0165E-04 -4.6302E-05 -1.2713E-05
  1.0280E-03 -2.0553E-04 -4.7230E-05 -1.2967E-05
  1.0382E-03 -2.0947E-04 -4.8173E-05 -1.3226E-05
  1.0485E-03 -2.1348E-04 -4.9131E-05 -1.3489E-05
  1.0588E-03 -2.1754E-04 -5.0104E-05 -1.3756E-05
  1.0692E-03 -2.2167E-04 -5.1092E-05 -1.4027E-05
  1.0797E-03 -2.2586E-04 -5.2095E-05 -1.4303E-05
  1.0902E-03 -2.3011E-04 -5.3115E-05 -1.4583E-05
  1.1008E-03 -2.3442E-04 -5.4150E-05 -1.4867E-05
  1.1114E-03 -2.3880E-04 -5.5201E-05 -1.5156E-05
  1.1221E-03 -2.4325E-04 -5.6269E-05 -1.5449E-05
  1.1328E-03 -2.4777E-04 -5.7353E-05 -1.5746E-05
  1.1437E-03 -2.5235E-04 -5.8454E-05 -1.6049E-05
  1.1545E-03 -2.5700E-04 -5.9571E-05 -1.6356E-05
  1.1655E-03 -2.6171E-04 -6.0706E-05 -1.6667E-05
  1.1765E-03 -2.6650E-04 -6.1859E-05 -1.6984E-05
  1.1876E-03 -2.7136E-04 -6.3029E-05 -1.7305E-05
  1.1987E-03 -2.7630E-04 -6.4217E-05 -1.7631E-05
  1.2099E-03 -2.8130E-04 -6.5423E-05 -1.7962E-05
  1.2212E-03 -2.8638E-04 -6.6647E-05 -1.8298E-05
  1.2325E-03 -2.9153E-04 -6.7890E-05 -1.8640E-05
  1.2439E-03 -2.9676E-04 -6.9152E-05 -1.8986E-05
  1.2554E-03 -3.0207E-04 -7.0433E-05 -1.9338E-05
  1.2669E-03 -3.0745E-04 -7.1733E-05 -1.9695E-05
  1.2785E-03 -3.1292E-04 -7.3053E-05 -2.0057E-05
  1.2902E-03 -3.1846E-04 -7.4392E-05 -2.0425E-05
  1.3019E-03 -3.2408E-04 -7.5752E-05 -2.0798E-05
  1.3137E-03 -3.2979E-04 -7.7132E-05 -2.1177E-05
  1.3256E-03 -3.3557E-04 -7.8532E-05 -2.1561E-05
  1.3376E-03 -3.4144E-04 -7.9954E-05 -2.1952E-05
  1.3496E-03 -3.4740E-04 -8.1396E-05 -2.2348E-05
  1.3616E-03 -3.5344E-04 -8.2860E-05 -2.2750E-05
  1.3738E-03 -3.5957E-04 -8.4346E-05 -2.3157E-05
  1.3860E-03 -3.6579E-04 -8.5853E-05 -2.3571E-05
  1.3983E-03 -3.7210E-04 -8.7383E-05 -2.3991E-05
  1.4107E-03 -3.7849E-04 -8.8935E-05 -2.4418E-05
  1.4231E-03 -3.8498E-04 -9.0511E-05 -2.4850E-05
  1.4356E-03 -3.9156E-04 -9.2109E-05 -2.5289E-05
  1.4482E-03 -3.9824E-04 -9.3731E-05 -2.5734E-05
  1.4609E-03 -4.0501E-04 -9.5376E-05 -2.6186E-05
  1.4736E-03 -4.1187E-04 -9.7046E-05 -2.6644E-05
  1.4864E-03 -4.1884E-04 -9.8739E-05 -2.7109E-05
  1.4993E-03 -4.2590E-04 -1.0046E-04 -2.7581E-05
  1.5122E-03 -4.3306E-04 -1.0220E-04 -2.8060E-05
  1.5253E-03 -4.4033E-04 -1.0397E-04 -2.8545E-05
  1.5384E-03 -4.4769E-04 -1.0576E-04 -2.9038E-05
  1.5516E-03 -4.5516E-04 -1.0758E-04 -2.9538E-05
  1.5648E-03 -4.6274E-04 -1.0943E-04 -3.0045E-05
  1.5781E-03 -4.7042E-04 -1.1130E-04 -3.0559E-05
  1.5916E-03 -4.7821E-04 -1.1320E-04 -3.1081E-05
  1.6051E-03 -4.8611E-04 -1.1513E-04 -3.1610E-05
  1.6186E-03 -4.9411E-04 -1.1709E-04 -3.2146E-05
  1.6323E-03 -5.0223E-04 -1.1907E-04 -3.2691E-05
  1.6460E-03 -5.1047E-04 -1.2108E-04 -3.3243E-05
  1.6598E-03 -5.1882E-04 -1.2312E-04 -3.3803E-05
  1.6737E-03 -5.2728E-04 -1.2519E-04 -3.4371E-05
  1.6877E-03 -5.3586E-04 -1.2729E-04 -3.4947E-05
  1.7017E-03 -5.4456E-04 -1.2942E-04 -3.5532E-05
  1.7158E-03 -5.5338E-04 -1.3157E-04 -3.6124E-05
  1.7301E-03 -5.6233E-04 -1.3376E-04 -3.6725E-05
  1.7444E-03 -5.7139E-04 -1.3598E-04 -3.7335E-05
  1.7587E-03 -5.8059E-04 -1.3824E-04 -3.7953E-05
  1.7732E-03 -5.8990E-04 -1.4052E-04 -3.8580E-05
  1.7878E-03 -5.9935E-04 -1.4283E-04 -3.9215E-05
  1.8024E-03 -6.0893E-04 -1.4518E-04 -3.9860E-05
  1.8171E-03 -6.1863E-04 -1.4756E-04 -4.0514E-05
  1.8319E-03 -6.2847E-04 -1.4998E-04 -4.1176E-05
  1.8468E-03 -6.3845E-04 -1.5242E-04 -4.1849E-05
  1.8618E-03 -6.4856E-04 -1.5491E-04 -4.2530E-05
  1.8768E-03 -6.5881E-04 -1.5742E-04 -4.3221E-05
  1.8920E-03 -6.6920E-04 -1.5998E-04 -4.3922E-05
  1.9072E-03 -6.7973E-04 -1.6256E-04 -4.4632E-05
  1.9226E-03 -6.9040E-04 -1.6519E-04 -4.5353E-05
  1.9380E-03 -7.0122E-04 -1.6785E-04 -4.6083E-05
  1.9535E-03 -7.1219E-04 -1.7054E-04 -4.6823E-05
  1.9691E-03 -7.2330E-04 -1.7328E-04 -4.7574E-05
  1.9848E-03 -7.3457E-04 -1.7605E-04 -4.8335E-05
  2.0006E-03 -7.4598E-04 -1.7886E-04 -4.9107E-05
  2.0164E-03 -7.5756E-04 -1.8171E-04 -4.9889E-05
  2.0324E-03 -7.6928E-04 -1.8460E-04 -5.0682E-05
  2.0485E-03 -7.8117E-04 -1.8753E-04 -5.1486E-05
  2.0646E-03 -7.9321E-04 -1.9050E-04 -5.2301E-05
  2.0808E-03 -8.0542E-04 -1.9351E-04 -5.3128E-05
  2.0972E-03 -8.1779E-04 -1.9656E-04 -5.3965E-05
  2.1136E-03 -8.3033E-04 -1.9965E-04 -5.4814E-05
  2.1302E-03 -8.4303E-04 -2.0278E-04 -5.5675E-05
  2.1468E-03 -8.5591E-04 -2.0596E-04 -5.6548E-05
  2.1635E-03 -8.6895E-04 -2.0918E-04 -5.7432E-05
  2.1803E-03 -8.8218E-04 -2.1245E-04 -5.8329E-05
  2.1972E-03 -8.9557E-04 -2.1576E-04 -5.9237E-05
  2.2143E-03 -9.0915E-04 -2.1911E-04 -6.0158E-05
  2.2314E-03 -9.2291E-04 -2.2251E-04 -6.1092E-05
  2.2486E-03 -9.3685E-04 -2.2596E-04 -6.2038E-05
  2.2659E-03 -9.5097E-04 -2.2946E-04 -6.2998E-05
  2.2833E-03 -9.6528E-04 -2.3300E-04 -6.3970E-05
  2.3008E-03 -9.7979E-04 -2.3659E-04 -6.4955E-05
  2.3185E-03 -9.9448E-04 -2.4022E-04 -6.5954E-05
  2.3362E-03 -1.0094E-03 -2.4391E-04 -6.6966E-05
  2.3540E-03 -1.0245E-03 -2.4765E-04 -6.7992E-05
  2.3719E-03 -1.0397E-03 -2.5143E-04 -6.9031E-05
  2.3900E-03 -1.0552E-03 -2.5527E-04 -7.0085E-05
  2.4081E-03 -1.0709E-03 -2.5916E-04 -7.1153E-05
  2.4264E-03 -1.0868E-03 -2.6310E-04 -7.2235E-05
  2.4447E-03 -1.1029E-03 -2.6710E-04 -7.3332E-05
  2.4632E-03 -1.1192E-03 -2.7115E-04 -7.4444E-05
  2.4817E-03 -1.1358E-03 -2.7525E-04 -7.5570E-05
  2.5004E-03 -1.1525E-03 -2.7941E-04 -7.6711E-05
  2.5192E-03 -1.1695E-03 -2.8362E-04 -7.7868E-05
  2.5381E-03 -1.1867E-03 -2.8789E-04 -7.9041E-05
  2.5571E-03 -1.2041E-03 -2.9222E-04 -8.0228E-05
  2.5762E-03 -1.2217E-03 -2.9660E-04 -8.1432E-05
  2.5954E-03 -1.2396E-03 -3.0104E-04 -8.2652E-05
  2.6148E-03 -1.2577E-03 -3.0555E-04 -8.3888E-05
  2.6342E-03 -1.2761E-03 -3.1011E-04 -8.5141E-05
  2.6538E-03 -1.2946E-03 -3.1473E-04 -8.6410E-05
  2.6734E-03 -1.3135E-03 -3.1941E-04 -8.7696E-05
  2.6932E-03 -1.3325E-03 -3.2416E-04 -8.8999E-05
  2.7131E-03 -1.3519E-03 -3.2897E-04 -9.0319E-05
  2.7332E-03 -1.3714E-03 -3.3384E-04 -9.1657E-05
  2.7533E-03 -1.3912E-03 -3.3878E-04 -9.3013E-05
  2.7736E-03 -1.4113E-03 -3.4378E-04 -9.4386E-05
  2.7939E-03 -1.4317E-03 -3.4885E-04 -9.5778E-05
  2.8144E-03 -1.4523E-03 -3.5399E-04 -9.7188E-05
  2.8350E-03 -1.4731E-03 -3.5919E-04 -9.8616E-05
  2.8558E-03 -1.4943E-03 -3.6446E-04 -1.0006E-04
  2.8766E-03 -1.5157E-03 -3.6981E-04 -1.0153E-04
  2.8976E-03 -1.5374E-03 -3.7522E-04 -1.0302E-04
  2.9187E-03 -1.5593E-03 -3.8070E-04 -1.0452E-04
  2.9399E-03 -1.5816E-03 -3.8626E-04 -1.0605E-04
  2.9612E-03 -1.6041E-03 -3.9188E-04 -1.0759E-04
  2.9827E-03 -1.6269E-03 -3.9759E-04 -1.0916E-04
  3.0043E-03 -1.6500E-03 -4.0336E-04 -1.1074E-04
  3.0260E-03 -1.6734E-03 -4.0921E-04 -1.1235E-04
  3.0479E-03 -1.6972E-03 -4.1514E-04 -1.1398E-04
  3.0698E-03 -1.7212E-03 -4.2115E-04 -1.1563E-04
  3.0919E-03 -1.7455E-03 -4.2723E-04 -1.1730E-04
  3.1142E-03 -1.7701E-03 -4.3340E-04 -1.1899E-04
  3.1365E-03 -1.7951E-03 -4.3964E-04 -1.2070E-04
  3.1590E-03 -1.8204E-03 -4.4597E-04 -1.2244E-04
  3.1816E-03 -1.8459E-03 -4.5238E-04 -1.2420E-04
  3.2044E-03 -1.8719E-03 -4.5887E-04 -1.2598E-04
  3.2272E-03 -1.8981E-03 -4.6545E-04 -1.2779E-04
  3.2503E-03 -1.9247E-03 -4.7211E-04 -1.2962E-04
  3.2734E-03 -1.9516E-03 -4.7886E-04 -1.3147E-04
  3.2967E-03 -1.9789E-03 -4.8569E-04 -1.3335E-04
  3.3201E-03 -2.0065E-03 -4.9262E-04 -1.3525E-04
  3.3437E-03 -2.0345E-03 -4.9963E-04 -1.3717E-04
  3.3673E-03 -2.0628E-03 -5.0674E-04 -1.3912E-04
  3.3912E-03 -2.0914E-03 -5.1393E-04 -1.4110E-04
  3.4151E-03 -2.1205E-03 -5.2123E-04 -1.4310E-04
  3.4393E-03 -2.1499E-03 -5.2861E-04 -1.4513E-04
  3.4635E-03 -2.1797E-03 -5.3609E-04 -1.4718E-04
  3.4879E-03 -2.2098E-03 -5.4367E-04 -1.4926E-04
  3.5124E-03 -2.2404E-03 -5.5134E-04 -1.5137E-04
  3.5371E-03 -2.2713E-03 -5.5911E-04 -1.5350E-04
  3.5619E-03 -2.3026E-03 -5.6699E-04 -1.5567E-04
  3.5869E-03 -2.3343E-03 -5.7496E-04 -1.5786E-04
  3.6120E-03 -2.3664E-03 -5.8304E-04 -1.6007E-04
  3.6372E-03 -2.3989E-03 -5.9122E-04 -1.6232E-04
  3.6626E-03 -2.4318E-03 -5.9951E-04 -1.6459E-04
  3.6882E-03 -2.4652E-03 -6.0790E-04 -1.6690E-04
  3.7139E-03 -2.4989E-03 -6.1640E-04 -1.6923E-04
  3.7397E-03 -2.5331E-03 -6.2501E-04 -1.7160E-04
  3.7657E-03 -2.5677E-03 -6.3373E-04 -1.7399E-04
  3.7919E-03 -2.6027E-03 -6.4256E-04 -1.7641E-04
  3.8182E-03 -2.6382E-03 -6.5151E-04 -1.7887E-04
  3.8446E-03 -2.6741E-03 -6.6057E-04 -1.8136E-04
  3.8713E-03 -2.7105E-03 -6.6974E-04 -1.8388E-04
  3.8980E-03 -2.7473E-03 -6.7903E-04 -1.8643E-04
  3.9249E-03 -2.7846E-03 -6.8844E-04 -1.8901E-04
  3.9520E-03 -2.8224E-03 -6.9797E-04 -1.9163E-04
  3.9792E-03 -2.8606E-03 -7.0763E-04 -1.9428E-04
  4.0066E-03 -2.8993E-03 -7.1740E-04 -1.9696E-04
  4.0342E-03 -2.9385E-03 -7.2730E-04 -1.9968E-04
  4.0619E-03 -2.9782E-03 -7.3733E-04 -2.0243E-04
  4.0898E-03 -3.0183E-03 -7.4748E-04 -2.0522E-04
  4.1178E-03 -3.0590E-03 -7.5776E-04 -2.0804E-04
  4.1460E-03 -3.1002E-03 -7.6818E-04 -2.1090E-04
  4.1744E-03 -3.1419E-03 -7.7872E-04 -2.1380E-04
  4.2029E-03 -3.1841E-03 -7.8940E-04 -2.1673E-04
  4.2316E-03 -3.2268E-03 -8.0022E-04 -2.1970E-04
  4.2605E-03 -3.2701E-03 -8.1117E-04 -2.2270E-04
  4.2895E-03 -3.3139E-03 -8.2226E-04 -2.2575E-04
  4.3187E-03 -3.3582E-03 -8.3350E-04 -2.2883E-04
  4.3481E-03 -3.4031E-03 -8.4487E-04 -2.3196E-04
  4.3776E-03 -3.4486E-03 -8.5639E-04 -2.3512E-04
  4.4073E-03 -3.4946E-03 -8.6805E-04 -2.3832E-04
  4.4372E-03 -3.5412E-03 -8.7986E-04 -2.4156E-04
  4.4673E-03 -3.5883E-03 -8.9182E-04 -2.4485E-04
  4.4975E-03 -3.6360E-03 -9.0394E-04 -2.4817E-04
  4.5279E-03 -3.6844E-03 -9.1620E-04 -2.5154E-04
  4.5585E-03 -3.7333E-03 -9.2862E-04 -2.5495E-04
  4.5892E-03 -3.7828E-03 -9.4120E-04 -2.5840E-04
  4.6202E-03 -3.8330E-03 -9.5393E-04 -2.6190E-04
  4.6513E-03 -3.8837E-03 -9.6683E-04 -2.6544E-04
  4.6826E-03 -3.9351E-03 -9.7988E-04 -2.6902E-04
  4.7141E-03 -3.9871E-03 -9.9310E-04 -2.7265E-04
  4.7458E-03 -4.0398E-03 -1.0065E-03 -2.7633E-04
  4.7776E-03 -4.0931E-03 -1.0200E-03 -2.8005E-04
  4.8097E-03 -4.1471E-03 -1.0338E-03 -2.8382E-04
  4.8419E-03 -4.2017E-03 -1.0477E-03 -2.8763E-04
  4.8743E-03 -4.2570E-03 -1.0617E-03 -2.9150E-04
  4.9069E-03 -4.3129E-03 -1.0760E-03 -2.9541E-04
  4.9397E-03 -4.3696E-03 -1.0904E-03 -2.9937E-04
  4.9727E-03 -4.4270E-03 -1.1050E-03 -3.0338E-04
  5.0059E-03 -4.4850E-03 -1.1198E-03 -3.0744E-04
  5.0392E-03 -4.5438E-03 -1.1348E-03 -3.1155E-04
  5.0728E-03 -4.6033E-03 -1.1500E-03 -3.1572E-04
  5.1066E-03 -4.6635E-03 -1.1653E-03 -3.1993E-04
  5.1405E-03 -4.7244E-03 -1.1809E-03 -3.2420E-04
  5.1747E-03 -4.7861E-03 -1.1966E-03 -3.2852E-04
  5.2090E-03 -4.8486E-03 -1.2126E-03 -3.3290E-04
  5.2436E-03 -4.9118E-03 -1.2287E-03 -3.3733E-04
  5.2783E-03 -4.9758E-03 -1.2450E-03 -3.4182E-04
  5.3133E-03 -5.0405E-03 -1.2616E-03 -3.4636E-04
  5.3485E-03 -5.1061E-03 -1.2783E-03 -3.5096E-04
  5.3838E-03 -5.1725E-03 -1.2953E-03 -3.5561E-04
  5.4194E-03 -5.2396E-03 -1.3125E-03 -3.6033E-04
  5.4552E-03 -5.3076E-03 -1.3299E-03 -3.6510E-04
  5.4912E-03 -5.3764E-03 -1.3475E-03 -3.6993E-04
  5.5273E-03 -5.4460E-03 -1.3653E-03 -3.7482E-04
  5.5638E-03 -5.5165E-03 -1.3833E-03 -3.7978E-04
  5.6004E-03 -5.5879E-03 -1.4016E-03 -3.8479E-04
  5.6372E-03 -5.6601E-03 -1.4201E-03 -3.8987E-04
  5.6742E-03 -5.7332E-03 -1.4388E-03 -3.9501E-04
  5.7115E-03 -5.8072E-03 -1.4578E-03 -4.0021E-04
  5.7490E-03 -5.8820E-03 -1.4770E-03 -4.0548E-04
  5.7867E-03 -5.9578E-03 -1.4964E-03 -4.1082E-04
  5.8246E-03 -6.0345E-03 -1.5161E-03 -4.1622E-04
  5.8627E-03 -6.1122E-03 -1.5360E-03 -4.2168E-04
  5.9011E-03 -6.1907E-03 -1.5561E-03 -4.2722E-04
  5.9397E-03 -6.2702E-03 -1.5765E-03 -4.3282E-04
  5.9785E-03 -6.3507E-03 -1.5972E-03 -4.3850E-04
  6.0175E-03 -6.4322E-03 -1.6181E-03 -4.4424E-04
  6.0568E-03 -6.5146E-03 -1.6393E-03 -4.5006E-04
  6.0963E-03 -6.5981E-03 -1.6608E-03 -4.5594E-04
  6.1360E-03 -6.6825E-03 -1.6825E-03 -4.6190E-04
  6.1759E-03 -6.7680E-03 -1.7044E-03 -4.6793E-04
  6.2161E-03 -6.8544E-03 -1.7267E-03 -4.7404E-04
  6.2565E-03 -6.9420E-03 -1.7492E-03 -4.8023E-04
  6.2972E-03 -7.0306E-03 -1.7720E-03 -4.8649E-04
  6.3381E-03 -7.1202E-03 -1.7951E-03 -4.9282E-04
  6.3792E-03 -7.2110E-03 -1.8185E-03 -4.9924E-04
  6.4206E-03 -7.3028E-03 -1.8421E-03 -5.0573E-04
  6.4622E-03 -7.3957E-03 -1.8661E-03 -5.1231E-04
  6.5040E-03 -7.4898E-03 -1.8903E-03 -5.1896E-04
  6.5461E-03 -7.5850E-03 -1.9149E-03 -5.2570E-04
  6.5884E-03 -7.6813E-03 -1.9397E-03 -5.3252E-04
  6.6310E-03 -7.7788E-03 -1.9649E-03 -5.3943E-04
  6.6739E-03 -7.8774E-03 -1.9903E-03 -5.4642E-04
  6.7169E-03 -7.9772E-03 -2.0161E-03 -5.5349E-04
  6.7603E-03 -8.0783E-03 -2.0422E-03 -5.6065E-04
  6.8038E-03 -8.1805E-03 -2.0686E-03 -5.6791E-04
  6.8477E-03 -8.2840E-03 -2.0954E-03 -5.7525E-04
  6.8918E-03 -8.3887E-03 -2.1224E-03 -5.8268E-04
  6.9361E-03 -8.4946E-03 -2.1498E-03 -5.9020E-04
  6.9807E-03 -8.6019E-03 -2.1776E-03 -5.9781E-04
  7.0256E-03 -8.7104E-03 -2.2056E-03 -6.0552E-04
  7.0707E-03 -8.8202E-03 -2.2341E-03 -6.1332E-04
  7.1161E-03 -8.9313E-03 -2.2628E-03 -6.2122E-04
  7.1618E-03 -9.0437E-03 -2.2920E-03 -6.2922E-04
  7.2077E-03 -9.1575E-03 -2.3214E-03 -6.3731E-04
  7.2539E-03 -9.2727E-03 -2.3513E-03 -6.4550E-04
  7.3003E-03 -9.3892E-03 -2.3815E-03 -6.5380E-04
  7.3471E-03 -9.5071E-03 -2.4121E-03 -6.6219E-04
  7.3941E-03 -9.6264E-03 -2.4430E-03 -6.7069E-04
  7.4414E-03 -9.7471E-03 -2.4744E-03 -6.7929E-04
  7.4889E-03 -9.8693E-03 -2.5061E-03 -6.8800E-04
  7.5367E-03 -9.9929E-03 -2.5382E-03 -6.9681E-04
  7.5848E-03 -1.0118E-02 -2.5707E-03 -7.0573E-04
  7.6332E-03 -1.0245E-02 -2.6036E-03 -7.1476E-04
  7.6819E-03 -1.0373E-02 -2.6369E-03 -7.2390E-04
  7.7308E-03 -1.0502E-02 -2.6706E-03 -7.3316E-04
  7.7801E-03 -1.0633E-02 -2.7047E-03 -7.4252E-04
  7.8296E-03 -1.0766E-02 -2.7393E-03 -7.5200E-04
  7.8794E-03 -1.0900E-02 -2.7742E-03 -7.6160E-04
  7.9295E-03 -1.1036E-02 -2.8096E-03 -7.7131E-04
  7.9799E-03 -1.1174E-02 -2.8454E-03 -7.8114E-04
  8.0306E-03 -1.1313E-02 -2.8817E-03 -7.9109E-04
  8.0816E-03 -1.1454E-02 -2.9184E-03 -8.0117E-04
  8.1328E-03 -1.1596E-02 -2.9555E-03 -8.1136E-04
  8.1844E-03 -1.1740E-02 -2.9931E-03 -8.2168E-04
  8.2363E-03 -1.1886E-02 -3.0312E-03 -8.3213E-04
  8.2885E-03 -1.2034E-02 -3.0697E-03 -8.4270E-04
  8.3409E-03 -1.2183E-02 -3.1087E-03 -8.5341E-04
  8.3937E-03 -1.2334E-02 -3.1482E-03 -8.6424E-04
  8.4468E-03 -1.2487E-02 -3.1881E-03 -8.7521E-04
  8.5002E-03 -1.2642E-02 -3.2285E-03 -8.8630E-04
  8.5539E-03 -1.2798E-02 -3.2695E-03 -8.9754E-04
  8.6080E-03 -1.2956E-02 -3.3109E-03 -9.0891E-04
  8.6623E-03 -1.3117E-02 -3.3528E-03 -9.2042E-04
  8.7170E-03 -1.3279E-02 -3.3952E-03 -9.3206E-04
  8.7719E-03 -1.3443E-02 -3.4382E-03 -9.4385E-04
  8.8272E-03 -1.3609E-02 -3.4817E-03 -9.5579E-04
  8.8829E-03 -1.3776E-02 -3.5257E-03 -9.6787E-04
  8.9388E-03 -1.3946E-02 -3.5702E-03 -9.8009E-04
  8.9951E-03 -1.4118E-02 -3.6153E-03 -9.9246E-04
  9.0517E-03 -1.4292E-02 -3.6609E-03 -1.0050E-03
  9.1086E-03 -1.4468E-02 -3.7071E-03 -1.0177E-03
  9.1658E-03 -1.4646E-02 -3.7539E-03 -1.0305E-03
  9.2234E-03 -1.4826E-02 -3.8012E-03 -1.0435E-03
  9.2814E-03 -1.5008E-02 -3.8490E-03 -1.0566E-03
  9.3396E-03 -1.5193E-02 -3.8975E-03 -1.0699E-03
  9.3982E-03 -1.5379E-02 -3.9466E-03 -1.0834E-03
  9.4572E-03 -1.5568E-02 -3.9962E-03 -1.0970E-03
  9.5164E-03 -1.5759E-02 -4.0465E-03 -1.1108E-03
  9.5761E-03 -1.5952E-02 -4.0973E-03 -1.1248E-03
  9.6361E-03 -1.6147E-02 -4.1488E-03 -1.1389E-03
  9.6964E-03 -1.6345E-02 -4.2009E-03 -1.1532E-03
  9.7571E-03 -1.6545E-02 -4.2536E-03 -1.1677E-03
  9.8181E-03 -1.6747E-02 -4.3070E-03 -1.1823E-03
  9.8795E-03 -1.6952E-02 -4.3610E-03 -1.1971E-03
  9.9412E-03 -1.7159E-02 -4.4157E-03 -1.2121E-03
  1.0003E-02 -1.7369E-02 -4.4710E-03 -1.2273E-03
  1.0066E-02 -1.7581E-02 -4.5270E-03 -1.2427E-03
  1.0129E-02 -1.7795E-02 -4.5837E-03 -1.2583E-03
  1.0192E-02 -1.8012E-02 -4.6410E-03 -1.2740E-03
  1.0255E-02 -1.8231E-02 -4.6991E-03 -1.2899E-03
  1.0319E-02 -1.8453E-02 -4.7579E-03 -1.3061E-03
  1.0384E-02 -1.8678E-02 -4.8173E-03 -1.3224E-03
  1.0448E-02 -1.8905E-02 -4.8775E-03 -1.3389E-03
  1.0513E-02 -1.9135E-02 -4.9384E-03 -1.3556E-03
  1.0579E-02 -1.9368E-02 -5.0001E-03 -1.3725E-03
  1.0645E-02 -1.9603E-02 -5.0625E-03 -1.3897E-03
  1.0711E-02 -1.9841E-02 -5.1256E-03 -1.4070E-03
  1.0777E-02 -2.0082E-02 -5.1895E-03 -1.4245E-03
  1.0844E-02 -2.0326E-02 -5.2542E-03 -1.4423E-03
  1.0912E-02 -2.0572E-02 -5.3197E-03 -1.4602E-03
  1.0979E-02 -2.0821E-02 -5.3859E-03 -1.4784E-03
  1.1048E-02 -2.1073E-02 -5.4530E-03 -1.4968E-03
  1.1116E-02 -2.1329E-02 -5.5208E-03 -1.5155E-03
  1.1185E-02 -2.1587E-02 -5.5895E-03 -1.5343E-03
  1.1254E-02 -2.1848E-02 -5.6590E-03 -1.5534E-03
  1.1324E-02 -2.2112E-02 -5.7293E-03 -1.5727E-03
  1.1394E-02 -2.2379E-02 -5.8005E-03 -1.5922E-03
  1.1465E-02 -2.2649E-02 -5.8726E-03 -1.6120E-03
  1.1536E-02 -2.2923E-02 -5.9455E-03 -1.6320E-03
  1.1607E-02 -2.3199E-02 -6.0193E-03 -1.6522E-03
  1.1679E-02 -2.3479E-02 -6.0939E-03 -1.6727E-03
  1.1751E-02 -2.3762E-02 -6.1695E-03 -1.6935E-03
  1.1824E-02 -2.4048E-02 -6.2460E-03 -1.7145E-03
  1.1897E-02 -2.4338E-02 -6.3234E-03 -1.7357E-03
  1.1971E-02 -2.4631E-02 -6.4017E-03 -1.7572E-03
  1.2044E-02 -2.4927E-02 -6.4810E-03 -1.7790E-03
  1.2119E-02 -2.5227E-02 -6.5613E-03 -1.8010E-03
  1.2194E-02 -2.5530E-02 -6.6425E-03 -1.8233E-03
  1.2269E-02 -2.5837E-02 -6.7246E-03 -1.8458E-03
  1.2344E-02 -2.6147E-02 -6.8078E-03 -1.8686E-03
  1.2421E-02 -2.6461E-02 -6.8919E-03 -1.8917E-03
  1.2497E-02 -2.6778E-02 -6.9771E-03 -1.9151E-03
  1.2574E-02 -2.7099E-02 -7.0633E-03 -1.9388E-03
  1.2651E-02 -2.7424E-02 -7.1505E-03 -1.9627E-03
  1.2729E-02 -2.7752E-02 -7.2388E-03 -1.9869E-03
  1.2808E-02 -2.8085E-02 -7.3281E-03 -2.0114E-03
  1.2886E-02 -2.8421E-02 -7.4186E-03 -2.0362E-03
  1.2966E-02 -2.8761E-02 -7.5100E-03 -2.0613E-03
  1.3045E-02 -2.9104E-02 -7.6026E-03 -2.0868E-03
  1.3126E-02 -2.9452E-02 -7.6963E-03 -2.1125E-03
  1.3206E-02 -2.9804E-02 -7.7912E-03 -2.1385E-03
  1.3287E-02 -3.0160E-02 -7.8871E-03 -2.1648E-03
  1.3369E-02 -3.0520E-02 -7.9842E-03 -2.1915E-03
  1.3451E-02 -3.0884E-02 -8.0825E-03 -2.2184E-03
  1.3534E-02 -3.1252E-02 -8.1820E-03 -2.2457E-03
  1.3617E-02 -3.1625E-02 -8.2826E-03 -2.2733E-03
  1.3700E-02 -3.2001E-02 -8.3845E-03 -2.3013E-03
  1.3784E-02 -3.2382E-02 -8.4875E-03 -2.3296E-03
  1.3869E-02 -3.2768E-02 -8.5918E-03 -2.3582E-03
  1.3954E-02 -3.3158E-02 -8.6974E-03 -2.3871E-03
  1.4039E-02 -3.3552E-02 -8.8042E-03 -2.4165E-03
  1.4125E-02 -3.3951E-02 -8.9123E-03 -2.4461E-03
  1.4211E-02 -3.4354E-02 -9.0217E-03 -2.4761E-03
  1.4298E-02 -3.4762E-02 -9.1324E-03 -2.5065E-03
  1.4386E-02 -3.5174E-02 -9.2444E-03 -2.5372E-03
  1.4474E-02 -3.5592E-02 -9.3578E-03 -2.5683E-03
  1.4562E-02 -3.6014E-02 -9.4725E-03 -2.5998E-03
  1.4651E-02 -3.6441E-02 -9.5886E-03 -2.6317E-03
  1.4741E-02 -3.6872E-02 -9.7061E-03 -2.6639E-03
  1.4831E-02 -3.7309E-02 -9.8250E-03 -2.6965E-03
  1.4921E-02 -3.7751E-02 -9.9453E-03 -2.7295E-03
  1.5013E-02 -3.8197E-02 -1.0067E-02 -2.7629E-03
  1.5104E-02 -3.8649E-02 -1.0190E-02 -2.7967E-03
  1.5196E-02 -3.9106E-02 -1.0315E-02 -2.8309E-03
  1.5289E-02 -3.9568E-02 -1.0441E-02 -2.8655E-03
  1.5382E-02 -4.0035E-02 -1.0569E-02 -2.9006E-03
  1.5476E-02 -4.0508E-02 -1.0698E-02 -2.9360E-03
  1.5570E-02 -4.0986E-02 -1.0829E-02 -2.9719E-03
  1.5665E-02 -4.1469E-02 -1.0961E-02 -3.0082E-03
  1.5761E-02 -4.1958E-02 -1.1095E-02 -3.0449E-03
  1.5857E-02 -4.2453E-02 -1.1230E-02 -3.0820E-03
  1.5953E-02 -4.2953E-02 -1.1367E-02 -3.1196E-03
  1.6050E-02 -4.3458E-02 -1.1506E-02 -3.1577E-03
  1.6148E-02 -4.3970E-02 -1.1646E-02 -3.1962E-03
  1.6246E-02 -4.4487E-02 -1.1789E-02 -3.2352E-03
  1.6345E-02 -4.5010E-02 -1.1932E-02 -3.2746E-03
  1.6444E-02 -4.5539E-02 -1.2078E-02 -3.3145E-03
  1.6544E-02 -4.6074E-02 -1.2225E-02 -3.3549E-03
  1.6645E-02 -4.6615E-02 -1.2374E-02 -3.3957E-03
  1.6746E-02 -4.7162E-02 -1.2525E-02 -3.4371E-03
  1.6848E-02 -4.7715E-02 -1.2677E-02 -3.4789E-03
  1.6950E-02 -4.8275E-02 -1.2831E-02 -3.5213E-03
  1.7053E-02 -4.8841E-02 -1.2988E-02 -3.5641E-03
  1.7157E-02 -4.9413E-02 -1.3146E-02 -3.6074E-03
  1.7261E-02 -4.9992E-02 -1.3306E-02 -3.6513E-03
  1.7365E-02 -5.0577E-02 -1.3467E-02 -3.6957E-03
  1.7471E-02 -5.1169E-02 -1.3631E-02 -3.7406E-03
  1.7577E-02 -5.1767E-02 -1.3797E-02 -3.7861E-03
  1.7683E-02 -5.2372E-02 -1.3965E-02 -3.8320E-03
  1.7790E-02 -5.2984E-02 -1.4134E-02 -3.8786E-03
  1.7898E-02 -5.3603E-02 -1.4306E-02 -3.9257E-03
  1.8007E-02 -5.4229E-02 -1.4480E-02 -3.9733E-03
  1.8116E-02 -5.4862E-02 -1.4655E-02 -4.0215E-03
  1.8225E-02 -5.5502E-02 -1.4833E-02 -4.0703E-03
  1.8336E-02 -5.6149E-02 -1.5013E-02 -4.1197E-03
  1.8447E-02 -5.6803E-02 -1.5195E-02 -4.1696E-03
  1.8558E-02 -5.7465E-02 -1.5380E-02 -4.2202E-03
  1.8671E-02 -5.8134E-02 -1.5566E-02 -4.2713E-03
  1.8784E-02 -5.8811E-02 -1.5755E-02 -4.3231E-03
  1.8897E-02 -5.9495E-02 -1.5946E-02 -4.3754E-03
  1.9011E-02 -6.0187E-02 -1.6139E-02 -4.4284E-03
  1.9126E-02 -6.0887E-02 -1.6335E-02 -4.4820E-03
  1.9242E-02 -6.1594E-02 -1.6532E-02 -4.5363E-03
  1.9358E-02 -6.2309E-02 -1.6733E-02 -4.5912E-03
  1.9475E-02 -6.3033E-02 -1.6935E-02 -4.6467E-03
  1.9593E-02 -6.3764E-02 -1.7140E-02 -4.7029E-03
  1.9711E-02 -6.4504E-02 -1.7348E-02 -4.7598E-03
  1.9830E-02 -6.5251E-02 -1.7558E-02 -4.8174E-03
  1.9950E-02 -6.6007E-02 -1.7770E-02 -4.8756E-03
  2.0070E-02 -6.6772E-02 -1.7985E-02 -4.9345E-03
  2.0191E-02 -6.7545E-02 -1.8202E-02 -4.9941E-03
  2.0313E-02 -6.8327E-02 -1.8422E-02 -5.0545E-03
  2.0435E-02 -6.9117E-02 -1.8645E-02 -5.1155E-03
  2.0559E-02 -6.9916E-02 -1.8870E-02 -5.1773E-03
  2.0682E-02 -7.0724E-02 -1.9098E-02 -5.2398E-03
  2.0807E-02 -7.1541E-02 -1.9329E-02 -5.3030E-03
  2.0932E-02 -7.2367E-02 -1.9562E-02 -5.3670E-03
  2.1059E-02 -7.3203E-02 -1.9798E-02 -5.4317E-03
  2.1185E-02 -7.4047E-02 -2.0037E-02 -5.4972E-03
  2.1313E-02 -7.4901E-02 -2.0279E-02 -5.5635E-03
  2.1441E-02 -7.5764E-02 -2.0524E-02 -5.6306E-03
  2.1570E-02 -7.6637E-02 -2.0771E-02 -5.6984E-03
  2.1700E-02 -7.7520E-02 -2.1022E-02 -5.7671E-03
  2.1831E-02 -7.8412E-02 -2.1275E-02 -5.8366E-03
  2.1962E-02 -7.9314E-02 -2.1532E-02 -5.9069E-03
  2.2094E-02 -8.0226E-02 -2.1791E-02 -5.9780E-03
  2.2227E-02 -8.1149E-02 -2.2054E-02 -6.0500E-03
  2.2361E-02 -8.2081E-02 -2.2319E-02 -6.1228E-03
  2.2495E-02 -8.3024E-02 -2.2588E-02 -6.1965E-03
  2.2630E-02 -8.3977E-02 -2.2860E-02 -6.2710E-03
  2.2766E-02 -8.4940E-02 -2.3135E-02 -6.3464E-03
  2.2903E-02 -8.5915E-02 -2.3414E-02 -6.4228E-03
  2.3041E-02 -8.6900E-02 -2.3695E-02 -6.5000E-03
  2.3179E-02 -8.7895E-02 -2.3981E-02 -6.5781E-03
  2.3318E-02 -8.8902E-02 -2.4269E-02 -6.6572E-03
  2.3458E-02 -8.9920E-02 -2.4561E-02 -6.7372E-03
  2.3599E-02 -9.0949E-02 -2.4856E-02 -6.8181E-03
  2.3741E-02 -9.1989E-02 -2.5155E-02 -6.9000E-03
  2.3883E-02 -9.3041E-02 -2.5457E-02 -6.9829E-03
  2.4026E-02 -9.4104E-02 -2.5763E-02 -7.0667E-03
  2.4170E-02 -9.5179E-02 -2.6073E-02 -7.1515E-03
  2.4315E-02 -9.6266E-02 -2.6386E-02 -7.2374E-03
  2.4461E-02 -9.7364E-02 -2.6703E-02 -7.3242E-03
  2.4608E-02 -9.8475E-02 -2.7024E-02 -7.4121E-03
  2.4755E-02 -9.9597E-02 -2.7348E-02 -7.5010E-03
  2.4904E-02 -1.0073E-01 -2.7677E-02 -7.5909E-03
  2.5053E-02 -1.0188E-01 -2.8009E-02 -7.6819E-03
  2.5203E-02 -1.0304E-01 -2.8345E-02 -7.7740E-03
  2.5354E-02 -1.0421E-01 -2.8685E-02 -7.8672E-03
  2.5506E-02 -1.0540E-01 -2.9029E-02 -7.9615E-03
  2.5658E-02 -1.0660E-01 -2.9377E-02 -8.0568E-03
  2.5812E-02 -1.0781E-01 -2.9729E-02 -8.1533E-03
  2.5967E-02 -1.0903E-01 -3.0086E-02 -8.2510E-03
  2.6122E-02 -1.1027E-01 -3.0446E-02 -8.3498E-03
  2.6278E-02 -1.1152E-01 -3.0811E-02 -8.4497E-03
  2.6435E-02 -1.1279E-01 -3.1180E-02 -8.5508E-03
  2.6594E-02 -1.1407E-01 -3.1554E-02 -8.6532E-03
  2.6753E-02 -1.1536E-01 -3.1932E-02 -8.7567E-03
  2.6913E-02 -1.1666E-01 -3.2314E-02 -8.8614E-03
  2.7074E-02 -1.1799E-01 -3.2701E-02 -8.9674E-03
  2.7235E-02 -1.1932E-01 -3.3093E-02 -9.0746E-03
  2.7398E-02 -1.2067E-01 -3.3489E-02 -9.1831E-03
  2.7562E-02 -1.2203E-01 -3.3890E-02 -9.2928E-03
  2.7727E-02 -1.2341E-01 -3.4295E-02 -9.4039E-03
  2.7892E-02 -1.2481E-01 -3.4705E-02 -9.5162E-03
  2.8059E-02 -1.2622E-01 -3.5120E-02 -9.6299E-03
  2.8226E-02 -1.2764E-01 -3.5540E-02 -9.7449E-03
  2.8395E-02 -1.2908E-01 -3.5965E-02 -9.8613E-03
  2.8565E-02 -1.3053E-01 -3.6395E-02 -9.9790E-03
  2.8735E-02 -1.3201E-01 -3.6830E-02 -1.0098E-02
  2.8907E-02 -1.3349E-01 -3.7270E-02 -1.0219E-02
  2.9079E-02 -1.3499E-01 -3.7716E-02 -1.0341E-02
  2.9253E-02 -1.3651E-01 -3.8166E-02 -1.0464E-02
  2.9427E-02 -1.3805E-01 -3.8622E-02 -1.0589E-02
  2.9603E-02 -1.3960E-01 -3.9083E-02 -1.0715E-02
  2.9779E-02 -1.4117E-01 -3.9550E-02 -1.0843E-02
  2.9957E-02 -1.4275E-01 -4.0022E-02 -1.0972E-02
  3.0136E-02 -1.4436E-01 -4.0500E-02 -1.1103E-02
  3.0315E-02 -1.4597E-01 -4.0983E-02 -1.1235E-02
  3.0496E-02 -1.4761E-01 -4.1472E-02 -1.1369E-02
  3.0678E-02 -1.4927E-01 -4.1967E-02 -1.1504E-02
  3.0861E-02 -1.5094E-01 -4.2468E-02 -1.1641E-02
  3.1045E-02 -1.5263E-01 -4.2974E-02 -1.1780E-02
  3.1229E-02 -1.5433E-01 -4.3487E-02 -1.1920E-02
  3.1416E-02 -1.5606E-01 -4.4005E-02 -1.2062E-02
  3.1603E-02 -1.5780E-01 -4.4530E-02 -1.2206E-02
  3.1791E-02 -1.5957E-01 -4.5060E-02 -1.2351E-02
  3.1980E-02 -1.6135E-01 -4.5597E-02 -1.2498E-02
  3.2171E-02 -1.6315E-01 -4.6141E-02 -1.2647E-02
  3.2362E-02 -1.6497E-01 -4.6690E-02 -1.2797E-02
  3.2555E-02 -1.6681E-01 -4.7247E-02 -1.2949E-02
  3.2749E-02 -1.6867E-01 -4.7809E-02 -1.3103E-02
  3.2943E-02 -1.7055E-01 -4.8379E-02 -1.3259E-02
  3.3139E-02 -1.7244E-01 -4.8955E-02 -1.3416E-02
  3.3337E-02 -1.7436E-01 -4.9537E-02 -1.3576E-02
  3.3535E-02 -1.7630E-01 -5.0127E-02 -1.3737E-02
  3.3734E-02 -1.7826E-01 -5.0723E-02 -1.3900E-02
  3.3935E-02 -1.8024E-01 -5.1327E-02 -1.4065E-02
  3.4137E-02 -1.8224E-01 -5.1937E-02 -1.4232E-02
  3.4340E-02 -1.8427E-01 -5.2555E-02 -1.4401E-02
  3.4544E-02 -1.8631E-01 -5.3180E-02 -1.4572E-02
  3.4749E-02 -1.8837E-01 -5.3813E-02 -1.4745E-02
  3.4956E-02 -1.9046E-01 -5.4452E-02 -1.4920E-02
  3.5164E-02 -1.9257E-01 -5.5100E-02 -1.5097E-02
  3.5373E-02 -1.9470E-01 -5.5754E-02 -1.5276E-02
  3.5583E-02 -1.9685E-01 -5.6417E-02 -1.5457E-02
  3.5794E-02 -1.9903E-01 -5.7087E-02 -1.5640E-02
  3.6007E-02 -2.0123E-01 -5.7765E-02 -1.5826E-02
  3.6221E-02 -2.0345E-01 -5.8451E-02 -1.6013E-02
  3.6436E-02 -2.0570E-01 -5.9146E-02 -1.6203E-02
  3.6652E-02 -2.0796E-01 -5.9848E-02 -1.6395E-02
  3.6870E-02 -2.1026E-01 -6.0558E-02 -1.6589E-02
  3.7089E-02 -2.1257E-01 -6.1277E-02 -1.6786E-02
  3.7309E-02 -2.1491E-01 -6.2005E-02 -1.6985E-02
  3.7530E-02 -2.1728E-01 -6.2740E-02 -1.7186E-02
  3.7753E-02 -2.1967E-01 -6.3485E-02 -1.7389E-02
  3.7977E-02 -2.2208E-01 -6.4238E-02 -1.7595E-02
  3.8202E-02 -2.2452E-01 -6.5000E-02 -1.7803E-02
  3.8429E-02 -2.2699E-01 -6.5771E-02 -1.8014E-02
  3.8657E-02 -2.2948E-01 -6.6551E-02 -1.8227E-02
  3.8886E-02 -2.3200E-01 -6.7340E-02 -1.8442E-02
  3.9117E-02 -2.3454E-01 -6.8138E-02 -1.8660E-02
  3.9349E-02 -2.3711E-01 -6.8945E-02 -1.8881E-02
  3.9582E-02 -2.3971E-01 -6.9762E-02 -1.9104E-02
  3.9817E-02 -2.4233E-01 -7.0589E-02 -1.9330E-02
  4.0053E-02 -2.4498E-01 -7.1425E-02 -1.9558E-02
  4.0290E-02 -2.4766E-01 -7.2271E-02 -1.9789E-02
  4.0529E-02 -2.5036E-01 -7.3127E-02 -2.0023E-02
  4.0769E-02 -2.5309E-01 -7.3993E-02 -2.0259E-02
  4.1011E-02 -2.5586E-01 -7.4869E-02 -2.0499E-02
  4.1254E-02 -2.5865E-01 -7.5756E-02 -2.0741E-02
  4.1498E-02 -2.6146E-01 -7.6652E-02 -2.0985E-02
  4.1744E-02 -2.6431E-01 -7.7559E-02 -2.1233E-02
  4.1991E-02 -2.6719E-01 -7.8477E-02 -2.1484E-02
  4.2240E-02 -2.7009E-01 -7.9406E-02 -2.1737E-02
  4.2490E-02 -2.7303E-01 -8.0345E-02 -2.1993E-02
  4.2742E-02 -2.7600E-01 -8.1295E-02 -2.2253E-02
  4.2995E-02 -2.7899E-01 -8.2257E-02 -2.2515E-02
  4.3249E-02 -2.8202E-01 -8.3229E-02 -2.2780E-02
  4.3505E-02 -2.8508E-01 -8.4213E-02 -2.3049E-02
  4.3763E-02 -2.8817E-01 -8.5209E-02 -2.3320E-02
  4.4022E-02 -2.9129E-01 -8.6216E-02 -2.3595E-02
  4.4282E-02 -2.9444E-01 -8.7234E-02 -2.3873E-02
  4.4544E-02 -2.9763E-01 -8.8265E-02 -2.4154E-02
  4.4808E-02 -3.0084E-01 -8.9308E-02 -2.4439E-02
  4.5073E-02 -3.0409E-01 -9.0363E-02 -2.4726E-02
  4.5340E-02 -3.0738E-01 -9.1430E-02 -2.5017E-02
  4.5608E-02 -3.1069E-01 -9.2509E-02 -2.5312E-02
  4.5878E-02 -3.1404E-01 -9.3601E-02 -2.5609E-02
  4.6149E-02 -3.1743E-01 -9.4706E-02 -2.5911E-02
  4.6422E-02 -3.2085E-01 -9.5824E-02 -2.6215E-02
  4.6696E-02 -3.2430E-01 -9.6955E-02 -2.6524E-02
  4.6973E-02 -3.2779E-01 -9.8099E-02 -2.6835E-02
  4.7250E-02 -3.3131E-01 -9.9256E-02 -2.7151E-02
  4.7530E-02 -3.3487E-01 -1.0043E-01 -2.7470E-02
  4.7811E-02 -3.3846E-01 -1.0161E-01 -2.7793E-02
  4.8093E-02 -3.4209E-01 -1.0281E-01 -2.8119E-02
  4.8377E-02 -3.4576E-01 -1.0402E-01 -2.8449E-02
  4.8663E-02 -3.4946E-01 -1.0525E-01 -2.8783E-02
  4.8951E-02 -3.5320E-01 -1.0649E-01 -2.9121E-02
  4.9240E-02 -3.5698E-01 -1.0774E-01 -2.9463E-02
  4.9531E-02 -3.6079E-01 -1.0901E-01 -2.9809E-02
  4.9824E-02 -3.6465E-01 -1.1030E-01 -3.0159E-02
  5.0118E-02 -3.6854E-01 -1.1160E-01 -3.0512E-02
  5.0414E-02 -3.7247E-01 -1.1291E-01 -3.0870E-02
  5.0712E-02 -3.7644E-01 -1.1424E-01 -3.1232E-02
  5.1011E-02 -3.8045E-01 -1.1559E-01 -3.1598E-02
  5.1312E-02 -3.8450E-01 -1.1695E-01 -3.1969E-02
  5.1615E-02 -3.8859E-01 -1.1832E-01 -3.2343E-02
  5.1920E-02 -3.9272E-01 -1.1971E-01 -3.2722E-02
  5.2226E-02 -3.9689E-01 -1.2112E-01 -3.3105E-02
  5.2535E-02 -4.0111E-01 -1.2255E-01 -3.3493E-02
  5.2845E-02 -4.0536E-01 -1.2399E-01 -3.3885E-02
  5.3157E-02 -4.0966E-01 -1.2545E-01 -3.4282E-02
  5.3470E-02 -4.1400E-01 -1.2692E-01 -3.4683E-02
  5.3786E-02 -4.1838E-01 -1.2842E-01 -3.5089E-02
  5.4103E-02 -4.2280E-01 -1.2992E-01 -3.5499E-02
  5.4423E-02 -4.2727E-01 -1.3145E-01 -3.5914E-02
  5.4744E-02 -4.3178E-01 -1.3300E-01 -3.6334E-02
  5.5067E-02 -4.3634E-01 -1.3456E-01 -3.6759E-02
  5.5391E-02 -4.4094E-01 -1.3614E-01 -3.7189E-02
  5.5718E-02 -4.4559E-01 -1.3774E-01 -3.7623E-02
  5.6047E-02 -4.5028E-01 -1.3936E-01 -3.8063E-02
  5.6377E-02 -4.5502E-01 -1.4099E-01 -3.8507E-02
  5.6710E-02 -4.5980E-01 -1.4265E-01 -3.8957E-02
  5.7044E-02 -4.6463E-01 -1.4432E-01 -3.9412E-02
  5.7381E-02 -4.6951E-01 -1.4602E-01 -3.9872E-02
  5.7719E-02 -4.7443E-01 -1.4773E-01 -4.0337E-02
  5.8059E-02 -4.7940E-01 -1.4946E-01 -4.0808E-02
  5.8401E-02 -4.8442E-01 -1.5122E-01 -4.1284E-02
  5.8746E-02 -4.8949E-01 -1.5299E-01 -4.1765E-02
  5.9092E-02 -4.9461E-01 -1.5478E-01 -4.2252E-02
  5.9440E-02 -4.9978E-01 -1.5660E-01 -4.2744E-02
  5.9790E-02 -5.0499E-01 -1.5843E-01 -4.3242E-02
  6.0143E-02 -5.1026E-01 -1.6029E-01 -4.3746E-02
  6.0497E-02 -5.1558E-01 -1.6217E-01 -4.4256E-02
  6.0854E-02 -5.2095E-01 -1.6407E-01 -4.4771E-02
  6.1212E-02 -5.2637E-01 -1.6599E-01 -4.5292E-02
  6.1573E-02 -5.3184E-01 -1.6793E-01 -4.5819E-02
  6.1935E-02 -5.3737E-01 -1.6990E-01 -4.6352E-02
  6.2300E-02 -5.4294E-01 -1.7189E-01 -4.6891E-02
  6.2667E-02 -5.4858E-01 -1.7390E-01 -4.7437E-02
  6.3036E-02 -5.5426E-01 -1.7594E-01 -4.7988E-02
  6.3407E-02 -5.6000E-01 -1.7800E-01 -4.8546E-02
  6.3781E-02 -5.6579E-01 -1.8008E-01 -4.9110E-02
  6.4156E-02 -5.7164E-01 -1.8219E-01 -4.9681E-02
  6.4534E-02 -5.7754E-01 -1.8432E-01 -5.0258E-02
  6.4914E-02 -5.8350E-01 -1.8647E-01 -5.0841E-02
  6.5296E-02 -5.8952E-01 -1.8865E-01 -5.1431E-02
  6.5681E-02 -5.9559E-01 -1.9086E-01 -5.2028E-02
  6.6067E-02 -6.0172E-01 -1.9309E-01 -5.2632E-02
  6.6456E-02 -6.0791E-01 -1.9534E-01 -5.3242E-02
  6.6847E-02 -6.1415E-01 -1.9763E-01 -5.3860E-02
  6.7241E-02 -6.2046E-01 -1.9993E-01 -5.4484E-02
  6.7636E-02 -6.2682E-01 -2.0227E-01 -5.5115E-02
  6.8034E-02 -6.3324E-01 -2.0463E-01 -5.5754E-02
  6.8435E-02 -6.3972E-01 -2.0702E-01 -5.6400E-02
  6.8837E-02 -6.4627E-01 -2.0944E-01 -5.7053E-02
  6.9242E-02 -6.5287E-01 -2.1188E-01 -5.7713E-02
  6.9650E-02 -6.5954E-01 -2.1435E-01 -5.8381E-02
  7.0060E-02 -6.6626E-01 -2.1685E-01 -5.9056E-02
  7.0472E-02 -6.7305E-01 -2.1938E-01 -5.9739E-02
  7.0886E-02 -6.7990E-01 -2.2194E-01 -6.0430E-02
  7.1303E-02 -6.8682E-01 -2.2453E-01 -6.1129E-02
  7.1722E-02 -6.9380E-01 -2.2714E-01 -6.1835E-02
  7.2144E-02 -7.0084E-01 -2.2979E-01 -6.2549E-02
  7.2569E-02 -7.0795E-01 -2.3247E-01 -6.3271E-02
  7.2995E-02 -7.1512E-01 -2.3517E-01 -6.4002E-02
  7.3424E-02 -7.2236E-01 -2.3791E-01 -6.4740E-02
  7.3856E-02 -7.2967E-01 -2.4068E-01 -6.5487E-02
  7.4290E-02 -7.3704E-01 -2.4349E-01 -6.6243E-02
  7.4727E-02 -7.4448E-01 -2.4632E-01 -6.7006E-02
  7.5166E-02 -7.5199E-01 -2.4919E-01 -6.7779E-02
  7.5608E-02 -7.5956E-01 -2.5208E-01 -6.8560E-02
  7.6053E-02 -7.6721E-01 -2.5502E-01 -6.9349E-02
  7.6500E-02 -7.7492E-01 -2.5798E-01 -7.0148E-02
  7.6949E-02 -7.8270E-01 -2.6098E-01 -7.0955E-02
  7.7402E-02 -7.9055E-01 -2.6401E-01 -7.1772E-02
  7.7856E-02 -7.9848E-01 -2.6708E-01 -7.2597E-02
  7.8314E-02 -8.0647E-01 -2.7018E-01 -7.3432E-02
  7.8774E-02 -8.1454E-01 -2.7332E-01 -7.4276E-02
  7.9237E-02 -8.2268E-01 -2.7650E-01 -7.5129E-02
  7.9703E-02 -8.3089E-01 -2.7971E-01 -7.5992E-02
  8.0171E-02 -8.3918E-01 -2.8295E-01 -7.6865E-02
  8.0642E-02 -8.4754E-01 -2.8624E-01 -7.7747E-02
  8.1116E-02 -8.5597E-01 -2.8956E-01 -7.8639E-02
  8.1592E-02 -8.6448E-01 -2.9292E-01 -7.9541E-02
  8.2071E-02 -8.7306E-01 -2.9631E-01 -8.0453E-02
  8.2553E-02 -8.8172E-01 -2.9975E-01 -8.1375E-02
  8.3038E-02 -8.9046E-01 -3.0322E-01 -8.2307E-02
  8.3526E-02 -8.9927E-01 -3.0674E-01 -8.3250E-02
  8.4016E-02 -9.0816E-01 -3.1029E-01 -8.4203E-02
  8.4510E-02 -9.1713E-01 -3.1388E-01 -8.5166E-02
  8.5006E-02 -9.2618E-01 -3.1752E-01 -8.6141E-02
  8.5505E-02 -9.3530E-01 -3.2120E-01 -8.7126E-02
  8.6007E-02 -9.4451E-01 -3.2491E-01 -8.8121E-02
  8.6512E-02 -9.5380E-01 -3.2867E-01 -8.9128E-02
  8.7020E-02 -9.6316E-01 -3.3247E-01 -9.0146E-02
  8.7531E-02 -9.7261E-01 -3.3632E-01 -9.1175E-02
  8.8045E-02 -9.8214E-01 -3.4021E-01 -9.2215E-02
  8.8562E-02 -9.9175E-01 -3.4414E-01 -9.3267E-02
  8.9082E-02 -1.0014E+00 -3.4812E-01 -9.4330E-02
  8.9604E-02 -1.0112E+00 -3.5214E-01 -9.5405E-02
  9.0130E-02 -1.0211E+00 -3.5620E-01 -9.6492E-02
  9.0659E-02 -1.0310E+00 -3.6032E-01 -9.7591E-02
  9.1191E-02 -1.0411E+00 -3.6448E-01 -9.8701E-02
  9.1726E-02 -1.0512E+00 -3.6868E-01 -9.9824E-02
  9.2265E-02 -1.0614E+00 -3.7293E-01 -1.0096E-01
  9.2806E-02 -1.0717E+00 -3.7724E-01 -1.0211E-01
  9.3351E-02 -1.0821E+00 -3.8159E-01 -1.0327E-01
  9.3898E-02 -1.0925E+00 -3.8598E-01 -1.0444E-01
  9.4449E-02 -1.1031E+00 -3.9043E-01 -1.0562E-01
  9.5003E-02 -1.1137E+00 -3.9493E-01 -1.0682E-01
  9.5561E-02 -1.1244E+00 -3.9948E-01 -1.0803E-01
  9.6121E-02 -1.1353E+00 -4.0408E-01 -1.0926E-01
  9.6685E-02 -1.1462E+00 -4.0873E-01 -1.1050E-01
  9.7252E-02 -1.1572E+00 -4.1343E-01 -1.1175E-01
  9.7823E-02 -1.1683E+00 -4.1818E-01 -1.1301E-01
  9.8397E-02 -1.1795E+00 -4.2299E-01 -1.1429E-01
  9.8974E-02 -1.1907E+00 -4.2785E-01 -1.1558E-01
  9.9554E-02 -1.2021E+00 -4.3277E-01 -1.1689E-01
  1.0014E-01 -1.2136E+00 -4.3774E-01 -1.1821E-01
  1.0073E-01 -1.2251E+00 -4.4277E-01 -1.1954E-01
  1.0132E-01 -1.2368E+00 -4.4785E-01 -1.2089E-01
  1.0191E-01 -1.2485E+00 -4.5299E-01 -1.2225E-01
  1.0251E-01 -1.2604E+00 -4.5819E-01 -1.2363E-01
  1.0311E-01 -1.2723E+00 -4.6344E-01 -1.2502E-01
  1.0371E-01 -1.2844E+00 -4.6875E-01 -1.2643E-01
  1.0432E-01 -1.2965E+00 -4.7413E-01 -1.2785E-01
  1.0493E-01 -1.3087E+00 -4.7956E-01 -1.2929E-01
  1.0555E-01 -1.3211E+00 -4.8505E-01 -1.3074E-01
  1.0617E-01 -1.3335E+00 -4.9060E-01 -1.3221E-01
  1.0679E-01 -1.3460E+00 -4.9622E-01 -1.3369E-01
  1.0741E-01 -1.3587E+00 -5.0189E-01 -1.3519E-01
  1.0804E-01 -1.3714E+00 -5.0763E-01 -1.3671E-01
  1.0868E-01 -1.3842E+00 -5.1344E-01 -1.3824E-01
  1.0931E-01 -1.3971E+00 -5.1930E-01 -1.3978E-01
  1.0996E-01 -1.4102E+00 -5.2524E-01 -1.4135E-01
  1.1060E-01 -1.4233E+00 -5.3123E-01 -1.4293E-01
  1.1125E-01 -1.4366E+00 -5.3730E-01 -1.4453E-01
  1.1190E-01 -1.4499E+00 -5.4343E-01 -1.4614E-01
  1.1256E-01 -1.4634E+00 -5.4962E-01 -1.4777E-01
  1.1322E-01 -1.4769E+00 -5.5589E-01 -1.4942E-01
  1.1388E-01 -1.4906E+00 -5.6223E-01 -1.5108E-01
  1.1455E-01 -1.5043E+00 -5.6863E-01 -1.5276E-01
  1.1522E-01 -1.5182E+00 -5.7510E-01 -1.5446E-01
  1.1589E-01 -1.5322E+00 -5.8165E-01 -1.5618E-01
  1.1657E-01 -1.5463E+00 -5.8827E-01 -1.5792E-01
  1.1725E-01 -1.5604E+00 -5.9496E-01 -1.5967E-01
  1.1794E-01 -1.5747E+00 -6.0172E-01 -1.6144E-01
  1.1863E-01 -1.5892E+00 -6.0856E-01 -1.6323E-01
  1.1933E-01 -1.6037E+00 -6.1547E-01 -1.6504E-01
  1.2003E-01 -1.6183E+00 -6.2246E-01 -1.6687E-01
  1.2073E-01 -1.6330E+00 -6.2952E-01 -1.6872E-01
  1.2144E-01 -1.6479E+00 -6.3666E-01 -1.7058E-01
  1.2215E-01 -1.6628E+00 -6.4388E-01 -1.7246E-01
  1.2286E-01 -1.6779E+00 -6.5118E-01 -1.7437E-01
  1.2358E-01 -1.6931E+00 -6.5855E-01 -1.7629E-01
  1.2431E-01 -1.7084E+00 -6.6601E-01 -1.7823E-01
  1.2503E-01 -1.7238E+00 -6.7354E-01 -1.8020E-01
  1.2577E-01 -1.7393E+00 -6.8116E-01 -1.8218E-01
  1.2650E-01 -1.7549E+00 -6.8886E-01 -1.8418E-01
  1.2724E-01 -1.7707E+00 -6.9665E-01 -1.8620E-01
  1.2799E-01 -1.7865E+00 -7.0451E-01 -1.8825E-01
  1.2874E-01 -1.8025E+00 -7.1247E-01 -1.9031E-01
  1.2949E-01 -1.8186E+00 -7.2050E-01 -1.9240E-01
  1.3025E-01 -1.8348E+00 -7.2863E-01 -1.9450E-01
  1.3101E-01 -1.8511E+00 -7.3684E-01 -1.9663E-01
  1.3178E-01 -1.8675E+00 -7.4514E-01 -1.9878E-01
  1.3255E-01 -1.8841E+00 -7.5353E-01 -2.0095E-01
  1.3333E-01 -1.9008E+00 -7.6201E-01 -2.0314E-01
  1.3411E-01 -1.9175E+00 -7.7058E-01 -2.0535E-01
  1.3489E-01 -1.9344E+00 -7.7924E-01 -2.0759E-01
  1.3568E-01 -1.9515E+00 -7.8800E-01 -2.0984E-01
  1.3648E-01 -1.9686E+00 -7.9684E-01 -2.1212E-01
  1.3727E-01 -1.9859E+00 -8.0578E-01 -2.1443E-01
  1.3808E-01 -2.0032E+00 -8.1482E-01 -2.1675E-01
  1.3889E-01 -2.0207E+00 -8.2395E-01 -2.1910E-01
  1.3970E-01 -2.0383E+00 -8.3318E-01 -2.2147E-01
  1.4052E-01 -2.0561E+00 -8.4251E-01 -2.2386E-01
  1.4134E-01 -2.0739E+00 -8.5194E-01 -2.2628E-01
  1.4217E-01 -2.0919E+00 -8.6146E-01 -2.2872E-01
  1.4300E-01 -2.1100E+00 -8.7109E-01 -2.3119E-01
  1.4383E-01 -2.1282E+00 -8.8082E-01 -2.3367E-01
  1.4468E-01 -2.1466E+00 -8.9065E-01 -2.3619E-01
  1.4552E-01 -2.1650E+00 -9.0058E-01 -2.3872E-01
  1.4637E-01 -2.1836E+00 -9.1062E-01 -2.4128E-01
  1.4723E-01 -2.2023E+00 -9.2077E-01 -2.4387E-01
  1.4809E-01 -2.2211E+00 -9.3102E-01 -2.4648E-01
  1.4896E-01 -2.2401E+00 -9.4137E-01 -2.4911E-01
  1.4983E-01 -2.2591E+00 -9.5184E-01 -2.5177E-01
  1.5071E-01 -2.2783E+00 -9.6241E-01 -2.5446E-01
  1.5159E-01 -2.2976E+00 -9.7310E-01 -2.5717E-01
  1.5247E-01 -2.3171E+00 -9.8389E-01 -2.5991E-01
  1.5337E-01 -2.3366E+00 -9.9480E-01 -2.6267E-01
  1.5426E-01 -2.3563E+00 -1.0058E+00 -2.6545E-01
  1.5517E-01 -2.3761E+00 -1.0170E+00 -2.6827E-01
  1.5607E-01 -2.3961E+00 -1.0282E+00 -2.7111E-01
  1.5699E-01 -2.4161E+00 -1.0396E+00 -2.7397E-01
  1.5790E-01 -2.4363E+00 -1.0511E+00 -2.7687E-01
  1.5883E-01 -2.4566E+00 -1.0627E+00 -2.7978E-01
  1.5976E-01 -2.4770E+00 -1.0744E+00 -2.8273E-01
  1.6069E-01 -2.4976E+00 -1.0862E+00 -2.8570E-01
  1.6163E-01 -2.5182E+00 -1.0982E+00 -2.8870E-01
  1.6258E-01 -2.5390E+00 -1.1103E+00 -2.9173E-01
  1.6353E-01 -2.5599E+00 -1.1225E+00 -2.9478E-01
  1.6448E-01 -2.5810E+00 -1.1348E+00 -2.9786E-01
  1.6545E-01 -2.6022E+00 -1.1472E+00 -3.0097E-01
  1.6641E-01 -2.6234E+00 -1.1598E+00 -3.0411E-01
  1.6739E-01 -2.6449E+00 -1.1725E+00 -3.0727E-01
  1.6837E-01 -2.6664E+00 -1.1854E+00 -3.1047E-01
  1.6935E-01 -2.6881E+00 -1.1983E+00 -3.1369E-01
  1.7034E-01 -2.7098E+00 -1.2114E+00 -3.1694E-01
  1.7134E-01 -2.7317E+00 -1.2247E+00 -3.2021E-01
  1.7234E-01 -2.7538E+00 -1.2380E+00 -3.2352E-01
  1.7335E-01 -2.7759E+00 -1.2515E+00 -3.2686E-01
  1.7436E-01 -2.7982E+00 -1.2652E+00 -3.3022E-01
  1.7538E-01 -2.8206E+00 -1.2789E+00 -3.3361E-01
  1.7640E-01 -2.8431E+00 -1.2928E+00 -3.3703E-01
  1.7743E-01 -2.8658E+00 -1.3069E+00 -3.4048E-01
  1.7847E-01 -2.8885E+00 -1.3210E+00 -3.4396E-01
  1.7952E-01 -2.9114E+00 -1.3354E+00 -3.4747E-01
  1.8056E-01 -2.9344E+00 -1.3498E+00 -3.5101E-01
  1.8162E-01 -2.9575E+00 -1.3644E+00 -3.5458E-01
  1.8268E-01 -2.9808E+00 -1.3792E+00 -3.5818E-01
  1.8375E-01 -3.0041E+00 -1.3940E+00 -3.6180E-01
  1.8482E-01 -3.0276E+00 -1.4091E+00 -3.6546E-01
  1.8590E-01 -3.0512E+00 -1.4243E+00 -3.6915E-01
  1.8699E-01 -3.0750E+00 -1.4396E+00 -3.7286E-01
  1.8808E-01 -3.0988E+00 -1.4550E+00 -3.7661E-01
  1.8918E-01 -3.1228E+00 -1.4707E+00 -3.8039E-01
  1.9029E-01 -3.1469E+00 -1.4864E+00 -3.8419E-01
  1.9140E-01 -3.1710E+00 -1.5024E+00 -3.8803E-01
  1.9252E-01 -3.1954E+00 -1.5184E+00 -3.9190E-01
  1.9364E-01 -3.2198E+00 -1.5347E+00 -3.9579E-01
  1.9478E-01 -3.2443E+00 -1.5511E+00 -3.9972E-01
  1.9591E-01 -3.2690E+00 -1.5676E+00 -4.0368E-01
  1.9706E-01 -3.2938E+00 -1.5843E+00 -4.0767E-01
  1.9821E-01 -3.3187E+00 -1.6012E+00 -4.1169E-01
  1.9937E-01 -3.3437E+00 -1.6182E+00 -4.1573E-01
  2.0053E-01 -3.3688E+00 -1.6353E+00 -4.1981E-01
  2.0171E-01 -3.3940E+00 -1.6527E+00 -4.2392E-01
  2.0288E-01 -3.4193E+00 -1.6702E+00 -4.2806E-01
  2.0407E-01 -3.4448E+00 -1.6878E+00 -4.3223E-01
  2.0526E-01 -3.4703E+00 -1.7056E+00 -4.3643E-01
  2.0646E-01 -3.4960E+00 -1.7236E+00 -4.4066E-01
  2.0767E-01 -3.5218E+00 -1.7418E+00 -4.4492E-01
  2.0888E-01 -3.5476E+00 -1.7601E+00 -4.4921E-01
  2.1010E-01 -3.5736E+00 -1.7786E+00 -4.5353E-01
  2.1133E-01 -3.5997E+00 -1.7972E+00 -4.5788E-01
  2.1256E-01 -3.6259E+00 -1.8161E+00 -4.6226E-01
  2.1380E-01 -3.6522E+00 -1.8350E+00 -4.6667E-01
  2.1505E-01 -3.6786E+00 -1.8542E+00 -4.7111E-01
  2.1631E-01 -3.7051E+00 -1.8735E+00 -4.7558E-01
  2.1757E-01 -3.7317E+00 -1.8930E+00 -4.8008E-01
  2.1884E-01 -3.7584E+00 -1.9127E+00 -4.8461E-01
  2.2012E-01 -3.7852E+00 -1.9326E+00 -4.8917E-01
  2.2141E-01 -3.8121E+00 -1.9526E+00 -4.9376E-01
  2.2270E-01 -3.8391E+00 -1.9728E+00 -4.9837E-01
  2.2400E-01 -3.8661E+00 -1.9932E+00 -5.0302E-01
  2.2531E-01 -3.8933E+00 -2.0138E+00 -5.0769E-01
  2.2663E-01 -3.9206E+00 -2.0345E+00 -5.1239E-01
  2.2795E-01 -3.9479E+00 -2.0554E+00 -5.1712E-01
  2.2928E-01 -3.9754E+00 -2.0765E+00 -5.2188E-01
  2.3062E-01 -4.0029E+00 -2.0978E+00 -5.2666E-01
  2.3197E-01 -4.0305E+00 -2.1193E+00 -5.3147E-01
  2.3332E-01 -4.0582E+00 -2.1409E+00 -5.3631E-01
  2.3469E-01 -4.0860E+00 -2.1627E+00 -5.4118E-01
  2.3606E-01 -4.1139E+00 -2.1847E+00 -5.4607E-01
  2.3743E-01 -4.1418E+00 -2.2069E+00 -5.5099E-01
  2.3882E-01 -4.1699E+00 -2.2293E+00 -5.5594E-01
  2.4022E-01 -4.1980E+00 -2.2519E+00 -5.6091E-01
  2.4162E-01 -4.2261E+00 -2.2746E+00 -5.6590E-01
  2.4303E-01 -4.2544E+00 -2.2975E+00 -5.7092E-01
  2.4445E-01 -4.2827E+00 -2.3207E+00 -5.7597E-01
  2.4588E-01 -4.3111E+00 -2.3440E+00 -5.8104E-01
  2.4731E-01 -4.3396E+00 -2.3675E+00 -5.8613E-01
  2.4876E-01 -4.3681E+00 -2.3912E+00 -5.9125E-01
  2.5021E-01 -4.3967E+00 -2.4150E+00 -5.9639E-01
  2.5167E-01 -4.4254E+00 -2.4391E+00 -6.0155E-01
  2.5314E-01 -4.4541E+00 -2.4633E+00 -6.0674E-01
  2.5462E-01 -4.4829E+00 -2.4878E+00 -6.1194E-01
  2.5610E-01 -4.5117E+00 -2.5124E+00 -6.1717E-01
  2.5760E-01 -4.5406E+00 -2.5372E+00 -6.2241E-01
  2.5910E-01 -4.5695E+00 -2.5622E+00 -6.2768E-01
  2.6062E-01 -4.5985E+00 -2.5874E+00 -6.3296E-01
  2.6214E-01 -4.6276E+00 -2.6128E+00 -6.3827E-01
  2.6367E-01 -4.6566E+00 -2.6384E+00 -6.4359E-01
  2.6521E-01 -4.6858E+00 -2.6641E+00 -6.4892E-01
  2.6676E-01 -4.7149E+00 -2.6901E+00 -6.5428E-01
  2.6831E-01 -4.7442E+00 -2.7162E+00 -6.5965E-01
  2.6988E-01 -4.7734E+00 -2.7426E+00 -6.6503E-01
  2.7145E-01 -4.8027E+00 -2.7691E+00 -6.7043E-01
  2.7304E-01 -4.8320E+00 -2.7958E+00 -6.7585E-01
  2.7463E-01 -4.8613E+00 -2.8227E+00 -6.8127E-01
  2.7624E-01 -4.8907E+00 -2.8498E+00 -6.8671E-01
  2.7785E-01 -4.9201E+00 -2.8771E+00 -6.9216E-01
  2.7947E-01 -4.9495E+00 -2.9046E+00 -6.9762E-01
  2.8110E-01 -4.9790E+00 -2.9322E+00 -7.0308E-01
  2.8274E-01 -5.0084E+00 -2.9601E+00 -7.0856E-01
  2.8439E-01 -5.0379E+00 -2.9881E+00 -7.1404E-01
  2.8605E-01 -5.0674E+00 -3.0163E+00 -7.1953E-01
  2.8772E-01 -5.0968E+00 -3.0447E+00 -7.2503E-01
  2.8940E-01 -5.1263E+00 -3.0733E+00 -7.3053E-01
  2.9109E-01 -5.1558E+00 -3.1021E+00 -7.3603E-01
  2.9279E-01 -5.1853E+00 -3.1310E+00 -7.4153E-01
  2.9450E-01 -5.2148E+00 -3.1602E+00 -7.4703E-01
  2.9622E-01 -5.2443E+00 -3.1895E+00 -7.5254E-01
  2.9795E-01 -5.2737E+00 -3.2190E+00 -7.5804E-01
  2.9969E-01 -5.3032E+00 -3.2486E+00 -7.6354E-01
  3.0144E-01 -5.3326E+00 -3.2785E+00 -7.6903E-01
  3.0319E-01 -5.3620E+00 -3.3085E+00 -7.7452E-01
  3.0496E-01 -5.3914E+00 -3.3387E+00 -7.8001E-01
  3.0674E-01 -5.4208E+00 -3.3691E+00 -7.8548E-01
  3.0853E-01 -5.4501E+00 -3.3996E+00 -7.9094E-01
  3.1033E-01 -5.4794E+00 -3.4304E+00 -7.9640E-01
  3.1215E-01 -5.5087E+00 -3.4612E+00 -8.0184E-01
  3.1397E-01 -5.5379E+00 -3.4923E+00 -8.0726E-01
  3.1580E-01 -5.5671E+00 -3.5235E+00 -8.1267E-01
  3.1764E-01 -5.5962E+00 -3.5549E+00 -8.1806E-01
  3.1950E-01 -5.6253E+00 -3.5864E+00 -8.2343E-01
  3.2136E-01 -5.6544E+00 -3.6181E+00 -8.2879E-01
  3.2323E-01 -5.6833E+00 -3.6500E+00 -8.3411E-01
  3.2512E-01 -5.7122E+00 -3.6820E+00 -8.3942E-01
  3.2702E-01 -5.7411E+00 -3.7142E+00 -8.4470E-01
  3.2893E-01 -5.7698E+00 -3.7465E+00 -8.4994E-01
  3.3085E-01 -5.7985E+00 -3.7789E+00 -8.5516E-01
  3.3278E-01 -5.8271E+00 -3.8116E+00 -8.6035E-01
  3.3472E-01 -5.8557E+00 -3.8443E+00 -8.6550E-01
  3.3667E-01 -5.8841E+00 -3.8772E+00 -8.7062E-01
  3.3864E-01 -5.9125E+00 -3.9102E+00 -8.7569E-01
  3.4061E-01 -5.9407E+00 -3.9434E+00 -8.8073E-01
  3.4260E-01 -5.9689E+00 -3.9766E+00 -8.8572E-01
  3.4460E-01 -5.9969E+00 -4.0101E+00 -8.9067E-01
  3.4661E-01 -6.0249E+00 -4.0436E+00 -8.9557E-01
  3.4863E-01 -6.0527E+00 -4.0772E+00 -9.0042E-01
  3.5066E-01 -6.0804E+00 -4.1110E+00 -9.0522E-01
  3.5271E-01 -6.1080E+00 -4.1449E+00 -9.0996E-01
  3.5477E-01 -6.1355E+00 -4.1789E+00 -9.1464E-01
  3.5684E-01 -6.1628E+00 -4.2130E+00 -9.1927E-01
  3.5892E-01 -6.1900E+00 -4.2472E+00 -9.2383E-01
  3.6101E-01 -6.2171E+00 -4.2814E+00 -9.2833E-01
  3.6312E-01 -6.2440E+00 -4.3158E+00 -9.3275E-01
  3.6524E-01 -6.2708E+00 -4.3503E+00 -9.3711E-01
  3.6737E-01 -6.2974E+00 -4.3848E+00 -9.4139E-01
  3.6951E-01 -6.3239E+00 -4.4195E+00 -9.4560E-01
  3.7167E-01 -6.3502E+00 -4.4542E+00 -9.4972E-01
  3.7383E-01 -6.3764E+00 -4.4889E+00 -9.5377E-01
  3.7602E-01 -6.4023E+00 -4.5238E+00 -9.5772E-01
  3.7821E-01 -6.4281E+00 -4.5586E+00 -9.6159E-01
  3.8042E-01 -6.4537E+00 -4.5936E+00 -9.6537E-01
  3.8263E-01 -6.4791E+00 -4.6286E+00 -9.6904E-01
  3.8487E-01 -6.5044E+00 -4.6636E+00 -9.7262E-01
  3.8711E-01 -6.5294E+00 -4.6986E+00 -9.7610E-01
  3.8937E-01 -6.5542E+00 -4.7337E+00 -9.7947E-01
  3.9164E-01 -6.5789E+00 -4.7688E+00 -9.8273E-01
  3.9392E-01 -6.6033E+00 -4.8040E+00 -9.8588E-01
  3.9622E-01 -6.6275E+00 -4.8391E+00 -9.8891E-01
  3.9853E-01 -6.6514E+00 -4.8742E+00 -9.9182E-01
  4.0086E-01 -6.6752E+00 -4.9094E+00 -9.9460E-01
  4.0320E-01 -6.6987E+00 -4.9445E+00 -9.9726E-01
  4.0555E-01 -6.7220E+00 -4.9796E+00 -9.9978E-01
  4.0791E-01 -6.7450E+00 -5.0147E+00 -1.0022E+00
  4.1029E-01 -6.7678E+00 -5.0497E+00 -1.0044E+00
  4.1269E-01 -6.7903E+00 -5.0847E+00 -1.0065E+00
  4.1509E-01 -6.8126E+00 -5.1197E+00 -1.0085E+00
  4.1751E-01 -6.8346E+00 -5.1546E+00 -1.0103E+00
  4.1995E-01 -6.8563E+00 -5.1894E+00 -1.0119E+00
  4.2240E-01 -6.8778E+00 -5.2242E+00 -1.0134E+00
  4.2486E-01 -6.8989E+00 -5.2589E+00 -1.0147E+00
  4.2734E-01 -6.9198E+00 -5.2934E+00 -1.0159E+00
  4.2983E-01 -6.9404E+00 -5.3279E+00 -1.0168E+00
  4.3234E-01 -6.9607E+00 -5.3623E+00 -1.0176E+00
  4.3486E-01 -6.9807E+00 -5.3966E+00 -1.0183E+00
  4.3739E-01 -7.0003E+00 -5.4307E+00 -1.0187E+00
  4.3995E-01 -7.0196E+00 -5.4648E+00 -1.0189E+00
  4.4251E-01 -7.0387E+00 -5.4986E+00 -1.0189E+00
  4.4509E-01 -7.0573E+00 -5.5323E+00 -1.0188E+00
  4.4769E-01 -7.0757E+00 -5.5659E+00 -1.0184E+00
  4.5030E-01 -7.0936E+00 -5.5993E+00 -1.0178E+00
  4.5292E-01 -7.1113E+00 -5.6324E+00 -1.0170E+00
  4.5557E-01 -7.1285E+00 -5.6654E+00 -1.0159E+00
  4.5822E-01 -7.1454E+00 -5.6982E+00 -1.0147E+00
  4.6089E-01 -7.1620E+00 -5.7308E+00 -1.0132E+00
  4.6358E-01 -7.1781E+00 -5.7631E+00 -1.0114E+00
  4.6628E-01 -7.1939E+00 -5.7952E+00 -1.0095E+00
  4.6900E-01 -7.2092E+00 -5.8271E+00 -1.0072E+00
  4.7174E-01 -7.2242E+00 -5.8587E+00 -1.0048E+00
  4.7449E-01 -7.2387E+00 -5.8900E+00 -1.0020E+00
  4.7726E-01 -7.2528E+00 -5.9210E+00 -9.9902E-01
  4.8004E-01 -7.2665E+00 -5.9518E+00 -9.9575E-01
  4.8284E-01 -7.2798E+00 -5.9822E+00 -9.9221E-01
  4.8565E-01 -7.2926E+00 -6.0123E+00 -9.8838E-01
  4.8849E-01 -7.3049E+00 -6.0420E+00 -9.8427E-01
  4.9133E-01 -7.3168E+00 -6.0715E+00 -9.7987E-01
  4.9420E-01 -7.3283E+00 -6.1005E+00 -9.7518E-01
  4.9708E-01 -7.3392E+00 -6.1292E+00 -9.7018E-01
  4.9998E-01 -7.3497E+00 -6.1575E+00 -9.6488E-01
  5.0289E-01 -7.3597E+00 -6.1854E+00 -9.5927E-01
  5.0583E-01 -7.3692E+00 -6.2129E+00 -9.5335E-01
  5.0877E-01 -7.3782E+00 -6.2399E+00 -9.4710E-01
  5.1174E-01 -7.3867E+00 -6.2666E+00 -9.4052E-01
  5.1472E-01 -7.3946E+00 -6.2927E+00 -9.3362E-01
  5.1773E-01 -7.4020E+00 -6.3184E+00 -9.2638E-01
  5.2074E-01 -7.4089E+00 -6.3436E+00 -9.1880E-01
  5.2378E-01 -7.4152E+00 -6.3683E+00 -9.1087E-01
  5.2683E-01 -7.4210E+00 -6.3925E+00 -9.0259E-01
  5.2991E-01 -7.4262E+00 -6.4162E+00 -8.9396E-01
  5.3299E-01 -7.4309E+00 -6.4394E+00 -8.8497E-01
  5.3610E-01 -7.4350E+00 -6.4619E+00 -8.7562E-01
  5.3923E-01 -7.4384E+00 -6.4839E+00 -8.6590E-01
  5.4237E-01 -7.4413E+00 -6.5054E+00 -8.5581E-01
  5.4553E-01 -7.4436E+00 -6.5262E+00 -8.4535E-01
  5.4871E-01 -7.4452E+00 -6.5464E+00 -8.3450E-01
  5.5191E-01 -7.4463E+00 -6.5660E+00 -8.2328E-01
  5.5513E-01 -7.4467E+00 -6.5849E+00 -8.1167E-01
  5.5837E-01 -7.4465E+00 -6.6032E+00 -7.9967E-01
  5.6162E-01 -7.4456E+00 -6.6207E+00 -7.8728E-01
  5.6490E-01 -7.4441E+00 -6.6376E+00 -7.7449E-01
  5.6819E-01 -7.4419E+00 -6.6538E+00 -7.6131E-01
  5.7150E-01 -7.4390E+00 -6.6693E+00 -7.4773E-01
  5.7483E-01 -7.4355E+00 -6.6840E+00 -7.3376E-01
  5.7818E-01 -7.4313E+00 -6.6980E+00 -7.1938E-01
  5.8155E-01 -7.4263E+00 -6.7112E+00 -7.0460E-01
  5.8494E-01 -7.4207E+00 -6.7236E+00 -6.8941E-01
  5.8835E-01 -7.4144E+00 -6.7352E+00 -6.7382E-01
  5.9178E-01 -7.4073E+00 -6.7460E+00 -6.5783E-01
  5.9523E-01 -7.3995E+00 -6.7559E+00 -6.4144E-01
  5.9870E-01 -7.3910E+00 -6.7650E+00 -6.2464E-01
  6.0219E-01 -7.3817E+00 -6.7733E+00 -6.0744E-01
  6.0570E-01 -7.3717E+00 -6.7806E+00 -5.8984E-01
  6.0923E-01 -7.3609E+00 -6.7871E+00 -5.7185E-01
  6.1279E-01 -7.3494E+00 -6.7926E+00 -5.5345E-01
  6.1636E-01 -7.3370E+00 -6.7973E+00 -5.3467E-01
  6.1995E-01 -7.3239E+00 -6.8009E+00 -5.1550E-01
  6.2356E-01 -7.3100E+00 -6.8037E+00 -4.9594E-01
  6.2720E-01 -7.2953E+00 -6.8054E+00 -4.7600E-01
  6.3085E-01 -7.2798E+00 -6.8062E+00 -4.5569E-01
  6.3453E-01 -7.2634E+00 -6.8059E+00 -4.3501E-01
  6.3823E-01 -7.2463E+00 -6.8046E+00 -4.1397E-01
  6.4195E-01 -7.2283E+00 -6.8023E+00 -3.9258E-01
  6.4569E-01 -7.2094E+00 -6.7990E+00 -3.7083E-01
  6.4945E-01 -7.1897E+00 -6.7946E+00 -3.4875E-01
  6.5324E-01 -7.1692E+00 -6.7891E+00 -3.2634E-01
  6.5705E-01 -7.1478E+00 -6.7825E+00 -3.0362E-01
  6.6088E-01 -7.1255E+00 -6.7748E+00 -2.8058E-01
  6.6473E-01 -7.1023E+00 -6.7660E+00 -2.5725E-01
  6.6860E-01 -7.0783E+00 -6.7561E+00 -2.3363E-01
  6.7250E-01 -7.0534E+00 -6.7450E+00 -2.0975E-01
  6.7642E-01 -7.0275E+00 -6.7328E+00 -1.8561E-01
  6.8036E-01 -7.0008E+00 -6.7194E+00 -1.6122E-01
  6.8433E-01 -6.9731E+00 -6.7048E+00 -1.3661E-01
  6.8832E-01 -6.9445E+00 -6.6891E+00 -1.1179E-01
  6.9233E-01 -6.9150E+00 -6.6721E+00 -8.6784E-02
  6.9636E-01 -6.8845E+00 -6.6539E+00 -6.1602E-02
  7.0042E-01 -6.8531E+00 -6.6345E+00 -3.6266E-02
  7.0450E-01 -6.8207E+00 -6.6138E+00 -1.0797E-02
  7.0861E-01 -6.7874E+00 -6.5919E+00  1.4783E-02
  7.1274E-01 -6.7531E+00 -6.5688E+00  4.0452E-02
  7.1689E-01 -6.7179E+00 -6.5443E+00  6.6187E-02
  7.2107E-01 -6.6817E+00 -6.5186E+00  9.1964E-02
  7.2527E-01 -6.6445E+00 -6.4916E+00  1.1776E-01
  7.2950E-01 -6.6063E+00 -6.4633E+00  1.4354E-01
  7.3375E-01 -6.5671E+00 -6.4338E+00  1.6929E-01
  7.3803E-01 -6.5269E+00 -6.4029E+00  1.9497E-01
  7.4233E-01 -6.4857E+00 -6.3706E+00  2.2055E-01
  7.4666E-01 -6.4434E+00 -6.3371E+00  2.4602E-01
  7.5101E-01 -6.4002E+00 -6.3022E+00  2.7132E-01
  7.5538E-01 -6.3559E+00 -6.2660E+00  2.9644E-01
  7.5979E-01 -6.3106E+00 -6.2285E+00  3.2134E-01
  7.6421E-01 -6.2643E+00 -6.1896E+00  3.4598E-01
  7.6867E-01 -6.2169E+00 -6.1494E+00  3.7034E-01
  7.7315E-01 -6.1685E+00 -6.1078E+00  3.9437E-01
  7.7765E-01 -6.1191E+00 -6.0649E+00  4.1804E-01
  7.8218E-01 -6.0685E+00 -6.0206E+00  4.4132E-01
  7.8674E-01 -6.0170E+00 -5.9749E+00  4.6416E-01
  7.9133E-01 -5.9643E+00 -5.9279E+00  4.8653E-01
  7.9594E-01 -5.9106E+00 -5.8795E+00  5.0839E-01
  8.0058E-01 -5.8558E+00 -5.8297E+00  5.2969E-01
  8.0524E-01 -5.8000E+00 -5.7786E+00  5.5041E-01
  8.0993E-01 -5.7430E+00 -5.7262E+00  5.7049E-01
  8.1465E-01 -5.6850E+00 -5.6723E+00  5.8991E-01
  8.1940E-01 -5.6259E+00 -5.6171E+00  6.0861E-01
  8.2418E-01 -5.5657E+00 -5.5605E+00  6.2656E-01
  8.2898E-01 -5.5044E+00 -5.5026E+00  6.4372E-01
  8.3381E-01 -5.4420E+00 -5.4434E+00  6.6005E-01
  8.3867E-01 -5.3785E+00 -5.3827E+00  6.7550E-01
  8.4356E-01 -5.3139E+00 -5.3208E+00  6.9004E-01
  8.4847E-01 -5.2482E+00 -5.2575E+00  7.0362E-01
  8.5342E-01 -5.1814E+00 -5.1928E+00  7.1621E-01
  8.5839E-01 -5.1135E+00 -5.1269E+00  7.2776E-01
  8.6339E-01 -5.0445E+00 -5.0596E+00  7.3825E-01
  8.6842E-01 -4.9744E+00 -4.9909E+00  7.4763E-01
  8.7348E-01 -4.9032E+00 -4.9210E+00  7.5588E-01
  8.7857E-01 -4.8309E+00 -4.8498E+00  7.6294E-01
  8.8369E-01 -4.7574E+00 -4.7773E+00  7.6880E-01
  8.8884E-01 -4.6828E+00 -4.7034E+00  7.7342E-01
  8.9402E-01 -4.6072E+00 -4.6283E+00  7.7677E-01
  8.9923E-01 -4.5304E+00 -4.5520E+00  7.7882E-01
  9.0447E-01 -4.4525E+00 -4.4744E+00  7.7956E-01
  9.0974E-01 -4.3735E+00 -4.3955E+00  7.7895E-01
  9.1504E-01 -4.2934E+00 -4.3154E+00  7.7699E-01
  9.2037E-01 -4.2122E+00 -4.2340E+00  7.7364E-01
  9.2573E-01 -4.1298E+00 -4.1515E+00  7.6891E-01
  9.3113E-01 -4.0464E+00 -4.0677E+00  7.6277E-01
  9.3655E-01 -3.9619E+00 -3.9828E+00  7.5523E-01
  9.4201E-01 -3.8763E+00 -3.8966E+00  7.4628E-01
  9.4750E-01 -3.7895E+00 -3.8093E+00  7.3593E-01
  9.5302E-01 -3.7017E+00 -3.7208E+00  7.2418E-01
  9.5857E-01 -3.6128E+00 -3.6312E+00  7.1103E-01
  9.6416E-01 -3.5228E+00 -3.5404E+00  6.9652E-01
  9.6977E-01 -3.4317E+00 -3.4486E+00  6.8065E-01
  9.7542E-01 -3.3396E+00 -3.3556E+00  6.6347E-01
  9.8111E-01 -3.2464E+00 -3.2615E+00  6.4499E-01
  9.8682E-01 -3.1521E+00 -3.1663E+00  6.2526E-01
  9.9257E-01 -3.0567E+00 -3.0701E+00  6.0432E-01
  9.9836E-01 -2.9603E+00 -2.9728E+00  5.8223E-01
  1.0042E+00 -2.8628E+00 -2.8744E+00  5.5904E-01
  1.0100E+00 -2.7643E+00 -2.7750E+00  5.3483E-01
  1.0159E+00 -2.6648E+00 -2.6746E+00  5.0965E-01
  1.0218E+00 -2.5643E+00 -2.5732E+00  4.8360E-01
  1.0278E+00 -2.4627E+00 -2.4708E+00  4.5676E-01
  1.0338E+00 -2.3601E+00 -2.3674E+00  4.2923E-01
  1.0398E+00 -2.2565E+00 -2.2631E+00  4.0110E-01
  1.0459E+00 -2.1519E+00 -2.1578E+00  3.7250E-01
  1.0519E+00 -2.0463E+00 -2.0515E+00  3.4355E-01
  1.0581E+00 -1.9398E+00 -1.9443E+00  3.1436E-01
  1.0642E+00 -1.8323E+00 -1.8362E+00  2.8509E-01
  1.0704E+00 -1.7238E+00 -1.7272E+00  2.5587E-01
  1.0767E+00 -1.6144E+00 -1.6173E+00  2.2685E-01
  1.0829E+00 -1.5041E+00 -1.5065E+00  1.9821E-01
  1.0893E+00 -1.3929E+00 -1.3949E+00  1.7010E-01
  1.0956E+00 -1.2807E+00 -1.2824E+00  1.4271E-01
  1.1020E+00 -1.1677E+00 -1.1690E+00  1.1622E-01
  1.1084E+00 -1.0538E+00 -1.0548E+00  9.0812E-02
  1.1149E+00 -9.3903E-01 -9.3985E-01  6.6694E-02
  1.1214E+00 -8.2342E-01 -8.2404E-01  4.4065E-02
  1.1279E+00 -7.0699E-01 -7.0744E-01  2.3132E-02
  1.1345E+00 -5.8974E-01 -5.9006E-01  4.1055E-03
  1.1411E+00 -4.7169E-01 -4.7191E-01 -1.2801E-02
  1.1477E+00 -3.5287E-01 -3.5301E-01 -2.7371E-02
  1.1544E+00 -2.3329E-01 -2.3337E-01 -3.9392E-02
  1.1611E+00 -1.1296E-01 -1.1300E-01 -4.8649E-02
  1.1679E+00  8.0899E-03  8.0728E-03 -5.4933E-02
  1.1747E+00  1.2984E-01  1.2984E-01 -5.8041E-02
  1.1815E+00  2.5228E-01  2.5228E-01 -5.7775E-02
  1.1884E+00  3.7537E-01  3.7538E-01 -5.3952E-02
  1.1953E+00  4.9911E-01  4.9911E-01 -4.6400E-02
  1.2023E+00  6.2346E-01  6.2346E-01 -3.4965E-02
  1.2093E+00  7.4841E-01  7.4841E-01 -1.9515E-02
  1.2164E+00  8.7393E-01  8.7393E-01  0.0000E+00
  1.2234E+00  1.0000E+00  1.0000E+00  0.0000E+00
  1.2306E+00  1.1266E+00  1.1266E+00  0.0000E+00
  1.2377E+00  1.2537E+00  1.2537E+00  0.0000E+00
  1.2450E+00  1.3812E+00  1.3812E+00  0.0000E+00
  1.2522E+00  1.5092E+00  1.5092E+00  0.0000E+00
  1.2595E+00  1.6376E+00  1.6376E+00  0.0000E+00
  1.2668E+00  1.7664E+00  1.7664E+00  0.0000E+00
  1.2742E+00  1.8956E+00  1.8956E+00  0.0000E+00
  1.2816E+00  2.0251E+00  2.0251E+00  0.0000E+00
  1.2891E+00  2.1549E+00  2.1549E+00  0.0000E+00
  1.2966E+00  2.2849E+00  2.2849E+00  0.0000E+00
  1.3042E+00  2.4152E+00  2.4152E+00  0.0000E+00
  1.3118E+00  2.5457E+00  2.5457E+00  0.0000E+00
  1.3194E+00  2.6763E+00  2.6763E+00  0.0000E+00
  1.3271E+00  2.8071E+00  2.8071E+00  0.0000E+00
  1.3348E+00  2.9380E+00  2.9380E+00  0.0000E+00
  1.3426E+00  3.0689E+00  3.0689E+00  0.0000E+00
  1.3504E+00  3.1999E+00  3.1999E+00  0.0000E+00
  1.3583E+00  3.3308E+00  3.3308E+00  0.0000E+00
  1.3662E+00  3.4617E+00  3.4617E+00  0.0000E+00
  1.3742E+00  3.5925E+00  3.5925E+00  0.0000E+00
  1.3822E+00  3.7232E+00  3.7232E+00  0.0000E+00
  1.3902E+00  3.8537E+00  3.8537E+00  0.0000E+00
  1.3983E+00  3.9840E+00  3.9840E+00  0.0000E+00
  1.4065E+00  4.1140E+00  4.1140E+00  0.0000E+00
  1.4147E+00  4.2437E+00  4.2437E+00  0.0000E+00
  1.4229E+00  4.3731E+00  4.3731E+00  0.0000E+00
  1.4312E+00  4.5021E+00  4.5021E+00  0.0000E+00
  1.4395E+00  4.6306E+00  4.6306E+00  0.0000E+00
  1.4479E+00  4.7586E+00  4.7586E+00  0.0000E+00
  1.4563E+00  4.8862E+00  4.8862E+00  0.0000E+00
  1.4648E+00  5.0131E+00  5.0131E+00  0.0000E+00
  1.4734E+00  5.1394E+00  5.1394E+00  0.0000E+00
  1.4819E+00  5.2650E+00  5.2650E+00  0.0000E+00
  1.4906E+00  5.3899E+00  5.3899E+00  0.0000E+00
  1.4993E+00  5.5140E+00  5.5140E+00  0.0000E+00
  1.5080E+00  5.6373E+00  5.6373E+00  0.0000E+00
  1.5168E+00  5.7596E+00  5.7596E+00  0.0000E+00
  1.5256E+00  5.8810E+00  5.8810E+00  0.0000E+00
  1.5345E+00  6.0015E+00  6.0015E+00  0.0000E+00
  1.5434E+00  6.1208E+00  6.1208E+00  0.0000E+00
  1.5524E+00  6.2390E+00  6.2390E+00  0.0000E+00
  1.5615E+00  6.3561E+00  6.3561E+00  0.0000E+00
  1.5706E+00  6.4719E+00  6.4719E+00  0.0000E+00
  1.5797E+00  6.5864E+00  6.5864E+00  0.0000E+00
  1.5889E+00  6.6996E+00  6.6996E+00  0.0000E+00
  1.5982E+00  6.8113E+00  6.8113E+00  0.0000E+00
  1.6075E+00  6.9216E+00  6.9216E+00  0.0000E+00
  1.6168E+00  7.0303E+00  7.0303E+00  0.0000E+00
  1.6262E+00  7.1374E+00  7.1374E+00  0.0000E+00
