%eval_id interface      DAKOTA_RC    DAKOTA_EP_1    DAKOTA_EP_2       obj_fn_1       obj_fn_2       obj_fn_3 
1            NO_ID    1.440484254    8.981134849    8.027449813 0.001087166076   0.0030215911   0.0095427871 
2            NO_ID    1.454387184    1.440963524    2.791126299 0.000136901221 0.003335643322 0.009896967029 
3            NO_ID    1.466638562    4.816443993    6.965053543 0.0006695376466 0.003515142796  0.01004475731 
4            NO_ID    1.469370961   0.2347315216    5.552726227 0.0003692422751 0.003585685848  0.01013352252 
5            NO_ID    1.475307611    5.496077715    11.76695624 0.003610514207 0.002991658087 0.009371869815 
6            NO_ID    1.479373225    8.489232183    10.41670661 0.002728451101 0.003313101771 0.009717057315 
7            NO_ID    1.493244849    6.925041589    3.657939151 0.0003120306469 0.004258367759   0.0107521351 
8            NO_ID    1.502177532    10.65186766    6.599934762 0.001467031796  0.00436715214  0.01079072437 
9            NO_ID    1.503462115    4.728503798    2.472666214 0.0002122017538 0.004518653011  0.01091297041 
10           NO_ID    1.515276494    8.780788487    8.081832126 0.001788957807 0.004241927365  0.01049622281 
11           NO_ID     1.51915047    3.490872314    5.476717089 0.0004273732524 0.004533897511  0.01082369099 
12           NO_ID    1.524265893    7.678110992     6.32358618 0.0009207808013 0.004552903831   0.0108127555 
13           NO_ID    1.549097098   0.2410089077   0.4887873589 0.0006093920811 0.004959868614  0.01129375883 
14           NO_ID    1.557933952    10.90071348     2.95867652 0.001602913878 0.005350751772  0.01164891451 
15           NO_ID     1.56100256    6.952724551    3.125336309 0.0004485591582 0.005151576696  0.01132830603 
16           NO_ID    1.562956905    5.171231922    2.911284988 0.0003004373076  0.00510849934  0.01125640242 
17           NO_ID    1.578480842    2.290683915   0.8350910474 0.0005877397517 0.005096267654  0.01132461591 
18           NO_ID    1.589518761    9.709292314   0.9948962559 0.001666323135 0.005620352408  0.01168364084 
19           NO_ID    1.606325038    7.661828039    11.76585569  0.01001370578 0.001950766746  0.00793356995 
20           NO_ID    1.636234043    11.35535151    2.489155815 0.003546698676 0.005699772349  0.01180864763 
21           NO_ID    1.637899532    5.801746943    8.932100911 0.004801329107 0.002858924357 0.008871817372 
22           NO_ID    1.639212896    7.888065474    5.328210211 0.001448056301 0.004495639397  0.01054868533 
23           NO_ID    1.643812331     6.67657775    5.672091898 0.001244372125 0.004265585083  0.01033739378 
24           NO_ID     1.65145755    8.808246797    6.295174635  0.00262638297 0.004199319974   0.0102333897 
25           NO_ID    1.683315175     2.05427271    4.210525086 0.0005115416579 0.003988582494   0.0099491619 
26           NO_ID    1.692077661     9.08813699     7.18372526 0.004761326143 0.003274820579 0.009225626393 
27           NO_ID    1.703698598    4.252813067    4.841914647 0.0007410087919 0.003561700832   0.0095308843 
28           NO_ID    1.710510528    8.172272392    4.214107774 0.001885356057 0.004077309427  0.01002772923 
29           NO_ID    1.717444027    1.310643336   0.3286476677 0.001915215925 0.004103025341  0.01006162312 
30           NO_ID    1.724325494    6.611258875    2.992446135 0.001087993542   0.0038850013 0.009878470063 
31           NO_ID    1.730197022    11.36381951     11.0229715  0.02529276971 0.0009639811932 0.004769248288 
32           NO_ID    1.735369603    8.636306962    4.573592782 0.002834694743 0.003699686005 0.009726043423 
33           NO_ID    1.747031986    7.086799725    3.605660438 0.001415121987 0.003594770445 0.009575026657 
34           NO_ID    1.749653047    2.290245262    1.003086448 0.001545500723  0.00369470731 0.009672984503 
35           NO_ID    1.762304878    4.177923204    7.984820962 0.006439723043 0.0001549642519 0.006008977092 
36           NO_ID    1.770732555     5.22346098    4.577673618 0.001010013525 0.002637195143 0.008646859103 
37           NO_ID    1.809663814     9.23350052    10.55838499            100            100            100 
38           NO_ID    1.819251496    3.705328716    1.685592296 0.001298010278 0.002994807274  0.00915700195 
39           NO_ID     1.82961963    9.237267789     3.08620027 0.005518495404 0.004200803302  0.01043671725 
40           NO_ID    1.830979661    9.609483181    3.809568176 0.006510304267 0.004078066826  0.01035181918 
41           NO_ID    1.836191031   0.4221291674    7.512203675 0.007550621085 0.001689811146 0.004175891217 
42           NO_ID    1.840117433    1.370818265    8.838471901  0.01480474094 0.004767311849 0.001187671133 
43           NO_ID    1.841952134    6.703152317    7.550902905 0.008864316852 0.001496974308 0.004512427692 
44           NO_ID     1.84917259    2.797451429    11.12098939  0.03789156583  0.01233484016 0.006388896814 
45           NO_ID    1.854025011    4.355658628    6.233732932 0.003803843655 0.000322682055 0.005749012201 
46           NO_ID    1.862465543    10.88231488    7.199289258  0.01918357888 0.001900644107 0.008125909323 
47           NO_ID    1.865140965     7.16922526  0.02839408816 0.004799454728  0.00392157677  0.01030662943 
48           NO_ID    1.865741722    10.25461899     9.09024686  0.02737869122  0.00339078555 0.002662056627 
49           NO_ID    1.870612238    8.632631431    10.33784186  0.03600037994 0.009479410651 0.003563885013 
50           NO_ID    1.873058508     9.69505569     1.21398058 0.009261816114 0.005750243267  0.01217904006 
51           NO_ID    1.873331647    8.082647182   0.2794066967 0.006007206755 0.004478319917  0.01085915493 
52           NO_ID    1.878691767    1.265423595    10.74574367  0.03765991531  0.01325440701 0.007432309514 
53           NO_ID    1.898249741    1.032346471    8.954786839  0.02003377773 0.008251368214 0.002383396238 
54           NO_ID    1.907182439    5.663856975    0.662292084 0.003102688453 0.003498404478 0.009900579175 
55           NO_ID    1.923363657     2.20560767    7.494134649  0.01049738378  0.00503009589 0.001035670195 
56           NO_ID    1.928980291    11.85229059    11.30025399  0.08319083483  0.01428932308 0.008663498986 
57           NO_ID    1.944457608    4.776980685    1.364346039 0.002045409351 0.003137752259 0.009587911522 
58           NO_ID    1.949808951    7.845469095    9.857864688  0.04102740118  0.01485905741 0.009049680334 
59           NO_ID     1.96668914    9.036193386    10.77023526   0.0644979732  0.02091294704   0.0152877039 
60           NO_ID    1.991989668     8.46736796    7.633650087  0.02117923062 0.005796890453 0.0002389371088 
61           NO_ID    2.003846349   0.9509681375   0.4183935041 0.003160987193 0.003185340442 0.009592956724 
62           NO_ID    2.011997282    4.030555561    7.941285385  0.01935829269  0.01213716939 0.006106066242 
63           NO_ID    2.024540886    8.548346941    10.20259042  0.06578733003  0.02548026715  0.01990946517 
64           NO_ID    2.044064037   0.3832877578    9.913736499  0.05721035759  0.03088895106  0.02542379307 
65           NO_ID    2.058781613    1.672667128    3.984735413 0.001541736547 0.0007254696016 0.005614599925 
66           NO_ID    2.059562566    1.236130212    11.74058633   0.1034071961  0.04960968774  0.04481576065 
67           NO_ID    2.061072093     11.8046252    4.139588794  0.04219928663   0.0240428919  0.03040850373 
68           NO_ID    2.071950973    2.473341712    10.38677644  0.07501692247  0.03965990317  0.03453294125 
69           NO_ID    2.080518069    10.01988505    1.413253455  0.02218635262  0.01698834752  0.02346385472 
70           NO_ID    2.083433169    6.361581923    8.732936604  0.04056593717  0.02439829581  0.01885111496 
71           NO_ID    2.086899003    9.530240982    5.163315461  0.02015506725 0.005972199072  0.01233731695 
72           NO_ID    2.089738576     7.35573947     3.25017514 0.005931894429 0.004596398701  0.01095399798 
73           NO_ID    2.090930964    9.386099231   0.3646696454  0.01882534812  0.01540807028  0.02148132634 
74           NO_ID    2.096078705    9.761462866     4.53032803  0.02138457424  0.01026040805  0.01634418103 
75           NO_ID    2.096605986    4.707055167    1.314976523 0.002436201623 0.003743411661  0.01007121828 
76           NO_ID    2.115337243    1.286582435    7.339013338            100            100            100 
77           NO_ID    2.126372181    9.403818943    4.221928325  0.02054684233   0.0114779392  0.01764790846 
78           NO_ID    2.135364349    11.66997939    10.30291918   0.1401577861  0.02321342095  0.01924472923 
79           NO_ID    2.150152171    0.896436403     1.39753124 0.002001016181  0.00272627455 0.008854831437 
80           NO_ID    2.151020756    8.601459502    4.623676235  0.01645290843 0.005839375125  0.01191429551 
81           NO_ID    2.156795525    4.954380302    7.314335148  0.02408280371  0.02284475414  0.01711678144 
82           NO_ID    2.160036488    6.032851984    10.38350097   0.1015733847  0.05666089831  0.05254007883 
83           NO_ID    2.177502394    7.278993295    2.662954835 0.007398769536  0.00688367791   0.0131650736 
84           NO_ID    2.178095347    7.222725333     2.32058127 0.007245379095 0.007442596745  0.01359743309 
85           NO_ID    2.185201035    9.003453147    11.83020451   0.1470371682  0.06710721172  0.06375040195 
86           NO_ID    2.195656171   0.4602928164    8.656724295  0.05659427152   0.0461035514  0.04110561725 
87           NO_ID    2.198594458    9.964026208    11.80069294   0.1606981232  0.06260287535  0.05912206549 
88           NO_ID    2.211718894    1.142997813    2.302867302 0.001324059476 0.0006486691056 0.006721979633 
89           NO_ID     2.21251744    5.307689535    8.942537448  0.06937865566  0.05108330384  0.04652260899 
90           NO_ID    2.213890407    6.557974954   0.5880303833 0.007399886428  0.00875640995  0.01475868097 
91           NO_ID    2.216077967    3.684023555    4.011432009 0.002651473009   0.0050174362 0.0008140458898 
92           NO_ID    2.223261869    11.21292609    1.740766062  0.05780014416  0.06424343091  0.06937959398 
93           NO_ID    2.227767253    3.382689085    6.351136831  0.01625956636  0.02340919297  0.01841583457 
94           NO_ID    2.230750724    2.556046498    3.084968416 0.001356300967 0.001985744526 0.003877556237 
95           NO_ID    2.231194147     6.06998177    10.78075332   0.1285843222  0.07841063905  0.07494986334 
96           NO_ID    2.231832843    8.710812806    4.053190528            100            100            100 
97           NO_ID    2.239823042   0.4017479105    9.039460473  0.08047035593  0.06290271951  0.05872823625 
98           NO_ID    2.263782171    6.392636181    6.632864225   0.0259934153  0.02641307067  0.02127763377 
99           NO_ID    2.265867035    10.37238591    7.567156996  0.08821719754 0.002358676687 0.001418844231 
100          NO_ID    2.294136397    6.284651329     2.53946473 0.005993005183 0.004466339998  0.01038717775 
101          NO_ID       1.440484       8.981135       8.014618 0.001083150354 0.003027811847 0.009543714372 
102          NO_ID    1.463952408    4.728503798    2.472666214 0.0001645897751 0.003540787376  0.01013227702 
103          NO_ID       1.466955        4.81441        6.96503 0.0006694244485 0.003515973627  0.01004470673 
104          NO_ID       1.493221        6.94293       3.350739 0.0003047551601 0.004384949978  0.01078801631 
105          NO_ID       1.577653       7.662064      11.765868 0.008093943101 0.002583105073 0.008646216335 
106          NO_ID       1.599206         4.7283       2.372314 0.0003945268047 0.005018910105  0.01117904265 
107          NO_ID       1.634453      11.364024      11.123323  0.01284441917  0.00223863099 0.008251042557 
108          NO_ID         1.6379       5.801747       8.944933 0.004825270695 0.002826366671 0.008889561984 
109          NO_ID       1.684083       2.001393       4.831581 0.0006976728957 0.003804983411 0.009767153179 
110          NO_ID    1.724325494    7.184910953    2.992446135 0.001371406122  0.00398783978 0.009969764195 
111          NO_ID    1.730197022    3.403572719     11.0229715  0.01844543616 0.002999216327  0.00302636068 
112          NO_ID    1.803574312       8.369188      11.786336  0.03878691978 0.008859658583  0.00307619479 
113          NO_ID       1.818483       3.758209       1.064536 0.001767575934 0.003098493371  0.00925862252 
114          NO_ID       1.840116      10.882507       7.199305   0.0173301202 0.002004470773 0.008184611956 
115          NO_ID       1.853709       4.357693       6.233757 0.003804199208 0.0003224051112 0.005742232579 
116          NO_ID       1.862467       1.370626       8.838456  0.01635805746   0.0058392209 0.0002048493295 
117          NO_ID       1.864863       0.421893       7.512192 0.008680003402  0.00291105587 0.002979322705 
118          NO_ID       2.032877       4.516101       4.557194 0.002449073714 0.0008460219981 0.005394111528 
119          NO_ID       2.211743        1.12511       2.610067 0.001251133589 0.0001727987877 0.005663283807 
120          NO_ID    2.221211848    10.37238591    7.567156996  0.07340596353 0.004357000661 0.0004603397012 
121          NO_ID       1.429412       8.708415       8.014142 0.0009619500597 0.002676202264 0.009175045818 
122          NO_ID    1.447045395   0.2347315216    5.552726227 0.0003195410411 0.003051759097 0.009609124974 
123          NO_ID       1.458483       1.440452       2.791318 0.0001417435816 0.003519353601  0.01008112744 
124          NO_ID          1.466       5.090744       2.472922 0.0001781457234 0.003722777247  0.01031280211 
125          NO_ID       1.503206       4.728504       2.996954 0.0001987857646 0.004519750296  0.01086924533 
126          NO_ID       1.664661      11.380648      11.164147  0.01615811728 0.001434809874 0.007398357042 
127          NO_ID       1.687189       3.402225      11.022939   0.0141892893 0.0006334046559 0.005120353468 
128          NO_ID    1.724325494    6.611258875    3.209466569 0.001058816872 0.003855794214  0.00982963866 
129          NO_ID       1.724581       6.611259       2.468158 0.001215836224 0.004021639518 0.009986280172 
130          NO_ID       1.731395       9.790956       8.835707  0.01149800932 0.001277543536  0.00723593694 
131          NO_ID       1.735397       6.883979       2.992922 0.001275118507 0.003837889375 0.009783892544 
132          NO_ID    1.841952134    8.394856644    7.550902905  0.01102351809 0.0008065554023 0.005330087619 
133          NO_ID       1.861269        2.94349       11.02572  0.03867275176  0.01292634605 0.007051811922 
134          NO_ID       1.862259       3.706677       1.685624 0.001392796525 0.002824761655 0.009104910344 
135          NO_ID       1.862467       1.420674       9.786168  0.02464014246 0.008712223751 0.002939542309 
136          NO_ID       1.862479       1.371834      10.302776  0.03026666772  0.01036131315 0.004451280001 
137          NO_ID         1.9889        2.18878       7.352959  0.01272121604 0.008110936704 0.002186245589 
138          NO_ID       2.148104       0.534196       1.397275 0.002059589392 0.002635823012 0.008828366254 
139          NO_ID       2.150152       0.846388       0.449819 0.003273591459   0.0034740544 0.009719154214 
140          NO_ID       2.207647       1.125622       2.609875 0.001251161378 0.0001722826651 0.005664137319 
141          NO_ID       2.216066       3.682816       2.547112 0.001383209383 0.000451042398 0.006373869119 
142          NO_ID    2.248895432    2.556046498    3.084968416 0.001395149981 0.002648781658 0.003018358745 
