 # l=           0 basis function with energy    -1.02672836041631     
  0.0000E+00  0.0000E+00  0.0000E+00  0.0000E+00
  2.4843E-06  2.4291E-05  1.9361E-06  1.1232E-05
  4.9838E-06  4.8528E-05  3.8841E-06  2.2533E-05
  7.4986E-06  7.2835E-05  5.8440E-06  3.3902E-05
  1.0029E-05  9.7242E-05  7.8158E-06  4.5342E-05
  1.2574E-05  1.2116E-04  9.7997E-06  5.6851E-05
  1.5136E-05  1.4564E-04  1.1796E-05  6.8430E-05
  1.7712E-05  1.7029E-04  1.3804E-05  8.0081E-05
  2.0305E-05  1.9504E-04  1.5825E-05  9.1802E-05
  2.2913E-05  2.1993E-04  1.7857E-05  1.0360E-04
  2.5538E-05  2.4495E-04  1.9903E-05  1.1546E-04
  2.8178E-05  2.7011E-04  2.1961E-05  1.2740E-04
  3.0835E-05  2.9540E-04  2.4031E-05  1.3941E-04
  3.3508E-05  3.2083E-04  2.6114E-05  1.5149E-04
  3.6197E-05  3.4641E-04  2.8210E-05  1.6365E-04
  3.8902E-05  3.7212E-04  3.0318E-05  1.7588E-04
  4.1625E-05  3.9798E-04  3.2440E-05  1.8819E-04
  4.4363E-05  4.2399E-04  3.4574E-05  2.0057E-04
  4.7119E-05  4.5014E-04  3.6722E-05  2.1303E-04
  4.9891E-05  4.7644E-04  3.8882E-05  2.2557E-04
  5.2681E-05  5.0289E-04  4.1056E-05  2.3818E-04
  5.5487E-05  5.2950E-04  4.3243E-05  2.5087E-04
  5.8310E-05  5.5625E-04  4.5444E-05  2.6363E-04
  6.1151E-05  5.8316E-04  4.7658E-05  2.7648E-04
  6.4009E-05  6.1022E-04  4.9885E-05  2.8940E-04
  6.6885E-05  6.3744E-04  5.2127E-05  3.0240E-04
  6.9778E-05  6.6481E-04  5.4381E-05  3.1548E-04
  7.2689E-05  6.9234E-04  5.6650E-05  3.2864E-04
  7.5618E-05  7.2003E-04  5.8932E-05  3.4188E-04
  7.8565E-05  7.4789E-04  6.1229E-05  3.5520E-04
  8.1529E-05  7.7590E-04  6.3539E-05  3.6861E-04
  8.4512E-05  8.0407E-04  6.5864E-05  3.8209E-04
  8.7513E-05  8.3241E-04  6.8203E-05  3.9566E-04
  9.0532E-05  8.6092E-04  7.0556E-05  4.0931E-04
  9.3570E-05  8.8959E-04  7.2923E-05  4.2305E-04
  9.6626E-05  9.1842E-04  7.5305E-05  4.3687E-04
  9.9701E-05  9.4743E-04  7.7702E-05  4.5077E-04
  1.0280E-04  9.7660E-04  8.0113E-05  4.6476E-04
  1.0591E-04  1.0059E-03  8.2539E-05  4.7883E-04
  1.0904E-04  1.0355E-03  8.4980E-05  4.9299E-04
  1.1219E-04  1.0651E-03  8.7435E-05  5.0724E-04
  1.1536E-04  1.0950E-03  8.9906E-05  5.2157E-04
  1.1855E-04  1.1250E-03  9.2392E-05  5.3599E-04
  1.2176E-04  1.1553E-03  9.4893E-05  5.5050E-04
  1.2499E-04  1.1856E-03  9.7409E-05  5.6510E-04
  1.2824E-04  1.2162E-03  9.9941E-05  5.7978E-04
  1.3151E-04  1.2470E-03  1.0249E-04  5.9456E-04
  1.3479E-04  1.2779E-03  1.0505E-04  6.0943E-04
  1.3810E-04  1.3090E-03  1.0763E-04  6.2438E-04
  1.4143E-04  1.3403E-03  1.1022E-04  6.3943E-04
  1.4478E-04  1.3717E-03  1.1283E-04  6.5458E-04
  1.4815E-04  1.4034E-03  1.1546E-04  6.6981E-04
  1.5154E-04  1.4352E-03  1.1810E-04  6.8514E-04
  1.5495E-04  1.4673E-03  1.2076E-04  7.0056E-04
  1.5838E-04  1.4995E-03  1.2343E-04  7.1607E-04
  1.6183E-04  1.5319E-03  1.2612E-04  7.3168E-04
  1.6531E-04  1.5645E-03  1.2883E-04  7.4739E-04
  1.6880E-04  1.5973E-03  1.3156E-04  7.6319E-04
  1.7232E-04  1.6303E-03  1.3430E-04  7.7909E-04
  1.7586E-04  1.6635E-03  1.3705E-04  7.9508E-04
  1.7942E-04  1.6968E-03  1.3983E-04  8.1117E-04
  1.8300E-04  1.7304E-03  1.4262E-04  8.2737E-04
  1.8660E-04  1.7642E-03  1.4543E-04  8.4366E-04
  1.9023E-04  1.7981E-03  1.4825E-04  8.6005E-04
  1.9387E-04  1.8323E-03  1.5109E-04  8.7654E-04
  1.9754E-04  1.8667E-03  1.5395E-04  8.9313E-04
  2.0123E-04  1.9012E-03  1.5683E-04  9.0982E-04
  2.0495E-04  1.9360E-03  1.5973E-04  9.2661E-04
  2.0869E-04  1.9710E-03  1.6264E-04  9.4351E-04
  2.1245E-04  2.0061E-03  1.6557E-04  9.6051E-04
  2.1623E-04  2.0415E-03  1.6852E-04  9.7762E-04
  2.2004E-04  2.0771E-03  1.7148E-04  9.9482E-04
  2.2387E-04  2.1129E-03  1.7447E-04  1.0121E-03
  2.2772E-04  2.1490E-03  1.7747E-04  1.0296E-03
  2.3160E-04  2.1852E-03  1.8049E-04  1.0471E-03
  2.3550E-04  2.2216E-03  1.8353E-04  1.0647E-03
  2.3942E-04  2.2583E-03  1.8659E-04  1.0825E-03
  2.4337E-04  2.2952E-03  1.8967E-04  1.1003E-03
  2.4734E-04  2.3323E-03  1.9276E-04  1.1183E-03
  2.5134E-04  2.3696E-03  1.9588E-04  1.1363E-03
  2.5536E-04  2.4071E-03  1.9901E-04  1.1545E-03
  2.5940E-04  2.4449E-03  2.0216E-04  1.1728E-03
  2.6347E-04  2.4828E-03  2.0534E-04  1.1912E-03
  2.6757E-04  2.5210E-03  2.0853E-04  1.2097E-03
  2.7169E-04  2.5595E-03  2.1174E-04  1.2284E-03
  2.7583E-04  2.5981E-03  2.1497E-04  1.2471E-03
  2.8000E-04  2.6370E-03  2.1822E-04  1.2660E-03
  2.8420E-04  2.6761E-03  2.2149E-04  1.2849E-03
  2.8842E-04  2.7154E-03  2.2478E-04  1.3040E-03
  2.9267E-04  2.7550E-03  2.2809E-04  1.3232E-03
  2.9694E-04  2.7948E-03  2.3142E-04  1.3425E-03
  3.0124E-04  2.8348E-03  2.3477E-04  1.3620E-03
  3.0557E-04  2.8751E-03  2.3814E-04  1.3815E-03
  3.0992E-04  2.9156E-03  2.4154E-04  1.4012E-03
  3.1430E-04  2.9564E-03  2.4495E-04  1.4210E-03
  3.1871E-04  2.9974E-03  2.4838E-04  1.4409E-03
  3.2314E-04  3.0386E-03  2.5184E-04  1.4610E-03
  3.2760E-04  3.0801E-03  2.5531E-04  1.4811E-03
  3.3209E-04  3.1218E-03  2.5881E-04  1.5014E-03
  3.3660E-04  3.1638E-03  2.6233E-04  1.5218E-03
  3.4114E-04  3.2060E-03  2.6587E-04  1.5424E-03
  3.4571E-04  3.2484E-03  2.6943E-04  1.5630E-03
  3.5031E-04  3.2911E-03  2.7301E-04  1.5838E-03
  3.5494E-04  3.3341E-03  2.7662E-04  1.6047E-03
  3.5959E-04  3.3773E-03  2.8025E-04  1.6258E-03
  3.6427E-04  3.4208E-03  2.8390E-04  1.6470E-03
  3.6899E-04  3.4645E-03  2.8757E-04  1.6683E-03
  3.7373E-04  3.5085E-03  2.9126E-04  1.6897E-03
  3.7850E-04  3.5527E-03  2.9498E-04  1.7112E-03
  3.8329E-04  3.5972E-03  2.9872E-04  1.7329E-03
  3.8812E-04  3.6420E-03  3.0248E-04  1.7548E-03
  3.9298E-04  3.6870E-03  3.0627E-04  1.7767E-03
  3.9787E-04  3.7323E-03  3.1007E-04  1.7988E-03
  4.0278E-04  3.7779E-03  3.1391E-04  1.8211E-03
  4.0773E-04  3.8237E-03  3.1776E-04  1.8434E-03
  4.1271E-04  3.8698E-03  3.2164E-04  1.8659E-03
  4.1771E-04  3.9162E-03  3.2554E-04  1.8886E-03
  4.2275E-04  3.9628E-03  3.2947E-04  1.9113E-03
  4.2782E-04  4.0098E-03  3.3342E-04  1.9343E-03
  4.3292E-04  4.0570E-03  3.3739E-04  1.9573E-03
  4.3805E-04  4.1044E-03  3.4139E-04  1.9805E-03
  4.4321E-04  4.1522E-03  3.4542E-04  2.0039E-03
  4.4841E-04  4.2002E-03  3.4946E-04  2.0273E-03
  4.5363E-04  4.2485E-03  3.5354E-04  2.0510E-03
  4.5889E-04  4.2971E-03  3.5764E-04  2.0747E-03
  4.6418E-04  4.3460E-03  3.6176E-04  2.0987E-03
  4.6950E-04  4.3952E-03  3.6591E-04  2.1227E-03
  4.7486E-04  4.4447E-03  3.7008E-04  2.1469E-03
  4.8025E-04  4.4944E-03  3.7428E-04  2.1713E-03
  4.8567E-04  4.5445E-03  3.7850E-04  2.1958E-03
  4.9112E-04  4.5948E-03  3.8275E-04  2.2204E-03
  4.9661E-04  4.6454E-03  3.8703E-04  2.2453E-03
  5.0213E-04  4.6964E-03  3.9133E-04  2.2702E-03
  5.0768E-04  4.7476E-03  3.9566E-04  2.2953E-03
  5.1327E-04  4.7991E-03  4.0001E-04  2.3206E-03
  5.1889E-04  4.8510E-03  4.0440E-04  2.3460E-03
  5.2455E-04  4.9031E-03  4.0880E-04  2.3716E-03
  5.3024E-04  4.9556E-03  4.1324E-04  2.3973E-03
  5.3597E-04  5.0083E-03  4.1770E-04  2.4232E-03
  5.4173E-04  5.0614E-03  4.2219E-04  2.4492E-03
  5.4752E-04  5.1148E-03  4.2671E-04  2.4755E-03
  5.5336E-04  5.1685E-03  4.3125E-04  2.5018E-03
  5.5922E-04  5.2225E-03  4.3583E-04  2.5283E-03
  5.6513E-04  5.2768E-03  4.4043E-04  2.5550E-03
  5.7107E-04  5.3314E-03  4.4506E-04  2.5819E-03
  5.7704E-04  5.3864E-03  4.4971E-04  2.6089E-03
  5.8305E-04  5.4417E-03  4.5440E-04  2.6361E-03
  5.8910E-04  5.4973E-03  4.5911E-04  2.6634E-03
  5.9519E-04  5.5532E-03  4.6386E-04  2.6910E-03
  6.0131E-04  5.6095E-03  4.6863E-04  2.7186E-03
  6.0747E-04  5.6661E-03  4.7343E-04  2.7465E-03
  6.1367E-04  5.7230E-03  4.7826E-04  2.7745E-03
  6.1991E-04  5.7803E-03  4.8312E-04  2.8027E-03
  6.2618E-04  5.8379E-03  4.8801E-04  2.8311E-03
  6.3249E-04  5.8958E-03  4.9293E-04  2.8596E-03
  6.3884E-04  5.9541E-03  4.9788E-04  2.8883E-03
  6.4523E-04  6.0127E-03  5.0286E-04  2.9172E-03
  6.5166E-04  6.0716E-03  5.0787E-04  2.9463E-03
  6.5813E-04  6.1309E-03  5.1291E-04  2.9755E-03
  6.6464E-04  6.1906E-03  5.1798E-04  3.0050E-03
  6.7119E-04  6.2506E-03  5.2309E-04  3.0346E-03
  6.7778E-04  6.3109E-03  5.2822E-04  3.0643E-03
  6.8440E-04  6.3716E-03  5.3339E-04  3.0943E-03
  6.9107E-04  6.4327E-03  5.3858E-04  3.1245E-03
  6.9778E-04  6.4941E-03  5.4381E-04  3.1548E-03
  7.0453E-04  6.5559E-03  5.4907E-04  3.1853E-03
  7.1132E-04  6.6180E-03  5.5437E-04  3.2160E-03
  7.1816E-04  6.6805E-03  5.5969E-04  3.2469E-03
  7.2503E-04  6.7434E-03  5.6505E-04  3.2780E-03
  7.3195E-04  6.8066E-03  5.7044E-04  3.3093E-03
  7.3891E-04  6.8702E-03  5.7586E-04  3.3407E-03
  7.4591E-04  6.9342E-03  5.8132E-04  3.3724E-03
  7.5295E-04  6.9985E-03  5.8681E-04  3.4042E-03
  7.6004E-04  7.0632E-03  5.9234E-04  3.4363E-03
  7.6717E-04  7.1283E-03  5.9789E-04  3.4685E-03
  7.7435E-04  7.1938E-03  6.0348E-04  3.5010E-03
  7.8157E-04  7.2597E-03  6.0911E-04  3.5336E-03
  7.8883E-04  7.3259E-03  6.1477E-04  3.5664E-03
  7.9614E-04  7.3925E-03  6.2047E-04  3.5995E-03
  8.0349E-04  7.4596E-03  6.2619E-04  3.6327E-03
  8.1088E-04  7.5270E-03  6.3196E-04  3.6662E-03
  8.1833E-04  7.5948E-03  6.3776E-04  3.6998E-03
  8.2581E-04  7.6630E-03  6.4359E-04  3.7337E-03
  8.3335E-04  7.7316E-03  6.4947E-04  3.7677E-03
  8.4093E-04  7.8006E-03  6.5537E-04  3.8020E-03
  8.4855E-04  7.8700E-03  6.6131E-04  3.8365E-03
  8.5622E-04  7.9398E-03  6.6729E-04  3.8711E-03
  8.6394E-04  8.0100E-03  6.7331E-04  3.9060E-03
  8.7171E-04  8.0806E-03  6.7936E-04  3.9412E-03
  8.7952E-04  8.1516E-03  6.8545E-04  3.9765E-03
  8.8738E-04  8.2231E-03  6.9158E-04  4.0120E-03
  8.9529E-04  8.2949E-03  6.9774E-04  4.0478E-03
  9.0325E-04  8.3672E-03  7.0395E-04  4.0838E-03
  9.1126E-04  8.4399E-03  7.1019E-04  4.1200E-03
  9.1931E-04  8.5130E-03  7.1646E-04  4.1564E-03
  9.2742E-04  8.5865E-03  7.2278E-04  4.1930E-03
  9.3557E-04  8.6605E-03  7.2913E-04  4.2299E-03
  9.4378E-04  8.7349E-03  7.3553E-04  4.2670E-03
  9.5203E-04  8.8098E-03  7.4196E-04  4.3043E-03
  9.6034E-04  8.8850E-03  7.4843E-04  4.3419E-03
  9.6869E-04  8.9607E-03  7.5495E-04  4.3796E-03
  9.7710E-04  9.0369E-03  7.6150E-04  4.4176E-03
  9.8556E-04  9.1134E-03  7.6809E-04  4.4559E-03
  9.9407E-04  9.1905E-03  7.7472E-04  4.4944E-03
  1.0026E-03  9.2680E-03  7.8139E-04  4.5331E-03
  1.0112E-03  9.3459E-03  7.8811E-04  4.5720E-03
  1.0199E-03  9.4243E-03  7.9486E-04  4.6112E-03
  1.0286E-03  9.5031E-03  8.0166E-04  4.6506E-03
  1.0374E-03  9.5824E-03  8.0849E-04  4.6903E-03
  1.0462E-03  9.6621E-03  8.1537E-04  4.7302E-03
  1.0551E-03  9.7423E-03  8.2229E-04  4.7703E-03
  1.0640E-03  9.8230E-03  8.2926E-04  4.8107E-03
  1.0730E-03  9.9041E-03  8.3626E-04  4.8514E-03
  1.0821E-03  9.9857E-03  8.4331E-04  4.8923E-03
  1.0912E-03  1.0068E-02  8.5041E-04  4.9334E-03
  1.1003E-03  1.0150E-02  8.5754E-04  4.9748E-03
  1.1095E-03  1.0233E-02  8.6472E-04  5.0165E-03
  1.1188E-03  1.0317E-02  8.7194E-04  5.0584E-03
  1.1281E-03  1.0401E-02  8.7921E-04  5.1005E-03
  1.1375E-03  1.0485E-02  8.8652E-04  5.1429E-03
  1.1470E-03  1.0570E-02  8.9388E-04  5.1856E-03
  1.1565E-03  1.0656E-02  9.0128E-04  5.2285E-03
  1.1660E-03  1.0742E-02  9.0872E-04  5.2717E-03
  1.1756E-03  1.0828E-02  9.1622E-04  5.3152E-03
  1.1853E-03  1.0915E-02  9.2375E-04  5.3589E-03
  1.1950E-03  1.1003E-02  9.3134E-04  5.4029E-03
  1.2048E-03  1.1091E-02  9.3897E-04  5.4472E-03
  1.2147E-03  1.1179E-02  9.4664E-04  5.4917E-03
  1.2246E-03  1.1268E-02  9.5437E-04  5.5365E-03
  1.2345E-03  1.1357E-02  9.6214E-04  5.5816E-03
  1.2446E-03  1.1447E-02  9.6996E-04  5.6270E-03
  1.2547E-03  1.1538E-02  9.7782E-04  5.6726E-03
  1.2648E-03  1.1629E-02  9.8574E-04  5.7185E-03
  1.2750E-03  1.1721E-02  9.9370E-04  5.7647E-03
  1.2853E-03  1.1813E-02  1.0017E-03  5.8112E-03
  1.2957E-03  1.1905E-02  1.0098E-03  5.8580E-03
  1.3061E-03  1.1998E-02  1.0179E-03  5.9050E-03
  1.3165E-03  1.2092E-02  1.0260E-03  5.9523E-03
  1.3271E-03  1.2186E-02  1.0343E-03  6.0000E-03
  1.3377E-03  1.2281E-02  1.0425E-03  6.0479E-03
  1.3483E-03  1.2376E-02  1.0508E-03  6.0961E-03
  1.3591E-03  1.2472E-02  1.0592E-03  6.1446E-03
  1.3699E-03  1.2569E-02  1.0676E-03  6.1934E-03
  1.3807E-03  1.2665E-02  1.0761E-03  6.2425E-03
  1.3916E-03  1.2763E-02  1.0846E-03  6.2919E-03
  1.4026E-03  1.2861E-02  1.0931E-03  6.3416E-03
  1.4137E-03  1.2960E-02  1.1018E-03  6.3916E-03
  1.4248E-03  1.3059E-02  1.1104E-03  6.4419E-03
  1.4360E-03  1.3159E-02  1.1192E-03  6.4925E-03
  1.4473E-03  1.3259E-02  1.1279E-03  6.5434E-03
  1.4586E-03  1.3360E-02  1.1368E-03  6.5947E-03
  1.4700E-03  1.3461E-02  1.1457E-03  6.6462E-03
  1.4815E-03  1.3563E-02  1.1546E-03  6.6981E-03
  1.4930E-03  1.3666E-02  1.1636E-03  6.7503E-03
  1.5046E-03  1.3769E-02  1.1726E-03  6.8028E-03
  1.5163E-03  1.3873E-02  1.1817E-03  6.8556E-03
  1.5281E-03  1.3977E-02  1.1909E-03  6.9087E-03
  1.5399E-03  1.4082E-02  1.2001E-03  6.9622E-03
  1.5518E-03  1.4188E-02  1.2094E-03  7.0160E-03
  1.5638E-03  1.4294E-02  1.2187E-03  7.0701E-03
  1.5758E-03  1.4401E-02  1.2281E-03  7.1246E-03
  1.5879E-03  1.4508E-02  1.2376E-03  7.1794E-03
  1.6001E-03  1.4616E-02  1.2471E-03  7.2345E-03
  1.6124E-03  1.4725E-02  1.2566E-03  7.2900E-03
  1.6247E-03  1.4834E-02  1.2662E-03  7.3458E-03
  1.6372E-03  1.4944E-02  1.2759E-03  7.4019E-03
  1.6497E-03  1.5055E-02  1.2856E-03  7.4584E-03
  1.6622E-03  1.5166E-02  1.2954E-03  7.5152E-03
  1.6749E-03  1.5278E-02  1.3053E-03  7.5724E-03
  1.6876E-03  1.5390E-02  1.3152E-03  7.6299E-03
  1.7004E-03  1.5503E-02  1.3252E-03  7.6878E-03
  1.7133E-03  1.5617E-02  1.3352E-03  7.7460E-03
  1.7262E-03  1.5731E-02  1.3453E-03  7.8046E-03
  1.7393E-03  1.5846E-02  1.3555E-03  7.8636E-03
  1.7524E-03  1.5962E-02  1.3657E-03  7.9229E-03
  1.7656E-03  1.6078E-02  1.3760E-03  7.9826E-03
  1.7789E-03  1.6195E-02  1.3864E-03  8.0426E-03
  1.7922E-03  1.6312E-02  1.3968E-03  8.1030E-03
  1.8057E-03  1.6431E-02  1.4072E-03  8.1638E-03
  1.8192E-03  1.6549E-02  1.4178E-03  8.2249E-03
  1.8328E-03  1.6669E-02  1.4284E-03  8.2864E-03
  1.8465E-03  1.6789E-02  1.4391E-03  8.3483E-03
  1.8603E-03  1.6910E-02  1.4498E-03  8.4106E-03
  1.8741E-03  1.7032E-02  1.4606E-03  8.4732E-03
  1.8881E-03  1.7154E-02  1.4715E-03  8.5363E-03
  1.9021E-03  1.7277E-02  1.4824E-03  8.5997E-03
  1.9162E-03  1.7401E-02  1.4934E-03  8.6635E-03
  1.9304E-03  1.7525E-02  1.5045E-03  8.7277E-03
  1.9447E-03  1.7650E-02  1.5156E-03  8.7923E-03
  1.9591E-03  1.7776E-02  1.5268E-03  8.8573E-03
  1.9735E-03  1.7903E-02  1.5381E-03  8.9227E-03
  1.9881E-03  1.8030E-02  1.5494E-03  8.9884E-03
  2.0027E-03  1.8158E-02  1.5608E-03  9.0546E-03
  2.0174E-03  1.8286E-02  1.5723E-03  9.1212E-03
  2.0323E-03  1.8416E-02  1.5838E-03  9.1882E-03
  2.0472E-03  1.8546E-02  1.5955E-03  9.2556E-03
  2.0622E-03  1.8677E-02  1.6071E-03  9.3234E-03
  2.0773E-03  1.8808E-02  1.6189E-03  9.3917E-03
  2.0924E-03  1.8940E-02  1.6307E-03  9.4603E-03
  2.1077E-03  1.9073E-02  1.6426E-03  9.5294E-03
  2.1231E-03  1.9207E-02  1.6546E-03  9.5989E-03
  2.1386E-03  1.9342E-02  1.6667E-03  9.6688E-03
  2.1541E-03  1.9477E-02  1.6788E-03  9.7392E-03
  2.1698E-03  1.9613E-02  1.6910E-03  9.8099E-03
  2.1855E-03  1.9750E-02  1.7033E-03  9.8811E-03
  2.2014E-03  1.9887E-02  1.7156E-03  9.9528E-03
  2.2173E-03  2.0026E-02  1.7280E-03  1.0025E-02
  2.2334E-03  2.0165E-02  1.7406E-03  1.0097E-02
  2.2495E-03  2.0305E-02  1.7531E-03  1.0170E-02
  2.2657E-03  2.0445E-02  1.7658E-03  1.0244E-02
  2.2821E-03  2.0587E-02  1.7785E-03  1.0318E-02
  2.2985E-03  2.0729E-02  1.7913E-03  1.0392E-02
  2.3150E-03  2.0872E-02  1.8042E-03  1.0467E-02
  2.3317E-03  2.1016E-02  1.8172E-03  1.0542E-02
  2.3484E-03  2.1160E-02  1.8302E-03  1.0618E-02
  2.3653E-03  2.1306E-02  1.8434E-03  1.0694E-02
  2.3822E-03  2.1452E-02  1.8566E-03  1.0770E-02
  2.3992E-03  2.1599E-02  1.8698E-03  1.0847E-02
  2.4164E-03  2.1747E-02  1.8832E-03  1.0925E-02
  2.4337E-03  2.1895E-02  1.8967E-03  1.1003E-02
  2.4510E-03  2.2045E-02  1.9102E-03  1.1082E-02
  2.4685E-03  2.2195E-02  1.9238E-03  1.1160E-02
  2.4861E-03  2.2346E-02  1.9375E-03  1.1240E-02
  2.5038E-03  2.2498E-02  1.9513E-03  1.1320E-02
  2.5215E-03  2.2651E-02  1.9652E-03  1.1400E-02
  2.5394E-03  2.2804E-02  1.9791E-03  1.1481E-02
  2.5575E-03  2.2959E-02  1.9931E-03  1.1563E-02
  2.5756E-03  2.3114E-02  2.0073E-03  1.1645E-02
  2.5938E-03  2.3270E-02  2.0215E-03  1.1727E-02
  2.6121E-03  2.3427E-02  2.0358E-03  1.1810E-02
  2.6306E-03  2.3585E-02  2.0501E-03  1.1893E-02
  2.6492E-03  2.3744E-02  2.0646E-03  1.1977E-02
  2.6679E-03  2.3904E-02  2.0792E-03  1.2062E-02
  2.6866E-03  2.4064E-02  2.0938E-03  1.2147E-02
  2.7056E-03  2.4225E-02  2.1086E-03  1.2232E-02
  2.7246E-03  2.4388E-02  2.1234E-03  1.2318E-02
  2.7437E-03  2.4551E-02  2.1383E-03  1.2405E-02
  2.7630E-03  2.4715E-02  2.1533E-03  1.2492E-02
  2.7824E-03  2.4880E-02  2.1684E-03  1.2580E-02
  2.8019E-03  2.5046E-02  2.1836E-03  1.2668E-02
  2.8215E-03  2.5212E-02  2.1989E-03  1.2756E-02
  2.8412E-03  2.5380E-02  2.2143E-03  1.2846E-02
  2.8611E-03  2.5549E-02  2.2297E-03  1.2935E-02
  2.8810E-03  2.5718E-02  2.2453E-03  1.3026E-02
  2.9011E-03  2.5888E-02  2.2610E-03  1.3117E-02
  2.9214E-03  2.6060E-02  2.2767E-03  1.3208E-02
  2.9417E-03  2.6232E-02  2.2926E-03  1.3300E-02
  2.9622E-03  2.6405E-02  2.3085E-03  1.3392E-02
  2.9828E-03  2.6579E-02  2.3246E-03  1.3486E-02
  3.0035E-03  2.6754E-02  2.3407E-03  1.3579E-02
  3.0243E-03  2.6930E-02  2.3570E-03  1.3674E-02
  3.0453E-03  2.7107E-02  2.3733E-03  1.3768E-02
  3.0664E-03  2.7285E-02  2.3898E-03  1.3864E-02
  3.0876E-03  2.7464E-02  2.4063E-03  1.3960E-02
  3.1090E-03  2.7644E-02  2.4230E-03  1.4056E-02
  3.1305E-03  2.7825E-02  2.4397E-03  1.4153E-02
  3.1521E-03  2.8007E-02  2.4566E-03  1.4251E-02
  3.1739E-03  2.8190E-02  2.4735E-03  1.4350E-02
  3.1958E-03  2.8373E-02  2.4906E-03  1.4449E-02
  3.2178E-03  2.8558E-02  2.5078E-03  1.4548E-02
  3.2399E-03  2.8744E-02  2.5250E-03  1.4648E-02
  3.2622E-03  2.8931E-02  2.5424E-03  1.4749E-02
  3.2847E-03  2.9118E-02  2.5599E-03  1.4851E-02
  3.3072E-03  2.9307E-02  2.5775E-03  1.4953E-02
  3.3299E-03  2.9497E-02  2.5952E-03  1.5055E-02
  3.3528E-03  2.9688E-02  2.6130E-03  1.5158E-02
  3.3758E-03  2.9879E-02  2.6309E-03  1.5262E-02
  3.3989E-03  3.0072E-02  2.6489E-03  1.5367E-02
  3.4221E-03  3.0266E-02  2.6670E-03  1.5472E-02
  3.4455E-03  3.0461E-02  2.6853E-03  1.5578E-02
  3.4691E-03  3.0657E-02  2.7036E-03  1.5684E-02
  3.4928E-03  3.0854E-02  2.7221E-03  1.5792E-02
  3.5166E-03  3.1052E-02  2.7407E-03  1.5899E-02
  3.5406E-03  3.1251E-02  2.7594E-03  1.6008E-02
  3.5647E-03  3.1451E-02  2.7782E-03  1.6117E-02
  3.5890E-03  3.1652E-02  2.7971E-03  1.6227E-02
  3.6134E-03  3.1854E-02  2.8161E-03  1.6337E-02
  3.6380E-03  3.2058E-02  2.8353E-03  1.6448E-02
  3.6628E-03  3.2262E-02  2.8545E-03  1.6560E-02
  3.6876E-03  3.2468E-02  2.8739E-03  1.6672E-02
  3.7127E-03  3.2674E-02  2.8934E-03  1.6786E-02
  3.7378E-03  3.2882E-02  2.9131E-03  1.6899E-02
  3.7632E-03  3.3090E-02  2.9328E-03  1.7014E-02
  3.7887E-03  3.3300E-02  2.9527E-03  1.7129E-02
  3.8143E-03  3.3511E-02  2.9727E-03  1.7245E-02
  3.8401E-03  3.3723E-02  2.9928E-03  1.7362E-02
  3.8661E-03  3.3936E-02  3.0130E-03  1.7479E-02
  3.8922E-03  3.4151E-02  3.0334E-03  1.7597E-02
  3.9185E-03  3.4366E-02  3.0538E-03  1.7716E-02
  3.9449E-03  3.4583E-02  3.0745E-03  1.7836E-02
  3.9715E-03  3.4800E-02  3.0952E-03  1.7956E-02
  3.9983E-03  3.5019E-02  3.1160E-03  1.8077E-02
  4.0252E-03  3.5239E-02  3.1370E-03  1.8199E-02
  4.0523E-03  3.5460E-02  3.1581E-03  1.8321E-02
  4.0796E-03  3.5682E-02  3.1794E-03  1.8444E-02
  4.1070E-03  3.5906E-02  3.2008E-03  1.8568E-02
  4.1346E-03  3.6130E-02  3.2223E-03  1.8693E-02
  4.1624E-03  3.6356E-02  3.2439E-03  1.8819E-02
  4.1903E-03  3.6583E-02  3.2657E-03  1.8945E-02
  4.2184E-03  3.6811E-02  3.2876E-03  1.9072E-02
  4.2467E-03  3.7040E-02  3.3096E-03  1.9200E-02
  4.2751E-03  3.7270E-02  3.3318E-03  1.9329E-02
  4.3037E-03  3.7502E-02  3.3541E-03  1.9458E-02
  4.3325E-03  3.7735E-02  3.3765E-03  1.9588E-02
  4.3615E-03  3.7969E-02  3.3991E-03  1.9719E-02
  4.3907E-03  3.8204E-02  3.4218E-03  1.9851E-02
  4.4200E-03  3.8440E-02  3.4447E-03  1.9983E-02
  4.4495E-03  3.8678E-02  3.4677E-03  2.0117E-02
  4.4792E-03  3.8917E-02  3.4908E-03  2.0251E-02
  4.5090E-03  3.9157E-02  3.5141E-03  2.0386E-02
  4.5391E-03  3.9398E-02  3.5375E-03  2.0522E-02
  4.5693E-03  3.9640E-02  3.5611E-03  2.0659E-02
  4.5998E-03  3.9884E-02  3.5848E-03  2.0796E-02
  4.6304E-03  4.0129E-02  3.6086E-03  2.0935E-02
  4.6612E-03  4.0375E-02  3.6326E-03  2.1074E-02
  4.6921E-03  4.0623E-02  3.6568E-03  2.1214E-02
  4.7233E-03  4.0872E-02  3.6811E-03  2.1355E-02
  4.7547E-03  4.1122E-02  3.7055E-03  2.1497E-02
  4.7862E-03  4.1373E-02  3.7301E-03  2.1639E-02
  4.8180E-03  4.1625E-02  3.7548E-03  2.1783E-02
  4.8499E-03  4.1879E-02  3.7797E-03  2.1927E-02
  4.8820E-03  4.2134E-02  3.8048E-03  2.2073E-02
  4.9144E-03  4.2390E-02  3.8300E-03  2.2219E-02
  4.9469E-03  4.2648E-02  3.8553E-03  2.2366E-02
  4.9796E-03  4.2907E-02  3.8808E-03  2.2514E-02
  5.0126E-03  4.3167E-02  3.9065E-03  2.2663E-02
  5.0457E-03  4.3429E-02  3.9323E-03  2.2812E-02
  5.0790E-03  4.3692E-02  3.9583E-03  2.2963E-02
  5.1126E-03  4.3956E-02  3.9844E-03  2.3115E-02
  5.1463E-03  4.4221E-02  4.0107E-03  2.3267E-02
  5.1802E-03  4.4488E-02  4.0372E-03  2.3421E-02
  5.2144E-03  4.4756E-02  4.0638E-03  2.3575E-02
  5.2488E-03  4.5025E-02  4.0906E-03  2.3731E-02
  5.2833E-03  4.5296E-02  4.1175E-03  2.3887E-02
  5.3181E-03  4.5568E-02  4.1446E-03  2.4044E-02
  5.3531E-03  4.5842E-02  4.1719E-03  2.4202E-02
  5.3883E-03  4.6116E-02  4.1994E-03  2.4362E-02
  5.4238E-03  4.6393E-02  4.2270E-03  2.4522E-02
  5.4594E-03  4.6670E-02  4.2547E-03  2.4683E-02
  5.4953E-03  4.6949E-02  4.2827E-03  2.4845E-02
  5.5314E-03  4.7229E-02  4.3108E-03  2.5008E-02
  5.5677E-03  4.7511E-02  4.3391E-03  2.5172E-02
  5.6042E-03  4.7794E-02  4.3676E-03  2.5337E-02
  5.6409E-03  4.8078E-02  4.3962E-03  2.5504E-02
  5.6779E-03  4.8364E-02  4.4250E-03  2.5671E-02
  5.7151E-03  4.8651E-02  4.4540E-03  2.5839E-02
  5.7525E-03  4.8939E-02  4.4832E-03  2.6008E-02
  5.7902E-03  4.9229E-02  4.5125E-03  2.6178E-02
  5.8281E-03  4.9520E-02  4.5420E-03  2.6350E-02
  5.8662E-03  4.9813E-02  4.5718E-03  2.6522E-02
  5.9045E-03  5.0107E-02  4.6016E-03  2.6695E-02
  5.9431E-03  5.0403E-02  4.6317E-03  2.6870E-02
  5.9819E-03  5.0700E-02  4.6620E-03  2.7045E-02
  6.0210E-03  5.0998E-02  4.6924E-03  2.7222E-02
  6.0603E-03  5.1298E-02  4.7230E-03  2.7399E-02
  6.0998E-03  5.1599E-02  4.7538E-03  2.7578E-02
  6.1396E-03  5.1902E-02  4.7848E-03  2.7758E-02
  6.1796E-03  5.2206E-02  4.8160E-03  2.7939E-02
  6.2199E-03  5.2511E-02  4.8474E-03  2.8121E-02
  6.2604E-03  5.2818E-02  4.8790E-03  2.8304E-02
  6.3011E-03  5.3127E-02  4.9107E-03  2.8488E-02
  6.3422E-03  5.3437E-02  4.9427E-03  2.8674E-02
  6.3834E-03  5.3748E-02  4.9749E-03  2.8860E-02
  6.4249E-03  5.4061E-02  5.0072E-03  2.9048E-02
  6.4667E-03  5.4375E-02  5.0398E-03  2.9237E-02
  6.5087E-03  5.4691E-02  5.0725E-03  2.9427E-02
  6.5510E-03  5.5008E-02  5.1054E-03  2.9618E-02
  6.5935E-03  5.5327E-02  5.1386E-03  2.9810E-02
  6.6363E-03  5.5647E-02  5.1720E-03  3.0004E-02
  6.6794E-03  5.5969E-02  5.2055E-03  3.0198E-02
  6.7227E-03  5.6292E-02  5.2393E-03  3.0394E-02
  6.7663E-03  5.6617E-02  5.2732E-03  3.0591E-02
  6.8101E-03  5.6943E-02  5.3074E-03  3.0790E-02
  6.8543E-03  5.7271E-02  5.3418E-03  3.0989E-02
  6.8986E-03  5.7600E-02  5.3764E-03  3.1190E-02
  6.9433E-03  5.7931E-02  5.4112E-03  3.1392E-02
  6.9882E-03  5.8263E-02  5.4462E-03  3.1595E-02
  7.0334E-03  5.8597E-02  5.4814E-03  3.1799E-02
  7.0789E-03  5.8932E-02  5.5169E-03  3.2005E-02
  7.1247E-03  5.9269E-02  5.5526E-03  3.2212E-02
  7.1707E-03  5.9607E-02  5.5884E-03  3.2420E-02
  7.2171E-03  5.9947E-02  5.6245E-03  3.2629E-02
  7.2637E-03  6.0288E-02  5.6609E-03  3.2840E-02
  7.3106E-03  6.0631E-02  5.6974E-03  3.3052E-02
  7.3577E-03  6.0975E-02  5.7342E-03  3.3265E-02
  7.4052E-03  6.1321E-02  5.7712E-03  3.3480E-02
  7.4530E-03  6.1669E-02  5.8084E-03  3.3696E-02
  7.5010E-03  6.2018E-02  5.8458E-03  3.3913E-02
  7.5494E-03  6.2369E-02  5.8835E-03  3.4132E-02
  7.5980E-03  6.2721E-02  5.9214E-03  3.4352E-02
  7.6469E-03  6.3075E-02  5.9596E-03  3.4573E-02
  7.6962E-03  6.3430E-02  5.9979E-03  3.4795E-02
  7.7457E-03  6.3787E-02  6.0365E-03  3.5019E-02
  7.7956E-03  6.4145E-02  6.0754E-03  3.5245E-02
  7.8457E-03  6.4505E-02  6.1145E-03  3.5471E-02
  7.8961E-03  6.4867E-02  6.1538E-03  3.5700E-02
  7.9469E-03  6.5230E-02  6.1933E-03  3.5929E-02
  7.9980E-03  6.5595E-02  6.2331E-03  3.6160E-02
  8.0494E-03  6.5961E-02  6.2732E-03  3.6392E-02
  8.1011E-03  6.6329E-02  6.3135E-03  3.6626E-02
  8.1531E-03  6.6699E-02  6.3540E-03  3.6861E-02
  8.2054E-03  6.7070E-02  6.3948E-03  3.7098E-02
  8.2580E-03  6.7442E-02  6.4358E-03  3.7336E-02
  8.3110E-03  6.7817E-02  6.4771E-03  3.7575E-02
  8.3643E-03  6.8193E-02  6.5186E-03  3.7816E-02
  8.4179E-03  6.8570E-02  6.5604E-03  3.8059E-02
  8.4719E-03  6.8949E-02  6.6025E-03  3.8303E-02
  8.5262E-03  6.9330E-02  6.6448E-03  3.8548E-02
  8.5808E-03  6.9712E-02  6.6873E-03  3.8795E-02
  8.6357E-03  7.0096E-02  6.7301E-03  3.9043E-02
  8.6910E-03  7.0481E-02  6.7732E-03  3.9293E-02
  8.7466E-03  7.0868E-02  6.8166E-03  3.9545E-02
  8.8026E-03  7.1257E-02  6.8602E-03  3.9798E-02
  8.8589E-03  7.1648E-02  6.9041E-03  4.0052E-02
  8.9155E-03  7.2039E-02  6.9482E-03  4.0308E-02
  8.9725E-03  7.2433E-02  6.9926E-03  4.0566E-02
  9.0299E-03  7.2828E-02  7.0373E-03  4.0825E-02
  9.0876E-03  7.3225E-02  7.0823E-03  4.1086E-02
  9.1456E-03  7.3623E-02  7.1275E-03  4.1348E-02
  9.2040E-03  7.4023E-02  7.1730E-03  4.1612E-02
  9.2628E-03  7.4425E-02  7.2188E-03  4.1878E-02
  9.3219E-03  7.4828E-02  7.2649E-03  4.2145E-02
  9.3813E-03  7.5233E-02  7.3112E-03  4.2414E-02
  9.4412E-03  7.5640E-02  7.3579E-03  4.2685E-02
  9.5014E-03  7.6048E-02  7.4048E-03  4.2957E-02
  9.5620E-03  7.6457E-02  7.4520E-03  4.3231E-02
  9.6229E-03  7.6869E-02  7.4995E-03  4.3506E-02
  9.6842E-03  7.7282E-02  7.5473E-03  4.3784E-02
  9.7459E-03  7.7696E-02  7.5953E-03  4.4062E-02
  9.8080E-03  7.8113E-02  7.6437E-03  4.4343E-02
  9.8704E-03  7.8530E-02  7.6924E-03  4.4625E-02
  9.9333E-03  7.8950E-02  7.7413E-03  4.4909E-02
  9.9965E-03  7.9371E-02  7.7906E-03  4.5195E-02
  1.0060E-02  7.9794E-02  7.8402E-03  4.5483E-02
  1.0124E-02  8.0218E-02  7.8900E-03  4.5772E-02
  1.0188E-02  8.0644E-02  7.9402E-03  4.6063E-02
  1.0253E-02  8.1072E-02  7.9907E-03  4.6356E-02
  1.0318E-02  8.1501E-02  8.0415E-03  4.6651E-02
  1.0384E-02  8.1932E-02  8.0926E-03  4.6947E-02
  1.0450E-02  8.2364E-02  8.1440E-03  4.7245E-02
  1.0516E-02  8.2798E-02  8.1957E-03  4.7545E-02
  1.0583E-02  8.3234E-02  8.2477E-03  4.7847E-02
  1.0650E-02  8.3671E-02  8.3001E-03  4.8151E-02
  1.0718E-02  8.4110E-02  8.3528E-03  4.8457E-02
  1.0786E-02  8.4551E-02  8.4058E-03  4.8764E-02
  1.0854E-02  8.4993E-02  8.4591E-03  4.9073E-02
  1.0923E-02  8.5436E-02  8.5128E-03  4.9385E-02
  1.0992E-02  8.5882E-02  8.5667E-03  4.9698E-02
  1.1062E-02  8.6329E-02  8.6211E-03  5.0013E-02
  1.1132E-02  8.6777E-02  8.6757E-03  5.0330E-02
  1.1203E-02  8.7227E-02  8.7307E-03  5.0649E-02
  1.1274E-02  8.7679E-02  8.7860E-03  5.0970E-02
  1.1345E-02  8.8132E-02  8.8416E-03  5.1292E-02
  1.1417E-02  8.8587E-02  8.8976E-03  5.1617E-02
  1.1489E-02  8.9044E-02  8.9540E-03  5.1944E-02
  1.1562E-02  8.9502E-02  9.0106E-03  5.2273E-02
  1.1635E-02  8.9962E-02  9.0677E-03  5.2604E-02
  1.1709E-02  9.0423E-02  9.1250E-03  5.2936E-02
  1.1783E-02  9.0886E-02  9.1827E-03  5.3271E-02
  1.1857E-02  9.1350E-02  9.2408E-03  5.3608E-02
  1.1932E-02  9.1816E-02  9.2993E-03  5.3947E-02
  1.2008E-02  9.2284E-02  9.3580E-03  5.4288E-02
  1.2084E-02  9.2753E-02  9.4172E-03  5.4631E-02
  1.2160E-02  9.3223E-02  9.4767E-03  5.4977E-02
  1.2237E-02  9.3696E-02  9.5366E-03  5.5324E-02
  1.2314E-02  9.4169E-02  9.5968E-03  5.5673E-02
  1.2392E-02  9.4645E-02  9.6574E-03  5.6025E-02
  1.2470E-02  9.5121E-02  9.7184E-03  5.6379E-02
  1.2549E-02  9.5600E-02  9.7797E-03  5.6735E-02
  1.2628E-02  9.6080E-02  9.8415E-03  5.7093E-02
  1.2708E-02  9.6561E-02  9.9036E-03  5.7453E-02
  1.2788E-02  9.7044E-02  9.9660E-03  5.7815E-02
  1.2869E-02  9.7528E-02  1.0029E-02  5.8180E-02
  1.2950E-02  9.8014E-02  1.0092E-02  5.8547E-02
  1.3031E-02  9.8502E-02  1.0156E-02  5.8916E-02
  1.3114E-02  9.8990E-02  1.0220E-02  5.9288E-02
  1.3196E-02  9.9481E-02  1.0284E-02  5.9661E-02
  1.3279E-02  9.9973E-02  1.0349E-02  6.0037E-02
  1.3363E-02  1.0047E-01  1.0414E-02  6.0415E-02
  1.3447E-02  1.0096E-01  1.0480E-02  6.0796E-02
  1.3532E-02  1.0146E-01  1.0546E-02  6.1179E-02
  1.3617E-02  1.0195E-01  1.0612E-02  6.1564E-02
  1.3703E-02  1.0245E-01  1.0679E-02  6.1952E-02
  1.3789E-02  1.0295E-01  1.0746E-02  6.2342E-02
  1.3876E-02  1.0346E-01  1.0814E-02  6.2734E-02
  1.3963E-02  1.0396E-01  1.0882E-02  6.3129E-02
  1.4051E-02  1.0446E-01  1.0950E-02  6.3526E-02
  1.4140E-02  1.0497E-01  1.1019E-02  6.3926E-02
  1.4229E-02  1.0548E-01  1.1089E-02  6.4328E-02
  1.4318E-02  1.0599E-01  1.1158E-02  6.4732E-02
  1.4408E-02  1.0650E-01  1.1228E-02  6.5139E-02
  1.4499E-02  1.0701E-01  1.1299E-02  6.5549E-02
  1.4590E-02  1.0752E-01  1.1370E-02  6.5961E-02
  1.4681E-02  1.0804E-01  1.1442E-02  6.6375E-02
  1.4774E-02  1.0855E-01  1.1513E-02  6.6792E-02
  1.4866E-02  1.0907E-01  1.1586E-02  6.7212E-02
  1.4960E-02  1.0959E-01  1.1658E-02  6.7634E-02
  1.5054E-02  1.1011E-01  1.1732E-02  6.8058E-02
  1.5148E-02  1.1063E-01  1.1805E-02  6.8486E-02
  1.5243E-02  1.1115E-01  1.1879E-02  6.8916E-02
  1.5339E-02  1.1167E-01  1.1954E-02  6.9348E-02
  1.5435E-02  1.1220E-01  1.2029E-02  6.9783E-02
  1.5532E-02  1.1272E-01  1.2105E-02  7.0221E-02
  1.5630E-02  1.1325E-01  1.2180E-02  7.0662E-02
  1.5728E-02  1.1378E-01  1.2257E-02  7.1105E-02
  1.5826E-02  1.1431E-01  1.2334E-02  7.1551E-02
  1.5926E-02  1.1484E-01  1.2411E-02  7.1999E-02
  1.6025E-02  1.1537E-01  1.2489E-02  7.2451E-02
  1.6126E-02  1.1590E-01  1.2567E-02  7.2905E-02
  1.6227E-02  1.1644E-01  1.2646E-02  7.3362E-02
  1.6329E-02  1.1697E-01  1.2725E-02  7.3822E-02
  1.6431E-02  1.1751E-01  1.2805E-02  7.4284E-02
  1.6534E-02  1.1805E-01  1.2885E-02  7.4749E-02
  1.6637E-02  1.1859E-01  1.2966E-02  7.5218E-02
  1.6742E-02  1.1913E-01  1.3047E-02  7.5689E-02
  1.6846E-02  1.1967E-01  1.3129E-02  7.6163E-02
  1.6952E-02  1.2021E-01  1.3211E-02  7.6639E-02
  1.7058E-02  1.2075E-01  1.3294E-02  7.7119E-02
  1.7165E-02  1.2129E-01  1.3377E-02  7.7602E-02
  1.7272E-02  1.2184E-01  1.3461E-02  7.8087E-02
  1.7380E-02  1.2238E-01  1.3545E-02  7.8576E-02
  1.7489E-02  1.2293E-01  1.3629E-02  7.9068E-02
  1.7599E-02  1.2348E-01  1.3715E-02  7.9562E-02
  1.7709E-02  1.2403E-01  1.3801E-02  8.0060E-02
  1.7819E-02  1.2458E-01  1.3887E-02  8.0560E-02
  1.7931E-02  1.2513E-01  1.3974E-02  8.1064E-02
  1.8043E-02  1.2568E-01  1.4061E-02  8.1571E-02
  1.8156E-02  1.2623E-01  1.4149E-02  8.2081E-02
  1.8269E-02  1.2678E-01  1.4237E-02  8.2594E-02
  1.8383E-02  1.2733E-01  1.4326E-02  8.3110E-02
  1.8498E-02  1.2789E-01  1.4416E-02  8.3629E-02
  1.8614E-02  1.2844E-01  1.4506E-02  8.4152E-02
  1.8730E-02  1.2900E-01  1.4596E-02  8.4677E-02
  1.8847E-02  1.2956E-01  1.4688E-02  8.5206E-02
  1.8965E-02  1.3011E-01  1.4779E-02  8.5738E-02
  1.9083E-02  1.3067E-01  1.4872E-02  8.6274E-02
  1.9202E-02  1.3123E-01  1.4965E-02  8.6812E-02
  1.9322E-02  1.3179E-01  1.5058E-02  8.7354E-02
  1.9443E-02  1.3235E-01  1.5152E-02  8.7900E-02
  1.9564E-02  1.3291E-01  1.5246E-02  8.8448E-02
  1.9686E-02  1.3347E-01  1.5342E-02  8.9000E-02
  1.9809E-02  1.3403E-01  1.5437E-02  8.9555E-02
  1.9933E-02  1.3459E-01  1.5534E-02  9.0114E-02
  2.0057E-02  1.3515E-01  1.5631E-02  9.0676E-02
  2.0182E-02  1.3571E-01  1.5728E-02  9.1242E-02
  2.0308E-02  1.3628E-01  1.5826E-02  9.1811E-02
  2.0435E-02  1.3684E-01  1.5925E-02  9.2383E-02
  2.0562E-02  1.3740E-01  1.6024E-02  9.2959E-02
  2.0690E-02  1.3797E-01  1.6124E-02  9.3538E-02
  2.0819E-02  1.3853E-01  1.6224E-02  9.4122E-02
  2.0949E-02  1.3910E-01  1.6326E-02  9.4708E-02
  2.1080E-02  1.3966E-01  1.6427E-02  9.5298E-02
  2.1211E-02  1.4023E-01  1.6530E-02  9.5892E-02
  2.1343E-02  1.4079E-01  1.6633E-02  9.6489E-02
  2.1476E-02  1.4136E-01  1.6736E-02  9.7091E-02
  2.1610E-02  1.4192E-01  1.6841E-02  9.7695E-02
  2.1745E-02  1.4249E-01  1.6945E-02  9.8304E-02
  2.1880E-02  1.4305E-01  1.7051E-02  9.8916E-02
  2.2016E-02  1.4362E-01  1.7157E-02  9.9532E-02
  2.2153E-02  1.4418E-01  1.7264E-02  1.0015E-01
  2.2291E-02  1.4475E-01  1.7371E-02  1.0077E-01
  2.2430E-02  1.4532E-01  1.7479E-02  1.0140E-01
  2.2570E-02  1.4588E-01  1.7588E-02  1.0203E-01
  2.2710E-02  1.4645E-01  1.7698E-02  1.0267E-01
  2.2851E-02  1.4701E-01  1.7808E-02  1.0331E-01
  2.2994E-02  1.4758E-01  1.7919E-02  1.0395E-01
  2.3137E-02  1.4814E-01  1.8030E-02  1.0460E-01
  2.3281E-02  1.4870E-01  1.8142E-02  1.0525E-01
  2.3425E-02  1.4927E-01  1.8255E-02  1.0590E-01
  2.3571E-02  1.4983E-01  1.8369E-02  1.0656E-01
  2.3718E-02  1.5040E-01  1.8483E-02  1.0722E-01
  2.3865E-02  1.5096E-01  1.8598E-02  1.0789E-01
  2.4014E-02  1.5152E-01  1.8713E-02  1.0856E-01
  2.4163E-02  1.5208E-01  1.8830E-02  1.0923E-01
  2.4313E-02  1.5264E-01  1.8947E-02  1.0991E-01
  2.4464E-02  1.5320E-01  1.9064E-02  1.1060E-01
  2.4616E-02  1.5376E-01  1.9183E-02  1.1128E-01
  2.4769E-02  1.5432E-01  1.9302E-02  1.1198E-01
  2.4923E-02  1.5488E-01  1.9422E-02  1.1267E-01
  2.5078E-02  1.5544E-01  1.9543E-02  1.1337E-01
  2.5234E-02  1.5600E-01  1.9664E-02  1.1408E-01
  2.5391E-02  1.5655E-01  1.9786E-02  1.1478E-01
  2.5548E-02  1.5711E-01  1.9909E-02  1.1550E-01
  2.5707E-02  1.5766E-01  2.0033E-02  1.1621E-01
  2.5867E-02  1.5822E-01  2.0157E-02  1.1694E-01
  2.6027E-02  1.5877E-01  2.0282E-02  1.1766E-01
  2.6189E-02  1.5932E-01  2.0408E-02  1.1839E-01
  2.6352E-02  1.5987E-01  2.0535E-02  1.1913E-01
  2.6515E-02  1.6042E-01  2.0662E-02  1.1987E-01
  2.6680E-02  1.6097E-01  2.0791E-02  1.2061E-01
  2.6845E-02  1.6151E-01  2.0920E-02  1.2136E-01
  2.7012E-02  1.6206E-01  2.1049E-02  1.2211E-01
  2.7180E-02  1.6260E-01  2.1180E-02  1.2287E-01
  2.7348E-02  1.6314E-01  2.1311E-02  1.2363E-01
  2.7518E-02  1.6368E-01  2.1444E-02  1.2440E-01
  2.7689E-02  1.6422E-01  2.1577E-02  1.2517E-01
  2.7860E-02  1.6476E-01  2.1710E-02  1.2595E-01
  2.8033E-02  1.6530E-01  2.1845E-02  1.2673E-01
  2.8207E-02  1.6583E-01  2.1981E-02  1.2751E-01
  2.8382E-02  1.6637E-01  2.2117E-02  1.2830E-01
  2.8558E-02  1.6690E-01  2.2254E-02  1.2910E-01
  2.8735E-02  1.6743E-01  2.2392E-02  1.2990E-01
  2.8913E-02  1.6795E-01  2.2531E-02  1.3070E-01
  2.9093E-02  1.6848E-01  2.2670E-02  1.3151E-01
  2.9273E-02  1.6900E-01  2.2811E-02  1.3233E-01
  2.9454E-02  1.6952E-01  2.2952E-02  1.3315E-01
  2.9637E-02  1.7004E-01  2.3094E-02  1.3397E-01
  2.9821E-02  1.7056E-01  2.3238E-02  1.3480E-01
  3.0005E-02  1.7108E-01  2.3382E-02  1.3564E-01
  3.0191E-02  1.7159E-01  2.3526E-02  1.3648E-01
  3.0378E-02  1.7210E-01  2.3672E-02  1.3733E-01
  3.0567E-02  1.7261E-01  2.3819E-02  1.3818E-01
  3.0756E-02  1.7311E-01  2.3966E-02  1.3903E-01
  3.0946E-02  1.7362E-01  2.4115E-02  1.3989E-01
  3.1138E-02  1.7412E-01  2.4264E-02  1.4076E-01
  3.1331E-02  1.7461E-01  2.4414E-02  1.4163E-01
  3.1525E-02  1.7511E-01  2.4565E-02  1.4251E-01
  3.1720E-02  1.7560E-01  2.4718E-02  1.4339E-01
  3.1917E-02  1.7609E-01  2.4871E-02  1.4428E-01
  3.2114E-02  1.7658E-01  2.5024E-02  1.4517E-01
  3.2313E-02  1.7706E-01  2.5179E-02  1.4607E-01
  3.2513E-02  1.7754E-01  2.5335E-02  1.4697E-01
  3.2714E-02  1.7802E-01  2.5492E-02  1.4788E-01
  3.2917E-02  1.7849E-01  2.5650E-02  1.4880E-01
  3.3121E-02  1.7896E-01  2.5808E-02  1.4972E-01
  3.3326E-02  1.7943E-01  2.5968E-02  1.5064E-01
  3.3532E-02  1.7990E-01  2.6129E-02  1.5158E-01
  3.3739E-02  1.8036E-01  2.6290E-02  1.5251E-01
  3.3948E-02  1.8081E-01  2.6453E-02  1.5346E-01
  3.4158E-02  1.8127E-01  2.6617E-02  1.5441E-01
  3.4369E-02  1.8172E-01  2.6781E-02  1.5536E-01
  3.4582E-02  1.8216E-01  2.6947E-02  1.5632E-01
  3.4796E-02  1.8261E-01  2.7113E-02  1.5729E-01
  3.5011E-02  1.8304E-01  2.7281E-02  1.5826E-01
  3.5228E-02  1.8348E-01  2.7450E-02  1.5924E-01
  3.5446E-02  1.8391E-01  2.7619E-02  1.6022E-01
  3.5665E-02  1.8434E-01  2.7790E-02  1.6121E-01
  3.5885E-02  1.8476E-01  2.7962E-02  1.6221E-01
  3.6107E-02  1.8518E-01  2.8135E-02  1.6321E-01
  3.6330E-02  1.8559E-01  2.8309E-02  1.6422E-01
  3.6555E-02  1.8600E-01  2.8484E-02  1.6524E-01
  3.6781E-02  1.8640E-01  2.8660E-02  1.6626E-01
  3.7008E-02  1.8680E-01  2.8837E-02  1.6728E-01
  3.7237E-02  1.8720E-01  2.9015E-02  1.6832E-01
  3.7467E-02  1.8759E-01  2.9194E-02  1.6936E-01
  3.7699E-02  1.8798E-01  2.9374E-02  1.7040E-01
  3.7932E-02  1.8836E-01  2.9556E-02  1.7146E-01
  3.8166E-02  1.8873E-01  2.9738E-02  1.7252E-01
  3.8402E-02  1.8910E-01  2.9922E-02  1.7358E-01
  3.8639E-02  1.8947E-01  3.0107E-02  1.7465E-01
  3.8878E-02  1.8983E-01  3.0293E-02  1.7573E-01
  3.9118E-02  1.9019E-01  3.0480E-02  1.7682E-01
  3.9360E-02  1.9054E-01  3.0668E-02  1.7791E-01
  3.9603E-02  1.9088E-01  3.0857E-02  1.7901E-01
  3.9847E-02  1.9122E-01  3.1048E-02  1.8011E-01
  4.0094E-02  1.9155E-01  3.1240E-02  1.8122E-01
  4.0341E-02  1.9188E-01  3.1433E-02  1.8234E-01
  4.0590E-02  1.9220E-01  3.1627E-02  1.8347E-01
  4.0841E-02  1.9251E-01  3.1822E-02  1.8460E-01
  4.1093E-02  1.9282E-01  3.2018E-02  1.8574E-01
  4.1347E-02  1.9313E-01  3.2216E-02  1.8688E-01
  4.1602E-02  1.9342E-01  3.2415E-02  1.8804E-01
  4.1859E-02  1.9371E-01  3.2615E-02  1.8920E-01
  4.2117E-02  1.9400E-01  3.2816E-02  1.9037E-01
  4.2377E-02  1.9428E-01  3.3018E-02  1.9154E-01
  4.2639E-02  1.9455E-01  3.3222E-02  1.9272E-01
  4.2902E-02  1.9481E-01  3.3427E-02  1.9391E-01
  4.3167E-02  1.9507E-01  3.3633E-02  1.9511E-01
  4.3433E-02  1.9532E-01  3.3840E-02  1.9631E-01
  4.3701E-02  1.9556E-01  3.4049E-02  1.9752E-01
  4.3971E-02  1.9580E-01  3.4259E-02  1.9874E-01
  4.4242E-02  1.9603E-01  3.4470E-02  1.9996E-01
  4.4515E-02  1.9625E-01  3.4683E-02  2.0120E-01
  4.4790E-02  1.9646E-01  3.4897E-02  2.0244E-01
  4.5066E-02  1.9667E-01  3.5112E-02  2.0369E-01
  4.5344E-02  1.9687E-01  3.5329E-02  2.0494E-01
  4.5624E-02  1.9706E-01  3.5546E-02  2.0620E-01
  4.5905E-02  1.9725E-01  3.5765E-02  2.0748E-01
  4.6188E-02  1.9742E-01  3.5986E-02  2.0875E-01
  4.6473E-02  1.9759E-01  3.6208E-02  2.1004E-01
  4.6760E-02  1.9775E-01  3.6431E-02  2.1133E-01
  4.7048E-02  1.9790E-01  3.6655E-02  2.1264E-01
  4.7338E-02  1.9804E-01  3.6881E-02  2.1395E-01
  4.7630E-02  1.9818E-01  3.7109E-02  2.1527E-01
  4.7924E-02  1.9831E-01  3.7337E-02  2.1659E-01
  4.8219E-02  1.9842E-01  3.7567E-02  2.1793E-01
  4.8517E-02  1.9853E-01  3.7799E-02  2.1927E-01
  4.8816E-02  1.9863E-01  3.8032E-02  2.2062E-01
  4.9117E-02  1.9872E-01  3.8266E-02  2.2198E-01
  4.9420E-02  1.9881E-01  3.8502E-02  2.2335E-01
  4.9724E-02  1.9888E-01  3.8739E-02  2.2472E-01
  5.0031E-02  1.9894E-01  3.8977E-02  2.2611E-01
  5.0339E-02  1.9900E-01  3.9218E-02  2.2750E-01
  5.0649E-02  1.9904E-01  3.9459E-02  2.2890E-01
  5.0961E-02  1.9908E-01  3.9702E-02  2.3031E-01
  5.1276E-02  1.9910E-01  3.9947E-02  2.3173E-01
  5.1591E-02  1.9912E-01  4.0192E-02  2.3315E-01
  5.1909E-02  1.9912E-01  4.0440E-02  2.3459E-01
  5.2229E-02  1.9912E-01  4.0689E-02  2.3603E-01
  5.2551E-02  1.9910E-01  4.0939E-02  2.3749E-01
  5.2875E-02  1.9908E-01  4.1191E-02  2.3895E-01
  5.3201E-02  1.9904E-01  4.1445E-02  2.4042E-01
  5.3528E-02  1.9900E-01  4.1700E-02  2.4190E-01
  5.3858E-02  1.9894E-01  4.1957E-02  2.4339E-01
  5.4190E-02  1.9887E-01  4.2215E-02  2.4488E-01
  5.4524E-02  1.9879E-01  4.2475E-02  2.4639E-01
  5.4859E-02  1.9870E-01  4.2736E-02  2.4791E-01
  5.5197E-02  1.9860E-01  4.2999E-02  2.4943E-01
  5.5537E-02  1.9849E-01  4.3264E-02  2.5097E-01
  5.5879E-02  1.9837E-01  4.3530E-02  2.5251E-01
  5.6223E-02  1.9823E-01  4.3798E-02  2.5406E-01
  5.6570E-02  1.9809E-01  4.4067E-02  2.5563E-01
  5.6918E-02  1.9793E-01  4.4338E-02  2.5720E-01
  5.7268E-02  1.9776E-01  4.4611E-02  2.5878E-01
  5.7621E-02  1.9758E-01  4.4886E-02  2.6037E-01
  5.7976E-02  1.9739E-01  4.5162E-02  2.6197E-01
  5.8333E-02  1.9718E-01  4.5440E-02  2.6359E-01
  5.8692E-02  1.9696E-01  4.5719E-02  2.6521E-01
  5.9053E-02  1.9673E-01  4.6000E-02  2.6684E-01
  5.9417E-02  1.9649E-01  4.6283E-02  2.6848E-01
  5.9782E-02  1.9623E-01  4.6568E-02  2.7013E-01
  6.0150E-02  1.9596E-01  4.6854E-02  2.7179E-01
  6.0521E-02  1.9568E-01  4.7142E-02  2.7346E-01
  6.0893E-02  1.9539E-01  4.7432E-02  2.7514E-01
  6.1268E-02  1.9508E-01  4.7724E-02  2.7683E-01
  6.1645E-02  1.9476E-01  4.8017E-02  2.7853E-01
  6.2024E-02  1.9443E-01  4.8312E-02  2.8025E-01
  6.2406E-02  1.9408E-01  4.8609E-02  2.8197E-01
  6.2790E-02  1.9372E-01  4.8908E-02  2.8370E-01
  6.3176E-02  1.9335E-01  4.9209E-02  2.8544E-01
  6.3565E-02  1.9296E-01  4.9511E-02  2.8720E-01
  6.3956E-02  1.9255E-01  4.9815E-02  2.8896E-01
  6.4350E-02  1.9214E-01  5.0121E-02  2.9074E-01
  6.4746E-02  1.9171E-01  5.0429E-02  2.9252E-01
  6.5144E-02  1.9126E-01  5.0739E-02  2.9432E-01
  6.5545E-02  1.9080E-01  5.1051E-02  2.9613E-01
  6.5948E-02  1.9033E-01  5.1365E-02  2.9795E-01
  6.6354E-02  1.8984E-01  5.1680E-02  2.9978E-01
  6.6762E-02  1.8934E-01  5.1998E-02  3.0162E-01
  6.7172E-02  1.8882E-01  5.2317E-02  3.0347E-01
  6.7586E-02  1.8829E-01  5.2639E-02  3.0533E-01
  6.8001E-02  1.8774E-01  5.2962E-02  3.0721E-01
  6.8420E-02  1.8718E-01  5.3287E-02  3.0910E-01
  6.8840E-02  1.8660E-01  5.3615E-02  3.1099E-01
  6.9264E-02  1.8600E-01  5.3944E-02  3.1290E-01
  6.9690E-02  1.8539E-01  5.4275E-02  3.1482E-01
  7.0118E-02  1.8477E-01  5.4608E-02  3.1676E-01
  7.0549E-02  1.8413E-01  5.4944E-02  3.1870E-01
  7.0983E-02  1.8347E-01  5.5281E-02  3.2066E-01
  7.1420E-02  1.8280E-01  5.5621E-02  3.2263E-01
  7.1859E-02  1.8211E-01  5.5962E-02  3.2461E-01
  7.2301E-02  1.8140E-01  5.6306E-02  3.2660E-01
  7.2745E-02  1.8068E-01  5.6651E-02  3.2860E-01
  7.3192E-02  1.7994E-01  5.6999E-02  3.3062E-01
  7.3642E-02  1.7919E-01  5.7349E-02  3.3265E-01
  7.4095E-02  1.7841E-01  5.7701E-02  3.3469E-01
  7.4550E-02  1.7763E-01  5.8055E-02  3.3674E-01
  7.5009E-02  1.7682E-01  5.8411E-02  3.3881E-01
  7.5470E-02  1.7600E-01  5.8770E-02  3.4089E-01
  7.5934E-02  1.7516E-01  5.9130E-02  3.4298E-01
  7.6400E-02  1.7430E-01  5.9493E-02  3.4508E-01
  7.6870E-02  1.7343E-01  5.9858E-02  3.4720E-01
  7.7342E-02  1.7254E-01  6.0226E-02  3.4933E-01
  7.7818E-02  1.7163E-01  6.0595E-02  3.5147E-01
  7.8296E-02  1.7070E-01  6.0967E-02  3.5363E-01
  7.8777E-02  1.6976E-01  6.1341E-02  3.5579E-01
  7.9261E-02  1.6879E-01  6.1717E-02  3.5798E-01
  7.9748E-02  1.6781E-01  6.2096E-02  3.6017E-01
  8.0238E-02  1.6682E-01  6.2477E-02  3.6238E-01
  8.0731E-02  1.6580E-01  6.2860E-02  3.6460E-01
  8.1228E-02  1.6476E-01  6.3245E-02  3.6683E-01
  8.1727E-02  1.6371E-01  6.3633E-02  3.6908E-01
  8.2229E-02  1.6264E-01  6.4024E-02  3.7135E-01
  8.2734E-02  1.6155E-01  6.4416E-02  3.7362E-01
  8.3242E-02  1.6044E-01  6.4811E-02  3.7591E-01
  8.3754E-02  1.5932E-01  6.5208E-02  3.7821E-01
  8.4268E-02  1.5817E-01  6.5608E-02  3.8053E-01
  8.4786E-02  1.5701E-01  6.6011E-02  3.8286E-01
  8.5307E-02  1.5582E-01  6.6415E-02  3.8521E-01
  8.5831E-02  1.5462E-01  6.6822E-02  3.8757E-01
  8.6358E-02  1.5340E-01  6.7232E-02  3.8994E-01
  8.6889E-02  1.5216E-01  6.7644E-02  3.9233E-01
  8.7422E-02  1.5090E-01  6.8059E-02  3.9474E-01
  8.7959E-02  1.4962E-01  6.8476E-02  3.9715E-01
  8.8499E-02  1.4832E-01  6.8895E-02  3.9959E-01
  8.9043E-02  1.4700E-01  6.9318E-02  4.0203E-01
  8.9590E-02  1.4566E-01  6.9742E-02  4.0450E-01
  9.0140E-02  1.4431E-01  7.0170E-02  4.0697E-01
  9.0694E-02  1.4293E-01  7.0600E-02  4.0946E-01
  9.1251E-02  1.4153E-01  7.1032E-02  4.1197E-01
  9.1811E-02  1.4012E-01  7.1467E-02  4.1449E-01
  9.2375E-02  1.3868E-01  7.1905E-02  4.1703E-01
  9.2942E-02  1.3723E-01  7.2346E-02  4.1958E-01
  9.3513E-02  1.3575E-01  7.2789E-02  4.2215E-01
  9.4087E-02  1.3425E-01  7.3235E-02  4.2474E-01
  9.4665E-02  1.3274E-01  7.3683E-02  4.2733E-01
  9.5246E-02  1.3120E-01  7.4134E-02  4.2995E-01
  9.5831E-02  1.2965E-01  7.4588E-02  4.3258E-01
  9.6419E-02  1.2807E-01  7.5045E-02  4.3523E-01
  9.7011E-02  1.2647E-01  7.5505E-02  4.3789E-01
  9.7607E-02  1.2486E-01  7.5967E-02  4.4057E-01
  9.8206E-02  1.2322E-01  7.6432E-02  4.4326E-01
  9.8809E-02  1.2156E-01  7.6900E-02  4.4598E-01
  9.9415E-02  1.1988E-01  7.7371E-02  4.4870E-01
  1.0003E-01  1.1819E-01  7.7844E-02  4.5145E-01
  1.0064E-01  1.1647E-01  7.8321E-02  4.5421E-01
  1.0126E-01  1.1473E-01  7.8800E-02  4.5699E-01
  1.0188E-01  1.1297E-01  7.9283E-02  4.5978E-01
  1.0250E-01  1.1119E-01  7.9768E-02  4.6259E-01
  1.0313E-01  1.0939E-01  8.0256E-02  4.6542E-01
  1.0377E-01  1.0757E-01  8.0747E-02  4.6826E-01
  1.0440E-01  1.0573E-01  8.1241E-02  4.7113E-01
  1.0504E-01  1.0386E-01  8.1738E-02  4.7401E-01
  1.0569E-01  1.0198E-01  8.2238E-02  4.7690E-01
  1.0634E-01  1.0008E-01  8.2741E-02  4.7982E-01
  1.0699E-01  9.8155E-02  8.3248E-02  4.8275E-01
  1.0765E-01  9.6210E-02  8.3757E-02  4.8570E-01
  1.0831E-01  9.4246E-02  8.4269E-02  4.8867E-01
  1.0897E-01  9.2261E-02  8.4785E-02  4.9165E-01
  1.0964E-01  9.0255E-02  8.5303E-02  4.9465E-01
  1.1031E-01  8.8229E-02  8.5825E-02  4.9767E-01
  1.1099E-01  8.6183E-02  8.6350E-02  5.0071E-01
  1.1167E-01  8.4116E-02  8.6878E-02  5.0377E-01
  1.1236E-01  8.2029E-02  8.7409E-02  5.0685E-01
  1.1305E-01  7.9921E-02  8.7943E-02  5.0994E-01
  1.1374E-01  7.7794E-02  8.8481E-02  5.1306E-01
  1.1444E-01  7.5646E-02  8.9022E-02  5.1619E-01
  1.1514E-01  7.3478E-02  8.9566E-02  5.1934E-01
  1.1585E-01  7.1289E-02  9.0113E-02  5.2251E-01
  1.1656E-01  6.9081E-02  9.0664E-02  5.2570E-01
  1.1727E-01  6.6852E-02  9.1218E-02  5.2890E-01
  1.1799E-01  6.4604E-02  9.1775E-02  5.3213E-01
  1.1872E-01  6.2336E-02  9.2336E-02  5.3538E-01
  1.1944E-01  6.0048E-02  9.2900E-02  5.3864E-01
  1.2018E-01  5.7740E-02  9.3468E-02  5.4193E-01
  1.2091E-01  5.5412E-02  9.4039E-02  5.4523E-01
  1.2166E-01  5.3065E-02  9.4613E-02  5.4856E-01
  1.2240E-01  5.0698E-02  9.5191E-02  5.5190E-01
  1.2315E-01  4.8312E-02  9.5773E-02  5.5527E-01
  1.2391E-01  4.5907E-02  9.6358E-02  5.5865E-01
  1.2467E-01  4.3482E-02  9.6946E-02  5.6206E-01
  1.2543E-01  4.1038E-02  9.7538E-02  5.6548E-01
  1.2620E-01  3.8576E-02  9.8134E-02  5.6893E-01
  1.2698E-01  3.6094E-02  9.8733E-02  5.7240E-01
  1.2775E-01  3.3594E-02  9.9336E-02  5.7588E-01
  1.2854E-01  3.1075E-02  9.9942E-02  5.7939E-01
  1.2933E-01  2.8537E-02  1.0055E-01  5.8292E-01
  1.3012E-01  2.5981E-02  1.0117E-01  5.8647E-01
  1.3092E-01  2.3407E-02  1.0178E-01  5.9004E-01
  1.3172E-01  2.0815E-02  1.0240E-01  5.9363E-01
  1.3253E-01  1.8205E-02  1.0303E-01  5.9725E-01
  1.3334E-01  1.5577E-02  1.0366E-01  6.0088E-01
  1.3416E-01  1.2931E-02  1.0429E-01  6.0454E-01
  1.3498E-01  1.0268E-02  1.0493E-01  6.0822E-01
  1.3581E-01  7.5872E-03  1.0557E-01  6.1192E-01
  1.3664E-01  4.8895E-03  1.0621E-01  6.1564E-01
  1.3748E-01  2.1749E-03  1.0686E-01  6.1939E-01
  1.3832E-01 -5.5643E-04  1.0751E-01  6.2316E-01
  1.3917E-01 -3.3044E-03  1.0817E-01  6.2695E-01
  1.4002E-01 -6.0688E-03  1.0883E-01  6.3076E-01
  1.4088E-01 -8.8493E-03  1.0949E-01  6.3459E-01
  1.4175E-01 -1.1646E-02  1.1016E-01  6.3845E-01
  1.4262E-01 -1.4458E-02  1.1083E-01  6.4233E-01
  1.4349E-01 -1.7286E-02  1.1150E-01  6.4623E-01
  1.4437E-01 -2.0130E-02  1.1218E-01  6.5016E-01
  1.4526E-01 -2.2988E-02  1.1287E-01  6.5411E-01
  1.4615E-01 -2.5861E-02  1.1355E-01  6.5808E-01
  1.4704E-01 -2.8749E-02  1.1425E-01  6.6208E-01
  1.4794E-01 -3.1652E-02  1.1494E-01  6.6610E-01
  1.4885E-01 -3.4568E-02  1.1564E-01  6.7014E-01
  1.4976E-01 -3.7499E-02  1.1635E-01  6.7421E-01
  1.5068E-01 -4.0443E-02  1.1706E-01  6.7830E-01
  1.5160E-01 -4.3400E-02  1.1777E-01  6.8242E-01
  1.5253E-01 -4.6371E-02  1.1849E-01  6.8656E-01
  1.5347E-01 -4.9355E-02  1.1921E-01  6.9072E-01
  1.5441E-01 -5.2351E-02  1.1993E-01  6.9491E-01
  1.5536E-01 -5.5359E-02  1.2066E-01  6.9913E-01
  1.5631E-01 -5.8379E-02  1.2140E-01  7.0336E-01
  1.5727E-01 -6.1411E-02  1.2214E-01  7.0763E-01
  1.5823E-01 -6.4455E-02  1.2288E-01  7.1191E-01
  1.5920E-01 -6.7509E-02  1.2363E-01  7.1623E-01
  1.6018E-01 -7.0575E-02  1.2438E-01  7.2057E-01
  1.6116E-01 -7.3650E-02  1.2514E-01  7.2493E-01
  1.6215E-01 -7.6736E-02  1.2590E-01  7.2932E-01
  1.6314E-01 -7.9832E-02  1.2666E-01  7.3374E-01
  1.6414E-01 -8.2937E-02  1.2743E-01  7.3818E-01
  1.6515E-01 -8.6051E-02  1.2821E-01  7.4264E-01
  1.6616E-01 -8.9174E-02  1.2899E-01  7.4714E-01
  1.6718E-01 -9.2305E-02  1.2977E-01  7.5165E-01
  1.6820E-01 -9.5444E-02  1.3056E-01  7.5620E-01
  1.6923E-01 -9.8591E-02  1.3136E-01  7.6077E-01
  1.7027E-01 -1.0175E-01  1.3215E-01  7.6537E-01
  1.7131E-01 -1.0491E-01  1.3296E-01  7.6999E-01
  1.7236E-01 -1.0807E-01  1.3377E-01  7.7465E-01
  1.7342E-01 -1.1125E-01  1.3458E-01  7.7932E-01
  1.7448E-01 -1.1443E-01  1.3540E-01  7.8403E-01
  1.7555E-01 -1.1761E-01  1.3622E-01  7.8876E-01
  1.7663E-01 -1.2080E-01  1.3705E-01  7.9352E-01
  1.7771E-01 -1.2400E-01  1.3788E-01  7.9831E-01
  1.7880E-01 -1.2719E-01  1.3872E-01  8.0313E-01
  1.7989E-01 -1.3039E-01  1.3956E-01  8.0797E-01
  1.8099E-01 -1.3360E-01  1.4041E-01  8.1284E-01
  1.8210E-01 -1.3681E-01  1.4126E-01  8.1774E-01
  1.8322E-01 -1.4002E-01  1.4211E-01  8.2267E-01
  1.8434E-01 -1.4323E-01  1.4298E-01  8.2762E-01
  1.8547E-01 -1.4644E-01  1.4384E-01  8.3260E-01
  1.8661E-01 -1.4966E-01  1.4472E-01  8.3762E-01
  1.8775E-01 -1.5287E-01  1.4560E-01  8.4266E-01
  1.8890E-01 -1.5609E-01  1.4648E-01  8.4773E-01
  1.9006E-01 -1.5930E-01  1.4737E-01  8.5282E-01
  1.9122E-01 -1.6251E-01  1.4826E-01  8.5795E-01
  1.9240E-01 -1.6573E-01  1.4916E-01  8.6311E-01
  1.9357E-01 -1.6893E-01  1.5006E-01  8.6829E-01
  1.9476E-01 -1.7214E-01  1.5097E-01  8.7351E-01
  1.9595E-01 -1.7535E-01  1.5189E-01  8.7875E-01
  1.9715E-01 -1.7855E-01  1.5281E-01  8.8402E-01
  1.9836E-01 -1.8174E-01  1.5373E-01  8.8933E-01
  1.9958E-01 -1.8494E-01  1.5466E-01  8.9466E-01
  2.0080E-01 -1.8812E-01  1.5560E-01  9.0002E-01
  2.0203E-01 -1.9130E-01  1.5654E-01  9.0542E-01
  2.0327E-01 -1.9448E-01  1.5749E-01  9.1084E-01
  2.0451E-01 -1.9765E-01  1.5844E-01  9.1630E-01
  2.0577E-01 -2.0081E-01  1.5940E-01  9.2178E-01
  2.0703E-01 -2.0396E-01  1.6037E-01  9.2729E-01
  2.0829E-01 -2.0711E-01  1.6134E-01  9.3284E-01
  2.0957E-01 -2.1024E-01  1.6231E-01  9.3842E-01
  2.1085E-01 -2.1337E-01  1.6330E-01  9.4402E-01
  2.1215E-01 -2.1649E-01  1.6428E-01  9.4966E-01
  2.1345E-01 -2.1959E-01  1.6528E-01  9.5533E-01
  2.1475E-01 -2.2269E-01  1.6628E-01  9.6103E-01
  2.1607E-01 -2.2577E-01  1.6728E-01  9.6676E-01
  2.1739E-01 -2.2884E-01  1.6829E-01  9.7252E-01
  2.1872E-01 -2.3189E-01  1.6931E-01  9.7832E-01
  2.2006E-01 -2.3494E-01  1.7033E-01  9.8414E-01
  2.2141E-01 -2.3797E-01  1.7136E-01  9.9000E-01
  2.2277E-01 -2.4098E-01  1.7240E-01  9.9589E-01
  2.2413E-01 -2.4398E-01  1.7344E-01  1.0018E+00
  2.2550E-01 -2.4696E-01  1.7448E-01  1.0078E+00
  2.2689E-01 -2.4992E-01  1.7554E-01  1.0138E+00
  2.2827E-01 -2.5287E-01  1.7660E-01  1.0198E+00
  2.2967E-01 -2.5580E-01  1.7766E-01  1.0258E+00
  2.3108E-01 -2.5871E-01  1.7873E-01  1.0319E+00
  2.3249E-01 -2.6160E-01  1.7981E-01  1.0380E+00
  2.3392E-01 -2.6447E-01  1.8089E-01  1.0442E+00
  2.3535E-01 -2.6732E-01  1.8198E-01  1.0503E+00
  2.3679E-01 -2.7015E-01  1.8308E-01  1.0566E+00
  2.3824E-01 -2.7295E-01  1.8418E-01  1.0628E+00
  2.3970E-01 -2.7574E-01  1.8529E-01  1.0691E+00
  2.4117E-01 -2.7850E-01  1.8641E-01  1.0754E+00
  2.4265E-01 -2.8123E-01  1.8753E-01  1.0817E+00
  2.4413E-01 -2.8394E-01  1.8866E-01  1.0881E+00
  2.4563E-01 -2.8663E-01  1.8980E-01  1.0945E+00
  2.4713E-01 -2.8929E-01  1.9094E-01  1.1010E+00
  2.4865E-01 -2.9192E-01  1.9209E-01  1.1074E+00
  2.5017E-01 -2.9452E-01  1.9324E-01  1.1139E+00
  2.5170E-01 -2.9710E-01  1.9440E-01  1.1205E+00
  2.5324E-01 -2.9965E-01  1.9557E-01  1.1271E+00
  2.5479E-01 -3.0217E-01  1.9675E-01  1.1337E+00
  2.5635E-01 -3.0465E-01  1.9793E-01  1.1403E+00
  2.5792E-01 -3.0711E-01  1.9912E-01  1.1470E+00
  2.5950E-01 -3.0953E-01  2.0032E-01  1.1537E+00
  2.6109E-01 -3.1193E-01  2.0152E-01  1.1604E+00
  2.6269E-01 -3.1429E-01  2.0273E-01  1.1672E+00
  2.6430E-01 -3.1661E-01  2.0395E-01  1.1740E+00
  2.6592E-01 -3.1890E-01  2.0517E-01  1.1809E+00
  2.6754E-01 -3.2116E-01  2.0640E-01  1.1877E+00
  2.6918E-01 -3.2338E-01  2.0764E-01  1.1947E+00
  2.7083E-01 -3.2556E-01  2.0888E-01  1.2016E+00
  2.7249E-01 -3.2770E-01  2.1013E-01  1.2086E+00
  2.7416E-01 -3.2981E-01  2.1139E-01  1.2156E+00
  2.7584E-01 -3.3188E-01  2.1266E-01  1.2226E+00
  2.7752E-01 -3.3391E-01  2.1393E-01  1.2297E+00
  2.7922E-01 -3.3590E-01  2.1521E-01  1.2368E+00
  2.8093E-01 -3.3785E-01  2.1650E-01  1.2440E+00
  2.8265E-01 -3.3975E-01  2.1780E-01  1.2511E+00
  2.8438E-01 -3.4162E-01  2.1910E-01  1.2583E+00
  2.8613E-01 -3.4344E-01  2.2041E-01  1.2656E+00
  2.8788E-01 -3.4522E-01  2.2173E-01  1.2729E+00
  2.8964E-01 -3.4695E-01  2.2305E-01  1.2802E+00
  2.9141E-01 -3.4864E-01  2.2438E-01  1.2875E+00
  2.9320E-01 -3.5028E-01  2.2572E-01  1.2949E+00
  2.9499E-01 -3.5187E-01  2.2707E-01  1.3023E+00
  2.9680E-01 -3.5342E-01  2.2843E-01  1.3097E+00
  2.9862E-01 -3.5492E-01  2.2979E-01  1.3172E+00
  3.0044E-01 -3.5638E-01  2.3116E-01  1.3247E+00
  3.0228E-01 -3.5778E-01  2.3254E-01  1.3322E+00
  3.0413E-01 -3.5913E-01  2.3392E-01  1.3398E+00
  3.0600E-01 -3.6044E-01  2.3532E-01  1.3474E+00
  3.0787E-01 -3.6169E-01  2.3672E-01  1.3550E+00
  3.0975E-01 -3.6289E-01  2.3813E-01  1.3627E+00
  3.1165E-01 -3.6404E-01  2.3954E-01  1.3704E+00
  3.1356E-01 -3.6513E-01  2.4097E-01  1.3781E+00
  3.1548E-01 -3.6617E-01  2.4240E-01  1.3859E+00
  3.1741E-01 -3.6716E-01  2.4384E-01  1.3936E+00
  3.1935E-01 -3.6809E-01  2.4529E-01  1.4015E+00
  3.2131E-01 -3.6896E-01  2.4675E-01  1.4093E+00
  3.2327E-01 -3.6978E-01  2.4821E-01  1.4172E+00
  3.2525E-01 -3.7054E-01  2.4969E-01  1.4251E+00
  3.2724E-01 -3.7125E-01  2.5117E-01  1.4330E+00
  3.2925E-01 -3.7189E-01  2.5266E-01  1.4410E+00
  3.3126E-01 -3.7248E-01  2.5416E-01  1.4490E+00
  3.3329E-01 -3.7301E-01  2.5566E-01  1.4570E+00
  3.3533E-01 -3.7348E-01  2.5718E-01  1.4650E+00
  3.3738E-01 -3.7388E-01  2.5870E-01  1.4731E+00
  3.3945E-01 -3.7423E-01  2.6023E-01  1.4812E+00
  3.4152E-01 -3.7451E-01  2.6177E-01  1.4893E+00
  3.4362E-01 -3.7474E-01  2.6332E-01  1.4975E+00
  3.4572E-01 -3.7490E-01  2.6487E-01  1.5057E+00
  3.4783E-01 -3.7499E-01  2.6644E-01  1.5139E+00
  3.4996E-01 -3.7502E-01  2.6801E-01  1.5221E+00
  3.5211E-01 -3.7499E-01  2.6959E-01  1.5304E+00
  3.5426E-01 -3.7489E-01  2.7118E-01  1.5387E+00
  3.5643E-01 -3.7473E-01  2.7278E-01  1.5470E+00
  3.5861E-01 -3.7450E-01  2.7439E-01  1.5553E+00
  3.6081E-01 -3.7421E-01  2.7601E-01  1.5636E+00
  3.6301E-01 -3.7385E-01  2.7763E-01  1.5720E+00
  3.6524E-01 -3.7342E-01  2.7927E-01  1.5804E+00
  3.6747E-01 -3.7292E-01  2.8091E-01  1.5888E+00
  3.6972E-01 -3.7235E-01  2.8256E-01  1.5972E+00
  3.7198E-01 -3.7172E-01  2.8422E-01  1.6057E+00
  3.7426E-01 -3.7102E-01  2.8589E-01  1.6142E+00
  3.7655E-01 -3.7024E-01  2.8757E-01  1.6227E+00
  3.7886E-01 -3.6940E-01  2.8925E-01  1.6312E+00
  3.8117E-01 -3.6849E-01  2.9095E-01  1.6397E+00
  3.8351E-01 -3.6750E-01  2.9265E-01  1.6482E+00
  3.8585E-01 -3.6645E-01  2.9437E-01  1.6568E+00
  3.8822E-01 -3.6532E-01  2.9609E-01  1.6653E+00
  3.9059E-01 -3.6412E-01  2.9782E-01  1.6739E+00
  3.9298E-01 -3.6285E-01  2.9956E-01  1.6825E+00
  3.9539E-01 -3.6150E-01  3.0131E-01  1.6911E+00
  3.9781E-01 -3.6009E-01  3.0307E-01  1.6997E+00
  4.0024E-01 -3.5860E-01  3.0484E-01  1.7084E+00
  4.0269E-01 -3.5703E-01  3.0662E-01  1.7170E+00
  4.0516E-01 -3.5540E-01  3.0841E-01  1.7257E+00
  4.0764E-01 -3.5369E-01  3.1020E-01  1.7343E+00
  4.1013E-01 -3.5190E-01  3.1201E-01  1.7430E+00
  4.1264E-01 -3.5004E-01  3.1382E-01  1.7516E+00
  4.1517E-01 -3.4810E-01  3.1565E-01  1.7603E+00
  4.1771E-01 -3.4610E-01  3.1748E-01  1.7689E+00
  4.2026E-01 -3.4401E-01  3.1932E-01  1.7776E+00
  4.2283E-01 -3.4185E-01  3.2118E-01  1.7863E+00
  4.2542E-01 -3.3962E-01  3.2304E-01  1.7949E+00
  4.2803E-01 -3.3730E-01  3.2491E-01  1.8036E+00
  4.3064E-01 -3.3492E-01  3.2679E-01  1.8123E+00
  4.3328E-01 -3.3245E-01  3.2868E-01  1.8209E+00
  4.3593E-01 -3.2992E-01  3.3058E-01  1.8295E+00
  4.3860E-01 -3.2730E-01  3.3249E-01  1.8382E+00
  4.4128E-01 -3.2461E-01  3.3441E-01  1.8468E+00
  4.4398E-01 -3.2184E-01  3.3633E-01  1.8554E+00
  4.4670E-01 -3.1900E-01  3.3827E-01  1.8640E+00
  4.4943E-01 -3.1608E-01  3.4022E-01  1.8726E+00
  4.5218E-01 -3.1309E-01  3.4218E-01  1.8812E+00
  4.5495E-01 -3.1001E-01  3.4414E-01  1.8897E+00
  4.5774E-01 -3.0687E-01  3.4612E-01  1.8983E+00
  4.6054E-01 -3.0364E-01  3.4811E-01  1.9068E+00
  4.6335E-01 -3.0034E-01  3.5010E-01  1.9152E+00
  4.6619E-01 -2.9697E-01  3.5211E-01  1.9237E+00
  4.6904E-01 -2.9351E-01  3.5412E-01  1.9321E+00
  4.7191E-01 -2.8999E-01  3.5615E-01  1.9405E+00
  4.7480E-01 -2.8638E-01  3.5818E-01  1.9489E+00
  4.7771E-01 -2.8270E-01  3.6023E-01  1.9572E+00
  4.8063E-01 -2.7895E-01  3.6228E-01  1.9656E+00
  4.8357E-01 -2.7512E-01  3.6435E-01  1.9738E+00
  4.8653E-01 -2.7121E-01  3.6642E-01  1.9820E+00
  4.8951E-01 -2.6723E-01  3.6850E-01  1.9902E+00
  4.9250E-01 -2.6318E-01  3.7060E-01  1.9984E+00
  4.9551E-01 -2.5905E-01  3.7270E-01  2.0064E+00
  4.9855E-01 -2.5485E-01  3.7481E-01  2.0145E+00
  5.0160E-01 -2.5057E-01  3.7693E-01  2.0225E+00
  5.0467E-01 -2.4622E-01  3.7907E-01  2.0304E+00
  5.0775E-01 -2.4180E-01  3.8121E-01  2.0383E+00
  5.1086E-01 -2.3730E-01  3.8336E-01  2.0461E+00
  5.1399E-01 -2.3273E-01  3.8552E-01  2.0539E+00
  5.1713E-01 -2.2809E-01  3.8769E-01  2.0616E+00
  5.2029E-01 -2.2338E-01  3.8988E-01  2.0692E+00
  5.2348E-01 -2.1860E-01  3.9207E-01  2.0767E+00
  5.2668E-01 -2.1374E-01  3.9427E-01  2.0842E+00
  5.2990E-01 -2.0882E-01  3.9648E-01  2.0916E+00
  5.3315E-01 -2.0382E-01  3.9870E-01  2.0989E+00
  5.3641E-01 -1.9876E-01  4.0093E-01  2.1062E+00
  5.3969E-01 -1.9363E-01  4.0317E-01  2.1133E+00
  5.4299E-01 -1.8843E-01  4.0542E-01  2.1204E+00
  5.4631E-01 -1.8316E-01  4.0768E-01  2.1274E+00
  5.4966E-01 -1.7782E-01  4.0995E-01  2.1342E+00
  5.5302E-01 -1.7242E-01  4.1223E-01  2.1410E+00
  5.5640E-01 -1.6695E-01  4.1452E-01  2.1477E+00
  5.5981E-01 -1.6142E-01  4.1681E-01  2.1542E+00
  5.6323E-01 -1.5582E-01  4.1912E-01  2.1607E+00
  5.6668E-01 -1.5015E-01  4.2144E-01  2.1670E+00
  5.7015E-01 -1.4443E-01  4.2377E-01  2.1733E+00
  5.7363E-01 -1.3864E-01  4.2610E-01  2.1794E+00
  5.7714E-01 -1.3278E-01  4.2845E-01  2.1853E+00
  5.8067E-01 -1.2687E-01  4.3080E-01  2.1912E+00
  5.8423E-01 -1.2090E-01  4.3317E-01  2.1969E+00
  5.8780E-01 -1.1486E-01  4.3554E-01  2.2025E+00
  5.9140E-01 -1.0877E-01  4.3793E-01  2.2079E+00
  5.9502E-01 -1.0262E-01  4.4032E-01  2.2132E+00
  5.9866E-01 -9.6411E-02  4.4272E-01  2.2184E+00
  6.0232E-01 -9.0146E-02  4.4513E-01  2.2233E+00
  6.0600E-01 -8.3825E-02  4.4755E-01  2.2282E+00
  6.0971E-01 -7.7449E-02  4.4998E-01  2.2329E+00
  6.1344E-01 -7.1020E-02  4.5242E-01  2.2374E+00
  6.1719E-01 -6.4537E-02  4.5487E-01  2.2417E+00
  6.2097E-01 -5.8002E-02  4.5733E-01  2.2459E+00
  6.2477E-01 -5.1416E-02  4.5980E-01  2.2498E+00
  6.2859E-01 -4.4780E-02  4.6227E-01  2.2536E+00
  6.3244E-01 -3.8094E-02  4.6475E-01  2.2572E+00
  6.3631E-01 -3.1361E-02  4.6725E-01  2.2606E+00
  6.4020E-01 -2.4580E-02  4.6975E-01  2.2638E+00
  6.4411E-01 -1.7752E-02  4.7226E-01  2.2669E+00
  6.4806E-01 -1.0880E-02  4.7478E-01  2.2697E+00
  6.5202E-01 -3.9635E-03  4.7730E-01  2.2722E+00
  6.5601E-01  2.9961E-03  4.7984E-01  2.2746E+00
  6.6002E-01  9.9976E-03  4.8238E-01  2.2768E+00
  6.6406E-01  1.7040E-02  4.8494E-01  2.2787E+00
  6.6812E-01  2.4122E-02  4.8750E-01  2.2804E+00
  6.7221E-01  3.1243E-02  4.9006E-01  2.2818E+00
  6.7632E-01  3.8401E-02  4.9264E-01  2.2830E+00
  6.8046E-01  4.5595E-02  4.9522E-01  2.2840E+00
  6.8462E-01  5.2825E-02  4.9782E-01  2.2847E+00
  6.8881E-01  6.0088E-02  5.0042E-01  2.2851E+00
  6.9302E-01  6.7384E-02  5.0302E-01  2.2853E+00
  6.9726E-01  7.4712E-02  5.0564E-01  2.2852E+00
  7.0153E-01  8.2070E-02  5.0826E-01  2.2849E+00
  7.0582E-01  8.9456E-02  5.1089E-01  2.2842E+00
  7.1014E-01  9.6871E-02  5.1353E-01  2.2833E+00
  7.1448E-01  1.0431E-01  5.1617E-01  2.2821E+00
  7.1885E-01  1.1178E-01  5.1882E-01  2.2806E+00
  7.2325E-01  1.1927E-01  5.2148E-01  2.2788E+00
  7.2767E-01  1.2678E-01  5.2414E-01  2.2767E+00
  7.3212E-01  1.3431E-01  5.2681E-01  2.2743E+00
  7.3660E-01  1.4187E-01  5.2949E-01  2.2715E+00
  7.4111E-01  1.4944E-01  5.3217E-01  2.2685E+00
  7.4564E-01  1.5703E-01  5.3486E-01  2.2651E+00
  7.5020E-01  1.6464E-01  5.3756E-01  2.2614E+00
  7.5479E-01  1.7226E-01  5.4026E-01  2.2574E+00
  7.5941E-01  1.7989E-01  5.4296E-01  2.2530E+00
  7.6406E-01  1.8753E-01  5.4567E-01  2.2483E+00
  7.6873E-01  1.9519E-01  5.4839E-01  2.2433E+00
  7.7343E-01  2.0285E-01  5.5111E-01  2.2378E+00
  7.7816E-01  2.1053E-01  5.5384E-01  2.2321E+00
  7.8292E-01  2.1820E-01  5.5657E-01  2.2260E+00
  7.8771E-01  2.2589E-01  5.5931E-01  2.2195E+00
  7.9253E-01  2.3357E-01  5.6205E-01  2.2126E+00
  7.9738E-01  2.4126E-01  5.6479E-01  2.2054E+00
  8.0226E-01  2.4895E-01  5.6754E-01  2.1978E+00
  8.0716E-01  2.5664E-01  5.7029E-01  2.1898E+00
  8.1210E-01  2.6432E-01  5.7305E-01  2.1815E+00
  8.1707E-01  2.7200E-01  5.7580E-01  2.1727E+00
  8.2207E-01  2.7968E-01  5.7857E-01  2.1636E+00
  8.2709E-01  2.8734E-01  5.8133E-01  2.1541E+00
  8.3215E-01  2.9500E-01  5.8410E-01  2.1441E+00
  8.3724E-01  3.0265E-01  5.8687E-01  2.1338E+00
  8.4236E-01  3.1029E-01  5.8964E-01  2.1231E+00
  8.4752E-01  3.1792E-01  5.9241E-01  2.1120E+00
  8.5270E-01  3.2553E-01  5.9518E-01  2.1005E+00
  8.5792E-01  3.3312E-01  5.9796E-01  2.0886E+00
  8.6316E-01  3.4070E-01  6.0074E-01  2.0763E+00
  8.6844E-01  3.4826E-01  6.0351E-01  2.0635E+00
  8.7376E-01  3.5580E-01  6.0629E-01  2.0504E+00
  8.7910E-01  3.6332E-01  6.0907E-01  2.0368E+00
  8.8448E-01  3.7081E-01  6.1185E-01  2.0229E+00
  8.8989E-01  3.7828E-01  6.1462E-01  2.0085E+00
  8.9533E-01  3.8572E-01  6.1740E-01  1.9938E+00
  9.0081E-01  3.9314E-01  6.2017E-01  1.9786E+00
  9.0632E-01  4.0052E-01  6.2295E-01  1.9630E+00
  9.1186E-01  4.0788E-01  6.2572E-01  1.9470E+00
  9.1744E-01  4.1520E-01  6.2849E-01  1.9306E+00
  9.2305E-01  4.2249E-01  6.3125E-01  1.9138E+00
  9.2869E-01  4.2975E-01  6.3402E-01  1.8966E+00
  9.3438E-01  4.3697E-01  6.3678E-01  1.8791E+00
  9.4009E-01  4.4415E-01  6.3953E-01  1.8611E+00
  9.4584E-01  4.5129E-01  6.4229E-01  1.8427E+00
  9.5163E-01  4.5839E-01  6.4503E-01  1.8240E+00
  9.5745E-01  4.6545E-01  6.4778E-01  1.8048E+00
  9.6330E-01  4.7247E-01  6.5051E-01  1.7853E+00
  9.6919E-01  4.7944E-01  6.5324E-01  1.7654E+00
  9.7512E-01  4.8637E-01  6.5597E-01  1.7452E+00
  9.8109E-01  4.9325E-01  6.5869E-01  1.7246E+00
  9.8709E-01  5.0008E-01  6.6140E-01  1.7036E+00
  9.9312E-01  5.0686E-01  6.6410E-01  1.6823E+00
  9.9920E-01  5.1359E-01  6.6680E-01  1.6607E+00
  1.0053E+00  5.2027E-01  6.6949E-01  1.6387E+00
  1.0115E+00  5.2690E-01  6.7216E-01  1.6164E+00
  1.0176E+00  5.3347E-01  6.7483E-01  1.5938E+00
  1.0239E+00  5.3999E-01  6.7749E-01  1.5709E+00
  1.0301E+00  5.4644E-01  6.8014E-01  1.5477E+00
  1.0364E+00  5.5285E-01  6.8278E-01  1.5242E+00
  1.0428E+00  5.5919E-01  6.8540E-01  1.5005E+00
  1.0491E+00  5.6547E-01  6.8801E-01  1.4764E+00
  1.0556E+00  5.7169E-01  6.9061E-01  1.4522E+00
  1.0620E+00  5.7785E-01  6.9320E-01  1.4277E+00
  1.0685E+00  5.8395E-01  6.9577E-01  1.4029E+00
  1.0751E+00  5.8998E-01  6.9833E-01  1.3780E+00
  1.0816E+00  5.9595E-01  7.0087E-01  1.3529E+00
  1.0882E+00  6.0184E-01  7.0340E-01  1.3275E+00
  1.0949E+00  6.0768E-01  7.0591E-01  1.3020E+00
  1.1016E+00  6.1344E-01  7.0840E-01  1.2764E+00
  1.1083E+00  6.1913E-01  7.1087E-01  1.2506E+00
  1.1151E+00  6.2475E-01  7.1333E-01  1.2247E+00
  1.1219E+00  6.3030E-01  7.1577E-01  1.1987E+00
  1.1288E+00  6.3577E-01  7.1818E-01  1.1726E+00
  1.1357E+00  6.4117E-01  7.2058E-01  1.1464E+00
  1.1426E+00  6.4650E-01  7.2296E-01  1.1202E+00
  1.1496E+00  6.5174E-01  7.2531E-01  1.0940E+00
  1.1567E+00  6.5691E-01  7.2764E-01  1.0677E+00
  1.1637E+00  6.6200E-01  7.2995E-01  1.0414E+00
  1.1709E+00  6.6700E-01  7.3223E-01  1.0151E+00
  1.1780E+00  6.7193E-01  7.3449E-01  9.8892E-01
  1.1852E+00  6.7677E-01  7.3672E-01  9.6275E-01
  1.1925E+00  6.8152E-01  7.3892E-01  9.3667E-01
  1.1998E+00  6.8619E-01  7.4110E-01  9.1069E-01
  1.2071E+00  6.9077E-01  7.4324E-01  8.8482E-01
  1.2145E+00  6.9527E-01  7.4536E-01  8.5909E-01
  1.2219E+00  6.9967E-01  7.4745E-01  8.3352E-01
  1.2294E+00  7.0398E-01  7.4951E-01  8.0812E-01
  1.2369E+00  7.0821E-01  7.5153E-01  7.8293E-01
  1.2445E+00  7.1234E-01  7.5353E-01  7.5795E-01
  1.2521E+00  7.1637E-01  7.5548E-01  7.3321E-01
  1.2597E+00  7.2031E-01  7.5741E-01  7.0873E-01
  1.2674E+00  7.2416E-01  7.5929E-01  6.8453E-01
  1.2752E+00  7.2790E-01  7.6114E-01  6.6063E-01
  1.2830E+00  7.3155E-01  7.6296E-01  6.3704E-01
  1.2908E+00  7.3510E-01  7.6473E-01  6.1379E-01
  1.2987E+00  7.3856E-01  7.6646E-01  5.9089E-01
  1.3067E+00  7.4191E-01  7.6816E-01  5.6836E-01
  1.3147E+00  7.4516E-01  7.6981E-01  5.4622E-01
  1.3227E+00  7.4830E-01  7.7141E-01  5.2448E-01
  1.3308E+00  7.5135E-01  7.7298E-01  5.0317E-01
  1.3389E+00  7.5429E-01  7.7450E-01  4.8229E-01
  1.3471E+00  7.5713E-01  7.7597E-01  4.6186E-01
  1.3554E+00  7.5987E-01  7.7739E-01  4.4189E-01
  1.3636E+00  7.6250E-01  7.7877E-01  4.2240E-01
  1.3720E+00  7.6502E-01  7.8009E-01  4.0339E-01
  1.3804E+00  7.6744E-01  7.8137E-01  3.8488E-01
  1.3888E+00  7.6975E-01  7.8259E-01  3.6686E-01
  1.3973E+00  7.7195E-01  7.8376E-01  3.4936E-01
  1.4059E+00  7.7405E-01  7.8488E-01  3.3238E-01
  1.4145E+00  7.7603E-01  7.8593E-01  3.1591E-01
  1.4231E+00  7.7791E-01  7.8693E-01  2.9996E-01
  1.4318E+00  7.7968E-01  7.8788E-01  2.8453E-01
  1.4406E+00  7.8135E-01  7.8876E-01  2.6962E-01
  1.4494E+00  7.8290E-01  7.8958E-01  2.5523E-01
  1.4582E+00  7.8434E-01  7.9034E-01  2.4135E-01
  1.4672E+00  7.8568E-01  7.9104E-01  2.2797E-01
  1.4761E+00  7.8690E-01  7.9167E-01  2.1508E-01
  1.4852E+00  7.8802E-01  7.9223E-01  2.0267E-01
  1.4942E+00  7.8902E-01  7.9273E-01  1.9073E-01
  1.5034E+00  7.8991E-01  7.9316E-01  1.7925E-01
  1.5126E+00  7.9070E-01  7.9351E-01  1.6819E-01
  1.5218E+00  7.9137E-01  7.9380E-01  1.5755E-01
  1.5311E+00  7.9194E-01  7.9401E-01  1.4729E-01
  1.5405E+00  7.9239E-01  7.9415E-01  1.3740E-01
  1.5499E+00  7.9274E-01  7.9421E-01  1.2784E-01
  1.5594E+00  7.9297E-01  7.9419E-01  1.1860E-01
  1.5689E+00  7.9310E-01  7.9409E-01  1.0963E-01
  1.5785E+00  7.9312E-01  7.9392E-01  1.0090E-01
  1.5882E+00  7.9302E-01  7.9366E-01  9.2385E-02
  1.5979E+00  7.9282E-01  7.9331E-01  8.4046E-02
  1.6077E+00  7.9251E-01  7.9288E-01  7.5848E-02
  1.6175E+00  7.9210E-01  7.9237E-01  6.7753E-02
  1.6274E+00  7.9157E-01  7.9176E-01  5.9725E-02
  1.6373E+00  7.9094E-01  7.9107E-01  5.1729E-02
  1.6473E+00  7.9020E-01  7.9028E-01  4.3729E-02
  1.6574E+00  7.8936E-01  7.8941E-01  3.5691E-02
  1.6675E+00  7.8841E-01  7.8843E-01  2.7584E-02
  1.6777E+00  7.8735E-01  7.8736E-01  1.9380E-02
  1.6880E+00  7.8619E-01  7.8620E-01  1.1052E-02
  1.6983E+00  7.8493E-01  7.8493E-01  2.5821E-03
  1.7087E+00  7.8356E-01  7.8356E-01 -4.8636E-03
  1.7192E+00  7.8209E-01  7.8209E-01 -4.4272E-03
  1.7297E+00  7.8052E-01  7.8052E-01 -2.8471E-03
  1.7403E+00  7.7885E-01  7.7885E-01 -1.7382E-03
  1.7509E+00  7.7707E-01  7.7707E-01 -9.3715E-04
  1.7616E+00  7.7520E-01  7.7520E-01 -4.1427E-04
  1.7724E+00  7.7323E-01  7.7323E-01 -1.2582E-04
  1.7832E+00  7.7116E-01  7.7116E-01 -1.1907E-05
  1.7941E+00  7.6900E-01  7.6900E-01  0.0000E+00
  1.8051E+00  7.6674E-01  7.6674E-01  0.0000E+00
  1.8161E+00  7.6438E-01  7.6438E-01  0.0000E+00
  1.8272E+00  7.6193E-01  7.6193E-01  0.0000E+00
  1.8384E+00  7.5938E-01  7.5938E-01  0.0000E+00
  1.8497E+00  7.5675E-01  7.5675E-01  0.0000E+00
  1.8610E+00  7.5402E-01  7.5402E-01  0.0000E+00
  1.8723E+00  7.5121E-01  7.5121E-01  0.0000E+00
  1.8838E+00  7.4830E-01  7.4830E-01  0.0000E+00
  1.8953E+00  7.4531E-01  7.4531E-01  0.0000E+00
  1.9069E+00  7.4223E-01  7.4223E-01  0.0000E+00
  1.9186E+00  7.3907E-01  7.3907E-01  0.0000E+00
  1.9303E+00  7.3582E-01  7.3582E-01  0.0000E+00
  1.9421E+00  7.3249E-01  7.3249E-01  0.0000E+00
  1.9540E+00  7.2908E-01  7.2908E-01  0.0000E+00
  1.9659E+00  7.2559E-01  7.2559E-01  0.0000E+00
  1.9779E+00  7.2202E-01  7.2202E-01  0.0000E+00
  1.9900E+00  7.1837E-01  7.1837E-01  0.0000E+00
  2.0022E+00  7.1465E-01  7.1465E-01  0.0000E+00
  2.0145E+00  7.1085E-01  7.1085E-01  0.0000E+00
  2.0268E+00  7.0697E-01  7.0697E-01  0.0000E+00
  2.0392E+00  7.0303E-01  7.0303E-01  0.0000E+00
  2.0516E+00  6.9902E-01  6.9902E-01  0.0000E+00
  2.0642E+00  6.9493E-01  6.9493E-01  0.0000E+00
  2.0768E+00  6.9078E-01  6.9078E-01  0.0000E+00
  2.0895E+00  6.8656E-01  6.8656E-01  0.0000E+00
  2.1023E+00  6.8228E-01  6.8228E-01  0.0000E+00
  2.1151E+00  6.7794E-01  6.7794E-01  0.0000E+00
  2.1281E+00  6.7353E-01  6.7353E-01  0.0000E+00
  2.1411E+00  6.6906E-01  6.6906E-01  0.0000E+00
  2.1542E+00  6.6453E-01  6.6453E-01  0.0000E+00
  2.1673E+00  6.5995E-01  6.5995E-01  0.0000E+00
  2.1806E+00  6.5531E-01  6.5531E-01  0.0000E+00
  2.1939E+00  6.5062E-01  6.5062E-01  0.0000E+00
  2.2073E+00  6.4587E-01  6.4587E-01  0.0000E+00
  2.2208E+00  6.4108E-01  6.4108E-01  0.0000E+00
  2.2344E+00  6.3623E-01  6.3623E-01  0.0000E+00
  2.2481E+00  6.3134E-01  6.3134E-01  0.0000E+00
  2.2618E+00  6.2640E-01  6.2640E-01  0.0000E+00
  2.2757E+00  6.2141E-01  6.2141E-01  0.0000E+00
  2.2896E+00  6.1638E-01  6.1638E-01  0.0000E+00
  2.3036E+00  6.1132E-01  6.1132E-01  0.0000E+00
  2.3177E+00  6.0621E-01  6.0621E-01  0.0000E+00
  2.3318E+00  6.0106E-01  6.0106E-01  0.0000E+00
  2.3461E+00  5.9587E-01  5.9587E-01  0.0000E+00
  2.3604E+00  5.9066E-01  5.9066E-01  0.0000E+00
  2.3749E+00  5.8540E-01  5.8540E-01  0.0000E+00
  2.3894E+00  5.8012E-01  5.8012E-01  0.0000E+00
  2.4040E+00  5.7480E-01  5.7480E-01  0.0000E+00
  2.4187E+00  5.6946E-01  5.6946E-01  0.0000E+00
  2.4335E+00  5.6409E-01  5.6409E-01  0.0000E+00
  2.4484E+00  5.5869E-01  5.5869E-01  0.0000E+00
  2.4634E+00  5.5327E-01  5.5327E-01  0.0000E+00
  2.4784E+00  5.4783E-01  5.4783E-01  0.0000E+00
  2.4936E+00  5.4237E-01  5.4237E-01  0.0000E+00
  2.5088E+00  5.3689E-01  5.3689E-01  0.0000E+00
  2.5242E+00  5.3139E-01  5.3139E-01  0.0000E+00
  2.5396E+00  5.2587E-01  5.2587E-01  0.0000E+00
  2.5551E+00  5.2034E-01  5.2034E-01  0.0000E+00
