 # l=           1 basis function with energy     10.9577131500000     
  0.0000E+00  0.0000E+00  0.0000E+00  0.0000E+00
  2.4843E-06  2.4955E-09 -3.0344E-11 -4.8226E-11
  4.9838E-06  8.3379E-09 -1.2212E-10 -1.9409E-10
  7.4986E-06  1.6972E-08 -2.7645E-10 -4.3937E-10
  1.0029E-05  2.8232E-08 -4.9448E-10 -7.8590E-10
  1.2574E-05  4.1946E-08 -7.7737E-10 -1.2355E-09
  1.5136E-05  5.7908E-08 -1.1263E-09 -1.7901E-09
  1.7712E-05  7.6120E-08 -1.5424E-09 -2.4515E-09
  2.0305E-05  9.6530E-08 -2.0270E-09 -3.2217E-09
  2.2913E-05  1.1910E-07 -2.5813E-09 -4.1026E-09
  2.5538E-05  1.4383E-07 -3.2065E-09 -5.0962E-09
  2.8178E-05  1.7068E-07 -3.9038E-09 -6.2045E-09
  3.0835E-05  1.9966E-07 -4.6746E-09 -7.4295E-09
  3.3508E-05  2.3077E-07 -5.5201E-09 -8.7733E-09
  3.6197E-05  2.6399E-07 -6.4417E-09 -1.0238E-08
  3.8902E-05  2.9935E-07 -7.4406E-09 -1.1826E-08
  4.1625E-05  3.3683E-07 -8.5184E-09 -1.3539E-08
  4.4363E-05  3.7646E-07 -9.6762E-09 -1.5379E-08
  4.7119E-05  4.1823E-07 -1.0916E-08 -1.7349E-08
  4.9891E-05  4.6217E-07 -1.2238E-08 -1.9450E-08
  5.2681E-05  5.0828E-07 -1.3645E-08 -2.1686E-08
  5.5487E-05  5.5659E-07 -1.5137E-08 -2.4058E-08
  5.8310E-05  6.0710E-07 -1.6717E-08 -2.6569E-08
  6.1151E-05  6.5983E-07 -1.8385E-08 -2.9221E-08
  6.4009E-05  7.1481E-07 -2.0144E-08 -3.2016E-08
  6.6885E-05  7.7205E-07 -2.1995E-08 -3.4957E-08
  6.9778E-05  8.3157E-07 -2.3939E-08 -3.8047E-08
  7.2689E-05  8.9340E-07 -2.5978E-08 -4.1287E-08
  7.5618E-05  9.5756E-07 -2.8113E-08 -4.4681E-08
  7.8565E-05  1.0241E-06 -3.0347E-08 -4.8231E-08
  8.1529E-05  1.0929E-06 -3.2680E-08 -5.1940E-08
  8.4512E-05  1.1642E-06 -3.5115E-08 -5.5810E-08
  8.7513E-05  1.2379E-06 -3.7653E-08 -5.9844E-08
  9.0532E-05  1.3141E-06 -4.0296E-08 -6.4045E-08
  9.3570E-05  1.3927E-06 -4.3046E-08 -6.8415E-08
  9.6626E-05  1.4739E-06 -4.5904E-08 -7.2957E-08
  9.9701E-05  1.5576E-06 -4.8872E-08 -7.7675E-08
  1.0280E-04  1.6438E-06 -5.1952E-08 -8.2570E-08
  1.0591E-04  1.7327E-06 -5.5146E-08 -8.7647E-08
  1.0904E-04  1.8241E-06 -5.8456E-08 -9.2907E-08
  1.1219E-04  1.9183E-06 -6.1883E-08 -9.8354E-08
  1.1536E-04  2.0151E-06 -6.5430E-08 -1.0399E-07
  1.1855E-04  2.1146E-06 -6.9098E-08 -1.0982E-07
  1.2176E-04  2.2169E-06 -7.2890E-08 -1.1585E-07
  1.2499E-04  2.3220E-06 -7.6807E-08 -1.2207E-07
  1.2824E-04  2.4300E-06 -8.0851E-08 -1.2850E-07
  1.3151E-04  2.5407E-06 -8.5025E-08 -1.3513E-07
  1.3479E-04  2.6544E-06 -8.9330E-08 -1.4198E-07
  1.3810E-04  2.7710E-06 -9.3769E-08 -1.4903E-07
  1.4143E-04  2.8906E-06 -9.8343E-08 -1.5630E-07
  1.4478E-04  3.0132E-06 -1.0306E-07 -1.6379E-07
  1.4815E-04  3.1389E-06 -1.0791E-07 -1.7150E-07
  1.5154E-04  3.2676E-06 -1.1290E-07 -1.7944E-07
  1.5495E-04  3.3995E-06 -1.1804E-07 -1.8761E-07
  1.5838E-04  3.5345E-06 -1.2333E-07 -1.9601E-07
  1.6183E-04  3.6728E-06 -1.2877E-07 -2.0465E-07
  1.6531E-04  3.8143E-06 -1.3435E-07 -2.1353E-07
  1.6880E-04  3.9590E-06 -1.4009E-07 -2.2266E-07
  1.7232E-04  4.1072E-06 -1.4599E-07 -2.3203E-07
  1.7586E-04  4.2587E-06 -1.5205E-07 -2.4166E-07
  1.7942E-04  4.4136E-06 -1.5826E-07 -2.5154E-07
  1.8300E-04  4.5720E-06 -1.6465E-07 -2.6168E-07
  1.8660E-04  4.7340E-06 -1.7119E-07 -2.7208E-07
  1.9023E-04  4.8994E-06 -1.7791E-07 -2.8276E-07
  1.9387E-04  5.0685E-06 -1.8480E-07 -2.9371E-07
  1.9754E-04  5.2413E-06 -1.9186E-07 -3.0493E-07
  2.0123E-04  5.4178E-06 -1.9910E-07 -3.1643E-07
  2.0495E-04  5.5980E-06 -2.0652E-07 -3.2822E-07
  2.0869E-04  5.7820E-06 -2.1412E-07 -3.4030E-07
  2.1245E-04  5.9699E-06 -2.2190E-07 -3.5268E-07
  2.1623E-04  6.1617E-06 -2.2987E-07 -3.6535E-07
  2.2004E-04  6.3575E-06 -2.3804E-07 -3.7833E-07
  2.2387E-04  6.5573E-06 -2.4640E-07 -3.9161E-07
  2.2772E-04  6.7612E-06 -2.5495E-07 -4.0521E-07
  2.3160E-04  6.9691E-06 -2.6370E-07 -4.1912E-07
  2.3550E-04  7.1813E-06 -2.7266E-07 -4.3335E-07
  2.3942E-04  7.3977E-06 -2.8182E-07 -4.4792E-07
  2.4337E-04  7.6184E-06 -2.9120E-07 -4.6281E-07
  2.4734E-04  7.8434E-06 -3.0078E-07 -4.7804E-07
  2.5134E-04  8.0729E-06 -3.1058E-07 -4.9361E-07
  2.5536E-04  8.3068E-06 -3.2059E-07 -5.0953E-07
  2.5940E-04  8.5452E-06 -3.3083E-07 -5.2581E-07
  2.6347E-04  8.7883E-06 -3.4130E-07 -5.4244E-07
  2.6757E-04  9.0360E-06 -3.5199E-07 -5.5943E-07
  2.7169E-04  9.2883E-06 -3.6291E-07 -5.7679E-07
  2.7583E-04  9.5455E-06 -3.7407E-07 -5.9453E-07
  2.8000E-04  9.8075E-06 -3.8547E-07 -6.1264E-07
  2.8420E-04  1.0074E-05 -3.9711E-07 -6.3114E-07
  2.8842E-04  1.0346E-05 -4.0899E-07 -6.5003E-07
  2.9267E-04  1.0623E-05 -4.2113E-07 -6.6932E-07
  2.9694E-04  1.0905E-05 -4.3352E-07 -6.8901E-07
  3.0124E-04  1.1193E-05 -4.4616E-07 -7.0911E-07
  3.0557E-04  1.1485E-05 -4.5907E-07 -7.2962E-07
  3.0992E-04  1.1783E-05 -4.7224E-07 -7.5055E-07
  3.1430E-04  1.2086E-05 -4.8568E-07 -7.7191E-07
  3.1871E-04  1.2395E-05 -4.9939E-07 -7.9371E-07
  3.2314E-04  1.2709E-05 -5.1338E-07 -8.1594E-07
  3.2760E-04  1.3029E-05 -5.2765E-07 -8.3862E-07
  3.3209E-04  1.3354E-05 -5.4220E-07 -8.6175E-07
  3.3660E-04  1.3685E-05 -5.5705E-07 -8.8534E-07
  3.4114E-04  1.4022E-05 -5.7218E-07 -9.0939E-07
  3.4571E-04  1.4365E-05 -5.8761E-07 -9.3392E-07
  3.5031E-04  1.4714E-05 -6.0335E-07 -9.5893E-07
  3.5494E-04  1.5069E-05 -6.1939E-07 -9.8442E-07
  3.5959E-04  1.5430E-05 -6.3574E-07 -1.0104E-06
  3.6427E-04  1.5798E-05 -6.5240E-07 -1.0369E-06
  3.6899E-04  1.6172E-05 -6.6939E-07 -1.0639E-06
  3.7373E-04  1.6552E-05 -6.8670E-07 -1.0914E-06
  3.7850E-04  1.6938E-05 -7.0434E-07 -1.1194E-06
  3.8329E-04  1.7332E-05 -7.2231E-07 -1.1480E-06
  3.8812E-04  1.7731E-05 -7.4062E-07 -1.1771E-06
  3.9298E-04  1.8138E-05 -7.5927E-07 -1.2067E-06
  3.9787E-04  1.8552E-05 -7.7827E-07 -1.2369E-06
  4.0278E-04  1.8972E-05 -7.9763E-07 -1.2677E-06
  4.0773E-04  1.9400E-05 -8.1734E-07 -1.2990E-06
  4.1271E-04  1.9834E-05 -8.3741E-07 -1.3309E-06
  4.1771E-04  2.0276E-05 -8.5786E-07 -1.3634E-06
  4.2275E-04  2.0725E-05 -8.7868E-07 -1.3965E-06
  4.2782E-04  2.1182E-05 -8.9987E-07 -1.4302E-06
  4.3292E-04  2.1646E-05 -9.2146E-07 -1.4645E-06
  4.3805E-04  2.2117E-05 -9.4343E-07 -1.4994E-06
  4.4321E-04  2.2597E-05 -9.6580E-07 -1.5350E-06
  4.4841E-04  2.3084E-05 -9.8857E-07 -1.5712E-06
  4.5363E-04  2.3579E-05 -1.0117E-06 -1.6080E-06
  4.5889E-04  2.4082E-05 -1.0353E-06 -1.6455E-06
  4.6418E-04  2.4594E-05 -1.0593E-06 -1.6837E-06
  4.6950E-04  2.5113E-05 -1.0838E-06 -1.7225E-06
  4.7486E-04  2.5641E-05 -1.1086E-06 -1.7620E-06
  4.8025E-04  2.6177E-05 -1.1339E-06 -1.8022E-06
  4.8567E-04  2.6722E-05 -1.1597E-06 -1.8431E-06
  4.9112E-04  2.7276E-05 -1.1859E-06 -1.8847E-06
  4.9661E-04  2.7838E-05 -1.2125E-06 -1.9271E-06
  5.0213E-04  2.8410E-05 -1.2396E-06 -1.9702E-06
  5.0768E-04  2.8990E-05 -1.2672E-06 -2.0140E-06
  5.1327E-04  2.9580E-05 -1.2952E-06 -2.0586E-06
  5.1889E-04  3.0179E-05 -1.3238E-06 -2.1039E-06
  5.2455E-04  3.0787E-05 -1.3528E-06 -2.1501E-06
  5.3024E-04  3.1405E-05 -1.3823E-06 -2.1970E-06
  5.3597E-04  3.2032E-05 -1.4123E-06 -2.2447E-06
  5.4173E-04  3.2669E-05 -1.4428E-06 -2.2932E-06
  5.4752E-04  3.3316E-05 -1.4739E-06 -2.3425E-06
  5.5336E-04  3.3973E-05 -1.5055E-06 -2.3927E-06
  5.5922E-04  3.4641E-05 -1.5375E-06 -2.4437E-06
  5.6513E-04  3.5318E-05 -1.5702E-06 -2.4956E-06
  5.7107E-04  3.6006E-05 -1.6034E-06 -2.5483E-06
  5.7704E-04  3.6705E-05 -1.6371E-06 -2.6019E-06
  5.8305E-04  3.7414E-05 -1.6714E-06 -2.6564E-06
  5.8910E-04  3.8135E-05 -1.7062E-06 -2.7118E-06
  5.9519E-04  3.8866E-05 -1.7417E-06 -2.7681E-06
  6.0131E-04  3.9608E-05 -1.7777E-06 -2.8254E-06
  6.0747E-04  4.0362E-05 -1.8143E-06 -2.8836E-06
  6.1367E-04  4.1127E-05 -1.8515E-06 -2.9427E-06
  6.1991E-04  4.1904E-05 -1.8893E-06 -3.0028E-06
  6.2618E-04  4.2692E-05 -1.9278E-06 -3.0639E-06
  6.3249E-04  4.3493E-05 -1.9668E-06 -3.1260E-06
  6.3884E-04  4.4305E-05 -2.0065E-06 -3.1891E-06
  6.4523E-04  4.5130E-05 -2.0469E-06 -3.2532E-06
  6.5166E-04  4.5967E-05 -2.0879E-06 -3.3184E-06
  6.5813E-04  4.6816E-05 -2.1295E-06 -3.3846E-06
  6.6464E-04  4.7678E-05 -2.1719E-06 -3.4518E-06
  6.7119E-04  4.8554E-05 -2.2149E-06 -3.5202E-06
  6.7778E-04  4.9442E-05 -2.2586E-06 -3.5896E-06
  6.8440E-04  5.0343E-05 -2.3029E-06 -3.6602E-06
  6.9107E-04  5.1258E-05 -2.3480E-06 -3.7318E-06
  6.9778E-04  5.2186E-05 -2.3939E-06 -3.8047E-06
  7.0453E-04  5.3128E-05 -2.4404E-06 -3.8786E-06
  7.1132E-04  5.4084E-05 -2.4877E-06 -3.9538E-06
  7.1816E-04  5.5054E-05 -2.5357E-06 -4.0301E-06
  7.2503E-04  5.6038E-05 -2.5845E-06 -4.1076E-06
  7.3195E-04  5.7037E-05 -2.6340E-06 -4.1864E-06
  7.3891E-04  5.8050E-05 -2.6843E-06 -4.2664E-06
  7.4591E-04  5.9078E-05 -2.7355E-06 -4.3476E-06
  7.5295E-04  6.0122E-05 -2.7874E-06 -4.4301E-06
  7.6004E-04  6.1180E-05 -2.8401E-06 -4.5139E-06
  7.6717E-04  6.2254E-05 -2.8936E-06 -4.5990E-06
  7.7435E-04  6.3344E-05 -2.9480E-06 -4.6854E-06
  7.8157E-04  6.4449E-05 -3.0032E-06 -4.7732E-06
  7.8883E-04  6.5570E-05 -3.0593E-06 -4.8623E-06
  7.9614E-04  6.6708E-05 -3.1163E-06 -4.9528E-06
  8.0349E-04  6.7862E-05 -3.1741E-06 -5.0447E-06
  8.1088E-04  6.9033E-05 -3.2328E-06 -5.1380E-06
  8.1833E-04  7.0220E-05 -3.2924E-06 -5.2327E-06
  8.2581E-04  7.1425E-05 -3.3529E-06 -5.3289E-06
  8.3335E-04  7.2647E-05 -3.4144E-06 -5.4266E-06
  8.4093E-04  7.3886E-05 -3.4768E-06 -5.5258E-06
  8.4855E-04  7.5144E-05 -3.5401E-06 -5.6264E-06
  8.5622E-04  7.6419E-05 -3.6044E-06 -5.7286E-06
  8.6394E-04  7.7712E-05 -3.6697E-06 -5.8324E-06
  8.7171E-04  7.9024E-05 -3.7360E-06 -5.9377E-06
  8.7952E-04  8.0355E-05 -3.8032E-06 -6.0446E-06
  8.8738E-04  8.1705E-05 -3.8715E-06 -6.1532E-06
  8.9529E-04  8.3074E-05 -3.9408E-06 -6.2634E-06
  9.0325E-04  8.4462E-05 -4.0112E-06 -6.3752E-06
  9.1126E-04  8.5870E-05 -4.0826E-06 -6.4887E-06
  9.1931E-04  8.7298E-05 -4.1551E-06 -6.6040E-06
  9.2742E-04  8.8746E-05 -4.2287E-06 -6.7209E-06
  9.3557E-04  9.0214E-05 -4.3034E-06 -6.8396E-06
  9.4378E-04  9.1703E-05 -4.3792E-06 -6.9601E-06
  9.5203E-04  9.3214E-05 -4.4562E-06 -7.0824E-06
  9.6034E-04  9.4745E-05 -4.5342E-06 -7.2065E-06
  9.6869E-04  9.6298E-05 -4.6135E-06 -7.3324E-06
  9.7710E-04  9.7873E-05 -4.6939E-06 -7.4602E-06
  9.8556E-04  9.9470E-05 -4.7755E-06 -7.5900E-06
  9.9407E-04  1.0109E-04 -4.8584E-06 -7.7216E-06
  1.0026E-03  1.0273E-04 -4.9424E-06 -7.8552E-06
  1.0112E-03  1.0440E-04 -5.0277E-06 -7.9907E-06
  1.0199E-03  1.0608E-04 -5.1142E-06 -8.1283E-06
  1.0286E-03  1.0780E-04 -5.2021E-06 -8.2679E-06
  1.0374E-03  1.0953E-04 -5.2912E-06 -8.4095E-06
  1.0462E-03  1.1129E-04 -5.3816E-06 -8.5532E-06
  1.0551E-03  1.1307E-04 -5.4733E-06 -8.6990E-06
  1.0640E-03  1.1488E-04 -5.5664E-06 -8.8470E-06
  1.0730E-03  1.1672E-04 -5.6609E-06 -8.9971E-06
  1.0821E-03  1.1858E-04 -5.7567E-06 -9.1494E-06
  1.0912E-03  1.2046E-04 -5.8540E-06 -9.3040E-06
  1.1003E-03  1.2237E-04 -5.9526E-06 -9.4608E-06
  1.1095E-03  1.2431E-04 -6.0527E-06 -9.6198E-06
  1.1188E-03  1.2627E-04 -6.1542E-06 -9.7812E-06
  1.1281E-03  1.2827E-04 -6.2572E-06 -9.9449E-06
  1.1375E-03  1.3028E-04 -6.3617E-06 -1.0111E-05
  1.1470E-03  1.3233E-04 -6.4678E-06 -1.0279E-05
  1.1565E-03  1.3440E-04 -6.5753E-06 -1.0450E-05
  1.1660E-03  1.3651E-04 -6.6844E-06 -1.0624E-05
  1.1756E-03  1.3864E-04 -6.7951E-06 -1.0800E-05
  1.1853E-03  1.4080E-04 -6.9073E-06 -1.0978E-05
  1.1950E-03  1.4299E-04 -7.0212E-06 -1.1159E-05
  1.2048E-03  1.4521E-04 -7.1367E-06 -1.1343E-05
  1.2147E-03  1.4746E-04 -7.2539E-06 -1.1529E-05
  1.2246E-03  1.4974E-04 -7.3728E-06 -1.1718E-05
  1.2345E-03  1.5206E-04 -7.4933E-06 -1.1909E-05
  1.2446E-03  1.5440E-04 -7.6156E-06 -1.2104E-05
  1.2547E-03  1.5678E-04 -7.7396E-06 -1.2301E-05
  1.2648E-03  1.5918E-04 -7.8654E-06 -1.2501E-05
  1.2750E-03  1.6163E-04 -7.9930E-06 -1.2704E-05
  1.2853E-03  1.6410E-04 -8.1224E-06 -1.2909E-05
  1.2957E-03  1.6661E-04 -8.2536E-06 -1.3118E-05
  1.3061E-03  1.6915E-04 -8.3867E-06 -1.3329E-05
  1.3165E-03  1.7172E-04 -8.5217E-06 -1.3544E-05
  1.3271E-03  1.7433E-04 -8.6586E-06 -1.3762E-05
  1.3377E-03  1.7698E-04 -8.7975E-06 -1.3982E-05
  1.3483E-03  1.7966E-04 -8.9383E-06 -1.4206E-05
  1.3591E-03  1.8238E-04 -9.0811E-06 -1.4433E-05
  1.3699E-03  1.8513E-04 -9.2259E-06 -1.4663E-05
  1.3807E-03  1.8793E-04 -9.3727E-06 -1.4897E-05
  1.3916E-03  1.9075E-04 -9.5217E-06 -1.5133E-05
  1.4026E-03  1.9362E-04 -9.6727E-06 -1.5373E-05
  1.4137E-03  1.9653E-04 -9.8258E-06 -1.5617E-05
  1.4248E-03  1.9947E-04 -9.9811E-06 -1.5863E-05
  1.4360E-03  2.0246E-04 -1.0139E-05 -1.6114E-05
  1.4473E-03  2.0548E-04 -1.0298E-05 -1.6367E-05
  1.4586E-03  2.0854E-04 -1.0460E-05 -1.6625E-05
  1.4700E-03  2.1165E-04 -1.0624E-05 -1.6886E-05
  1.4815E-03  2.1480E-04 -1.0791E-05 -1.7150E-05
  1.4930E-03  2.1799E-04 -1.0960E-05 -1.7419E-05
  1.5046E-03  2.2122E-04 -1.1131E-05 -1.7691E-05
  1.5163E-03  2.2449E-04 -1.1304E-05 -1.7966E-05
  1.5281E-03  2.2781E-04 -1.1480E-05 -1.8246E-05
  1.5399E-03  2.3117E-04 -1.1659E-05 -1.8530E-05
  1.5518E-03  2.3458E-04 -1.1839E-05 -1.8817E-05
  1.5638E-03  2.3803E-04 -1.2023E-05 -1.9108E-05
  1.5758E-03  2.4153E-04 -1.2209E-05 -1.9404E-05
  1.5879E-03  2.4507E-04 -1.2397E-05 -1.9704E-05
  1.6001E-03  2.4867E-04 -1.2588E-05 -2.0007E-05
  1.6124E-03  2.5230E-04 -1.2782E-05 -2.0315E-05
  1.6247E-03  2.5599E-04 -1.2979E-05 -2.0627E-05
  1.6372E-03  2.5973E-04 -1.3178E-05 -2.0944E-05
  1.6497E-03  2.6351E-04 -1.3380E-05 -2.1265E-05
  1.6622E-03  2.6735E-04 -1.3584E-05 -2.1590E-05
  1.6749E-03  2.7123E-04 -1.3792E-05 -2.1920E-05
  1.6876E-03  2.7517E-04 -1.4002E-05 -2.2254E-05
  1.7004E-03  2.7916E-04 -1.4215E-05 -2.2593E-05
  1.7133E-03  2.8320E-04 -1.4432E-05 -2.2937E-05
  1.7262E-03  2.8730E-04 -1.4651E-05 -2.3285E-05
  1.7393E-03  2.9145E-04 -1.4873E-05 -2.3638E-05
  1.7524E-03  2.9565E-04 -1.5098E-05 -2.3996E-05
  1.7656E-03  2.9991E-04 -1.5326E-05 -2.4359E-05
  1.7789E-03  3.0423E-04 -1.5558E-05 -2.4727E-05
  1.7922E-03  3.0860E-04 -1.5792E-05 -2.5099E-05
  1.8057E-03  3.1303E-04 -1.6030E-05 -2.5477E-05
  1.8192E-03  3.1751E-04 -1.6271E-05 -2.5860E-05
  1.8328E-03  3.2206E-04 -1.6515E-05 -2.6249E-05
  1.8465E-03  3.2666E-04 -1.6763E-05 -2.6642E-05
  1.8603E-03  3.3133E-04 -1.7014E-05 -2.7041E-05
  1.8741E-03  3.3605E-04 -1.7268E-05 -2.7445E-05
  1.8881E-03  3.4084E-04 -1.7526E-05 -2.7855E-05
  1.9021E-03  3.4569E-04 -1.7788E-05 -2.8271E-05
  1.9162E-03  3.5061E-04 -1.8053E-05 -2.8692E-05
  1.9304E-03  3.5559E-04 -1.8321E-05 -2.9119E-05
  1.9447E-03  3.6063E-04 -1.8593E-05 -2.9551E-05
  1.9591E-03  3.6574E-04 -1.8869E-05 -2.9990E-05
  1.9735E-03  3.7091E-04 -1.9149E-05 -3.0434E-05
  1.9881E-03  3.7615E-04 -1.9432E-05 -3.0884E-05
  2.0027E-03  3.8146E-04 -1.9719E-05 -3.1341E-05
  2.0174E-03  3.8684E-04 -2.0011E-05 -3.1804E-05
  2.0323E-03  3.9229E-04 -2.0306E-05 -3.2273E-05
  2.0472E-03  3.9781E-04 -2.0605E-05 -3.2748E-05
  2.0622E-03  4.0340E-04 -2.0908E-05 -3.3229E-05
  2.0773E-03  4.0907E-04 -2.1215E-05 -3.3718E-05
  2.0924E-03  4.1481E-04 -2.1526E-05 -3.4212E-05
  2.1077E-03  4.2062E-04 -2.1842E-05 -3.4714E-05
  2.1231E-03  4.2651E-04 -2.2161E-05 -3.5222E-05
  2.1386E-03  4.3247E-04 -2.2485E-05 -3.5737E-05
  2.1541E-03  4.3851E-04 -2.2814E-05 -3.6259E-05
  2.1698E-03  4.4463E-04 -2.3146E-05 -3.6788E-05
  2.1855E-03  4.5082E-04 -2.3484E-05 -3.7324E-05
  2.2014E-03  4.5710E-04 -2.3825E-05 -3.7867E-05
  2.2173E-03  4.6346E-04 -2.4172E-05 -3.8417E-05
  2.2334E-03  4.6990E-04 -2.4523E-05 -3.8975E-05
  2.2495E-03  4.7642E-04 -2.4878E-05 -3.9541E-05
  2.2657E-03  4.8303E-04 -2.5239E-05 -4.0113E-05
  2.2821E-03  4.8972E-04 -2.5604E-05 -4.0694E-05
  2.2985E-03  4.9650E-04 -2.5974E-05 -4.1282E-05
  2.3150E-03  5.0337E-04 -2.6349E-05 -4.1878E-05
  2.3317E-03  5.1032E-04 -2.6730E-05 -4.2482E-05
  2.3484E-03  5.1736E-04 -2.7115E-05 -4.3095E-05
  2.3653E-03  5.2450E-04 -2.7505E-05 -4.3715E-05
  2.3822E-03  5.3172E-04 -2.7901E-05 -4.4344E-05
  2.3992E-03  5.3904E-04 -2.8301E-05 -4.4981E-05
  2.4164E-03  5.4645E-04 -2.8707E-05 -4.5626E-05
  2.4337E-03  5.5396E-04 -2.9119E-05 -4.6280E-05
  2.4510E-03  5.6156E-04 -2.9536E-05 -4.6943E-05
  2.4685E-03  5.6926E-04 -2.9958E-05 -4.7614E-05
  2.4861E-03  5.7705E-04 -3.0387E-05 -4.8295E-05
  2.5038E-03  5.8495E-04 -3.0820E-05 -4.8984E-05
  2.5215E-03  5.9295E-04 -3.1260E-05 -4.9683E-05
  2.5394E-03  6.0105E-04 -3.1705E-05 -5.0391E-05
  2.5575E-03  6.0926E-04 -3.2157E-05 -5.1108E-05
  2.5756E-03  6.1756E-04 -3.2614E-05 -5.1835E-05
  2.5938E-03  6.2598E-04 -3.3077E-05 -5.2571E-05
  2.6121E-03  6.3450E-04 -3.3547E-05 -5.3317E-05
  2.6306E-03  6.4313E-04 -3.4022E-05 -5.4073E-05
  2.6492E-03  6.5187E-04 -3.4504E-05 -5.4839E-05
  2.6679E-03  6.6072E-04 -3.4993E-05 -5.5616E-05
  2.6866E-03  6.6969E-04 -3.5487E-05 -5.6402E-05
  2.7056E-03  6.7876E-04 -3.5989E-05 -5.7199E-05
  2.7246E-03  6.8796E-04 -3.6497E-05 -5.8006E-05
  2.7437E-03  6.9727E-04 -3.7011E-05 -5.8824E-05
  2.7630E-03  7.0670E-04 -3.7533E-05 -5.9652E-05
  2.7824E-03  7.1624E-04 -3.8061E-05 -6.0492E-05
  2.8019E-03  7.2591E-04 -3.8596E-05 -6.1343E-05
  2.8215E-03  7.3570E-04 -3.9138E-05 -6.2205E-05
  2.8412E-03  7.4562E-04 -3.9688E-05 -6.3078E-05
  2.8611E-03  7.5566E-04 -4.0245E-05 -6.3962E-05
  2.8810E-03  7.6583E-04 -4.0808E-05 -6.4859E-05
  2.9011E-03  7.7613E-04 -4.1380E-05 -6.5767E-05
  2.9214E-03  7.8655E-04 -4.1959E-05 -6.6687E-05
  2.9417E-03  7.9711E-04 -4.2545E-05 -6.7619E-05
  2.9622E-03  8.0781E-04 -4.3139E-05 -6.8563E-05
  2.9828E-03  8.1863E-04 -4.3741E-05 -6.9520E-05
  3.0035E-03  8.2960E-04 -4.4351E-05 -7.0489E-05
  3.0243E-03  8.4070E-04 -4.4969E-05 -7.1471E-05
  3.0453E-03  8.5194E-04 -4.5595E-05 -7.2466E-05
  3.0664E-03  8.6333E-04 -4.6229E-05 -7.3473E-05
  3.0876E-03  8.7486E-04 -4.6871E-05 -7.4494E-05
  3.1090E-03  8.8653E-04 -4.7522E-05 -7.5529E-05
  3.1305E-03  8.9835E-04 -4.8181E-05 -7.6577E-05
  3.1521E-03  9.1032E-04 -4.8849E-05 -7.7638E-05
  3.1739E-03  9.2244E-04 -4.9526E-05 -7.8714E-05
  3.1958E-03  9.3471E-04 -5.0211E-05 -7.9803E-05
  3.2178E-03  9.4713E-04 -5.0906E-05 -8.0907E-05
  3.2399E-03  9.5972E-04 -5.1609E-05 -8.2025E-05
  3.2622E-03  9.7246E-04 -5.2322E-05 -8.3157E-05
  3.2847E-03  9.8536E-04 -5.3044E-05 -8.4305E-05
  3.3072E-03  9.9842E-04 -5.3775E-05 -8.5467E-05
  3.3299E-03  1.0116E-03 -5.4516E-05 -8.6644E-05
  3.3528E-03  1.0250E-03 -5.5266E-05 -8.7837E-05
  3.3758E-03  1.0386E-03 -5.6026E-05 -8.9046E-05
  3.3989E-03  1.0523E-03 -5.6797E-05 -9.0270E-05
  3.4221E-03  1.0662E-03 -5.7577E-05 -9.1509E-05
  3.4455E-03  1.0803E-03 -5.8367E-05 -9.2766E-05
  3.4691E-03  1.0946E-03 -5.9168E-05 -9.4038E-05
  3.4928E-03  1.1090E-03 -5.9979E-05 -9.5327E-05
  3.5166E-03  1.1236E-03 -6.0800E-05 -9.6632E-05
  3.5406E-03  1.1384E-03 -6.1632E-05 -9.7955E-05
  3.5647E-03  1.1534E-03 -6.2475E-05 -9.9295E-05
  3.5890E-03  1.1685E-03 -6.3329E-05 -1.0065E-04
  3.6134E-03  1.1839E-03 -6.4194E-05 -1.0203E-04
  3.6380E-03  1.1994E-03 -6.5070E-05 -1.0342E-04
  3.6628E-03  1.2152E-03 -6.5958E-05 -1.0483E-04
  3.6876E-03  1.2311E-03 -6.6857E-05 -1.0626E-04
  3.7127E-03  1.2472E-03 -6.7767E-05 -1.0771E-04
  3.7378E-03  1.2636E-03 -6.8690E-05 -1.0917E-04
  3.7632E-03  1.2801E-03 -6.9624E-05 -1.1066E-04
  3.7887E-03  1.2968E-03 -7.0571E-05 -1.1216E-04
  3.8143E-03  1.3138E-03 -7.1529E-05 -1.1368E-04
  3.8401E-03  1.3310E-03 -7.2500E-05 -1.1523E-04
  3.8661E-03  1.3483E-03 -7.3484E-05 -1.1679E-04
  3.8922E-03  1.3659E-03 -7.4480E-05 -1.1837E-04
  3.9185E-03  1.3837E-03 -7.5489E-05 -1.1998E-04
  3.9449E-03  1.4018E-03 -7.6512E-05 -1.2160E-04
  3.9715E-03  1.4200E-03 -7.7547E-05 -1.2325E-04
  3.9983E-03  1.4385E-03 -7.8596E-05 -1.2492E-04
  4.0252E-03  1.4572E-03 -7.9658E-05 -1.2660E-04
  4.0523E-03  1.4761E-03 -8.0734E-05 -1.2831E-04
  4.0796E-03  1.4953E-03 -8.1824E-05 -1.3005E-04
  4.1070E-03  1.5147E-03 -8.2928E-05 -1.3180E-04
  4.1346E-03  1.5344E-03 -8.4046E-05 -1.3358E-04
  4.1624E-03  1.5543E-03 -8.5178E-05 -1.3538E-04
  4.1903E-03  1.5744E-03 -8.6325E-05 -1.3720E-04
  4.2184E-03  1.5948E-03 -8.7487E-05 -1.3905E-04
  4.2467E-03  1.6155E-03 -8.8664E-05 -1.4092E-04
  4.2751E-03  1.6364E-03 -8.9855E-05 -1.4281E-04
  4.3037E-03  1.6575E-03 -9.1062E-05 -1.4473E-04
  4.3325E-03  1.6789E-03 -9.2285E-05 -1.4667E-04
  4.3615E-03  1.7006E-03 -9.3523E-05 -1.4864E-04
  4.3907E-03  1.7226E-03 -9.4778E-05 -1.5063E-04
  4.4200E-03  1.7448E-03 -9.6048E-05 -1.5265E-04
  4.4495E-03  1.7673E-03 -9.7335E-05 -1.5470E-04
  4.4792E-03  1.7901E-03 -9.8638E-05 -1.5677E-04
  4.5090E-03  1.8131E-03 -9.9958E-05 -1.5887E-04
  4.5391E-03  1.8364E-03 -1.0129E-04 -1.6099E-04
  4.5693E-03  1.8601E-03 -1.0265E-04 -1.6314E-04
  4.5998E-03  1.8840E-03 -1.0402E-04 -1.6532E-04
  4.6304E-03  1.9082E-03 -1.0541E-04 -1.6753E-04
  4.6612E-03  1.9327E-03 -1.0682E-04 -1.6977E-04
  4.6921E-03  1.9575E-03 -1.0824E-04 -1.7203E-04
  4.7233E-03  1.9826E-03 -1.0968E-04 -1.7432E-04
  4.7547E-03  2.0080E-03 -1.1114E-04 -1.7665E-04
  4.7862E-03  2.0338E-03 -1.1262E-04 -1.7900E-04
  4.8180E-03  2.0598E-03 -1.1412E-04 -1.8138E-04
  4.8499E-03  2.0862E-03 -1.1564E-04 -1.8379E-04
  4.8820E-03  2.1129E-03 -1.1718E-04 -1.8624E-04
  4.9144E-03  2.1399E-03 -1.1874E-04 -1.8871E-04
  4.9469E-03  2.1672E-03 -1.2031E-04 -1.9122E-04
  4.9796E-03  2.1949E-03 -1.2191E-04 -1.9376E-04
  5.0126E-03  2.2229E-03 -1.2353E-04 -1.9633E-04
  5.0457E-03  2.2513E-03 -1.2517E-04 -1.9893E-04
  5.0790E-03  2.2800E-03 -1.2682E-04 -2.0157E-04
  5.1126E-03  2.3090E-03 -1.2851E-04 -2.0424E-04
  5.1463E-03  2.3385E-03 -1.3021E-04 -2.0694E-04
  5.1802E-03  2.3682E-03 -1.3193E-04 -2.0968E-04
  5.2144E-03  2.3984E-03 -1.3368E-04 -2.1246E-04
  5.2488E-03  2.4289E-03 -1.3544E-04 -2.1527E-04
  5.2833E-03  2.4598E-03 -1.3723E-04 -2.1811E-04
  5.3181E-03  2.4910E-03 -1.3905E-04 -2.2099E-04
  5.3531E-03  2.5226E-03 -1.4088E-04 -2.2391E-04
  5.3883E-03  2.5547E-03 -1.4274E-04 -2.2687E-04
  5.4238E-03  2.5871E-03 -1.4463E-04 -2.2986E-04
  5.4594E-03  2.6199E-03 -1.4653E-04 -2.3289E-04
  5.4953E-03  2.6531E-03 -1.4846E-04 -2.3596E-04
  5.5314E-03  2.6867E-03 -1.5042E-04 -2.3907E-04
  5.5677E-03  2.7207E-03 -1.5240E-04 -2.4222E-04
  5.6042E-03  2.7551E-03 -1.5441E-04 -2.4541E-04
  5.6409E-03  2.7900E-03 -1.5644E-04 -2.4863E-04
  5.6779E-03  2.8253E-03 -1.5850E-04 -2.5190E-04
  5.7151E-03  2.8610E-03 -1.6058E-04 -2.5521E-04
  5.7525E-03  2.8971E-03 -1.6269E-04 -2.5857E-04
  5.7902E-03  2.9337E-03 -1.6483E-04 -2.6196E-04
  5.8281E-03  2.9707E-03 -1.6699E-04 -2.6540E-04
  5.8662E-03  3.0082E-03 -1.6918E-04 -2.6889E-04
  5.9045E-03  3.0461E-03 -1.7140E-04 -2.7241E-04
  5.9431E-03  3.0845E-03 -1.7365E-04 -2.7598E-04
  5.9819E-03  3.1233E-03 -1.7592E-04 -2.7960E-04
  6.0210E-03  3.1626E-03 -1.7823E-04 -2.8326E-04
  6.0603E-03  3.2024E-03 -1.8056E-04 -2.8697E-04
  6.0998E-03  3.2427E-03 -1.8292E-04 -2.9073E-04
  6.1396E-03  3.2834E-03 -1.8532E-04 -2.9453E-04
  6.1796E-03  3.3247E-03 -1.8774E-04 -2.9839E-04
  6.2199E-03  3.3664E-03 -1.9020E-04 -3.0229E-04
  6.2604E-03  3.4087E-03 -1.9268E-04 -3.0624E-04
  6.3011E-03  3.4514E-03 -1.9520E-04 -3.1024E-04
  6.3422E-03  3.4947E-03 -1.9775E-04 -3.1429E-04
  6.3834E-03  3.5385E-03 -2.0033E-04 -3.1839E-04
  6.4249E-03  3.5829E-03 -2.0294E-04 -3.2255E-04
  6.4667E-03  3.6277E-03 -2.0559E-04 -3.2675E-04
  6.5087E-03  3.6731E-03 -2.0827E-04 -3.3101E-04
  6.5510E-03  3.7191E-03 -2.1098E-04 -3.3533E-04
  6.5935E-03  3.7656E-03 -2.1373E-04 -3.3969E-04
  6.6363E-03  3.8126E-03 -2.1652E-04 -3.4412E-04
  6.6794E-03  3.8603E-03 -2.1933E-04 -3.4860E-04
  6.7227E-03  3.9085E-03 -2.2219E-04 -3.5313E-04
  6.7663E-03  3.9573E-03 -2.2508E-04 -3.5773E-04
  6.8101E-03  4.0066E-03 -2.2800E-04 -3.6238E-04
  6.8543E-03  4.0566E-03 -2.3097E-04 -3.6709E-04
  6.8986E-03  4.1071E-03 -2.3397E-04 -3.7186E-04
  6.9433E-03  4.1583E-03 -2.3701E-04 -3.7669E-04
  6.9882E-03  4.2101E-03 -2.4009E-04 -3.8158E-04
  7.0334E-03  4.2625E-03 -2.4320E-04 -3.8653E-04
  7.0789E-03  4.3155E-03 -2.4636E-04 -3.9155E-04
  7.1247E-03  4.3692E-03 -2.4955E-04 -3.9663E-04
  7.1707E-03  4.4235E-03 -2.5279E-04 -4.0177E-04
  7.2171E-03  4.4784E-03 -2.5607E-04 -4.0698E-04
  7.2637E-03  4.5341E-03 -2.5938E-04 -4.1225E-04
  7.3106E-03  4.5903E-03 -2.6274E-04 -4.1759E-04
  7.3577E-03  4.6473E-03 -2.6614E-04 -4.2300E-04
  7.4052E-03  4.7049E-03 -2.6959E-04 -4.2847E-04
  7.4530E-03  4.7632E-03 -2.7308E-04 -4.3402E-04
  7.5010E-03  4.8223E-03 -2.7661E-04 -4.3963E-04
  7.5494E-03  4.8820E-03 -2.8019E-04 -4.4531E-04
  7.5980E-03  4.9424E-03 -2.8381E-04 -4.5107E-04
  7.6469E-03  5.0036E-03 -2.8748E-04 -4.5690E-04
  7.6962E-03  5.0655E-03 -2.9119E-04 -4.6280E-04
  7.7457E-03  5.1281E-03 -2.9495E-04 -4.6878E-04
  7.7956E-03  5.1915E-03 -2.9876E-04 -4.7483E-04
  7.8457E-03  5.2556E-03 -3.0261E-04 -4.8096E-04
  7.8961E-03  5.3205E-03 -3.0652E-04 -4.8716E-04
  7.9469E-03  5.3861E-03 -3.1047E-04 -4.9345E-04
  7.9980E-03  5.4526E-03 -3.1447E-04 -4.9981E-04
  8.0494E-03  5.5198E-03 -3.1853E-04 -5.0625E-04
  8.1011E-03  5.5878E-03 -3.2263E-04 -5.1277E-04
  8.1531E-03  5.6566E-03 -3.2679E-04 -5.1938E-04
  8.2054E-03  5.7263E-03 -3.3099E-04 -5.2607E-04
  8.2580E-03  5.7968E-03 -3.3526E-04 -5.3284E-04
  8.3110E-03  5.8681E-03 -3.3957E-04 -5.3970E-04
  8.3643E-03  5.9402E-03 -3.4394E-04 -5.4664E-04
  8.4179E-03  6.0133E-03 -3.4836E-04 -5.5367E-04
  8.4719E-03  6.0871E-03 -3.5284E-04 -5.6079E-04
  8.5262E-03  6.1619E-03 -3.5738E-04 -5.6800E-04
  8.5808E-03  6.2375E-03 -3.6197E-04 -5.7530E-04
  8.6357E-03  6.3141E-03 -3.6662E-04 -5.8269E-04
  8.6910E-03  6.3915E-03 -3.7133E-04 -5.9017E-04
  8.7466E-03  6.4699E-03 -3.7610E-04 -5.9775E-04
  8.8026E-03  6.5491E-03 -3.8092E-04 -6.0542E-04
  8.8589E-03  6.6293E-03 -3.8581E-04 -6.1319E-04
  8.9155E-03  6.7105E-03 -3.9076E-04 -6.2105E-04
  8.9725E-03  6.7926E-03 -3.9577E-04 -6.2902E-04
  9.0299E-03  6.8757E-03 -4.0085E-04 -6.3708E-04
  9.0876E-03  6.9598E-03 -4.0598E-04 -6.4525E-04
  9.1456E-03  7.0448E-03 -4.1119E-04 -6.5352E-04
  9.2040E-03  7.1309E-03 -4.1645E-04 -6.6189E-04
  9.2628E-03  7.2180E-03 -4.2179E-04 -6.7036E-04
  9.3219E-03  7.3061E-03 -4.2719E-04 -6.7895E-04
  9.3813E-03  7.3952E-03 -4.3265E-04 -6.8764E-04
  9.4412E-03  7.4854E-03 -4.3819E-04 -6.9644E-04
  9.5014E-03  7.5766E-03 -4.4380E-04 -7.0535E-04
  9.5620E-03  7.6689E-03 -4.4947E-04 -7.1437E-04
  9.6229E-03  7.7623E-03 -4.5522E-04 -7.2350E-04
  9.6842E-03  7.8568E-03 -4.6104E-04 -7.3275E-04
  9.7459E-03  7.9524E-03 -4.6693E-04 -7.4211E-04
  9.8080E-03  8.0491E-03 -4.7290E-04 -7.5160E-04
  9.8704E-03  8.1469E-03 -4.7894E-04 -7.6120E-04
  9.9333E-03  8.2459E-03 -4.8505E-04 -7.7092E-04
  9.9965E-03  8.3461E-03 -4.9125E-04 -7.8076E-04
  1.0060E-02  8.4474E-03 -4.9752E-04 -7.9072E-04
  1.0124E-02  8.5499E-03 -5.0386E-04 -8.0081E-04
  1.0188E-02  8.6536E-03 -5.1029E-04 -8.1103E-04
  1.0253E-02  8.7586E-03 -5.1680E-04 -8.2137E-04
  1.0318E-02  8.8647E-03 -5.2339E-04 -8.3185E-04
  1.0384E-02  8.9721E-03 -5.3006E-04 -8.4245E-04
  1.0450E-02  9.0807E-03 -5.3682E-04 -8.5319E-04
  1.0516E-02  9.1906E-03 -5.4366E-04 -8.6406E-04
  1.0583E-02  9.3018E-03 -5.5058E-04 -8.7507E-04
  1.0650E-02  9.4143E-03 -5.5759E-04 -8.8621E-04
  1.0718E-02  9.5281E-03 -5.6469E-04 -8.9749E-04
  1.0786E-02  9.6432E-03 -5.7188E-04 -9.0892E-04
  1.0854E-02  9.7596E-03 -5.7916E-04 -9.2049E-04
  1.0923E-02  9.8774E-03 -5.8653E-04 -9.3220E-04
  1.0992E-02  9.9966E-03 -5.9399E-04 -9.4406E-04
  1.1062E-02  1.0117E-02 -6.0154E-04 -9.5606E-04
  1.1132E-02  1.0239E-02 -6.0919E-04 -9.6822E-04
  1.1203E-02  1.0362E-02 -6.1694E-04 -9.8053E-04
  1.1274E-02  1.0487E-02 -6.2478E-04 -9.9299E-04
  1.1345E-02  1.0614E-02 -6.3272E-04 -1.0056E-03
  1.1417E-02  1.0741E-02 -6.4075E-04 -1.0184E-03
  1.1489E-02  1.0870E-02 -6.4889E-04 -1.0313E-03
  1.1562E-02  1.1001E-02 -6.5713E-04 -1.0444E-03
  1.1635E-02  1.1133E-02 -6.6547E-04 -1.0577E-03
  1.1709E-02  1.1267E-02 -6.7392E-04 -1.0711E-03
  1.1783E-02  1.1402E-02 -6.8247E-04 -1.0847E-03
  1.1857E-02  1.1539E-02 -6.9113E-04 -1.0984E-03
  1.1932E-02  1.1677E-02 -6.9990E-04 -1.1124E-03
  1.2008E-02  1.1817E-02 -7.0877E-04 -1.1265E-03
  1.2084E-02  1.1959E-02 -7.1776E-04 -1.1408E-03
  1.2160E-02  1.2102E-02 -7.2686E-04 -1.1552E-03
  1.2237E-02  1.2247E-02 -7.3607E-04 -1.1699E-03
  1.2314E-02  1.2394E-02 -7.4540E-04 -1.1847E-03
  1.2392E-02  1.2542E-02 -7.5484E-04 -1.1997E-03
  1.2470E-02  1.2692E-02 -7.6440E-04 -1.2149E-03
  1.2549E-02  1.2844E-02 -7.7408E-04 -1.2303E-03
  1.2628E-02  1.2997E-02 -7.8388E-04 -1.2459E-03
  1.2708E-02  1.3152E-02 -7.9380E-04 -1.2616E-03
  1.2788E-02  1.3309E-02 -8.0385E-04 -1.2776E-03
  1.2869E-02  1.3468E-02 -8.1402E-04 -1.2938E-03
  1.2950E-02  1.3629E-02 -8.2432E-04 -1.3101E-03
  1.3031E-02  1.3791E-02 -8.3475E-04 -1.3267E-03
  1.3114E-02  1.3955E-02 -8.4530E-04 -1.3435E-03
  1.3196E-02  1.4121E-02 -8.5599E-04 -1.3605E-03
  1.3279E-02  1.4289E-02 -8.6681E-04 -1.3777E-03
  1.3363E-02  1.4459E-02 -8.7777E-04 -1.3951E-03
  1.3447E-02  1.4631E-02 -8.8886E-04 -1.4127E-03
  1.3532E-02  1.4805E-02 -9.0009E-04 -1.4306E-03
  1.3617E-02  1.4981E-02 -9.1146E-04 -1.4486E-03
  1.3703E-02  1.5159E-02 -9.2297E-04 -1.4669E-03
  1.3789E-02  1.5339E-02 -9.3462E-04 -1.4854E-03
  1.3876E-02  1.5521E-02 -9.4642E-04 -1.5042E-03
  1.3963E-02  1.5705E-02 -9.5837E-04 -1.5232E-03
  1.4051E-02  1.5891E-02 -9.7046E-04 -1.5424E-03
  1.4140E-02  1.6079E-02 -9.8271E-04 -1.5619E-03
  1.4229E-02  1.6269E-02 -9.9510E-04 -1.5816E-03
  1.4318E-02  1.6462E-02 -1.0077E-03 -1.6015E-03
  1.4408E-02  1.6656E-02 -1.0204E-03 -1.6217E-03
  1.4499E-02  1.6853E-02 -1.0332E-03 -1.6422E-03
  1.4590E-02  1.7052E-02 -1.0463E-03 -1.6629E-03
  1.4681E-02  1.7254E-02 -1.0594E-03 -1.6838E-03
  1.4774E-02  1.7457E-02 -1.0728E-03 -1.7050E-03
  1.4866E-02  1.7663E-02 -1.0863E-03 -1.7265E-03
  1.4960E-02  1.7871E-02 -1.1000E-03 -1.7483E-03
  1.5054E-02  1.8082E-02 -1.1138E-03 -1.7703E-03
  1.5148E-02  1.8295E-02 -1.1279E-03 -1.7926E-03
  1.5243E-02  1.8510E-02 -1.1421E-03 -1.8152E-03
  1.5339E-02  1.8728E-02 -1.1565E-03 -1.8380E-03
  1.5435E-02  1.8948E-02 -1.1710E-03 -1.8611E-03
  1.5532E-02  1.9171E-02 -1.1857E-03 -1.8846E-03
  1.5630E-02  1.9396E-02 -1.2007E-03 -1.9083E-03
  1.5728E-02  1.9624E-02 -1.2158E-03 -1.9323E-03
  1.5826E-02  1.9855E-02 -1.2311E-03 -1.9566E-03
  1.5926E-02  2.0087E-02 -1.2466E-03 -1.9812E-03
  1.6025E-02  2.0323E-02 -1.2622E-03 -2.0061E-03
  1.6126E-02  2.0561E-02 -1.2781E-03 -2.0313E-03
  1.6227E-02  2.0802E-02 -1.2942E-03 -2.0569E-03
  1.6329E-02  2.1045E-02 -1.3104E-03 -2.0827E-03
  1.6431E-02  2.1292E-02 -1.3269E-03 -2.1089E-03
  1.6534E-02  2.1541E-02 -1.3436E-03 -2.1354E-03
  1.6637E-02  2.1792E-02 -1.3604E-03 -2.1622E-03
  1.6742E-02  2.2047E-02 -1.3775E-03 -2.1894E-03
  1.6846E-02  2.2304E-02 -1.3948E-03 -2.2169E-03
  1.6952E-02  2.2565E-02 -1.4124E-03 -2.2447E-03
  1.7058E-02  2.2828E-02 -1.4301E-03 -2.2729E-03
  1.7165E-02  2.3094E-02 -1.4480E-03 -2.3014E-03
  1.7272E-02  2.3363E-02 -1.4662E-03 -2.3303E-03
  1.7380E-02  2.3635E-02 -1.4846E-03 -2.3596E-03
  1.7489E-02  2.3910E-02 -1.5032E-03 -2.3892E-03
  1.7599E-02  2.4188E-02 -1.5221E-03 -2.4191E-03
  1.7709E-02  2.4470E-02 -1.5412E-03 -2.4495E-03
  1.7819E-02  2.4754E-02 -1.5605E-03 -2.4802E-03
  1.7931E-02  2.5041E-02 -1.5801E-03 -2.5113E-03
  1.8043E-02  2.5332E-02 -1.5999E-03 -2.5428E-03
  1.8156E-02  2.5626E-02 -1.6200E-03 -2.5747E-03
  1.8269E-02  2.5923E-02 -1.6403E-03 -2.6070E-03
  1.8383E-02  2.6223E-02 -1.6608E-03 -2.6396E-03
  1.8498E-02  2.6527E-02 -1.6816E-03 -2.6727E-03
  1.8614E-02  2.6834E-02 -1.7027E-03 -2.7062E-03
  1.8730E-02  2.7144E-02 -1.7240E-03 -2.7401E-03
  1.8847E-02  2.7458E-02 -1.7456E-03 -2.7744E-03
  1.8965E-02  2.7775E-02 -1.7675E-03 -2.8092E-03
  1.9083E-02  2.8096E-02 -1.7896E-03 -2.8444E-03
  1.9202E-02  2.8420E-02 -1.8120E-03 -2.8800E-03
  1.9322E-02  2.8748E-02 -1.8347E-03 -2.9160E-03
  1.9443E-02  2.9080E-02 -1.8577E-03 -2.9525E-03
  1.9564E-02  2.9415E-02 -1.8809E-03 -2.9895E-03
  1.9686E-02  2.9753E-02 -1.9045E-03 -3.0269E-03
  1.9809E-02  3.0096E-02 -1.9283E-03 -3.0648E-03
  1.9933E-02  3.0442E-02 -1.9524E-03 -3.1031E-03
  2.0057E-02  3.0792E-02 -1.9769E-03 -3.1419E-03
  2.0182E-02  3.1145E-02 -2.0016E-03 -3.1812E-03
  2.0308E-02  3.1503E-02 -2.0266E-03 -3.2210E-03
  2.0435E-02  3.1864E-02 -2.0520E-03 -3.2613E-03
  2.0562E-02  3.2230E-02 -2.0776E-03 -3.3021E-03
  2.0690E-02  3.2599E-02 -2.1036E-03 -3.3434E-03
  2.0819E-02  3.2972E-02 -2.1299E-03 -3.3851E-03
  2.0949E-02  3.3350E-02 -2.1565E-03 -3.4275E-03
  2.1080E-02  3.3731E-02 -2.1835E-03 -3.4703E-03
  2.1211E-02  3.4117E-02 -2.2107E-03 -3.5136E-03
  2.1343E-02  3.4506E-02 -2.2384E-03 -3.5575E-03
  2.1476E-02  3.4900E-02 -2.2663E-03 -3.6020E-03
  2.1610E-02  3.5299E-02 -2.2946E-03 -3.6470E-03
  2.1745E-02  3.5701E-02 -2.3233E-03 -3.6925E-03
  2.1880E-02  3.6108E-02 -2.3523E-03 -3.7386E-03
  2.2016E-02  3.6519E-02 -2.3817E-03 -3.7853E-03
  2.2153E-02  3.6935E-02 -2.4114E-03 -3.8326E-03
  2.2291E-02  3.7355E-02 -2.4415E-03 -3.8804E-03
  2.2430E-02  3.7779E-02 -2.4720E-03 -3.9288E-03
  2.2570E-02  3.8209E-02 -2.5028E-03 -3.9779E-03
  2.2710E-02  3.8642E-02 -2.5341E-03 -4.0275E-03
  2.2851E-02  3.9081E-02 -2.5657E-03 -4.0778E-03
  2.2994E-02  3.9524E-02 -2.5977E-03 -4.1286E-03
  2.3137E-02  3.9971E-02 -2.6301E-03 -4.1801E-03
  2.3281E-02  4.0424E-02 -2.6629E-03 -4.2323E-03
  2.3425E-02  4.0881E-02 -2.6961E-03 -4.2851E-03
  2.3571E-02  4.1343E-02 -2.7297E-03 -4.3385E-03
  2.3718E-02  4.1811E-02 -2.7638E-03 -4.3926E-03
  2.3865E-02  4.2283E-02 -2.7982E-03 -4.4473E-03
  2.4014E-02  4.2760E-02 -2.8331E-03 -4.5028E-03
  2.4163E-02  4.3242E-02 -2.8684E-03 -4.5589E-03
  2.4313E-02  4.3729E-02 -2.9042E-03 -4.6157E-03
  2.4464E-02  4.4221E-02 -2.9403E-03 -4.6732E-03
  2.4616E-02  4.4719E-02 -2.9770E-03 -4.7315E-03
  2.4769E-02  4.5222E-02 -3.0141E-03 -4.7904E-03
  2.4923E-02  4.5730E-02 -3.0516E-03 -4.8501E-03
  2.5078E-02  4.6244E-02 -3.0896E-03 -4.9105E-03
  2.5234E-02  4.6762E-02 -3.1281E-03 -4.9717E-03
  2.5391E-02  4.7287E-02 -3.1671E-03 -5.0336E-03
  2.5548E-02  4.7817E-02 -3.2065E-03 -5.0963E-03
  2.5707E-02  4.8352E-02 -3.2464E-03 -5.1597E-03
  2.5867E-02  4.8893E-02 -3.2868E-03 -5.2239E-03
  2.6027E-02  4.9439E-02 -3.3277E-03 -5.2890E-03
  2.6189E-02  4.9992E-02 -3.3692E-03 -5.3548E-03
  2.6352E-02  5.0550E-02 -3.4111E-03 -5.4214E-03
  2.6515E-02  5.1114E-02 -3.4535E-03 -5.4889E-03
  2.6680E-02  5.1684E-02 -3.4965E-03 -5.5572E-03
  2.6845E-02  5.2259E-02 -3.5400E-03 -5.6263E-03
  2.7012E-02  5.2841E-02 -3.5841E-03 -5.6963E-03
  2.7180E-02  5.3429E-02 -3.6286E-03 -5.7672E-03
  2.7348E-02  5.4022E-02 -3.6738E-03 -5.8389E-03
  2.7518E-02  5.4622E-02 -3.7195E-03 -5.9115E-03
  2.7689E-02  5.5229E-02 -3.7657E-03 -5.9850E-03
  2.7860E-02  5.5841E-02 -3.8125E-03 -6.0594E-03
  2.8033E-02  5.6460E-02 -3.8599E-03 -6.1348E-03
  2.8207E-02  5.7085E-02 -3.9079E-03 -6.2110E-03
  2.8382E-02  5.7716E-02 -3.9565E-03 -6.2882E-03
  2.8558E-02  5.8354E-02 -4.0056E-03 -6.3664E-03
  2.8735E-02  5.8999E-02 -4.0554E-03 -6.4455E-03
  2.8913E-02  5.9650E-02 -4.1058E-03 -6.5256E-03
  2.9093E-02  6.0307E-02 -4.1568E-03 -6.6067E-03
  2.9273E-02  6.0972E-02 -4.2085E-03 -6.6887E-03
  2.9454E-02  6.1643E-02 -4.2608E-03 -6.7718E-03
  2.9637E-02  6.2321E-02 -4.3137E-03 -6.8560E-03
  2.9821E-02  6.3006E-02 -4.3673E-03 -6.9411E-03
  3.0005E-02  6.3698E-02 -4.4215E-03 -7.0273E-03
  3.0191E-02  6.4397E-02 -4.4764E-03 -7.1146E-03
  3.0378E-02  6.5103E-02 -4.5320E-03 -7.2029E-03
  3.0567E-02  6.5816E-02 -4.5882E-03 -7.2923E-03
  3.0756E-02  6.6537E-02 -4.6452E-03 -7.3828E-03
  3.0946E-02  6.7264E-02 -4.7029E-03 -7.4745E-03
  3.1138E-02  6.7999E-02 -4.7612E-03 -7.5673E-03
  3.1331E-02  6.8741E-02 -4.8203E-03 -7.6612E-03
  3.1525E-02  6.9491E-02 -4.8801E-03 -7.7562E-03
  3.1720E-02  7.0249E-02 -4.9407E-03 -7.8525E-03
  3.1917E-02  7.1014E-02 -5.0020E-03 -7.9499E-03
  3.2114E-02  7.1786E-02 -5.0640E-03 -8.0485E-03
  3.2313E-02  7.2566E-02 -5.1268E-03 -8.1484E-03
  3.2513E-02  7.3354E-02 -5.1904E-03 -8.2494E-03
  3.2714E-02  7.4150E-02 -5.2548E-03 -8.3517E-03
  3.2917E-02  7.4954E-02 -5.3200E-03 -8.4553E-03
  3.3121E-02  7.5766E-02 -5.3859E-03 -8.5602E-03
  3.3326E-02  7.6586E-02 -5.4527E-03 -8.6663E-03
  3.3532E-02  7.7414E-02 -5.5203E-03 -8.7737E-03
  3.3739E-02  7.8250E-02 -5.5888E-03 -8.8825E-03
  3.3948E-02  7.9094E-02 -5.6580E-03 -8.9926E-03
  3.4158E-02  7.9947E-02 -5.7282E-03 -9.1041E-03
  3.4369E-02  8.0808E-02 -5.7991E-03 -9.2169E-03
  3.4582E-02  8.1677E-02 -5.8710E-03 -9.3311E-03
  3.4796E-02  8.2555E-02 -5.9438E-03 -9.4467E-03
  3.5011E-02  8.3442E-02 -6.0174E-03 -9.5638E-03
  3.5228E-02  8.4337E-02 -6.0919E-03 -9.6822E-03
  3.5446E-02  8.5241E-02 -6.1674E-03 -9.8022E-03
  3.5665E-02  8.6154E-02 -6.2438E-03 -9.9236E-03
  3.5885E-02  8.7076E-02 -6.3211E-03 -1.0046E-02
  3.6107E-02  8.8006E-02 -6.3994E-03 -1.0171E-02
  3.6330E-02  8.8946E-02 -6.4787E-03 -1.0297E-02
  3.6555E-02  8.9895E-02 -6.5589E-03 -1.0424E-02
  3.6781E-02  9.0853E-02 -6.6401E-03 -1.0553E-02
  3.7008E-02  9.1820E-02 -6.7223E-03 -1.0684E-02
  3.7237E-02  9.2796E-02 -6.8055E-03 -1.0816E-02
  3.7467E-02  9.3782E-02 -6.8897E-03 -1.0950E-02
  3.7699E-02  9.4777E-02 -6.9750E-03 -1.1086E-02
  3.7932E-02  9.5782E-02 -7.0613E-03 -1.1223E-02
  3.8166E-02  9.6796E-02 -7.1487E-03 -1.1362E-02
  3.8402E-02  9.7820E-02 -7.2371E-03 -1.1502E-02
  3.8639E-02  9.8854E-02 -7.3267E-03 -1.1645E-02
  3.8878E-02  9.9897E-02 -7.4173E-03 -1.1789E-02
  3.9118E-02  1.0095E-01 -7.5091E-03 -1.1935E-02
  3.9360E-02  1.0201E-01 -7.6019E-03 -1.2082E-02
  3.9603E-02  1.0309E-01 -7.6960E-03 -1.2232E-02
  3.9847E-02  1.0417E-01 -7.7911E-03 -1.2383E-02
  4.0094E-02  1.0526E-01 -7.8875E-03 -1.2536E-02
  4.0341E-02  1.0637E-01 -7.9850E-03 -1.2691E-02
  4.0590E-02  1.0748E-01 -8.0837E-03 -1.2848E-02
  4.0841E-02  1.0861E-01 -8.1837E-03 -1.3007E-02
  4.1093E-02  1.0974E-01 -8.2848E-03 -1.3168E-02
  4.1347E-02  1.1089E-01 -8.3872E-03 -1.3330E-02
  4.1602E-02  1.1205E-01 -8.4909E-03 -1.3495E-02
  4.1859E-02  1.1321E-01 -8.5958E-03 -1.3662E-02
  4.2117E-02  1.1439E-01 -8.7020E-03 -1.3831E-02
  4.2377E-02  1.1558E-01 -8.8096E-03 -1.4001E-02
  4.2639E-02  1.1678E-01 -8.9184E-03 -1.4174E-02
  4.2902E-02  1.1799E-01 -9.0286E-03 -1.4350E-02
  4.3167E-02  1.1921E-01 -9.1401E-03 -1.4527E-02
  4.3433E-02  1.2044E-01 -9.2530E-03 -1.4706E-02
  4.3701E-02  1.2169E-01 -9.3673E-03 -1.4888E-02
  4.3971E-02  1.2294E-01 -9.4830E-03 -1.5072E-02
  4.4242E-02  1.2421E-01 -9.6001E-03 -1.5258E-02
  4.4515E-02  1.2549E-01 -9.7186E-03 -1.5446E-02
  4.4790E-02  1.2678E-01 -9.8386E-03 -1.5637E-02
  4.5066E-02  1.2808E-01 -9.9600E-03 -1.5830E-02
  4.5344E-02  1.2940E-01 -1.0083E-02 -1.6025E-02
  4.5624E-02  1.3072E-01 -1.0207E-02 -1.6223E-02
  4.5905E-02  1.3206E-01 -1.0333E-02 -1.6423E-02
  4.6188E-02  1.3341E-01 -1.0461E-02 -1.6626E-02
  4.6473E-02  1.3477E-01 -1.0590E-02 -1.6831E-02
  4.6760E-02  1.3614E-01 -1.0721E-02 -1.7039E-02
  4.7048E-02  1.3753E-01 -1.0853E-02 -1.7249E-02
  4.7338E-02  1.3892E-01 -1.0987E-02 -1.7462E-02
  4.7630E-02  1.4033E-01 -1.1122E-02 -1.7677E-02
  4.7924E-02  1.4176E-01 -1.1260E-02 -1.7895E-02
  4.8219E-02  1.4319E-01 -1.1398E-02 -1.8116E-02
  4.8517E-02  1.4464E-01 -1.1539E-02 -1.8340E-02
  4.8816E-02  1.4610E-01 -1.1681E-02 -1.8566E-02
  4.9117E-02  1.4757E-01 -1.1825E-02 -1.8795E-02
  4.9420E-02  1.4906E-01 -1.1971E-02 -1.9026E-02
  4.9724E-02  1.5056E-01 -1.2119E-02 -1.9261E-02
  5.0031E-02  1.5207E-01 -1.2268E-02 -1.9498E-02
  5.0339E-02  1.5359E-01 -1.2419E-02 -1.9739E-02
  5.0649E-02  1.5513E-01 -1.2572E-02 -1.9982E-02
  5.0961E-02  1.5668E-01 -1.2727E-02 -2.0228E-02
  5.1276E-02  1.5824E-01 -1.2884E-02 -2.0477E-02
  5.1591E-02  1.5982E-01 -1.3043E-02 -2.0730E-02
  5.1909E-02  1.6141E-01 -1.3204E-02 -2.0985E-02
  5.2229E-02  1.6302E-01 -1.3366E-02 -2.1244E-02
  5.2551E-02  1.6463E-01 -1.3531E-02 -2.1505E-02
  5.2875E-02  1.6627E-01 -1.3698E-02 -2.1770E-02
  5.3201E-02  1.6791E-01 -1.3866E-02 -2.2038E-02
  5.3528E-02  1.6957E-01 -1.4037E-02 -2.2310E-02
  5.3858E-02  1.7124E-01 -1.4210E-02 -2.2584E-02
  5.4190E-02  1.7293E-01 -1.4385E-02 -2.2863E-02
  5.4524E-02  1.7463E-01 -1.4562E-02 -2.3144E-02
  5.4859E-02  1.7634E-01 -1.4741E-02 -2.3429E-02
  5.5197E-02  1.7807E-01 -1.4923E-02 -2.3717E-02
  5.5537E-02  1.7982E-01 -1.5106E-02 -2.4009E-02
  5.5879E-02  1.8157E-01 -1.5292E-02 -2.4305E-02
  5.6223E-02  1.8334E-01 -1.5480E-02 -2.4604E-02
  5.6570E-02  1.8513E-01 -1.5671E-02 -2.4906E-02
  5.6918E-02  1.8693E-01 -1.5864E-02 -2.5213E-02
  5.7268E-02  1.8875E-01 -1.6059E-02 -2.5523E-02
  5.7621E-02  1.9058E-01 -1.6256E-02 -2.5837E-02
  5.7976E-02  1.9242E-01 -1.6456E-02 -2.6155E-02
  5.8333E-02  1.9428E-01 -1.6659E-02 -2.6477E-02
  5.8692E-02  1.9615E-01 -1.6864E-02 -2.6802E-02
  5.9053E-02  1.9804E-01 -1.7071E-02 -2.7132E-02
  5.9417E-02  1.9995E-01 -1.7281E-02 -2.7465E-02
  5.9782E-02  2.0186E-01 -1.7493E-02 -2.7803E-02
  6.0150E-02  2.0380E-01 -1.7708E-02 -2.8145E-02
  6.0521E-02  2.0575E-01 -1.7926E-02 -2.8491E-02
  6.0893E-02  2.0771E-01 -1.8146E-02 -2.8841E-02
  6.1268E-02  2.0969E-01 -1.8369E-02 -2.9195E-02
  6.1645E-02  2.1168E-01 -1.8595E-02 -2.9554E-02
  6.2024E-02  2.1369E-01 -1.8824E-02 -2.9917E-02
  6.2406E-02  2.1572E-01 -1.9055E-02 -3.0285E-02
  6.2790E-02  2.1776E-01 -1.9289E-02 -3.0657E-02
  6.3176E-02  2.1982E-01 -1.9526E-02 -3.1033E-02
  6.3565E-02  2.2189E-01 -1.9766E-02 -3.1414E-02
  6.3956E-02  2.2397E-01 -2.0008E-02 -3.1800E-02
  6.4350E-02  2.2608E-01 -2.0254E-02 -3.2191E-02
  6.4746E-02  2.2820E-01 -2.0503E-02 -3.2586E-02
  6.5144E-02  2.3033E-01 -2.0754E-02 -3.2986E-02
  6.5545E-02  2.3248E-01 -2.1009E-02 -3.3391E-02
  6.5948E-02  2.3465E-01 -2.1267E-02 -3.3801E-02
  6.6354E-02  2.3683E-01 -2.1528E-02 -3.4215E-02
  6.6762E-02  2.3903E-01 -2.1792E-02 -3.4635E-02
  6.7172E-02  2.4124E-01 -2.2060E-02 -3.5060E-02
  6.7586E-02  2.4347E-01 -2.2330E-02 -3.5490E-02
  6.8001E-02  2.4572E-01 -2.2604E-02 -3.5926E-02
  6.8420E-02  2.4798E-01 -2.2882E-02 -3.6366E-02
  6.8840E-02  2.5026E-01 -2.3162E-02 -3.6812E-02
  6.9264E-02  2.5255E-01 -2.3446E-02 -3.7264E-02
  6.9690E-02  2.5486E-01 -2.3734E-02 -3.7721E-02
  7.0118E-02  2.5719E-01 -2.4025E-02 -3.8183E-02
  7.0549E-02  2.5953E-01 -2.4319E-02 -3.8651E-02
  7.0983E-02  2.6189E-01 -2.4617E-02 -3.9125E-02
  7.1420E-02  2.6427E-01 -2.4919E-02 -3.9605E-02
  7.1859E-02  2.6666E-01 -2.5225E-02 -4.0090E-02
  7.2301E-02  2.6907E-01 -2.5534E-02 -4.0581E-02
  7.2745E-02  2.7149E-01 -2.5846E-02 -4.1078E-02
  7.3192E-02  2.7393E-01 -2.6163E-02 -4.1582E-02
  7.3642E-02  2.7639E-01 -2.6484E-02 -4.2091E-02
  7.4095E-02  2.7886E-01 -2.6808E-02 -4.2607E-02
  7.4550E-02  2.8135E-01 -2.7136E-02 -4.3128E-02
  7.5009E-02  2.8386E-01 -2.7469E-02 -4.3656E-02
  7.5470E-02  2.8638E-01 -2.7805E-02 -4.4191E-02
  7.5934E-02  2.8892E-01 -2.8145E-02 -4.4732E-02
  7.6400E-02  2.9148E-01 -2.8490E-02 -4.5279E-02
  7.6870E-02  2.9405E-01 -2.8839E-02 -4.5834E-02
  7.7342E-02  2.9664E-01 -2.9191E-02 -4.6394E-02
  7.7818E-02  2.9925E-01 -2.9549E-02 -4.6962E-02
  7.8296E-02  3.0187E-01 -2.9910E-02 -4.7537E-02
  7.8777E-02  3.0451E-01 -3.0276E-02 -4.8118E-02
  7.9261E-02  3.0716E-01 -3.0646E-02 -4.8707E-02
  7.9748E-02  3.0984E-01 -3.1021E-02 -4.9302E-02
  8.0238E-02  3.1252E-01 -3.1401E-02 -4.9905E-02
  8.0731E-02  3.1523E-01 -3.1785E-02 -5.0515E-02
  8.1228E-02  3.1795E-01 -3.2173E-02 -5.1133E-02
  8.1727E-02  3.2069E-01 -3.2566E-02 -5.1758E-02
  8.2229E-02  3.2344E-01 -3.2964E-02 -5.2390E-02
  8.2734E-02  3.2621E-01 -3.3367E-02 -5.3031E-02
  8.3242E-02  3.2899E-01 -3.3775E-02 -5.3678E-02
  8.3754E-02  3.3180E-01 -3.4188E-02 -5.4334E-02
  8.4268E-02  3.3462E-01 -3.4605E-02 -5.4998E-02
  8.4786E-02  3.3745E-01 -3.5028E-02 -5.5669E-02
  8.5307E-02  3.4030E-01 -3.5456E-02 -5.6349E-02
  8.5831E-02  3.4317E-01 -3.5889E-02 -5.7037E-02
  8.6358E-02  3.4605E-01 -3.6327E-02 -5.7733E-02
  8.6889E-02  3.4895E-01 -3.6770E-02 -5.8438E-02
  8.7422E-02  3.5186E-01 -3.7219E-02 -5.9151E-02
  8.7959E-02  3.5479E-01 -3.7673E-02 -5.9873E-02
  8.8499E-02  3.5774E-01 -3.8133E-02 -6.0603E-02
  8.9043E-02  3.6070E-01 -3.8598E-02 -6.1343E-02
  8.9590E-02  3.6368E-01 -3.9069E-02 -6.2091E-02
  9.0140E-02  3.6667E-01 -3.9545E-02 -6.2848E-02
  9.0694E-02  3.6968E-01 -4.0027E-02 -6.3614E-02
  9.1251E-02  3.7271E-01 -4.0515E-02 -6.4390E-02
  9.1811E-02  3.7575E-01 -4.1009E-02 -6.5174E-02
  9.2375E-02  3.7880E-01 -4.1509E-02 -6.5969E-02
  9.2942E-02  3.8187E-01 -4.2015E-02 -6.6772E-02
  9.3513E-02  3.8496E-01 -4.2527E-02 -6.7586E-02
  9.4087E-02  3.8806E-01 -4.3045E-02 -6.8409E-02
  9.4665E-02  3.9117E-01 -4.3569E-02 -6.9242E-02
  9.5246E-02  3.9430E-01 -4.4100E-02 -7.0085E-02
  9.5831E-02  3.9744E-01 -4.4637E-02 -7.0939E-02
  9.6419E-02  4.0060E-01 -4.5180E-02 -7.1802E-02
  9.7011E-02  4.0378E-01 -4.5730E-02 -7.2676E-02
  9.7607E-02  4.0696E-01 -4.6287E-02 -7.3560E-02
  9.8206E-02  4.1017E-01 -4.6850E-02 -7.4455E-02
  9.8809E-02  4.1338E-01 -4.7420E-02 -7.5361E-02
  9.9415E-02  4.1661E-01 -4.7997E-02 -7.6277E-02
  1.0003E-01  4.1986E-01 -4.8580E-02 -7.7204E-02
  1.0064E-01  4.2311E-01 -4.9171E-02 -7.8143E-02
  1.0126E-01  4.2638E-01 -4.9769E-02 -7.9093E-02
  1.0188E-01  4.2967E-01 -5.0374E-02 -8.0054E-02
  1.0250E-01  4.3296E-01 -5.0986E-02 -8.1026E-02
  1.0313E-01  4.3627E-01 -5.1605E-02 -8.2011E-02
  1.0377E-01  4.3960E-01 -5.2232E-02 -8.3007E-02
  1.0440E-01  4.4293E-01 -5.2867E-02 -8.4015E-02
  1.0504E-01  4.4628E-01 -5.3509E-02 -8.5034E-02
  1.0569E-01  4.4964E-01 -5.4158E-02 -8.6067E-02
  1.0634E-01  4.5301E-01 -5.4816E-02 -8.7111E-02
  1.0699E-01  4.5639E-01 -5.5481E-02 -8.8168E-02
  1.0765E-01  4.5979E-01 -5.6154E-02 -8.9237E-02
  1.0831E-01  4.6320E-01 -5.6835E-02 -9.0319E-02
  1.0897E-01  4.6662E-01 -5.7525E-02 -9.1414E-02
  1.0964E-01  4.7004E-01 -5.8222E-02 -9.2523E-02
  1.1031E-01  4.7348E-01 -5.8928E-02 -9.3644E-02
  1.1099E-01  4.7694E-01 -5.9642E-02 -9.4779E-02
  1.1167E-01  4.8040E-01 -6.0365E-02 -9.5927E-02
  1.1236E-01  4.8387E-01 -6.1096E-02 -9.7088E-02
  1.1305E-01  4.8735E-01 -6.1836E-02 -9.8264E-02
  1.1374E-01  4.9084E-01 -6.2585E-02 -9.9453E-02
  1.1444E-01  4.9434E-01 -6.3343E-02 -1.0066E-01
  1.1514E-01  4.9785E-01 -6.4110E-02 -1.0188E-01
  1.1585E-01  5.0137E-01 -6.4885E-02 -1.0311E-01
  1.1656E-01  5.0489E-01 -6.5671E-02 -1.0435E-01
  1.1727E-01  5.0843E-01 -6.6465E-02 -1.0562E-01
  1.1799E-01  5.1197E-01 -6.7269E-02 -1.0689E-01
  1.1872E-01  5.1552E-01 -6.8082E-02 -1.0818E-01
  1.1944E-01  5.1908E-01 -6.8905E-02 -1.0949E-01
  1.2018E-01  5.2264E-01 -6.9738E-02 -1.1081E-01
  1.2091E-01  5.2621E-01 -7.0580E-02 -1.1215E-01
  1.2166E-01  5.2979E-01 -7.1433E-02 -1.1351E-01
  1.2240E-01  5.3337E-01 -7.2295E-02 -1.1488E-01
  1.2315E-01  5.3696E-01 -7.3168E-02 -1.1626E-01
  1.2391E-01  5.4056E-01 -7.4051E-02 -1.1766E-01
  1.2467E-01  5.4416E-01 -7.4944E-02 -1.1908E-01
  1.2543E-01  5.4776E-01 -7.5849E-02 -1.2052E-01
  1.2620E-01  5.5137E-01 -7.6763E-02 -1.2197E-01
  1.2698E-01  5.5499E-01 -7.7689E-02 -1.2344E-01
  1.2775E-01  5.5860E-01 -7.8625E-02 -1.2493E-01
  1.2854E-01  5.6222E-01 -7.9572E-02 -1.2643E-01
  1.2933E-01  5.6585E-01 -8.0531E-02 -1.2795E-01
  1.3012E-01  5.6947E-01 -8.1501E-02 -1.2949E-01
  1.3092E-01  5.7310E-01 -8.2482E-02 -1.3105E-01
  1.3172E-01  5.7673E-01 -8.3475E-02 -1.3263E-01
  1.3253E-01  5.8036E-01 -8.4479E-02 -1.3422E-01
  1.3334E-01  5.8399E-01 -8.5495E-02 -1.3584E-01
  1.3416E-01  5.8762E-01 -8.6523E-02 -1.3747E-01
  1.3498E-01  5.9125E-01 -8.7564E-02 -1.3912E-01
  1.3581E-01  5.9489E-01 -8.8616E-02 -1.4079E-01
  1.3664E-01  5.9852E-01 -8.9680E-02 -1.4248E-01
  1.3748E-01  6.0214E-01 -9.0758E-02 -1.4419E-01
  1.3832E-01  6.0577E-01 -9.1847E-02 -1.4592E-01
  1.3917E-01  6.0940E-01 -9.2950E-02 -1.4767E-01
  1.4002E-01  6.1302E-01 -9.4065E-02 -1.4944E-01
  1.4088E-01  6.1663E-01 -9.5193E-02 -1.5123E-01
  1.4175E-01  6.2025E-01 -9.6335E-02 -1.5304E-01
  1.4262E-01  6.2386E-01 -9.7489E-02 -1.5487E-01
  1.4349E-01  6.2746E-01 -9.8657E-02 -1.5673E-01
  1.4437E-01  6.3106E-01 -9.9839E-02 -1.5860E-01
  1.4526E-01  6.3466E-01 -1.0103E-01 -1.6050E-01
  1.4615E-01  6.3824E-01 -1.0224E-01 -1.6242E-01
  1.4704E-01  6.4182E-01 -1.0347E-01 -1.6436E-01
  1.4794E-01  6.4540E-01 -1.0471E-01 -1.6632E-01
  1.4885E-01  6.4896E-01 -1.0596E-01 -1.6831E-01
  1.4976E-01  6.5252E-01 -1.0722E-01 -1.7032E-01
  1.5068E-01  6.5606E-01 -1.0850E-01 -1.7235E-01
  1.5160E-01  6.5960E-01 -1.0980E-01 -1.7441E-01
  1.5253E-01  6.6312E-01 -1.1111E-01 -1.7649E-01
  1.5347E-01  6.6664E-01 -1.1244E-01 -1.7859E-01
  1.5441E-01  6.7014E-01 -1.1378E-01 -1.8072E-01
  1.5536E-01  6.7363E-01 -1.1514E-01 -1.8287E-01
  1.5631E-01  6.7711E-01 -1.1651E-01 -1.8505E-01
  1.5727E-01  6.8057E-01 -1.1790E-01 -1.8725E-01
  1.5823E-01  6.8402E-01 -1.1930E-01 -1.8948E-01
  1.5920E-01  6.8746E-01 -1.2072E-01 -1.9173E-01
  1.6018E-01  6.9088E-01 -1.2216E-01 -1.9401E-01
  1.6116E-01  6.9428E-01 -1.2361E-01 -1.9631E-01
  1.6215E-01  6.9766E-01 -1.2508E-01 -1.9864E-01
  1.6314E-01  7.0103E-01 -1.2657E-01 -2.0100E-01
  1.6414E-01  7.0438E-01 -1.2807E-01 -2.0338E-01
  1.6515E-01  7.0771E-01 -1.2959E-01 -2.0579E-01
  1.6616E-01  7.1103E-01 -1.3113E-01 -2.0823E-01
  1.6718E-01  7.1432E-01 -1.3268E-01 -2.1069E-01
  1.6820E-01  7.1759E-01 -1.3426E-01 -2.1319E-01
  1.6923E-01  7.2083E-01 -1.3585E-01 -2.1571E-01
  1.7027E-01  7.2406E-01 -1.3746E-01 -2.1826E-01
  1.7131E-01  7.2726E-01 -1.3909E-01 -2.2084E-01
  1.7236E-01  7.3044E-01 -1.4073E-01 -2.2344E-01
  1.7342E-01  7.3359E-01 -1.4240E-01 -2.2608E-01
  1.7448E-01  7.3671E-01 -1.4408E-01 -2.2875E-01
  1.7555E-01  7.3981E-01 -1.4578E-01 -2.3144E-01
  1.7663E-01  7.4289E-01 -1.4750E-01 -2.3417E-01
  1.7771E-01  7.4593E-01 -1.4925E-01 -2.3693E-01
  1.7880E-01  7.4895E-01 -1.5101E-01 -2.3972E-01
  1.7989E-01  7.5193E-01 -1.5279E-01 -2.4254E-01
  1.8099E-01  7.5489E-01 -1.5459E-01 -2.4539E-01
  1.8210E-01  7.5781E-01 -1.5641E-01 -2.4827E-01
  1.8322E-01  7.6070E-01 -1.5825E-01 -2.5118E-01
  1.8434E-01  7.6356E-01 -1.6011E-01 -2.5413E-01
  1.8547E-01  7.6638E-01 -1.6199E-01 -2.5711E-01
  1.8661E-01  7.6917E-01 -1.6390E-01 -2.6012E-01
  1.8775E-01  7.7192E-01 -1.6582E-01 -2.6317E-01
  1.8890E-01  7.7464E-01 -1.6777E-01 -2.6625E-01
  1.9006E-01  7.7732E-01 -1.6974E-01 -2.6936E-01
  1.9122E-01  7.7996E-01 -1.7173E-01 -2.7251E-01
  1.9240E-01  7.8256E-01 -1.7374E-01 -2.7569E-01
  1.9357E-01  7.8512E-01 -1.7577E-01 -2.7891E-01
  1.9476E-01  7.8763E-01 -1.7783E-01 -2.8216E-01
  1.9595E-01  7.9011E-01 -1.7991E-01 -2.8545E-01
  1.9715E-01  7.9254E-01 -1.8201E-01 -2.8877E-01
  1.9836E-01  7.9493E-01 -1.8414E-01 -2.9213E-01
  1.9958E-01  7.9727E-01 -1.8629E-01 -2.9552E-01
  2.0080E-01  7.9957E-01 -1.8846E-01 -2.9896E-01
  2.0203E-01  8.0182E-01 -1.9066E-01 -3.0243E-01
  2.0327E-01  8.0402E-01 -1.9288E-01 -3.0593E-01
  2.0451E-01  8.0617E-01 -1.9513E-01 -3.0948E-01
  2.0577E-01  8.0827E-01 -1.9740E-01 -3.1306E-01
  2.0703E-01  8.1032E-01 -1.9969E-01 -3.1669E-01
  2.0829E-01  8.1232E-01 -2.0201E-01 -3.2035E-01
  2.0957E-01  8.1427E-01 -2.0435E-01 -3.2405E-01
  2.1085E-01  8.1616E-01 -2.0672E-01 -3.2778E-01
  2.1215E-01  8.1799E-01 -2.0912E-01 -3.3156E-01
  2.1345E-01  8.1977E-01 -2.1154E-01 -3.3538E-01
  2.1475E-01  8.2149E-01 -2.1399E-01 -3.3924E-01
  2.1607E-01  8.2315E-01 -2.1646E-01 -3.4314E-01
  2.1739E-01  8.2475E-01 -2.1896E-01 -3.4708E-01
  2.1872E-01  8.2629E-01 -2.2149E-01 -3.5107E-01
  2.2006E-01  8.2777E-01 -2.2405E-01 -3.5509E-01
  2.2141E-01  8.2919E-01 -2.2663E-01 -3.5916E-01
  2.2277E-01  8.3054E-01 -2.2924E-01 -3.6327E-01
  2.2413E-01  8.3182E-01 -2.3188E-01 -3.6742E-01
  2.2550E-01  8.3304E-01 -2.3454E-01 -3.7162E-01
  2.2689E-01  8.3419E-01 -2.3723E-01 -3.7586E-01
  2.2827E-01  8.3528E-01 -2.3996E-01 -3.8014E-01
  2.2967E-01  8.3629E-01 -2.4271E-01 -3.8447E-01
  2.3108E-01  8.3723E-01 -2.4549E-01 -3.8884E-01
  2.3249E-01  8.3810E-01 -2.4830E-01 -3.9325E-01
  2.3392E-01  8.3889E-01 -2.5114E-01 -3.9771E-01
  2.3535E-01  8.3962E-01 -2.5401E-01 -4.0222E-01
  2.3679E-01  8.4026E-01 -2.5690E-01 -4.0677E-01
  2.3824E-01  8.4083E-01 -2.5983E-01 -4.1137E-01
  2.3970E-01  8.4132E-01 -2.6279E-01 -4.1602E-01
  2.4117E-01  8.4173E-01 -2.6578E-01 -4.2071E-01
  2.4265E-01  8.4206E-01 -2.6880E-01 -4.2545E-01
  2.4413E-01  8.4231E-01 -2.7185E-01 -4.3023E-01
  2.4563E-01  8.4248E-01 -2.7494E-01 -4.3507E-01
  2.4713E-01  8.4256E-01 -2.7805E-01 -4.3995E-01
  2.4865E-01  8.4256E-01 -2.8120E-01 -4.4488E-01
  2.5017E-01  8.4247E-01 -2.8438E-01 -4.4986E-01
  2.5170E-01  8.4229E-01 -2.8759E-01 -4.5489E-01
  2.5324E-01  8.4202E-01 -2.9084E-01 -4.5996E-01
  2.5479E-01  8.4167E-01 -2.9411E-01 -4.6509E-01
  2.5635E-01  8.4122E-01 -2.9742E-01 -4.7027E-01
  2.5792E-01  8.4068E-01 -3.0077E-01 -4.7549E-01
  2.5950E-01  8.4005E-01 -3.0415E-01 -4.8077E-01
  2.6109E-01  8.3932E-01 -3.0756E-01 -4.8609E-01
  2.6269E-01  8.3850E-01 -3.1100E-01 -4.9147E-01
  2.6430E-01  8.3758E-01 -3.1448E-01 -4.9690E-01
  2.6592E-01  8.3656E-01 -3.1800E-01 -5.0238E-01
  2.6754E-01  8.3545E-01 -3.2155E-01 -5.0791E-01
  2.6918E-01  8.3423E-01 -3.2513E-01 -5.1350E-01
  2.7083E-01  8.3291E-01 -3.2875E-01 -5.1913E-01
  2.7249E-01  8.3148E-01 -3.3241E-01 -5.2482E-01
  2.7416E-01  8.2996E-01 -3.3610E-01 -5.3056E-01
  2.7584E-01  8.2833E-01 -3.3982E-01 -5.3635E-01
  2.7752E-01  8.2659E-01 -3.4359E-01 -5.4220E-01
  2.7922E-01  8.2474E-01 -3.4738E-01 -5.4810E-01
  2.8093E-01  8.2279E-01 -3.5122E-01 -5.5405E-01
  2.8265E-01  8.2072E-01 -3.5509E-01 -5.6006E-01
  2.8438E-01  8.1855E-01 -3.5900E-01 -5.6612E-01
  2.8613E-01  8.1626E-01 -3.6295E-01 -5.7223E-01
  2.8788E-01  8.1386E-01 -3.6693E-01 -5.7840E-01
  2.8964E-01  8.1134E-01 -3.7095E-01 -5.8462E-01
  2.9141E-01  8.0871E-01 -3.7501E-01 -5.9090E-01
  2.9320E-01  8.0597E-01 -3.7911E-01 -5.9723E-01
  2.9499E-01  8.0310E-01 -3.8325E-01 -6.0362E-01
  2.9680E-01  8.0012E-01 -3.8742E-01 -6.1006E-01
  2.9862E-01  7.9702E-01 -3.9164E-01 -6.1655E-01
  3.0044E-01  7.9379E-01 -3.9589E-01 -6.2310E-01
  3.0228E-01  7.9045E-01 -4.0018E-01 -6.2970E-01
  3.0413E-01  7.8698E-01 -4.0451E-01 -6.3636E-01
  3.0600E-01  7.8339E-01 -4.0888E-01 -6.4307E-01
  3.0787E-01  7.7967E-01 -4.1329E-01 -6.4984E-01
  3.0975E-01  7.7583E-01 -4.1773E-01 -6.5667E-01
  3.1165E-01  7.7186E-01 -4.2222E-01 -6.6354E-01
  3.1356E-01  7.6776E-01 -4.2675E-01 -6.7048E-01
  3.1548E-01  7.6354E-01 -4.3132E-01 -6.7746E-01
  3.1741E-01  7.5918E-01 -4.3593E-01 -6.8451E-01
  3.1935E-01  7.5470E-01 -4.4058E-01 -6.9160E-01
  3.2131E-01  7.5008E-01 -4.4526E-01 -6.9875E-01
  3.2327E-01  7.4533E-01 -4.4999E-01 -7.0596E-01
  3.2525E-01  7.4045E-01 -4.5476E-01 -7.1322E-01
  3.2724E-01  7.3543E-01 -4.5957E-01 -7.2053E-01
  3.2925E-01  7.3028E-01 -4.6443E-01 -7.2790E-01
  3.3126E-01  7.2499E-01 -4.6932E-01 -7.3532E-01
  3.3329E-01  7.1957E-01 -4.7425E-01 -7.4280E-01
  3.3533E-01  7.1401E-01 -4.7923E-01 -7.5032E-01
  3.3738E-01  7.0831E-01 -4.8424E-01 -7.5791E-01
  3.3945E-01  7.0247E-01 -4.8930E-01 -7.6554E-01
  3.4152E-01  6.9650E-01 -4.9440E-01 -7.7322E-01
  3.4362E-01  6.9038E-01 -4.9954E-01 -7.8096E-01
  3.4572E-01  6.8412E-01 -5.0472E-01 -7.8875E-01
  3.4783E-01  6.7772E-01 -5.0994E-01 -7.9659E-01
  3.4996E-01  6.7118E-01 -5.1521E-01 -8.0448E-01
  3.5211E-01  6.6450E-01 -5.2051E-01 -8.1242E-01
  3.5426E-01  6.5768E-01 -5.2586E-01 -8.2041E-01
  3.5643E-01  6.5071E-01 -5.3125E-01 -8.2844E-01
  3.5861E-01  6.4360E-01 -5.3668E-01 -8.3653E-01
  3.6081E-01  6.3634E-01 -5.4215E-01 -8.4467E-01
  3.6301E-01  6.2894E-01 -5.4766E-01 -8.5285E-01
  3.6524E-01  6.2140E-01 -5.5321E-01 -8.6107E-01
  3.6747E-01  6.1370E-01 -5.5881E-01 -8.6935E-01
  3.6972E-01  6.0587E-01 -5.6444E-01 -8.7767E-01
  3.7198E-01  5.9788E-01 -5.7012E-01 -8.8603E-01
  3.7426E-01  5.8975E-01 -5.7583E-01 -8.9444E-01
  3.7655E-01  5.8148E-01 -5.8159E-01 -9.0289E-01
  3.7886E-01  5.7306E-01 -5.8738E-01 -9.1138E-01
  3.8117E-01  5.6449E-01 -5.9322E-01 -9.1991E-01
  3.8351E-01  5.5577E-01 -5.9910E-01 -9.2848E-01
  3.8585E-01  5.4691E-01 -6.0501E-01 -9.3709E-01
  3.8822E-01  5.3790E-01 -6.1097E-01 -9.4574E-01
  3.9059E-01  5.2874E-01 -6.1697E-01 -9.5442E-01
  3.9298E-01  5.1944E-01 -6.2300E-01 -9.6314E-01
  3.9539E-01  5.0999E-01 -6.2907E-01 -9.7190E-01
  3.9781E-01  5.0039E-01 -6.3518E-01 -9.8068E-01
  4.0024E-01  4.9065E-01 -6.4133E-01 -9.8950E-01
  4.0269E-01  4.8076E-01 -6.4752E-01 -9.9835E-01
  4.0516E-01  4.7072E-01 -6.5375E-01 -1.0072E+00
  4.0764E-01  4.6054E-01 -6.6001E-01 -1.0161E+00
  4.1013E-01  4.5022E-01 -6.6631E-01 -1.0251E+00
  4.1264E-01  4.3974E-01 -6.7264E-01 -1.0340E+00
  4.1517E-01  4.2913E-01 -6.7901E-01 -1.0430E+00
  4.1771E-01  4.1837E-01 -6.8542E-01 -1.0520E+00
  4.2026E-01  4.0747E-01 -6.9186E-01 -1.0610E+00
  4.2283E-01  3.9642E-01 -6.9833E-01 -1.0700E+00
  4.2542E-01  3.8524E-01 -7.0484E-01 -1.0791E+00
  4.2803E-01  3.7391E-01 -7.1138E-01 -1.0882E+00
  4.3064E-01  3.6244E-01 -7.1795E-01 -1.0972E+00
  4.3328E-01  3.5084E-01 -7.2456E-01 -1.1063E+00
  4.3593E-01  3.3909E-01 -7.3120E-01 -1.1154E+00
  4.3860E-01  3.2721E-01 -7.3787E-01 -1.1245E+00
  4.4128E-01  3.1519E-01 -7.4456E-01 -1.1336E+00
  4.4398E-01  3.0303E-01 -7.5129E-01 -1.1427E+00
  4.4670E-01  2.9074E-01 -7.5805E-01 -1.1518E+00
  4.4943E-01  2.7832E-01 -7.6483E-01 -1.1609E+00
  4.5218E-01  2.6577E-01 -7.7164E-01 -1.1700E+00
  4.5495E-01  2.5308E-01 -7.7848E-01 -1.1791E+00
  4.5774E-01  2.4027E-01 -7.8534E-01 -1.1881E+00
  4.6054E-01  2.2733E-01 -7.9222E-01 -1.1972E+00
  4.6335E-01  2.1426E-01 -7.9913E-01 -1.2062E+00
  4.6619E-01  2.0107E-01 -8.0606E-01 -1.2152E+00
  4.6904E-01  1.8776E-01 -8.1302E-01 -1.2242E+00
  4.7191E-01  1.7433E-01 -8.1999E-01 -1.2332E+00
  4.7480E-01  1.6077E-01 -8.2698E-01 -1.2421E+00
  4.7771E-01  1.4710E-01 -8.3399E-01 -1.2510E+00
  4.8063E-01  1.3332E-01 -8.4102E-01 -1.2599E+00
  4.8357E-01  1.1942E-01 -8.4806E-01 -1.2687E+00
  4.8653E-01  1.0541E-01 -8.5511E-01 -1.2775E+00
  4.8951E-01  9.1291E-02 -8.6218E-01 -1.2862E+00
  4.9250E-01  7.7067E-02 -8.6926E-01 -1.2949E+00
  4.9551E-01  6.2738E-02 -8.7635E-01 -1.3035E+00
  4.9855E-01  4.8308E-02 -8.8345E-01 -1.3121E+00
  5.0160E-01  3.3779E-02 -8.9056E-01 -1.3206E+00
  5.0467E-01  1.9153E-02 -8.9767E-01 -1.3290E+00
  5.0775E-01  4.4341E-03 -9.0479E-01 -1.3374E+00
  5.1086E-01 -1.0376E-02 -9.1191E-01 -1.3457E+00
  5.1399E-01 -2.5275E-02 -9.1904E-01 -1.3539E+00
  5.1713E-01 -4.0258E-02 -9.2616E-01 -1.3621E+00
  5.2029E-01 -5.5324E-02 -9.3328E-01 -1.3701E+00
  5.2348E-01 -7.0468E-02 -9.4039E-01 -1.3781E+00
  5.2668E-01 -8.5689E-02 -9.4750E-01 -1.3860E+00
  5.2990E-01 -1.0098E-01 -9.5460E-01 -1.3937E+00
  5.3315E-01 -1.1634E-01 -9.6169E-01 -1.4014E+00
  5.3641E-01 -1.3177E-01 -9.6877E-01 -1.4090E+00
  5.3969E-01 -1.4726E-01 -9.7584E-01 -1.4164E+00
  5.4299E-01 -1.6281E-01 -9.8289E-01 -1.4237E+00
  5.4631E-01 -1.7841E-01 -9.8992E-01 -1.4309E+00
  5.4966E-01 -1.9406E-01 -9.9693E-01 -1.4380E+00
  5.5302E-01 -2.0976E-01 -1.0039E+00 -1.4449E+00
  5.5640E-01 -2.2551E-01 -1.0109E+00 -1.4517E+00
  5.5981E-01 -2.4129E-01 -1.0178E+00 -1.4583E+00
  5.6323E-01 -2.5710E-01 -1.0247E+00 -1.4648E+00
  5.6668E-01 -2.7295E-01 -1.0316E+00 -1.4711E+00
  5.7015E-01 -2.8882E-01 -1.0385E+00 -1.4773E+00
  5.7363E-01 -3.0471E-01 -1.0453E+00 -1.4833E+00
  5.7714E-01 -3.2062E-01 -1.0520E+00 -1.4892E+00
  5.8067E-01 -3.3653E-01 -1.0587E+00 -1.4948E+00
  5.8423E-01 -3.5246E-01 -1.0654E+00 -1.5003E+00
  5.8780E-01 -3.6839E-01 -1.0720E+00 -1.5056E+00
  5.9140E-01 -3.8431E-01 -1.0786E+00 -1.5106E+00
  5.9502E-01 -4.0023E-01 -1.0851E+00 -1.5155E+00
  5.9866E-01 -4.1613E-01 -1.0916E+00 -1.5202E+00
  6.0232E-01 -4.3201E-01 -1.0980E+00 -1.5246E+00
  6.0600E-01 -4.4787E-01 -1.1044E+00 -1.5289E+00
  6.0971E-01 -4.6370E-01 -1.1106E+00 -1.5329E+00
  6.1344E-01 -4.7949E-01 -1.1168E+00 -1.5366E+00
  6.1719E-01 -4.9525E-01 -1.1230E+00 -1.5402E+00
  6.2097E-01 -5.1095E-01 -1.1290E+00 -1.5435E+00
  6.2477E-01 -5.2660E-01 -1.1350E+00 -1.5465E+00
  6.2859E-01 -5.4219E-01 -1.1409E+00 -1.5493E+00
  6.3244E-01 -5.5772E-01 -1.1467E+00 -1.5518E+00
  6.3631E-01 -5.7318E-01 -1.1524E+00 -1.5540E+00
  6.4020E-01 -5.8855E-01 -1.1580E+00 -1.5560E+00
  6.4411E-01 -6.0385E-01 -1.1635E+00 -1.5577E+00
  6.4806E-01 -6.1905E-01 -1.1689E+00 -1.5591E+00
  6.5202E-01 -6.3415E-01 -1.1743E+00 -1.5602E+00
  6.5601E-01 -6.4915E-01 -1.1794E+00 -1.5610E+00
  6.6002E-01 -6.6404E-01 -1.1845E+00 -1.5615E+00
  6.6406E-01 -6.7881E-01 -1.1895E+00 -1.5617E+00
  6.6812E-01 -6.9346E-01 -1.1943E+00 -1.5615E+00
  6.7221E-01 -7.0797E-01 -1.1990E+00 -1.5611E+00
  6.7632E-01 -7.2234E-01 -1.2036E+00 -1.5603E+00
  6.8046E-01 -7.3657E-01 -1.2080E+00 -1.5592E+00
  6.8462E-01 -7.5064E-01 -1.2123E+00 -1.5577E+00
  6.8881E-01 -7.6456E-01 -1.2165E+00 -1.5559E+00
  6.9302E-01 -7.7830E-01 -1.2205E+00 -1.5537E+00
  6.9726E-01 -7.9186E-01 -1.2243E+00 -1.5512E+00
  7.0153E-01 -8.0525E-01 -1.2280E+00 -1.5483E+00
  7.0582E-01 -8.1844E-01 -1.2315E+00 -1.5451E+00
  7.1014E-01 -8.3143E-01 -1.2349E+00 -1.5414E+00
  7.1448E-01 -8.4421E-01 -1.2380E+00 -1.5374E+00
  7.1885E-01 -8.5677E-01 -1.2410E+00 -1.5330E+00
  7.2325E-01 -8.6911E-01 -1.2438E+00 -1.5283E+00
  7.2767E-01 -8.8122E-01 -1.2464E+00 -1.5231E+00
  7.3212E-01 -8.9309E-01 -1.2488E+00 -1.5176E+00
  7.3660E-01 -9.0471E-01 -1.2511E+00 -1.5116E+00
  7.4111E-01 -9.1608E-01 -1.2531E+00 -1.5053E+00
  7.4564E-01 -9.2718E-01 -1.2549E+00 -1.4985E+00
  7.5020E-01 -9.3800E-01 -1.2564E+00 -1.4914E+00
  7.5479E-01 -9.4854E-01 -1.2578E+00 -1.4838E+00
  7.5941E-01 -9.5880E-01 -1.2589E+00 -1.4758E+00
  7.6406E-01 -9.6875E-01 -1.2598E+00 -1.4674E+00
  7.6873E-01 -9.7839E-01 -1.2604E+00 -1.4586E+00
  7.7343E-01 -9.8772E-01 -1.2608E+00 -1.4494E+00
  7.7816E-01 -9.9673E-01 -1.2610E+00 -1.4398E+00
  7.8292E-01 -1.0054E+00 -1.2609E+00 -1.4298E+00
  7.8771E-01 -1.0137E+00 -1.2605E+00 -1.4193E+00
  7.9253E-01 -1.0217E+00 -1.2599E+00 -1.4084E+00
  7.9738E-01 -1.0293E+00 -1.2589E+00 -1.3971E+00
  8.0226E-01 -1.0366E+00 -1.2577E+00 -1.3854E+00
  8.0716E-01 -1.0434E+00 -1.2562E+00 -1.3733E+00
  8.1210E-01 -1.0499E+00 -1.2545E+00 -1.3608E+00
  8.1707E-01 -1.0560E+00 -1.2524E+00 -1.3478E+00
  8.2207E-01 -1.0617E+00 -1.2500E+00 -1.3345E+00
  8.2709E-01 -1.0670E+00 -1.2473E+00 -1.3207E+00
  8.3215E-01 -1.0719E+00 -1.2443E+00 -1.3066E+00
  8.3724E-01 -1.0763E+00 -1.2409E+00 -1.2920E+00
  8.4236E-01 -1.0803E+00 -1.2373E+00 -1.2771E+00
  8.4752E-01 -1.0838E+00 -1.2333E+00 -1.2618E+00
  8.5270E-01 -1.0869E+00 -1.2289E+00 -1.2461E+00
  8.5792E-01 -1.0896E+00 -1.2242E+00 -1.2300E+00
  8.6316E-01 -1.0917E+00 -1.2192E+00 -1.2136E+00
  8.6844E-01 -1.0934E+00 -1.2138E+00 -1.1968E+00
  8.7376E-01 -1.0946E+00 -1.2080E+00 -1.1797E+00
  8.7910E-01 -1.0953E+00 -1.2018E+00 -1.1622E+00
  8.8448E-01 -1.0955E+00 -1.1953E+00 -1.1444E+00
  8.8989E-01 -1.0952E+00 -1.1884E+00 -1.1262E+00
  8.9533E-01 -1.0944E+00 -1.1811E+00 -1.1078E+00
  9.0081E-01 -1.0931E+00 -1.1735E+00 -1.0890E+00
  9.0632E-01 -1.0912E+00 -1.1654E+00 -1.0700E+00
  9.1186E-01 -1.0888E+00 -1.1569E+00 -1.0506E+00
  9.1744E-01 -1.0858E+00 -1.1480E+00 -1.0310E+00
  9.2305E-01 -1.0823E+00 -1.1387E+00 -1.0112E+00
  9.2869E-01 -1.0783E+00 -1.1290E+00 -9.9110E-01
  9.3438E-01 -1.0736E+00 -1.1188E+00 -9.7078E-01
  9.4009E-01 -1.0685E+00 -1.1083E+00 -9.5024E-01
  9.4584E-01 -1.0627E+00 -1.0973E+00 -9.2951E-01
  9.5163E-01 -1.0563E+00 -1.0858E+00 -9.0859E-01
  9.5745E-01 -1.0494E+00 -1.0739E+00 -8.8751E-01
  9.6330E-01 -1.0419E+00 -1.0616E+00 -8.6627E-01
  9.6919E-01 -1.0338E+00 -1.0488E+00 -8.4490E-01
  9.7512E-01 -1.0251E+00 -1.0356E+00 -8.2340E-01
  9.8109E-01 -1.0158E+00 -1.0219E+00 -8.0181E-01
  9.8709E-01 -1.0059E+00 -1.0077E+00 -7.8014E-01
  9.9312E-01 -9.9535E-01 -9.9314E-01 -7.5840E-01
  9.9920E-01 -9.8423E-01 -9.7806E-01 -7.3661E-01
  1.0053E+00 -9.7249E-01 -9.6252E-01 -7.1480E-01
  1.0115E+00 -9.6013E-01 -9.4651E-01 -6.9298E-01
  1.0176E+00 -9.4716E-01 -9.3003E-01 -6.7117E-01
  1.0239E+00 -9.3357E-01 -9.1308E-01 -6.4939E-01
  1.0301E+00 -9.1937E-01 -8.9565E-01 -6.2766E-01
  1.0364E+00 -9.0454E-01 -8.7775E-01 -6.0599E-01
  1.0428E+00 -8.8910E-01 -8.5937E-01 -5.8442E-01
  1.0491E+00 -8.7304E-01 -8.4052E-01 -5.6296E-01
  1.0556E+00 -8.5637E-01 -8.2119E-01 -5.4163E-01
  1.0620E+00 -8.3908E-01 -8.0139E-01 -5.2044E-01
  1.0685E+00 -8.2117E-01 -7.8111E-01 -4.9943E-01
  1.0751E+00 -8.0266E-01 -7.6037E-01 -4.7860E-01
  1.0816E+00 -7.8354E-01 -7.3915E-01 -4.5798E-01
  1.0882E+00 -7.6382E-01 -7.1746E-01 -4.3759E-01
  1.0949E+00 -7.4349E-01 -6.9531E-01 -4.1744E-01
  1.1016E+00 -7.2257E-01 -6.7270E-01 -3.9756E-01
  1.1083E+00 -7.0106E-01 -6.4962E-01 -3.7796E-01
  1.1151E+00 -6.7897E-01 -6.2610E-01 -3.5867E-01
  1.1219E+00 -6.5630E-01 -6.0212E-01 -3.3969E-01
  1.1288E+00 -6.3305E-01 -5.7770E-01 -3.2104E-01
  1.1357E+00 -6.0925E-01 -5.5284E-01 -3.0275E-01
  1.1426E+00 -5.8488E-01 -5.2755E-01 -2.8482E-01
  1.1496E+00 -5.5998E-01 -5.0184E-01 -2.6727E-01
  1.1567E+00 -5.3453E-01 -4.7571E-01 -2.5012E-01
  1.1637E+00 -5.0856E-01 -4.4917E-01 -2.3338E-01
  1.1709E+00 -4.8208E-01 -4.2222E-01 -2.1706E-01
  1.1780E+00 -4.5509E-01 -3.9489E-01 -2.0117E-01
  1.1852E+00 -4.2761E-01 -3.6718E-01 -1.8573E-01
  1.1925E+00 -3.9966E-01 -3.3910E-01 -1.7074E-01
  1.1998E+00 -3.7124E-01 -3.1066E-01 -1.5621E-01
  1.2071E+00 -3.4237E-01 -2.8187E-01 -1.4215E-01
  1.2145E+00 -3.1308E-01 -2.5275E-01 -1.2857E-01
  1.2219E+00 -2.8337E-01 -2.2331E-01 -1.1547E-01
  1.2294E+00 -2.5326E-01 -1.9357E-01 -1.0285E-01
  1.2369E+00 -2.2277E-01 -1.6354E-01 -9.0730E-02
  1.2445E+00 -1.9192E-01 -1.3323E-01 -7.9099E-02
  1.2521E+00 -1.6074E-01 -1.0267E-01 -6.7959E-02
  1.2597E+00 -1.2923E-01 -7.1868E-02 -5.7312E-02
  1.2674E+00 -9.7434E-02 -4.0845E-02 -4.7156E-02
  1.2752E+00 -6.5361E-02 -9.6210E-03 -3.7487E-02
  1.2830E+00 -3.3038E-02  2.1785E-02 -2.8303E-02
  1.2908E+00 -4.9067E-04  5.3352E-02 -1.9597E-02
  1.2987E+00  3.2256E-02  8.5058E-02 -1.1363E-02
  1.3067E+00  6.5176E-02  1.1688E-01 -3.5951E-03
  1.3147E+00  9.8242E-02  1.4880E-01  3.7165E-03
  1.3227E+00  1.3142E-01  1.8078E-01  1.0581E-02
  1.3308E+00  1.6470E-01  2.1281E-01  1.7009E-02
  1.3389E+00  1.9803E-01  2.4486E-01  2.3012E-02
  1.3471E+00  2.3138E-01  2.7690E-01  2.8603E-02
  1.3554E+00  2.6474E-01  3.0890E-01  3.3794E-02
  1.3636E+00  2.9806E-01  3.4084E-01  3.8599E-02
  1.3720E+00  3.3130E-01  3.7269E-01  4.3034E-02
  1.3804E+00  3.6445E-01  4.0441E-01  4.7112E-02
  1.3888E+00  3.9746E-01  4.3598E-01  5.0849E-02
  1.3973E+00  4.3029E-01  4.6736E-01  5.4262E-02
  1.4059E+00  4.6291E-01  4.9852E-01  5.7365E-02
  1.4145E+00  4.9529E-01  5.2943E-01  6.0176E-02
  1.4231E+00  5.2738E-01  5.6006E-01  6.2709E-02
  1.4318E+00  5.5914E-01  5.9036E-01  6.4981E-02
  1.4406E+00  5.9055E-01  6.2031E-01  6.7008E-02
  1.4494E+00  6.2155E-01  6.4987E-01  6.8803E-02
  1.4582E+00  6.5211E-01  6.7900E-01  7.0382E-02
  1.4672E+00  6.8219E-01  7.0766E-01  7.1758E-02
  1.4761E+00  7.1175E-01  7.3582E-01  7.2945E-02
  1.4852E+00  7.4073E-01  7.6344E-01  7.3952E-02
  1.4942E+00  7.6912E-01  7.9047E-01  7.4793E-02
  1.5034E+00  7.9685E-01  8.1689E-01  7.5475E-02
  1.5126E+00  8.2389E-01  8.4264E-01  7.6006E-02
  1.5218E+00  8.5019E-01  8.6769E-01  7.6395E-02
  1.5311E+00  8.7572E-01  8.9200E-01  7.6646E-02
  1.5405E+00  9.0042E-01  9.1553E-01  7.6762E-02
  1.5499E+00  9.2426E-01  9.3823E-01  7.6745E-02
  1.5594E+00  9.4719E-01  9.6006E-01  7.6597E-02
  1.5689E+00  9.6917E-01  9.8099E-01  7.6317E-02
  1.5785E+00  9.9016E-01  1.0010E+00  7.5901E-02
  1.5882E+00  1.0101E+00  1.0200E+00  7.5346E-02
  1.5979E+00  1.0290E+00  1.0379E+00  7.4647E-02
  1.6077E+00  1.0467E+00  1.0548E+00  7.3797E-02
  1.6175E+00  1.0633E+00  1.0706E+00  7.2790E-02
  1.6274E+00  1.0787E+00  1.0852E+00  7.1618E-02
  1.6373E+00  1.0928E+00  1.0986E+00  7.0272E-02
  1.6473E+00  1.1057E+00  1.1108E+00  6.8745E-02
  1.6574E+00  1.1172E+00  1.1217E+00  6.7028E-02
  1.6675E+00  1.1274E+00  1.1313E+00  6.5115E-02
  1.6777E+00  1.1362E+00  1.1395E+00  6.2999E-02
  1.6880E+00  1.1435E+00  1.1464E+00  6.0678E-02
  1.6983E+00  1.1494E+00  1.1519E+00  5.8148E-02
  1.7087E+00  1.1538E+00  1.1558E+00  5.5412E-02
  1.7192E+00  1.1566E+00  1.1583E+00  5.2474E-02
  1.7297E+00  1.1579E+00  1.1593E+00  4.9343E-02
  1.7403E+00  1.1576E+00  1.1587E+00  4.6033E-02
  1.7509E+00  1.1557E+00  1.1566E+00  4.2563E-02
  1.7616E+00  1.1522E+00  1.1528E+00  3.8957E-02
  1.7724E+00  1.1469E+00  1.1474E+00  3.5248E-02
  1.7832E+00  1.1400E+00  1.1404E+00  3.1473E-02
  1.7941E+00  1.1314E+00  1.1317E+00  2.7679E-02
  1.8051E+00  1.1211E+00  1.1213E+00  2.3911E-02
  1.8161E+00  1.1090E+00  1.1092E+00  2.0192E-02
  1.8272E+00  1.0953E+00  1.0953E+00  1.6537E-02
  1.8384E+00  1.0797E+00  1.0797E+00  1.2960E-02
  1.8497E+00  1.0624E+00  1.0624E+00  9.4753E-03
  1.8610E+00  1.0434E+00  1.0434E+00  6.0985E-03
  1.8723E+00  1.0226E+00  1.0226E+00  2.8435E-03
  1.8838E+00  1.0000E+00  1.0000E+00  0.0000E+00
  1.8953E+00  9.7570E-01  9.7570E-01  0.0000E+00
  1.9069E+00  9.4967E-01  9.4967E-01  0.0000E+00
  1.9186E+00  9.2193E-01  9.2193E-01  0.0000E+00
  1.9303E+00  8.9249E-01  8.9249E-01  0.0000E+00
  1.9421E+00  8.6137E-01  8.6137E-01  0.0000E+00
  1.9540E+00  8.2860E-01  8.2860E-01  0.0000E+00
  1.9659E+00  7.9421E-01  7.9421E-01  0.0000E+00
  1.9779E+00  7.5824E-01  7.5824E-01  0.0000E+00
  1.9900E+00  7.2072E-01  7.2072E-01  0.0000E+00
  2.0022E+00  6.8170E-01  6.8170E-01  0.0000E+00
  2.0145E+00  6.4122E-01  6.4122E-01  0.0000E+00
  2.0268E+00  5.9933E-01  5.9933E-01  0.0000E+00
  2.0392E+00  5.5609E-01  5.5609E-01  0.0000E+00
  2.0516E+00  5.1155E-01  5.1155E-01  0.0000E+00
  2.0642E+00  4.6579E-01  4.6579E-01  0.0000E+00
  2.0768E+00  4.1887E-01  4.1887E-01  0.0000E+00
  2.0895E+00  3.7086E-01  3.7086E-01  0.0000E+00
  2.1023E+00  3.2184E-01  3.2184E-01  0.0000E+00
  2.1151E+00  2.7189E-01  2.7189E-01  0.0000E+00
  2.1281E+00  2.2110E-01  2.2110E-01  0.0000E+00
  2.1411E+00  1.6956E-01  1.6956E-01  0.0000E+00
  2.1542E+00  1.1736E-01  1.1736E-01  0.0000E+00
  2.1673E+00  6.4597E-02  6.4597E-02  0.0000E+00
  2.1806E+00  1.1382E-02  1.1382E-02  0.0000E+00
  2.1939E+00 -4.2182E-02 -4.2182E-02  0.0000E+00
  2.2073E+00 -9.5984E-02 -9.5984E-02  0.0000E+00
  2.2208E+00 -1.4991E-01 -1.4991E-01  0.0000E+00
  2.2344E+00 -2.0384E-01 -2.0384E-01  0.0000E+00
  2.2481E+00 -2.5766E-01 -2.5766E-01  0.0000E+00
  2.2618E+00 -3.1123E-01 -3.1123E-01  0.0000E+00
  2.2757E+00 -3.6444E-01 -3.6444E-01  0.0000E+00
  2.2896E+00 -4.1715E-01 -4.1715E-01  0.0000E+00
  2.3036E+00 -4.6923E-01 -4.6923E-01  0.0000E+00
  2.3177E+00 -5.2054E-01 -5.2054E-01  0.0000E+00
  2.3318E+00 -5.7095E-01 -5.7095E-01  0.0000E+00
  2.3461E+00 -6.2031E-01 -6.2031E-01  0.0000E+00
  2.3604E+00 -6.6850E-01 -6.6850E-01  0.0000E+00
  2.3749E+00 -7.1537E-01 -7.1537E-01  0.0000E+00
  2.3894E+00 -7.6077E-01 -7.6077E-01  0.0000E+00
  2.4040E+00 -8.0457E-01 -8.0457E-01  0.0000E+00
  2.4187E+00 -8.4662E-01 -8.4662E-01  0.0000E+00
  2.4335E+00 -8.8679E-01 -8.8679E-01  0.0000E+00
  2.4484E+00 -9.2494E-01 -9.2494E-01  0.0000E+00
  2.4634E+00 -9.6093E-01 -9.6093E-01  0.0000E+00
  2.4784E+00 -9.9462E-01 -9.9462E-01  0.0000E+00
  2.4936E+00 -1.0259E+00 -1.0259E+00  0.0000E+00
  2.5088E+00 -1.0546E+00 -1.0546E+00  0.0000E+00
  2.5242E+00 -1.0806E+00 -1.0806E+00  0.0000E+00
  2.5396E+00 -1.1039E+00 -1.1039E+00  0.0000E+00
  2.5551E+00 -1.1242E+00 -1.1242E+00  0.0000E+00
