 # l=           0 basis function with energy     4.33980824600000     
  0.0000E+00  0.0000E+00  0.0000E+00  0.0000E+00
  2.4843E-06 -6.0455E-05 -4.8390E-06 -6.3185E-06
  4.9838E-06 -1.2076E-04 -9.7075E-06 -1.2676E-05
  7.4986E-06 -1.8123E-04 -1.4606E-05 -1.9072E-05
  1.0029E-05 -2.4191E-04 -1.9534E-05 -2.5507E-05
  1.2574E-05 -3.0135E-04 -2.4493E-05 -3.1981E-05
  1.5136E-05 -3.6219E-04 -2.9481E-05 -3.8495E-05
  1.7712E-05 -4.2348E-04 -3.4500E-05 -4.5049E-05
  2.0305E-05 -4.8501E-04 -3.9550E-05 -5.1643E-05
  2.2913E-05 -5.4689E-04 -4.4631E-05 -5.8277E-05
  2.5538E-05 -6.0910E-04 -4.9743E-05 -6.4952E-05
  2.8178E-05 -6.7164E-04 -5.4886E-05 -7.1668E-05
  3.0835E-05 -7.3453E-04 -6.0061E-05 -7.8425E-05
  3.3508E-05 -7.9777E-04 -6.5267E-05 -8.5223E-05
  3.6197E-05 -8.6135E-04 -7.0505E-05 -9.2062E-05
  3.8902E-05 -9.2529E-04 -7.5775E-05 -9.8943E-05
  4.1625E-05 -9.8959E-04 -8.1077E-05 -1.0587E-04
  4.4363E-05 -1.0542E-03 -8.6412E-05 -1.1283E-04
  4.7119E-05 -1.1193E-03 -9.1779E-05 -1.1984E-04
  4.9891E-05 -1.1847E-03 -9.7179E-05 -1.2689E-04
  5.2681E-05 -1.2504E-03 -1.0261E-04 -1.3399E-04
  5.5487E-05 -1.3166E-03 -1.0808E-04 -1.4112E-04
  5.8310E-05 -1.3831E-03 -1.1358E-04 -1.4831E-04
  6.1151E-05 -1.4500E-03 -1.1911E-04 -1.5553E-04
  6.4009E-05 -1.5173E-03 -1.2468E-04 -1.6280E-04
  6.6885E-05 -1.5850E-03 -1.3028E-04 -1.7011E-04
  6.9778E-05 -1.6530E-03 -1.3592E-04 -1.7747E-04
  7.2689E-05 -1.7215E-03 -1.4159E-04 -1.8488E-04
  7.5618E-05 -1.7903E-03 -1.4729E-04 -1.9232E-04
  7.8565E-05 -1.8596E-03 -1.5303E-04 -1.9982E-04
  8.1529E-05 -1.9292E-03 -1.5880E-04 -2.0736E-04
  8.4512E-05 -1.9993E-03 -1.6461E-04 -2.1495E-04
  8.7513E-05 -2.0698E-03 -1.7046E-04 -2.2258E-04
  9.0532E-05 -2.1406E-03 -1.7634E-04 -2.3026E-04
  9.3570E-05 -2.2119E-03 -1.8226E-04 -2.3798E-04
  9.6626E-05 -2.2836E-03 -1.8821E-04 -2.4576E-04
  9.9701E-05 -2.3557E-03 -1.9420E-04 -2.5358E-04
  1.0280E-04 -2.4283E-03 -2.0023E-04 -2.6145E-04
  1.0591E-04 -2.5012E-03 -2.0629E-04 -2.6936E-04
  1.0904E-04 -2.5746E-03 -2.1239E-04 -2.7733E-04
  1.1219E-04 -2.6484E-03 -2.1853E-04 -2.8534E-04
  1.1536E-04 -2.7227E-03 -2.2470E-04 -2.9341E-04
  1.1855E-04 -2.7974E-03 -2.3092E-04 -3.0152E-04
  1.2176E-04 -2.8725E-03 -2.3717E-04 -3.0968E-04
  1.2499E-04 -2.9480E-03 -2.4345E-04 -3.1789E-04
  1.2824E-04 -3.0240E-03 -2.4978E-04 -3.2616E-04
  1.3151E-04 -3.1005E-03 -2.5615E-04 -3.3447E-04
  1.3479E-04 -3.1774E-03 -2.6255E-04 -3.4283E-04
  1.3810E-04 -3.2547E-03 -2.6900E-04 -3.5125E-04
  1.4143E-04 -3.3325E-03 -2.7548E-04 -3.5971E-04
  1.4478E-04 -3.4108E-03 -2.8200E-04 -3.6823E-04
  1.4815E-04 -3.4895E-03 -2.8857E-04 -3.7680E-04
  1.5154E-04 -3.5687E-03 -2.9517E-04 -3.8542E-04
  1.5495E-04 -3.6483E-03 -3.0181E-04 -3.9410E-04
  1.5838E-04 -3.7284E-03 -3.0850E-04 -4.0282E-04
  1.6183E-04 -3.8090E-03 -3.1522E-04 -4.1161E-04
  1.6531E-04 -3.8900E-03 -3.2199E-04 -4.2044E-04
  1.6880E-04 -3.9716E-03 -3.2880E-04 -4.2933E-04
  1.7232E-04 -4.0536E-03 -3.3565E-04 -4.3827E-04
  1.7586E-04 -4.1361E-03 -3.4254E-04 -4.4727E-04
  1.7942E-04 -4.2190E-03 -3.4947E-04 -4.5632E-04
  1.8300E-04 -4.3025E-03 -3.5645E-04 -4.6543E-04
  1.8660E-04 -4.3865E-03 -3.6346E-04 -4.7460E-04
  1.9023E-04 -4.4709E-03 -3.7053E-04 -4.8382E-04
  1.9387E-04 -4.5559E-03 -3.7763E-04 -4.9309E-04
  1.9754E-04 -4.6413E-03 -3.8478E-04 -5.0243E-04
  2.0123E-04 -4.7273E-03 -3.9197E-04 -5.1182E-04
  2.0495E-04 -4.8137E-03 -3.9920E-04 -5.2126E-04
  2.0869E-04 -4.9007E-03 -4.0648E-04 -5.3077E-04
  2.1245E-04 -4.9882E-03 -4.1381E-04 -5.4033E-04
  2.1623E-04 -5.0761E-03 -4.2118E-04 -5.4995E-04
  2.2004E-04 -5.1647E-03 -4.2859E-04 -5.5964E-04
  2.2387E-04 -5.2537E-03 -4.3605E-04 -5.6938E-04
  2.2772E-04 -5.3433E-03 -4.4356E-04 -5.7918E-04
  2.3160E-04 -5.4333E-03 -4.5111E-04 -5.8903E-04
  2.3550E-04 -5.5240E-03 -4.5870E-04 -5.9895E-04
  2.3942E-04 -5.6151E-03 -4.6635E-04 -6.0893E-04
  2.4337E-04 -5.7068E-03 -4.7404E-04 -6.1898E-04
  2.4734E-04 -5.7990E-03 -4.8177E-04 -6.2908E-04
  2.5134E-04 -5.8918E-03 -4.8956E-04 -6.3924E-04
  2.5536E-04 -5.9851E-03 -4.9739E-04 -6.4947E-04
  2.5940E-04 -6.0790E-03 -5.0527E-04 -6.5976E-04
  2.6347E-04 -6.1734E-03 -5.1320E-04 -6.7011E-04
  2.6757E-04 -6.2684E-03 -5.2117E-04 -6.8053E-04
  2.7169E-04 -6.3639E-03 -5.2920E-04 -6.9101E-04
  2.7583E-04 -6.4600E-03 -5.3727E-04 -7.0155E-04
  2.8000E-04 -6.5567E-03 -5.4540E-04 -7.1216E-04
  2.8420E-04 -6.6539E-03 -5.5357E-04 -7.2283E-04
  2.8842E-04 -6.7517E-03 -5.6179E-04 -7.3357E-04
  2.9267E-04 -6.8501E-03 -5.7007E-04 -7.4437E-04
  2.9694E-04 -6.9491E-03 -5.7839E-04 -7.5524E-04
  3.0124E-04 -7.0486E-03 -5.8677E-04 -7.6618E-04
  3.0557E-04 -7.1488E-03 -5.9519E-04 -7.7718E-04
  3.0992E-04 -7.2495E-03 -6.0367E-04 -7.8825E-04
  3.1430E-04 -7.3508E-03 -6.1220E-04 -7.9939E-04
  3.1871E-04 -7.4527E-03 -6.2078E-04 -8.1059E-04
  3.2314E-04 -7.5553E-03 -6.2942E-04 -8.2187E-04
  3.2760E-04 -7.6584E-03 -6.3810E-04 -8.3321E-04
  3.3209E-04 -7.7621E-03 -6.4685E-04 -8.4462E-04
  3.3660E-04 -7.8665E-03 -6.5564E-04 -8.5610E-04
  3.4114E-04 -7.9714E-03 -6.6449E-04 -8.6766E-04
  3.4571E-04 -8.0770E-03 -6.7339E-04 -8.7928E-04
  3.5031E-04 -8.1832E-03 -6.8234E-04 -8.9097E-04
  3.5494E-04 -8.2900E-03 -6.9135E-04 -9.0274E-04
  3.5959E-04 -8.3975E-03 -7.0042E-04 -9.1458E-04
  3.6427E-04 -8.5056E-03 -7.0954E-04 -9.2649E-04
  3.6899E-04 -8.6143E-03 -7.1872E-04 -9.3847E-04
  3.7373E-04 -8.7236E-03 -7.2795E-04 -9.5053E-04
  3.7850E-04 -8.8337E-03 -7.3724E-04 -9.6266E-04
  3.8329E-04 -8.9443E-03 -7.4659E-04 -9.7486E-04
  3.8812E-04 -9.0556E-03 -7.5599E-04 -9.8714E-04
  3.9298E-04 -9.1676E-03 -7.6545E-04 -9.9949E-04
  3.9787E-04 -9.2802E-03 -7.7497E-04 -1.0119E-03
  4.0278E-04 -9.3935E-03 -7.8455E-04 -1.0244E-03
  4.0773E-04 -9.5074E-03 -7.9418E-04 -1.0370E-03
  4.1271E-04 -9.6221E-03 -8.0388E-04 -1.0497E-03
  4.1771E-04 -9.7374E-03 -8.1363E-04 -1.0624E-03
  4.2275E-04 -9.8533E-03 -8.2344E-04 -1.0752E-03
  4.2782E-04 -9.9700E-03 -8.3332E-04 -1.0881E-03
  4.3292E-04 -1.0087E-02 -8.4325E-04 -1.1011E-03
  4.3805E-04 -1.0205E-02 -8.5325E-04 -1.1141E-03
  4.4321E-04 -1.0324E-02 -8.6330E-04 -1.1273E-03
  4.4841E-04 -1.0444E-02 -8.7342E-04 -1.1405E-03
  4.5363E-04 -1.0564E-02 -8.8360E-04 -1.1538E-03
  4.5889E-04 -1.0685E-02 -8.9384E-04 -1.1671E-03
  4.6418E-04 -1.0806E-02 -9.0414E-04 -1.1806E-03
  4.6950E-04 -1.0928E-02 -9.1451E-04 -1.1941E-03
  4.7486E-04 -1.1051E-02 -9.2494E-04 -1.2077E-03
  4.8025E-04 -1.1175E-02 -9.3543E-04 -1.2214E-03
  4.8567E-04 -1.1299E-02 -9.4599E-04 -1.2352E-03
  4.9112E-04 -1.1425E-02 -9.5661E-04 -1.2491E-03
  4.9661E-04 -1.1551E-02 -9.6730E-04 -1.2631E-03
  5.0213E-04 -1.1677E-02 -9.7805E-04 -1.2771E-03
  5.0768E-04 -1.1805E-02 -9.8887E-04 -1.2912E-03
  5.1327E-04 -1.1933E-02 -9.9976E-04 -1.3054E-03
  5.1889E-04 -1.2062E-02 -1.0107E-03 -1.3197E-03
  5.2455E-04 -1.2191E-02 -1.0217E-03 -1.3341E-03
  5.3024E-04 -1.2322E-02 -1.0328E-03 -1.3486E-03
  5.3597E-04 -1.2453E-02 -1.0440E-03 -1.3632E-03
  5.4173E-04 -1.2585E-02 -1.0552E-03 -1.3778E-03
  5.4752E-04 -1.2717E-02 -1.0665E-03 -1.3926E-03
  5.5336E-04 -1.2851E-02 -1.0778E-03 -1.4074E-03
  5.5922E-04 -1.2985E-02 -1.0893E-03 -1.4223E-03
  5.6513E-04 -1.3120E-02 -1.1008E-03 -1.4373E-03
  5.7107E-04 -1.3256E-02 -1.1123E-03 -1.4524E-03
  5.7704E-04 -1.3393E-02 -1.1240E-03 -1.4676E-03
  5.8305E-04 -1.3530E-02 -1.1357E-03 -1.4829E-03
  5.8910E-04 -1.3669E-02 -1.1475E-03 -1.4983E-03
  5.9519E-04 -1.3808E-02 -1.1593E-03 -1.5138E-03
  6.0131E-04 -1.3948E-02 -1.1712E-03 -1.5294E-03
  6.0747E-04 -1.4088E-02 -1.1832E-03 -1.5450E-03
  6.1367E-04 -1.4230E-02 -1.1953E-03 -1.5608E-03
  6.1991E-04 -1.4372E-02 -1.2075E-03 -1.5767E-03
  6.2618E-04 -1.4515E-02 -1.2197E-03 -1.5926E-03
  6.3249E-04 -1.4659E-02 -1.2320E-03 -1.6087E-03
  6.3884E-04 -1.4804E-02 -1.2444E-03 -1.6248E-03
  6.4523E-04 -1.4950E-02 -1.2568E-03 -1.6411E-03
  6.5166E-04 -1.5097E-02 -1.2693E-03 -1.6574E-03
  6.5813E-04 -1.5244E-02 -1.2819E-03 -1.6739E-03
  6.6464E-04 -1.5392E-02 -1.2946E-03 -1.6904E-03
  6.7119E-04 -1.5542E-02 -1.3074E-03 -1.7071E-03
  6.7778E-04 -1.5692E-02 -1.3202E-03 -1.7238E-03
  6.8440E-04 -1.5843E-02 -1.3331E-03 -1.7407E-03
  6.9107E-04 -1.5994E-02 -1.3461E-03 -1.7577E-03
  6.9778E-04 -1.6147E-02 -1.3592E-03 -1.7747E-03
  7.0453E-04 -1.6301E-02 -1.3723E-03 -1.7919E-03
  7.1132E-04 -1.6455E-02 -1.3855E-03 -1.8092E-03
  7.1816E-04 -1.6611E-02 -1.3988E-03 -1.8265E-03
  7.2503E-04 -1.6767E-02 -1.4122E-03 -1.8440E-03
  7.3195E-04 -1.6924E-02 -1.4257E-03 -1.8616E-03
  7.3891E-04 -1.7082E-02 -1.4393E-03 -1.8793E-03
  7.4591E-04 -1.7241E-02 -1.4529E-03 -1.8971E-03
  7.5295E-04 -1.7401E-02 -1.4666E-03 -1.9150E-03
  7.6004E-04 -1.7562E-02 -1.4804E-03 -1.9331E-03
  7.6717E-04 -1.7724E-02 -1.4943E-03 -1.9512E-03
  7.7435E-04 -1.7887E-02 -1.5083E-03 -1.9695E-03
  7.8157E-04 -1.8051E-02 -1.5224E-03 -1.9878E-03
  7.8883E-04 -1.8215E-02 -1.5365E-03 -2.0063E-03
  7.9614E-04 -1.8381E-02 -1.5507E-03 -2.0249E-03
  8.0349E-04 -1.8548E-02 -1.5650E-03 -2.0436E-03
  8.1088E-04 -1.8715E-02 -1.5795E-03 -2.0624E-03
  8.1833E-04 -1.8884E-02 -1.5940E-03 -2.0813E-03
  8.2581E-04 -1.9053E-02 -1.6085E-03 -2.1004E-03
  8.3335E-04 -1.9224E-02 -1.6232E-03 -2.1195E-03
  8.4093E-04 -1.9396E-02 -1.6380E-03 -2.1388E-03
  8.4855E-04 -1.9568E-02 -1.6528E-03 -2.1582E-03
  8.5622E-04 -1.9742E-02 -1.6678E-03 -2.1777E-03
  8.6394E-04 -1.9916E-02 -1.6828E-03 -2.1973E-03
  8.7171E-04 -2.0092E-02 -1.6979E-03 -2.2171E-03
  8.7952E-04 -2.0268E-02 -1.7132E-03 -2.2370E-03
  8.8738E-04 -2.0446E-02 -1.7285E-03 -2.2570E-03
  8.9529E-04 -2.0625E-02 -1.7439E-03 -2.2771E-03
  9.0325E-04 -2.0804E-02 -1.7594E-03 -2.2973E-03
  9.1126E-04 -2.0985E-02 -1.7750E-03 -2.3177E-03
  9.1931E-04 -2.1167E-02 -1.7907E-03 -2.3382E-03
  9.2742E-04 -2.1350E-02 -1.8064E-03 -2.3588E-03
  9.3557E-04 -2.1534E-02 -1.8223E-03 -2.3795E-03
  9.4378E-04 -2.1719E-02 -1.8383E-03 -2.4004E-03
  9.5203E-04 -2.1905E-02 -1.8544E-03 -2.4214E-03
  9.6034E-04 -2.2092E-02 -1.8706E-03 -2.4425E-03
  9.6869E-04 -2.2280E-02 -1.8868E-03 -2.4637E-03
  9.7710E-04 -2.2469E-02 -1.9032E-03 -2.4851E-03
  9.8556E-04 -2.2660E-02 -1.9197E-03 -2.5066E-03
  9.9407E-04 -2.2851E-02 -1.9363E-03 -2.5283E-03
  1.0026E-03 -2.3044E-02 -1.9529E-03 -2.5501E-03
  1.0112E-03 -2.3238E-02 -1.9697E-03 -2.5720E-03
  1.0199E-03 -2.3433E-02 -1.9866E-03 -2.5940E-03
  1.0286E-03 -2.3629E-02 -2.0036E-03 -2.6162E-03
  1.0374E-03 -2.3826E-02 -2.0207E-03 -2.6385E-03
  1.0462E-03 -2.4024E-02 -2.0379E-03 -2.6610E-03
  1.0551E-03 -2.4224E-02 -2.0552E-03 -2.6835E-03
  1.0640E-03 -2.4424E-02 -2.0726E-03 -2.7063E-03
  1.0730E-03 -2.4626E-02 -2.0901E-03 -2.7291E-03
  1.0821E-03 -2.4829E-02 -2.1077E-03 -2.7521E-03
  1.0912E-03 -2.5033E-02 -2.1254E-03 -2.7753E-03
  1.1003E-03 -2.5238E-02 -2.1433E-03 -2.7986E-03
  1.1095E-03 -2.5445E-02 -2.1612E-03 -2.8220E-03
  1.1188E-03 -2.5652E-02 -2.1792E-03 -2.8456E-03
  1.1281E-03 -2.5861E-02 -2.1974E-03 -2.8693E-03
  1.1375E-03 -2.6071E-02 -2.2157E-03 -2.8931E-03
  1.1470E-03 -2.6282E-02 -2.2341E-03 -2.9171E-03
  1.1565E-03 -2.6495E-02 -2.2526E-03 -2.9413E-03
  1.1660E-03 -2.6709E-02 -2.2712E-03 -2.9656E-03
  1.1756E-03 -2.6923E-02 -2.2899E-03 -2.9901E-03
  1.1853E-03 -2.7140E-02 -2.3087E-03 -3.0147E-03
  1.1950E-03 -2.7357E-02 -2.3277E-03 -3.0394E-03
  1.2048E-03 -2.7576E-02 -2.3468E-03 -3.0643E-03
  1.2147E-03 -2.7796E-02 -2.3660E-03 -3.0894E-03
  1.2246E-03 -2.8017E-02 -2.3853E-03 -3.1146E-03
  1.2345E-03 -2.8239E-02 -2.4047E-03 -3.1399E-03
  1.2446E-03 -2.8463E-02 -2.4242E-03 -3.1654E-03
  1.2547E-03 -2.8688E-02 -2.4439E-03 -3.1911E-03
  1.2648E-03 -2.8915E-02 -2.4637E-03 -3.2169E-03
  1.2750E-03 -2.9142E-02 -2.4836E-03 -3.2429E-03
  1.2853E-03 -2.9371E-02 -2.5036E-03 -3.2691E-03
  1.2957E-03 -2.9601E-02 -2.5237E-03 -3.2954E-03
  1.3061E-03 -2.9833E-02 -2.5440E-03 -3.3218E-03
  1.3165E-03 -3.0066E-02 -2.5644E-03 -3.3485E-03
  1.3271E-03 -3.0300E-02 -2.5849E-03 -3.3753E-03
  1.3377E-03 -3.0536E-02 -2.6055E-03 -3.4022E-03
  1.3483E-03 -3.0773E-02 -2.6263E-03 -3.4293E-03
  1.3591E-03 -3.1011E-02 -2.6472E-03 -3.4566E-03
  1.3699E-03 -3.1251E-02 -2.6682E-03 -3.4841E-03
  1.3807E-03 -3.1492E-02 -2.6894E-03 -3.5117E-03
  1.3916E-03 -3.1734E-02 -2.7107E-03 -3.5395E-03
  1.4026E-03 -3.1978E-02 -2.7321E-03 -3.5674E-03
  1.4137E-03 -3.2223E-02 -2.7536E-03 -3.5956E-03
  1.4248E-03 -3.2470E-02 -2.7753E-03 -3.6239E-03
  1.4360E-03 -3.2718E-02 -2.7971E-03 -3.6523E-03
  1.4473E-03 -3.2967E-02 -2.8190E-03 -3.6810E-03
  1.4586E-03 -3.3218E-02 -2.8411E-03 -3.7098E-03
  1.4700E-03 -3.3470E-02 -2.8633E-03 -3.7388E-03
  1.4815E-03 -3.3724E-02 -2.8857E-03 -3.7680E-03
  1.4930E-03 -3.3979E-02 -2.9082E-03 -3.7973E-03
  1.5046E-03 -3.4236E-02 -2.9308E-03 -3.8269E-03
  1.5163E-03 -3.4494E-02 -2.9535E-03 -3.8566E-03
  1.5281E-03 -3.4754E-02 -2.9764E-03 -3.8865E-03
  1.5399E-03 -3.5015E-02 -2.9995E-03 -3.9166E-03
  1.5518E-03 -3.5277E-02 -3.0226E-03 -3.9468E-03
  1.5638E-03 -3.5541E-02 -3.0460E-03 -3.9773E-03
  1.5758E-03 -3.5807E-02 -3.0694E-03 -4.0079E-03
  1.5879E-03 -3.6074E-02 -3.0930E-03 -4.0387E-03
  1.6001E-03 -3.6343E-02 -3.1168E-03 -4.0697E-03
  1.6124E-03 -3.6613E-02 -3.1407E-03 -4.1009E-03
  1.6247E-03 -3.6884E-02 -3.1647E-03 -4.1323E-03
  1.6372E-03 -3.7157E-02 -3.1889E-03 -4.1639E-03
  1.6497E-03 -3.7432E-02 -3.2132E-03 -4.1957E-03
  1.6622E-03 -3.7709E-02 -3.2377E-03 -4.2277E-03
  1.6749E-03 -3.7986E-02 -3.2623E-03 -4.2598E-03
  1.6876E-03 -3.8266E-02 -3.2871E-03 -4.2922E-03
  1.7004E-03 -3.8547E-02 -3.3121E-03 -4.3247E-03
  1.7133E-03 -3.8830E-02 -3.3372E-03 -4.3575E-03
  1.7262E-03 -3.9114E-02 -3.3624E-03 -4.3905E-03
  1.7393E-03 -3.9400E-02 -3.3878E-03 -4.4236E-03
  1.7524E-03 -3.9687E-02 -3.4133E-03 -4.4570E-03
  1.7656E-03 -3.9976E-02 -3.4391E-03 -4.4906E-03
  1.7789E-03 -4.0267E-02 -3.4649E-03 -4.5243E-03
  1.7922E-03 -4.0559E-02 -3.4909E-03 -4.5583E-03
  1.8057E-03 -4.0853E-02 -3.5171E-03 -4.5925E-03
  1.8192E-03 -4.1149E-02 -3.5435E-03 -4.6269E-03
  1.8328E-03 -4.1446E-02 -3.5700E-03 -4.6615E-03
  1.8465E-03 -4.1745E-02 -3.5966E-03 -4.6963E-03
  1.8603E-03 -4.2046E-02 -3.6235E-03 -4.7313E-03
  1.8741E-03 -4.2348E-02 -3.6505E-03 -4.7666E-03
  1.8881E-03 -4.2652E-02 -3.6776E-03 -4.8020E-03
  1.9021E-03 -4.2958E-02 -3.7049E-03 -4.8377E-03
  1.9162E-03 -4.3266E-02 -3.7324E-03 -4.8736E-03
  1.9304E-03 -4.3575E-02 -3.7601E-03 -4.9097E-03
  1.9447E-03 -4.3886E-02 -3.7879E-03 -4.9461E-03
  1.9591E-03 -4.4199E-02 -3.8159E-03 -4.9826E-03
  1.9735E-03 -4.4513E-02 -3.8441E-03 -5.0194E-03
  1.9881E-03 -4.4830E-02 -3.8724E-03 -5.0564E-03
  2.0027E-03 -4.5148E-02 -3.9009E-03 -5.0936E-03
  2.0174E-03 -4.5468E-02 -3.9296E-03 -5.1311E-03
  2.0323E-03 -4.5789E-02 -3.9585E-03 -5.1688E-03
  2.0472E-03 -4.6113E-02 -3.9875E-03 -5.2067E-03
  2.0622E-03 -4.6438E-02 -4.0167E-03 -5.2449E-03
  2.0773E-03 -4.6765E-02 -4.0461E-03 -5.2833E-03
  2.0924E-03 -4.7094E-02 -4.0757E-03 -5.3219E-03
  2.1077E-03 -4.7425E-02 -4.1055E-03 -5.3607E-03
  2.1231E-03 -4.7757E-02 -4.1354E-03 -5.3998E-03
  2.1386E-03 -4.8092E-02 -4.1655E-03 -5.4392E-03
  2.1541E-03 -4.8428E-02 -4.1958E-03 -5.4787E-03
  2.1698E-03 -4.8766E-02 -4.2263E-03 -5.5185E-03
  2.1855E-03 -4.9106E-02 -4.2570E-03 -5.5586E-03
  2.2014E-03 -4.9448E-02 -4.2879E-03 -5.5989E-03
  2.2173E-03 -4.9792E-02 -4.3189E-03 -5.6394E-03
  2.2334E-03 -5.0138E-02 -4.3502E-03 -5.6802E-03
  2.2495E-03 -5.0486E-02 -4.3816E-03 -5.7213E-03
  2.2657E-03 -5.0835E-02 -4.4132E-03 -5.7626E-03
  2.2821E-03 -5.1187E-02 -4.4451E-03 -5.8041E-03
  2.2985E-03 -5.1540E-02 -4.4771E-03 -5.8459E-03
  2.3150E-03 -5.1896E-02 -4.5093E-03 -5.8880E-03
  2.3317E-03 -5.2253E-02 -4.5417E-03 -5.9303E-03
  2.3484E-03 -5.2613E-02 -4.5743E-03 -5.9729E-03
  2.3653E-03 -5.2974E-02 -4.6071E-03 -6.0157E-03
  2.3822E-03 -5.3338E-02 -4.6401E-03 -6.0588E-03
  2.3992E-03 -5.3703E-02 -4.6733E-03 -6.1022E-03
  2.4164E-03 -5.4071E-02 -4.7067E-03 -6.1458E-03
  2.4337E-03 -5.4440E-02 -4.7403E-03 -6.1897E-03
  2.4510E-03 -5.4812E-02 -4.7742E-03 -6.2339E-03
  2.4685E-03 -5.5185E-02 -4.8082E-03 -6.2783E-03
  2.4861E-03 -5.5561E-02 -4.8424E-03 -6.3230E-03
  2.5038E-03 -5.5939E-02 -4.8769E-03 -6.3680E-03
  2.5215E-03 -5.6319E-02 -4.9115E-03 -6.4132E-03
  2.5394E-03 -5.6701E-02 -4.9464E-03 -6.4587E-03
  2.5575E-03 -5.7085E-02 -4.9815E-03 -6.5046E-03
  2.5756E-03 -5.7471E-02 -5.0168E-03 -6.5506E-03
  2.5938E-03 -5.7859E-02 -5.0523E-03 -6.5970E-03
  2.6121E-03 -5.8250E-02 -5.0880E-03 -6.6437E-03
  2.6306E-03 -5.8642E-02 -5.1239E-03 -6.6906E-03
  2.6492E-03 -5.9037E-02 -5.1601E-03 -6.7378E-03
  2.6679E-03 -5.9434E-02 -5.1965E-03 -6.7853E-03
  2.6866E-03 -5.9833E-02 -5.2331E-03 -6.8331E-03
  2.7056E-03 -6.0234E-02 -5.2699E-03 -6.8812E-03
  2.7246E-03 -6.0637E-02 -5.3070E-03 -6.9296E-03
  2.7437E-03 -6.1043E-02 -5.3443E-03 -6.9783E-03
  2.7630E-03 -6.1451E-02 -5.3818E-03 -7.0273E-03
  2.7824E-03 -6.1861E-02 -5.4195E-03 -7.0766E-03
  2.8019E-03 -6.2273E-02 -5.4575E-03 -7.1261E-03
  2.8215E-03 -6.2688E-02 -5.4957E-03 -7.1760E-03
  2.8412E-03 -6.3105E-02 -5.5342E-03 -7.2262E-03
  2.8611E-03 -6.3524E-02 -5.5728E-03 -7.2767E-03
  2.8810E-03 -6.3945E-02 -5.6117E-03 -7.3275E-03
  2.9011E-03 -6.4369E-02 -5.6509E-03 -7.3786E-03
  2.9214E-03 -6.4795E-02 -5.6903E-03 -7.4301E-03
  2.9417E-03 -6.5223E-02 -5.7299E-03 -7.4818E-03
  2.9622E-03 -6.5654E-02 -5.7698E-03 -7.5339E-03
  2.9828E-03 -6.6087E-02 -5.8099E-03 -7.5863E-03
  3.0035E-03 -6.6522E-02 -5.8502E-03 -7.6389E-03
  3.0243E-03 -6.6960E-02 -5.8909E-03 -7.6920E-03
  3.0453E-03 -6.7400E-02 -5.9317E-03 -7.7453E-03
  3.0664E-03 -6.7842E-02 -5.9728E-03 -7.7990E-03
  3.0876E-03 -6.8287E-02 -6.0142E-03 -7.8530E-03
  3.1090E-03 -6.8734E-02 -6.0558E-03 -7.9073E-03
  3.1305E-03 -6.9184E-02 -6.0976E-03 -7.9620E-03
  3.1521E-03 -6.9636E-02 -6.1398E-03 -8.0170E-03
  3.1739E-03 -7.0090E-02 -6.1821E-03 -8.0723E-03
  3.1958E-03 -7.0547E-02 -6.2248E-03 -8.1280E-03
  3.2178E-03 -7.1006E-02 -6.2677E-03 -8.1840E-03
  3.2399E-03 -7.1468E-02 -6.3108E-03 -8.2403E-03
  3.2622E-03 -7.1933E-02 -6.3542E-03 -8.2970E-03
  3.2847E-03 -7.2399E-02 -6.3979E-03 -8.3541E-03
  3.3072E-03 -7.2869E-02 -6.4419E-03 -8.4115E-03
  3.3299E-03 -7.3340E-02 -6.4861E-03 -8.4692E-03
  3.3528E-03 -7.3815E-02 -6.5306E-03 -8.5273E-03
  3.3758E-03 -7.4292E-02 -6.5754E-03 -8.5858E-03
  3.3989E-03 -7.4771E-02 -6.6204E-03 -8.6446E-03
  3.4221E-03 -7.5253E-02 -6.6657E-03 -8.7037E-03
  3.4455E-03 -7.5738E-02 -6.7113E-03 -8.7633E-03
  3.4691E-03 -7.6225E-02 -6.7572E-03 -8.8232E-03
  3.4928E-03 -7.6714E-02 -6.8033E-03 -8.8834E-03
  3.5166E-03 -7.7207E-02 -6.8498E-03 -8.9441E-03
  3.5406E-03 -7.7702E-02 -6.8965E-03 -9.0051E-03
  3.5647E-03 -7.8199E-02 -6.9435E-03 -9.0664E-03
  3.5890E-03 -7.8699E-02 -6.9908E-03 -9.1282E-03
  3.6134E-03 -7.9202E-02 -7.0384E-03 -9.1903E-03
  3.6380E-03 -7.9708E-02 -7.0862E-03 -9.2528E-03
  3.6628E-03 -8.0216E-02 -7.1344E-03 -9.3157E-03
  3.6876E-03 -8.0727E-02 -7.1829E-03 -9.3790E-03
  3.7127E-03 -8.1240E-02 -7.2316E-03 -9.4426E-03
  3.7378E-03 -8.1756E-02 -7.2807E-03 -9.5067E-03
  3.7632E-03 -8.2275E-02 -7.3300E-03 -9.5711E-03
  3.7887E-03 -8.2797E-02 -7.3797E-03 -9.6359E-03
  3.8143E-03 -8.3322E-02 -7.4296E-03 -9.7012E-03
  3.8401E-03 -8.3849E-02 -7.4799E-03 -9.7668E-03
  3.8661E-03 -8.4379E-02 -7.5305E-03 -9.8328E-03
  3.8922E-03 -8.4911E-02 -7.5813E-03 -9.8993E-03
  3.9185E-03 -8.5447E-02 -7.6325E-03 -9.9661E-03
  3.9449E-03 -8.5985E-02 -7.6840E-03 -1.0033E-02
  3.9715E-03 -8.6526E-02 -7.7358E-03 -1.0101E-02
  3.9983E-03 -8.7070E-02 -7.7880E-03 -1.0169E-02
  4.0252E-03 -8.7617E-02 -7.8404E-03 -1.0238E-02
  4.0523E-03 -8.8167E-02 -7.8932E-03 -1.0306E-02
  4.0796E-03 -8.8719E-02 -7.9463E-03 -1.0376E-02
  4.1070E-03 -8.9275E-02 -7.9997E-03 -1.0446E-02
  4.1346E-03 -8.9833E-02 -8.0535E-03 -1.0516E-02
  4.1624E-03 -9.0394E-02 -8.1076E-03 -1.0586E-02
  4.1903E-03 -9.0958E-02 -8.1620E-03 -1.0657E-02
  4.2184E-03 -9.1525E-02 -8.2167E-03 -1.0729E-02
  4.2467E-03 -9.2095E-02 -8.2718E-03 -1.0801E-02
  4.2751E-03 -9.2668E-02 -8.3272E-03 -1.0873E-02
  4.3037E-03 -9.3244E-02 -8.3829E-03 -1.0946E-02
  4.3325E-03 -9.3822E-02 -8.4390E-03 -1.1019E-02
  4.3615E-03 -9.4404E-02 -8.4955E-03 -1.1093E-02
  4.3907E-03 -9.4989E-02 -8.5522E-03 -1.1167E-02
  4.4200E-03 -9.5577E-02 -8.6094E-03 -1.1242E-02
  4.4495E-03 -9.6167E-02 -8.6668E-03 -1.1317E-02
  4.4792E-03 -9.6761E-02 -8.7247E-03 -1.1392E-02
  4.5090E-03 -9.7358E-02 -8.7828E-03 -1.1468E-02
  4.5391E-03 -9.7958E-02 -8.8414E-03 -1.1545E-02
  4.5693E-03 -9.8561E-02 -8.9003E-03 -1.1621E-02
  4.5998E-03 -9.9166E-02 -8.9595E-03 -1.1699E-02
  4.6304E-03 -9.9776E-02 -9.0191E-03 -1.1777E-02
  4.6612E-03 -1.0039E-01 -9.0791E-03 -1.1855E-02
  4.6921E-03 -1.0100E-01 -9.1395E-03 -1.1934E-02
  4.7233E-03 -1.0162E-01 -9.2002E-03 -1.2013E-02
  4.7547E-03 -1.0224E-01 -9.2613E-03 -1.2093E-02
  4.7862E-03 -1.0287E-01 -9.3227E-03 -1.2173E-02
  4.8180E-03 -1.0350E-01 -9.3846E-03 -1.2254E-02
  4.8499E-03 -1.0413E-01 -9.4468E-03 -1.2335E-02
  4.8820E-03 -1.0476E-01 -9.5094E-03 -1.2417E-02
  4.9144E-03 -1.0540E-01 -9.5724E-03 -1.2499E-02
  4.9469E-03 -1.0604E-01 -9.6357E-03 -1.2582E-02
  4.9796E-03 -1.0668E-01 -9.6995E-03 -1.2665E-02
  5.0126E-03 -1.0733E-01 -9.7636E-03 -1.2749E-02
  5.0457E-03 -1.0798E-01 -9.8282E-03 -1.2833E-02
  5.0790E-03 -1.0863E-01 -9.8931E-03 -1.2918E-02
  5.1126E-03 -1.0929E-01 -9.9584E-03 -1.3003E-02
  5.1463E-03 -1.0995E-01 -1.0024E-02 -1.3089E-02
  5.1802E-03 -1.1061E-01 -1.0090E-02 -1.3175E-02
  5.2144E-03 -1.1128E-01 -1.0157E-02 -1.3262E-02
  5.2488E-03 -1.1195E-01 -1.0224E-02 -1.3349E-02
  5.2833E-03 -1.1262E-01 -1.0291E-02 -1.3437E-02
  5.3181E-03 -1.1330E-01 -1.0359E-02 -1.3526E-02
  5.3531E-03 -1.1398E-01 -1.0427E-02 -1.3615E-02
  5.3883E-03 -1.1466E-01 -1.0496E-02 -1.3704E-02
  5.4238E-03 -1.1535E-01 -1.0565E-02 -1.3794E-02
  5.4594E-03 -1.1604E-01 -1.0634E-02 -1.3885E-02
  5.4953E-03 -1.1673E-01 -1.0704E-02 -1.3976E-02
  5.5314E-03 -1.1743E-01 -1.0774E-02 -1.4068E-02
  5.5677E-03 -1.1813E-01 -1.0845E-02 -1.4160E-02
  5.6042E-03 -1.1883E-01 -1.0916E-02 -1.4253E-02
  5.6409E-03 -1.1954E-01 -1.0988E-02 -1.4347E-02
  5.6779E-03 -1.2025E-01 -1.1060E-02 -1.4441E-02
  5.7151E-03 -1.2096E-01 -1.1132E-02 -1.4535E-02
  5.7525E-03 -1.2168E-01 -1.1205E-02 -1.4631E-02
  5.7902E-03 -1.2240E-01 -1.1278E-02 -1.4726E-02
  5.8281E-03 -1.2312E-01 -1.1352E-02 -1.4823E-02
  5.8662E-03 -1.2385E-01 -1.1426E-02 -1.4920E-02
  5.9045E-03 -1.2458E-01 -1.1501E-02 -1.5017E-02
  5.9431E-03 -1.2532E-01 -1.1576E-02 -1.5115E-02
  5.9819E-03 -1.2606E-01 -1.1652E-02 -1.5214E-02
  6.0210E-03 -1.2680E-01 -1.1728E-02 -1.5313E-02
  6.0603E-03 -1.2754E-01 -1.1804E-02 -1.5413E-02
  6.0998E-03 -1.2829E-01 -1.1881E-02 -1.5514E-02
  6.1396E-03 -1.2904E-01 -1.1959E-02 -1.5615E-02
  6.1796E-03 -1.2980E-01 -1.2037E-02 -1.5717E-02
  6.2199E-03 -1.3056E-01 -1.2115E-02 -1.5819E-02
  6.2604E-03 -1.3132E-01 -1.2194E-02 -1.5922E-02
  6.3011E-03 -1.3209E-01 -1.2274E-02 -1.6026E-02
  6.3422E-03 -1.3286E-01 -1.2353E-02 -1.6130E-02
  6.3834E-03 -1.3363E-01 -1.2434E-02 -1.6235E-02
  6.4249E-03 -1.3441E-01 -1.2515E-02 -1.6341E-02
  6.4667E-03 -1.3519E-01 -1.2596E-02 -1.6447E-02
  6.5087E-03 -1.3598E-01 -1.2678E-02 -1.6554E-02
  6.5510E-03 -1.3677E-01 -1.2760E-02 -1.6661E-02
  6.5935E-03 -1.3756E-01 -1.2843E-02 -1.6769E-02
  6.6363E-03 -1.3836E-01 -1.2926E-02 -1.6878E-02
  6.6794E-03 -1.3916E-01 -1.3010E-02 -1.6988E-02
  6.7227E-03 -1.3996E-01 -1.3095E-02 -1.7098E-02
  6.7663E-03 -1.4077E-01 -1.3180E-02 -1.7209E-02
  6.8101E-03 -1.4158E-01 -1.3265E-02 -1.7320E-02
  6.8543E-03 -1.4239E-01 -1.3351E-02 -1.7433E-02
  6.8986E-03 -1.4321E-01 -1.3437E-02 -1.7545E-02
  6.9433E-03 -1.4403E-01 -1.3524E-02 -1.7659E-02
  6.9882E-03 -1.4486E-01 -1.3612E-02 -1.7773E-02
  7.0334E-03 -1.4569E-01 -1.3700E-02 -1.7888E-02
  7.0789E-03 -1.4652E-01 -1.3789E-02 -1.8004E-02
  7.1247E-03 -1.4736E-01 -1.3878E-02 -1.8120E-02
  7.1707E-03 -1.4820E-01 -1.3967E-02 -1.8237E-02
  7.2171E-03 -1.4904E-01 -1.4058E-02 -1.8355E-02
  7.2637E-03 -1.4989E-01 -1.4148E-02 -1.8474E-02
  7.3106E-03 -1.5075E-01 -1.4240E-02 -1.8593E-02
  7.3577E-03 -1.5160E-01 -1.4332E-02 -1.8713E-02
  7.4052E-03 -1.5246E-01 -1.4424E-02 -1.8834E-02
  7.4530E-03 -1.5333E-01 -1.4517E-02 -1.8955E-02
  7.5010E-03 -1.5419E-01 -1.4611E-02 -1.9077E-02
  7.5494E-03 -1.5506E-01 -1.4705E-02 -1.9200E-02
  7.5980E-03 -1.5594E-01 -1.4800E-02 -1.9324E-02
  7.6469E-03 -1.5682E-01 -1.4895E-02 -1.9448E-02
  7.6962E-03 -1.5770E-01 -1.4991E-02 -1.9574E-02
  7.7457E-03 -1.5859E-01 -1.5087E-02 -1.9700E-02
  7.7956E-03 -1.5948E-01 -1.5185E-02 -1.9826E-02
  7.8457E-03 -1.6038E-01 -1.5282E-02 -1.9954E-02
  7.8961E-03 -1.6128E-01 -1.5380E-02 -2.0082E-02
  7.9469E-03 -1.6218E-01 -1.5479E-02 -2.0211E-02
  7.9980E-03 -1.6308E-01 -1.5579E-02 -2.0341E-02
  8.0494E-03 -1.6400E-01 -1.5679E-02 -2.0472E-02
  8.1011E-03 -1.6491E-01 -1.5780E-02 -2.0603E-02
  8.1531E-03 -1.6583E-01 -1.5881E-02 -2.0736E-02
  8.2054E-03 -1.6675E-01 -1.5983E-02 -2.0869E-02
  8.2580E-03 -1.6768E-01 -1.6085E-02 -2.1003E-02
  8.3110E-03 -1.6861E-01 -1.6189E-02 -2.1137E-02
  8.3643E-03 -1.6954E-01 -1.6292E-02 -2.1273E-02
  8.4179E-03 -1.7048E-01 -1.6397E-02 -2.1409E-02
  8.4719E-03 -1.7142E-01 -1.6502E-02 -2.1546E-02
  8.5262E-03 -1.7237E-01 -1.6608E-02 -2.1684E-02
  8.5808E-03 -1.7332E-01 -1.6714E-02 -2.1823E-02
  8.6357E-03 -1.7427E-01 -1.6821E-02 -2.1963E-02
  8.6910E-03 -1.7523E-01 -1.6929E-02 -2.2104E-02
  8.7466E-03 -1.7619E-01 -1.7037E-02 -2.2245E-02
  8.8026E-03 -1.7716E-01 -1.7146E-02 -2.2387E-02
  8.8589E-03 -1.7813E-01 -1.7256E-02 -2.2531E-02
  8.9155E-03 -1.7910E-01 -1.7366E-02 -2.2675E-02
  8.9725E-03 -1.8008E-01 -1.7477E-02 -2.2820E-02
  9.0299E-03 -1.8107E-01 -1.7589E-02 -2.2965E-02
  9.0876E-03 -1.8205E-01 -1.7701E-02 -2.3112E-02
  9.1456E-03 -1.8304E-01 -1.7814E-02 -2.3260E-02
  9.2040E-03 -1.8404E-01 -1.7928E-02 -2.3408E-02
  9.2628E-03 -1.8503E-01 -1.8043E-02 -2.3558E-02
  9.3219E-03 -1.8604E-01 -1.8158E-02 -2.3708E-02
  9.3813E-03 -1.8704E-01 -1.8274E-02 -2.3859E-02
  9.4412E-03 -1.8805E-01 -1.8390E-02 -2.4011E-02
  9.5014E-03 -1.8907E-01 -1.8507E-02 -2.4164E-02
  9.5620E-03 -1.9009E-01 -1.8625E-02 -2.4319E-02
  9.6229E-03 -1.9111E-01 -1.8744E-02 -2.4473E-02
  9.6842E-03 -1.9214E-01 -1.8864E-02 -2.4629E-02
  9.7459E-03 -1.9317E-01 -1.8984E-02 -2.4786E-02
  9.8080E-03 -1.9420E-01 -1.9105E-02 -2.4944E-02
  9.8704E-03 -1.9524E-01 -1.9226E-02 -2.5103E-02
  9.9333E-03 -1.9628E-01 -1.9349E-02 -2.5263E-02
  9.9965E-03 -1.9733E-01 -1.9472E-02 -2.5423E-02
  1.0060E-02 -1.9838E-01 -1.9596E-02 -2.5585E-02
  1.0124E-02 -1.9943E-01 -1.9720E-02 -2.5748E-02
  1.0188E-02 -2.0049E-01 -1.9846E-02 -2.5912E-02
  1.0253E-02 -2.0156E-01 -1.9972E-02 -2.6076E-02
  1.0318E-02 -2.0262E-01 -2.0099E-02 -2.6242E-02
  1.0384E-02 -2.0369E-01 -2.0227E-02 -2.6409E-02
  1.0450E-02 -2.0477E-01 -2.0355E-02 -2.6577E-02
  1.0516E-02 -2.0585E-01 -2.0484E-02 -2.6745E-02
  1.0583E-02 -2.0693E-01 -2.0614E-02 -2.6915E-02
  1.0650E-02 -2.0802E-01 -2.0745E-02 -2.7086E-02
  1.0718E-02 -2.0911E-01 -2.0877E-02 -2.7258E-02
  1.0786E-02 -2.1020E-01 -2.1010E-02 -2.7431E-02
  1.0854E-02 -2.1130E-01 -2.1143E-02 -2.7605E-02
  1.0923E-02 -2.1240E-01 -2.1277E-02 -2.7780E-02
  1.0992E-02 -2.1351E-01 -2.1412E-02 -2.7956E-02
  1.1062E-02 -2.1462E-01 -2.1548E-02 -2.8133E-02
  1.1132E-02 -2.1574E-01 -2.1684E-02 -2.8312E-02
  1.1203E-02 -2.1685E-01 -2.1822E-02 -2.8491E-02
  1.1274E-02 -2.1798E-01 -2.1960E-02 -2.8671E-02
  1.1345E-02 -2.1910E-01 -2.2099E-02 -2.8853E-02
  1.1417E-02 -2.2023E-01 -2.2239E-02 -2.9036E-02
  1.1489E-02 -2.2137E-01 -2.2380E-02 -2.9220E-02
  1.1562E-02 -2.2251E-01 -2.2521E-02 -2.9404E-02
  1.1635E-02 -2.2365E-01 -2.2664E-02 -2.9591E-02
  1.1709E-02 -2.2480E-01 -2.2807E-02 -2.9778E-02
  1.1783E-02 -2.2595E-01 -2.2952E-02 -2.9966E-02
  1.1857E-02 -2.2710E-01 -2.3097E-02 -3.0156E-02
  1.1932E-02 -2.2826E-01 -2.3243E-02 -3.0346E-02
  1.2008E-02 -2.2942E-01 -2.3390E-02 -3.0538E-02
  1.2084E-02 -2.3059E-01 -2.3538E-02 -3.0731E-02
  1.2160E-02 -2.3176E-01 -2.3686E-02 -3.0925E-02
  1.2237E-02 -2.3293E-01 -2.3836E-02 -3.1121E-02
  1.2314E-02 -2.3411E-01 -2.3987E-02 -3.1317E-02
  1.2392E-02 -2.3529E-01 -2.4138E-02 -3.1515E-02
  1.2470E-02 -2.3647E-01 -2.4291E-02 -3.1714E-02
  1.2549E-02 -2.3766E-01 -2.4444E-02 -3.1914E-02
  1.2628E-02 -2.3885E-01 -2.4598E-02 -3.2115E-02
  1.2708E-02 -2.4005E-01 -2.4753E-02 -3.2318E-02
  1.2788E-02 -2.4125E-01 -2.4910E-02 -3.2522E-02
  1.2869E-02 -2.4245E-01 -2.5067E-02 -3.2727E-02
  1.2950E-02 -2.4366E-01 -2.5225E-02 -3.2933E-02
  1.3031E-02 -2.4487E-01 -2.5384E-02 -3.3141E-02
  1.3114E-02 -2.4609E-01 -2.5544E-02 -3.3350E-02
  1.3196E-02 -2.4730E-01 -2.5705E-02 -3.3560E-02
  1.3279E-02 -2.4853E-01 -2.5867E-02 -3.3772E-02
  1.3363E-02 -2.4975E-01 -2.6030E-02 -3.3984E-02
  1.3447E-02 -2.5098E-01 -2.6194E-02 -3.4198E-02
  1.3532E-02 -2.5221E-01 -2.6359E-02 -3.4414E-02
  1.3617E-02 -2.5345E-01 -2.6525E-02 -3.4630E-02
  1.3703E-02 -2.5469E-01 -2.6692E-02 -3.4848E-02
  1.3789E-02 -2.5593E-01 -2.6860E-02 -3.5068E-02
  1.3876E-02 -2.5718E-01 -2.7029E-02 -3.5288E-02
  1.3963E-02 -2.5843E-01 -2.7199E-02 -3.5510E-02
  1.4051E-02 -2.5969E-01 -2.7370E-02 -3.5734E-02
  1.4140E-02 -2.6094E-01 -2.7543E-02 -3.5959E-02
  1.4229E-02 -2.6221E-01 -2.7716E-02 -3.6185E-02
  1.4318E-02 -2.6347E-01 -2.7890E-02 -3.6412E-02
  1.4408E-02 -2.6474E-01 -2.8066E-02 -3.6641E-02
  1.4499E-02 -2.6601E-01 -2.8242E-02 -3.6871E-02
  1.4590E-02 -2.6728E-01 -2.8420E-02 -3.7103E-02
  1.4681E-02 -2.6856E-01 -2.8598E-02 -3.7336E-02
  1.4774E-02 -2.6984E-01 -2.8778E-02 -3.7571E-02
  1.4866E-02 -2.7113E-01 -2.8959E-02 -3.7807E-02
  1.4960E-02 -2.7241E-01 -2.9141E-02 -3.8044E-02
  1.5054E-02 -2.7370E-01 -2.9324E-02 -3.8283E-02
  1.5148E-02 -2.7500E-01 -2.9508E-02 -3.8523E-02
  1.5243E-02 -2.7630E-01 -2.9693E-02 -3.8765E-02
  1.5339E-02 -2.7760E-01 -2.9879E-02 -3.9008E-02
  1.5435E-02 -2.7890E-01 -3.0067E-02 -3.9253E-02
  1.5532E-02 -2.8021E-01 -3.0256E-02 -3.9499E-02
  1.5630E-02 -2.8151E-01 -3.0445E-02 -3.9747E-02
  1.5728E-02 -2.8283E-01 -3.0636E-02 -3.9996E-02
  1.5826E-02 -2.8414E-01 -3.0829E-02 -4.0247E-02
  1.5926E-02 -2.8546E-01 -3.1022E-02 -4.0499E-02
  1.6025E-02 -2.8678E-01 -3.1216E-02 -4.0753E-02
  1.6126E-02 -2.8811E-01 -3.1412E-02 -4.1009E-02
  1.6227E-02 -2.8943E-01 -3.1609E-02 -4.1265E-02
  1.6329E-02 -2.9076E-01 -3.1807E-02 -4.1524E-02
  1.6431E-02 -2.9209E-01 -3.2007E-02 -4.1784E-02
  1.6534E-02 -2.9343E-01 -3.2207E-02 -4.2046E-02
  1.6637E-02 -2.9477E-01 -3.2409E-02 -4.2309E-02
  1.6742E-02 -2.9611E-01 -3.2612E-02 -4.2574E-02
  1.6846E-02 -2.9745E-01 -3.2816E-02 -4.2841E-02
  1.6952E-02 -2.9879E-01 -3.3022E-02 -4.3109E-02
  1.7058E-02 -3.0014E-01 -3.3228E-02 -4.3379E-02
  1.7165E-02 -3.0149E-01 -3.3436E-02 -4.3650E-02
  1.7272E-02 -3.0284E-01 -3.3646E-02 -4.3923E-02
  1.7380E-02 -3.0420E-01 -3.3856E-02 -4.4198E-02
  1.7489E-02 -3.0556E-01 -3.4068E-02 -4.4474E-02
  1.7599E-02 -3.0692E-01 -3.4281E-02 -4.4752E-02
  1.7709E-02 -3.0828E-01 -3.4496E-02 -4.5032E-02
  1.7819E-02 -3.0964E-01 -3.4711E-02 -4.5314E-02
  1.7931E-02 -3.1101E-01 -3.4929E-02 -4.5597E-02
  1.8043E-02 -3.1238E-01 -3.5147E-02 -4.5882E-02
  1.8156E-02 -3.1375E-01 -3.5367E-02 -4.6169E-02
  1.8269E-02 -3.1512E-01 -3.5588E-02 -4.6457E-02
  1.8383E-02 -3.1649E-01 -3.5810E-02 -4.6747E-02
  1.8498E-02 -3.1787E-01 -3.6034E-02 -4.7039E-02
  1.8614E-02 -3.1925E-01 -3.6259E-02 -4.7333E-02
  1.8730E-02 -3.2062E-01 -3.6486E-02 -4.7629E-02
  1.8847E-02 -3.2201E-01 -3.6714E-02 -4.7926E-02
  1.8965E-02 -3.2339E-01 -3.6943E-02 -4.8225E-02
  1.9083E-02 -3.2477E-01 -3.7174E-02 -4.8527E-02
  1.9202E-02 -3.2616E-01 -3.7406E-02 -4.8829E-02
  1.9322E-02 -3.2755E-01 -3.7640E-02 -4.9134E-02
  1.9443E-02 -3.2894E-01 -3.7875E-02 -4.9441E-02
  1.9564E-02 -3.3033E-01 -3.8111E-02 -4.9749E-02
  1.9686E-02 -3.3172E-01 -3.8349E-02 -5.0060E-02
  1.9809E-02 -3.3311E-01 -3.8588E-02 -5.0372E-02
  1.9933E-02 -3.3450E-01 -3.8829E-02 -5.0686E-02
  2.0057E-02 -3.3590E-01 -3.9071E-02 -5.1002E-02
  2.0182E-02 -3.3729E-01 -3.9315E-02 -5.1320E-02
  2.0308E-02 -3.3869E-01 -3.9560E-02 -5.1640E-02
  2.0435E-02 -3.4009E-01 -3.9807E-02 -5.1962E-02
  2.0562E-02 -3.4149E-01 -4.0055E-02 -5.2286E-02
  2.0690E-02 -3.4289E-01 -4.0305E-02 -5.2612E-02
  2.0819E-02 -3.4429E-01 -4.0556E-02 -5.2939E-02
  2.0949E-02 -3.4569E-01 -4.0809E-02 -5.3269E-02
  2.1080E-02 -3.4709E-01 -4.1064E-02 -5.3601E-02
  2.1211E-02 -3.4849E-01 -4.1320E-02 -5.3935E-02
  2.1343E-02 -3.4989E-01 -4.1577E-02 -5.4271E-02
  2.1476E-02 -3.5130E-01 -4.1836E-02 -5.4609E-02
  2.1610E-02 -3.5270E-01 -4.2097E-02 -5.4949E-02
  2.1745E-02 -3.5410E-01 -4.2359E-02 -5.5291E-02
  2.1880E-02 -3.5550E-01 -4.2623E-02 -5.5635E-02
  2.2016E-02 -3.5691E-01 -4.2889E-02 -5.5981E-02
  2.2153E-02 -3.5831E-01 -4.3156E-02 -5.6330E-02
  2.2291E-02 -3.5971E-01 -4.3424E-02 -5.6680E-02
  2.2430E-02 -3.6112E-01 -4.3695E-02 -5.7033E-02
  2.2570E-02 -3.6252E-01 -4.3967E-02 -5.7388E-02
  2.2710E-02 -3.6392E-01 -4.4241E-02 -5.7745E-02
  2.2851E-02 -3.6532E-01 -4.4516E-02 -5.8104E-02
  2.2994E-02 -3.6672E-01 -4.4793E-02 -5.8465E-02
  2.3137E-02 -3.6812E-01 -4.5072E-02 -5.8829E-02
  2.3281E-02 -3.6952E-01 -4.5352E-02 -5.9194E-02
  2.3425E-02 -3.7092E-01 -4.5634E-02 -5.9562E-02
  2.3571E-02 -3.7232E-01 -4.5918E-02 -5.9933E-02
  2.3718E-02 -3.7371E-01 -4.6204E-02 -6.0305E-02
  2.3865E-02 -3.7511E-01 -4.6491E-02 -6.0680E-02
  2.4014E-02 -3.7650E-01 -4.6781E-02 -6.1057E-02
  2.4163E-02 -3.7790E-01 -4.7071E-02 -6.1436E-02
  2.4313E-02 -3.7929E-01 -4.7364E-02 -6.1818E-02
  2.4464E-02 -3.8068E-01 -4.7659E-02 -6.2202E-02
  2.4616E-02 -3.8206E-01 -4.7955E-02 -6.2589E-02
  2.4769E-02 -3.8345E-01 -4.8253E-02 -6.2977E-02
  2.4923E-02 -3.8484E-01 -4.8553E-02 -6.3368E-02
  2.5078E-02 -3.8622E-01 -4.8855E-02 -6.3762E-02
  2.5234E-02 -3.8760E-01 -4.9158E-02 -6.4158E-02
  2.5391E-02 -3.8898E-01 -4.9464E-02 -6.4556E-02
  2.5548E-02 -3.9035E-01 -4.9771E-02 -6.4957E-02
  2.5707E-02 -3.9173E-01 -5.0080E-02 -6.5360E-02
  2.5867E-02 -3.9310E-01 -5.0392E-02 -6.5766E-02
  2.6027E-02 -3.9447E-01 -5.0705E-02 -6.6174E-02
  2.6189E-02 -3.9583E-01 -5.1020E-02 -6.6584E-02
  2.6352E-02 -3.9719E-01 -5.1336E-02 -6.6997E-02
  2.6515E-02 -3.9855E-01 -5.1655E-02 -6.7413E-02
  2.6680E-02 -3.9991E-01 -5.1976E-02 -6.7831E-02
  2.6845E-02 -4.0126E-01 -5.2299E-02 -6.8252E-02
  2.7012E-02 -4.0262E-01 -5.2623E-02 -6.8675E-02
  2.7180E-02 -4.0396E-01 -5.2950E-02 -6.9101E-02
  2.7348E-02 -4.0531E-01 -5.3279E-02 -6.9529E-02
  2.7518E-02 -4.0664E-01 -5.3609E-02 -6.9960E-02
  2.7689E-02 -4.0798E-01 -5.3942E-02 -7.0394E-02
  2.7860E-02 -4.0931E-01 -5.4277E-02 -7.0830E-02
  2.8033E-02 -4.1064E-01 -5.4614E-02 -7.1269E-02
  2.8207E-02 -4.1196E-01 -5.4953E-02 -7.1711E-02
  2.8382E-02 -4.1328E-01 -5.5294E-02 -7.2155E-02
  2.8558E-02 -4.1460E-01 -5.5637E-02 -7.2603E-02
  2.8735E-02 -4.1591E-01 -5.5982E-02 -7.3052E-02
  2.8913E-02 -4.1721E-01 -5.6329E-02 -7.3505E-02
  2.9093E-02 -4.1851E-01 -5.6678E-02 -7.3960E-02
  2.9273E-02 -4.1981E-01 -5.7030E-02 -7.4418E-02
  2.9454E-02 -4.2110E-01 -5.7383E-02 -7.4879E-02
  2.9637E-02 -4.2238E-01 -5.7739E-02 -7.5343E-02
  2.9821E-02 -4.2366E-01 -5.8097E-02 -7.5809E-02
  3.0005E-02 -4.2493E-01 -5.8457E-02 -7.6279E-02
  3.0191E-02 -4.2620E-01 -5.8820E-02 -7.6751E-02
  3.0378E-02 -4.2746E-01 -5.9184E-02 -7.7226E-02
  3.0567E-02 -4.2872E-01 -5.9551E-02 -7.7704E-02
  3.0756E-02 -4.2997E-01 -5.9920E-02 -7.8185E-02
  3.0946E-02 -4.3121E-01 -6.0292E-02 -7.8669E-02
  3.1138E-02 -4.3245E-01 -6.0665E-02 -7.9155E-02
  3.1331E-02 -4.3368E-01 -6.1041E-02 -7.9645E-02
  3.1525E-02 -4.3490E-01 -6.1419E-02 -8.0138E-02
  3.1720E-02 -4.3612E-01 -6.1800E-02 -8.0634E-02
  3.1917E-02 -4.3733E-01 -6.2183E-02 -8.1132E-02
  3.2114E-02 -4.3853E-01 -6.2568E-02 -8.1634E-02
  3.2313E-02 -4.3972E-01 -6.2956E-02 -8.2139E-02
  3.2513E-02 -4.4091E-01 -6.3345E-02 -8.2647E-02
  3.2714E-02 -4.4209E-01 -6.3738E-02 -8.3158E-02
  3.2917E-02 -4.4326E-01 -6.4133E-02 -8.3672E-02
  3.3121E-02 -4.4442E-01 -6.4530E-02 -8.4189E-02
  3.3326E-02 -4.4557E-01 -6.4929E-02 -8.4710E-02
  3.3532E-02 -4.4672E-01 -6.5331E-02 -8.5233E-02
  3.3739E-02 -4.4785E-01 -6.5736E-02 -8.5760E-02
  3.3948E-02 -4.4898E-01 -6.6143E-02 -8.6290E-02
  3.4158E-02 -4.5010E-01 -6.6552E-02 -8.6823E-02
  3.4369E-02 -4.5121E-01 -6.6964E-02 -8.7360E-02
  3.4582E-02 -4.5231E-01 -6.7379E-02 -8.7900E-02
  3.4796E-02 -4.5340E-01 -6.7796E-02 -8.8443E-02
  3.5011E-02 -4.5448E-01 -6.8215E-02 -8.8989E-02
  3.5228E-02 -4.5555E-01 -6.8637E-02 -8.9539E-02
  3.5446E-02 -4.5661E-01 -6.9062E-02 -9.0092E-02
  3.5665E-02 -4.5766E-01 -6.9489E-02 -9.0648E-02
  3.5885E-02 -4.5870E-01 -6.9919E-02 -9.1208E-02
  3.6107E-02 -4.5973E-01 -7.0352E-02 -9.1771E-02
  3.6330E-02 -4.6074E-01 -7.0787E-02 -9.2337E-02
  3.6555E-02 -4.6175E-01 -7.1225E-02 -9.2908E-02
  3.6781E-02 -4.6275E-01 -7.1666E-02 -9.3481E-02
  3.7008E-02 -4.6373E-01 -7.2109E-02 -9.4058E-02
  3.7237E-02 -4.6470E-01 -7.2555E-02 -9.4639E-02
  3.7467E-02 -4.6566E-01 -7.3004E-02 -9.5223E-02
  3.7699E-02 -4.6661E-01 -7.3455E-02 -9.5810E-02
  3.7932E-02 -4.6754E-01 -7.3909E-02 -9.6401E-02
  3.8166E-02 -4.6846E-01 -7.4366E-02 -9.6996E-02
  3.8402E-02 -4.6937E-01 -7.4826E-02 -9.7595E-02
  3.8639E-02 -4.7027E-01 -7.5289E-02 -9.8197E-02
  3.8878E-02 -4.7115E-01 -7.5754E-02 -9.8802E-02
  3.9118E-02 -4.7202E-01 -7.6222E-02 -9.9412E-02
  3.9360E-02 -4.7288E-01 -7.6694E-02 -1.0002E-01
  3.9603E-02 -4.7372E-01 -7.7168E-02 -1.0064E-01
  3.9847E-02 -4.7455E-01 -7.7645E-02 -1.0126E-01
  4.0094E-02 -4.7536E-01 -7.8125E-02 -1.0189E-01
  4.0341E-02 -4.7616E-01 -7.8607E-02 -1.0251E-01
  4.0590E-02 -4.7694E-01 -7.9093E-02 -1.0315E-01
  4.0841E-02 -4.7771E-01 -7.9582E-02 -1.0378E-01
  4.1093E-02 -4.7847E-01 -8.0074E-02 -1.0442E-01
  4.1347E-02 -4.7921E-01 -8.0569E-02 -1.0507E-01
  4.1602E-02 -4.7993E-01 -8.1066E-02 -1.0571E-01
  4.1859E-02 -4.8063E-01 -8.1567E-02 -1.0636E-01
  4.2117E-02 -4.8132E-01 -8.2071E-02 -1.0702E-01
  4.2377E-02 -4.8200E-01 -8.2578E-02 -1.0768E-01
  4.2639E-02 -4.8266E-01 -8.3088E-02 -1.0834E-01
  4.2902E-02 -4.8330E-01 -8.3602E-02 -1.0901E-01
  4.3167E-02 -4.8392E-01 -8.4118E-02 -1.0968E-01
  4.3433E-02 -4.8453E-01 -8.4638E-02 -1.1036E-01
  4.3701E-02 -4.8511E-01 -8.5160E-02 -1.1104E-01
  4.3971E-02 -4.8568E-01 -8.5686E-02 -1.1172E-01
  4.4242E-02 -4.8624E-01 -8.6216E-02 -1.1241E-01
  4.4515E-02 -4.8677E-01 -8.6748E-02 -1.1310E-01
  4.4790E-02 -4.8728E-01 -8.7284E-02 -1.1380E-01
  4.5066E-02 -4.8778E-01 -8.7823E-02 -1.1450E-01
  4.5344E-02 -4.8826E-01 -8.8365E-02 -1.1520E-01
  4.5624E-02 -4.8871E-01 -8.8911E-02 -1.1591E-01
  4.5905E-02 -4.8915E-01 -8.9460E-02 -1.1662E-01
  4.6188E-02 -4.8957E-01 -9.0012E-02 -1.1734E-01
  4.6473E-02 -4.8997E-01 -9.0568E-02 -1.1806E-01
  4.6760E-02 -4.9035E-01 -9.1127E-02 -1.1879E-01
  4.7048E-02 -4.9070E-01 -9.1689E-02 -1.1952E-01
  4.7338E-02 -4.9104E-01 -9.2255E-02 -1.2026E-01
  4.7630E-02 -4.9135E-01 -9.2825E-02 -1.2100E-01
  4.7924E-02 -4.9164E-01 -9.3398E-02 -1.2174E-01
  4.8219E-02 -4.9191E-01 -9.3974E-02 -1.2249E-01
  4.8517E-02 -4.9216E-01 -9.4554E-02 -1.2324E-01
  4.8816E-02 -4.9239E-01 -9.5138E-02 -1.2400E-01
  4.9117E-02 -4.9259E-01 -9.5725E-02 -1.2476E-01
  4.9420E-02 -4.9278E-01 -9.6316E-02 -1.2553E-01
  4.9724E-02 -4.9293E-01 -9.6910E-02 -1.2630E-01
  5.0031E-02 -4.9307E-01 -9.7508E-02 -1.2708E-01
  5.0339E-02 -4.9318E-01 -9.8110E-02 -1.2786E-01
  5.0649E-02 -4.9327E-01 -9.8715E-02 -1.2865E-01
  5.0961E-02 -4.9333E-01 -9.9324E-02 -1.2944E-01
  5.1276E-02 -4.9337E-01 -9.9937E-02 -1.3023E-01
  5.1591E-02 -4.9338E-01 -1.0055E-01 -1.3103E-01
  5.1909E-02 -4.9337E-01 -1.0117E-01 -1.3184E-01
  5.2229E-02 -4.9333E-01 -1.0180E-01 -1.3265E-01
  5.2551E-02 -4.9327E-01 -1.0243E-01 -1.3346E-01
  5.2875E-02 -4.9318E-01 -1.0306E-01 -1.3428E-01
  5.3201E-02 -4.9306E-01 -1.0369E-01 -1.3511E-01
  5.3528E-02 -4.9292E-01 -1.0433E-01 -1.3594E-01
  5.3858E-02 -4.9275E-01 -1.0498E-01 -1.3677E-01
  5.4190E-02 -4.9256E-01 -1.0562E-01 -1.3761E-01
  5.4524E-02 -4.9233E-01 -1.0628E-01 -1.3846E-01
  5.4859E-02 -4.9208E-01 -1.0693E-01 -1.3931E-01
  5.5197E-02 -4.9180E-01 -1.0759E-01 -1.4016E-01
  5.5537E-02 -4.9150E-01 -1.0825E-01 -1.4102E-01
  5.5879E-02 -4.9116E-01 -1.0892E-01 -1.4189E-01
  5.6223E-02 -4.9080E-01 -1.0959E-01 -1.4276E-01
  5.6570E-02 -4.9040E-01 -1.1027E-01 -1.4363E-01
  5.6918E-02 -4.8998E-01 -1.1095E-01 -1.4452E-01
  5.7268E-02 -4.8953E-01 -1.1163E-01 -1.4540E-01
  5.7621E-02 -4.8904E-01 -1.1232E-01 -1.4629E-01
  5.7976E-02 -4.8853E-01 -1.1302E-01 -1.4719E-01
  5.8333E-02 -4.8799E-01 -1.1371E-01 -1.4809E-01
  5.8692E-02 -4.8741E-01 -1.1441E-01 -1.4900E-01
  5.9053E-02 -4.8681E-01 -1.1512E-01 -1.4992E-01
  5.9417E-02 -4.8617E-01 -1.1583E-01 -1.5084E-01
  5.9782E-02 -4.8550E-01 -1.1654E-01 -1.5176E-01
  6.0150E-02 -4.8480E-01 -1.1726E-01 -1.5269E-01
  6.0521E-02 -4.8406E-01 -1.1798E-01 -1.5363E-01
  6.0893E-02 -4.8330E-01 -1.1871E-01 -1.5457E-01
  6.1268E-02 -4.8250E-01 -1.1944E-01 -1.5552E-01
  6.1645E-02 -4.8166E-01 -1.2018E-01 -1.5647E-01
  6.2024E-02 -4.8080E-01 -1.2092E-01 -1.5743E-01
  6.2406E-02 -4.7990E-01 -1.2167E-01 -1.5839E-01
  6.2790E-02 -4.7896E-01 -1.2242E-01 -1.5936E-01
  6.3176E-02 -4.7799E-01 -1.2317E-01 -1.6034E-01
  6.3565E-02 -4.7699E-01 -1.2393E-01 -1.6132E-01
  6.3956E-02 -4.7595E-01 -1.2469E-01 -1.6231E-01
  6.4350E-02 -4.7487E-01 -1.2546E-01 -1.6331E-01
  6.4746E-02 -4.7376E-01 -1.2624E-01 -1.6431E-01
  6.5144E-02 -4.7262E-01 -1.2701E-01 -1.6531E-01
  6.5545E-02 -4.7143E-01 -1.2780E-01 -1.6632E-01
  6.5948E-02 -4.7021E-01 -1.2859E-01 -1.6734E-01
  6.6354E-02 -4.6896E-01 -1.2938E-01 -1.6837E-01
  6.6762E-02 -4.6766E-01 -1.3018E-01 -1.6940E-01
  6.7172E-02 -4.6633E-01 -1.3098E-01 -1.7044E-01
  6.7586E-02 -4.6496E-01 -1.3178E-01 -1.7148E-01
  6.8001E-02 -4.6356E-01 -1.3260E-01 -1.7253E-01
  6.8420E-02 -4.6211E-01 -1.3341E-01 -1.7358E-01
  6.8840E-02 -4.6063E-01 -1.3424E-01 -1.7465E-01
  6.9264E-02 -4.5911E-01 -1.3506E-01 -1.7571E-01
  6.9690E-02 -4.5754E-01 -1.3590E-01 -1.7679E-01
  7.0118E-02 -4.5594E-01 -1.3673E-01 -1.7787E-01
  7.0549E-02 -4.5430E-01 -1.3758E-01 -1.7896E-01
  7.0983E-02 -4.5262E-01 -1.3842E-01 -1.8005E-01
  7.1420E-02 -4.5090E-01 -1.3928E-01 -1.8115E-01
  7.1859E-02 -4.4914E-01 -1.4014E-01 -1.8226E-01
  7.2301E-02 -4.4733E-01 -1.4100E-01 -1.8338E-01
  7.2745E-02 -4.4549E-01 -1.4187E-01 -1.8450E-01
  7.3192E-02 -4.4360E-01 -1.4274E-01 -1.8563E-01
  7.3642E-02 -4.4167E-01 -1.4362E-01 -1.8676E-01
  7.4095E-02 -4.3970E-01 -1.4451E-01 -1.8790E-01
  7.4550E-02 -4.3769E-01 -1.4540E-01 -1.8905E-01
  7.5009E-02 -4.3564E-01 -1.4629E-01 -1.9020E-01
  7.5470E-02 -4.3354E-01 -1.4720E-01 -1.9137E-01
  7.5934E-02 -4.3140E-01 -1.4810E-01 -1.9254E-01
  7.6400E-02 -4.2921E-01 -1.4902E-01 -1.9371E-01
  7.6870E-02 -4.2699E-01 -1.4993E-01 -1.9489E-01
  7.7342E-02 -4.2471E-01 -1.5086E-01 -1.9608E-01
  7.7818E-02 -4.2240E-01 -1.5179E-01 -1.9728E-01
  7.8296E-02 -4.2004E-01 -1.5272E-01 -1.9849E-01
  7.8777E-02 -4.1763E-01 -1.5367E-01 -1.9970E-01
  7.9261E-02 -4.1518E-01 -1.5461E-01 -2.0092E-01
  7.9748E-02 -4.1269E-01 -1.5556E-01 -2.0214E-01
  8.0238E-02 -4.1015E-01 -1.5652E-01 -2.0338E-01
  8.0731E-02 -4.0756E-01 -1.5749E-01 -2.0462E-01
  8.1228E-02 -4.0493E-01 -1.5846E-01 -2.0587E-01
  8.1727E-02 -4.0225E-01 -1.5944E-01 -2.0712E-01
  8.2229E-02 -3.9953E-01 -1.6042E-01 -2.0839E-01
  8.2734E-02 -3.9676E-01 -1.6141E-01 -2.0966E-01
  8.3242E-02 -3.9394E-01 -1.6240E-01 -2.1093E-01
  8.3754E-02 -3.9108E-01 -1.6340E-01 -2.1222E-01
  8.4268E-02 -3.8817E-01 -1.6441E-01 -2.1351E-01
  8.4786E-02 -3.8521E-01 -1.6542E-01 -2.1482E-01
  8.5307E-02 -3.8220E-01 -1.6644E-01 -2.1613E-01
  8.5831E-02 -3.7915E-01 -1.6747E-01 -2.1744E-01
  8.6358E-02 -3.7605E-01 -1.6850E-01 -2.1877E-01
  8.6889E-02 -3.7290E-01 -1.6954E-01 -2.2010E-01
  8.7422E-02 -3.6970E-01 -1.7058E-01 -2.2144E-01
  8.7959E-02 -3.6645E-01 -1.7164E-01 -2.2279E-01
  8.8499E-02 -3.6315E-01 -1.7269E-01 -2.2415E-01
  8.9043E-02 -3.5981E-01 -1.7376E-01 -2.2551E-01
  8.9590E-02 -3.5642E-01 -1.7483E-01 -2.2688E-01
  9.0140E-02 -3.5297E-01 -1.7591E-01 -2.2827E-01
  9.0694E-02 -3.4948E-01 -1.7699E-01 -2.2965E-01
  9.1251E-02 -3.4594E-01 -1.7808E-01 -2.3105E-01
  9.1811E-02 -3.4235E-01 -1.7918E-01 -2.3246E-01
  9.2375E-02 -3.3871E-01 -1.8028E-01 -2.3387E-01
  9.2942E-02 -3.3501E-01 -1.8139E-01 -2.3530E-01
  9.3513E-02 -3.3127E-01 -1.8251E-01 -2.3673E-01
  9.4087E-02 -3.2748E-01 -1.8364E-01 -2.3817E-01
  9.4665E-02 -3.2364E-01 -1.8477E-01 -2.3961E-01
  9.5246E-02 -3.1975E-01 -1.8591E-01 -2.4107E-01
  9.5831E-02 -3.1580E-01 -1.8706E-01 -2.4254E-01
  9.6419E-02 -3.1181E-01 -1.8821E-01 -2.4401E-01
  9.7011E-02 -3.0776E-01 -1.8937E-01 -2.4549E-01
  9.7607E-02 -3.0367E-01 -1.9054E-01 -2.4698E-01
  9.8206E-02 -2.9952E-01 -1.9171E-01 -2.4849E-01
  9.8809E-02 -2.9532E-01 -1.9289E-01 -2.4999E-01
  9.9415E-02 -2.9107E-01 -1.9408E-01 -2.5151E-01
  1.0003E-01 -2.8677E-01 -1.9528E-01 -2.5304E-01
  1.0064E-01 -2.8242E-01 -1.9648E-01 -2.5458E-01
  1.0126E-01 -2.7802E-01 -1.9770E-01 -2.5612E-01
  1.0188E-01 -2.7357E-01 -1.9891E-01 -2.5768E-01
  1.0250E-01 -2.6906E-01 -2.0014E-01 -2.5924E-01
  1.0313E-01 -2.6451E-01 -2.0138E-01 -2.6081E-01
  1.0377E-01 -2.5990E-01 -2.0262E-01 -2.6239E-01
  1.0440E-01 -2.5524E-01 -2.0387E-01 -2.6398E-01
  1.0504E-01 -2.5053E-01 -2.0512E-01 -2.6559E-01
  1.0569E-01 -2.4577E-01 -2.0639E-01 -2.6720E-01
  1.0634E-01 -2.4095E-01 -2.0766E-01 -2.6882E-01
  1.0699E-01 -2.3609E-01 -2.0894E-01 -2.7044E-01
  1.0765E-01 -2.3117E-01 -2.1023E-01 -2.7208E-01
  1.0831E-01 -2.2620E-01 -2.1153E-01 -2.7373E-01
  1.0897E-01 -2.2119E-01 -2.1283E-01 -2.7539E-01
  1.0964E-01 -2.1612E-01 -2.1415E-01 -2.7706E-01
  1.1031E-01 -2.1100E-01 -2.1547E-01 -2.7873E-01
  1.1099E-01 -2.0582E-01 -2.1680E-01 -2.8042E-01
  1.1167E-01 -2.0060E-01 -2.1813E-01 -2.8212E-01
  1.1236E-01 -1.9533E-01 -2.1948E-01 -2.8383E-01
  1.1305E-01 -1.9000E-01 -2.2083E-01 -2.8554E-01
  1.1374E-01 -1.8463E-01 -2.2220E-01 -2.8727E-01
  1.1444E-01 -1.7920E-01 -2.2357E-01 -2.8901E-01
  1.1514E-01 -1.7373E-01 -2.2495E-01 -2.9075E-01
  1.1585E-01 -1.6820E-01 -2.2634E-01 -2.9251E-01
  1.1656E-01 -1.6262E-01 -2.2773E-01 -2.9428E-01
  1.1727E-01 -1.5700E-01 -2.2914E-01 -2.9606E-01
  1.1799E-01 -1.5132E-01 -2.3055E-01 -2.9785E-01
  1.1872E-01 -1.4560E-01 -2.3198E-01 -2.9964E-01
  1.1944E-01 -1.3982E-01 -2.3341E-01 -3.0145E-01
  1.2018E-01 -1.3400E-01 -2.3485E-01 -3.0327E-01
  1.2091E-01 -1.2813E-01 -2.3630E-01 -3.0510E-01
  1.2166E-01 -1.2220E-01 -2.3776E-01 -3.0694E-01
  1.2240E-01 -1.1624E-01 -2.3922E-01 -3.0880E-01
  1.2315E-01 -1.1022E-01 -2.4070E-01 -3.1066E-01
  1.2391E-01 -1.0415E-01 -2.4219E-01 -3.1253E-01
  1.2467E-01 -9.8038E-02 -2.4368E-01 -3.1442E-01
  1.2543E-01 -9.1877E-02 -2.4519E-01 -3.1631E-01
  1.2620E-01 -8.5669E-02 -2.4670E-01 -3.1822E-01
  1.2698E-01 -7.9415E-02 -2.4822E-01 -3.2013E-01
  1.2775E-01 -7.3114E-02 -2.4976E-01 -3.2206E-01
  1.2854E-01 -6.6767E-02 -2.5130E-01 -3.2400E-01
  1.2933E-01 -6.0374E-02 -2.5285E-01 -3.2595E-01
  1.3012E-01 -5.3936E-02 -2.5441E-01 -3.2791E-01
  1.3092E-01 -4.7453E-02 -2.5599E-01 -3.2988E-01
  1.3172E-01 -4.0925E-02 -2.5757E-01 -3.3187E-01
  1.3253E-01 -3.4353E-02 -2.5916E-01 -3.3386E-01
  1.3334E-01 -2.7738E-02 -2.6076E-01 -3.3587E-01
  1.3416E-01 -2.1079E-02 -2.6237E-01 -3.3789E-01
  1.3498E-01 -1.4377E-02 -2.6399E-01 -3.3992E-01
  1.3581E-01 -7.6330E-03 -2.6562E-01 -3.4196E-01
  1.3664E-01 -8.4686E-04 -2.6726E-01 -3.4401E-01
  1.3748E-01  5.9807E-03 -2.6892E-01 -3.4608E-01
  1.3832E-01  1.2849E-02 -2.7058E-01 -3.4815E-01
  1.3917E-01  1.9758E-02 -2.7225E-01 -3.5024E-01
  1.4002E-01  2.6707E-02 -2.7393E-01 -3.5234E-01
  1.4088E-01  3.3696E-02 -2.7563E-01 -3.5445E-01
  1.4175E-01  4.0723E-02 -2.7733E-01 -3.5658E-01
  1.4262E-01  4.7788E-02 -2.7905E-01 -3.5871E-01
  1.4349E-01  5.4891E-02 -2.8077E-01 -3.6086E-01
  1.4437E-01  6.2032E-02 -2.8251E-01 -3.6302E-01
  1.4526E-01  6.9208E-02 -2.8426E-01 -3.6519E-01
  1.4615E-01  7.6421E-02 -2.8601E-01 -3.6738E-01
  1.4704E-01  8.3669E-02 -2.8778E-01 -3.6958E-01
  1.4794E-01  9.0951E-02 -2.8956E-01 -3.7179E-01
  1.4885E-01  9.8267E-02 -2.9135E-01 -3.7401E-01
  1.4976E-01  1.0562E-01 -2.9316E-01 -3.7624E-01
  1.5068E-01  1.1300E-01 -2.9497E-01 -3.7849E-01
  1.5160E-01  1.2041E-01 -2.9679E-01 -3.8075E-01
  1.5253E-01  1.2786E-01 -2.9863E-01 -3.8302E-01
  1.5347E-01  1.3533E-01 -3.0048E-01 -3.8531E-01
  1.5441E-01  1.4284E-01 -3.0234E-01 -3.8760E-01
  1.5536E-01  1.5037E-01 -3.0421E-01 -3.8991E-01
  1.5631E-01  1.5793E-01 -3.0609E-01 -3.9224E-01
  1.5727E-01  1.6552E-01 -3.0799E-01 -3.9457E-01
  1.5823E-01  1.7313E-01 -3.0990E-01 -3.9692E-01
  1.5920E-01  1.8077E-01 -3.1181E-01 -3.9928E-01
  1.6018E-01  1.8844E-01 -3.1374E-01 -4.0166E-01
  1.6116E-01  1.9613E-01 -3.1569E-01 -4.0405E-01
  1.6215E-01  2.0384E-01 -3.1764E-01 -4.0645E-01
  1.6314E-01  2.1157E-01 -3.1961E-01 -4.0886E-01
  1.6414E-01  2.1932E-01 -3.2159E-01 -4.1129E-01
  1.6515E-01  2.2710E-01 -3.2358E-01 -4.1373E-01
  1.6616E-01  2.3489E-01 -3.2559E-01 -4.1619E-01
  1.6718E-01  2.4270E-01 -3.2760E-01 -4.1866E-01
  1.6820E-01  2.5053E-01 -3.2963E-01 -4.2114E-01
  1.6923E-01  2.5837E-01 -3.3168E-01 -4.2363E-01
  1.7027E-01  2.6623E-01 -3.3373E-01 -4.2614E-01
  1.7131E-01  2.7411E-01 -3.3580E-01 -4.2866E-01
  1.7236E-01  2.8199E-01 -3.3788E-01 -4.3120E-01
  1.7342E-01  2.8989E-01 -3.3998E-01 -4.3375E-01
  1.7448E-01  2.9780E-01 -3.4208E-01 -4.3631E-01
  1.7555E-01  3.0572E-01 -3.4421E-01 -4.3889E-01
  1.7663E-01  3.1365E-01 -3.4634E-01 -4.4148E-01
  1.7771E-01  3.2159E-01 -3.4849E-01 -4.4409E-01
  1.7880E-01  3.2953E-01 -3.5065E-01 -4.4671E-01
  1.7989E-01  3.3747E-01 -3.5282E-01 -4.4934E-01
  1.8099E-01  3.4542E-01 -3.5501E-01 -4.5199E-01
  1.8210E-01  3.5338E-01 -3.5722E-01 -4.5465E-01
  1.8322E-01  3.6133E-01 -3.5943E-01 -4.5732E-01
  1.8434E-01  3.6929E-01 -3.6166E-01 -4.6001E-01
  1.8547E-01  3.7724E-01 -3.6391E-01 -4.6272E-01
  1.8661E-01  3.8520E-01 -3.6617E-01 -4.6544E-01
  1.8775E-01  3.9315E-01 -3.6844E-01 -4.6817E-01
  1.8890E-01  4.0109E-01 -3.7073E-01 -4.7092E-01
  1.9006E-01  4.0903E-01 -3.7303E-01 -4.7368E-01
  1.9122E-01  4.1696E-01 -3.7534E-01 -4.7645E-01
  1.9240E-01  4.2488E-01 -3.7767E-01 -4.7924E-01
  1.9357E-01  4.3279E-01 -3.8002E-01 -4.8205E-01
  1.9476E-01  4.4069E-01 -3.8238E-01 -4.8487E-01
  1.9595E-01  4.4858E-01 -3.8476E-01 -4.8770E-01
  1.9715E-01  4.5646E-01 -3.8715E-01 -4.9055E-01
  1.9836E-01  4.6431E-01 -3.8955E-01 -4.9341E-01
  1.9958E-01  4.7215E-01 -3.9197E-01 -4.9629E-01
  2.0080E-01  4.7997E-01 -3.9441E-01 -4.9918E-01
  2.0203E-01  4.8778E-01 -3.9686E-01 -5.0209E-01
  2.0327E-01  4.9556E-01 -3.9933E-01 -5.0501E-01
  2.0451E-01  5.0331E-01 -4.0181E-01 -5.0795E-01
  2.0577E-01  5.1104E-01 -4.0431E-01 -5.1090E-01
  2.0703E-01  5.1875E-01 -4.0682E-01 -5.1387E-01
  2.0829E-01  5.2643E-01 -4.0935E-01 -5.1685E-01
  2.0957E-01  5.3408E-01 -4.1190E-01 -5.1985E-01
  2.1085E-01  5.4169E-01 -4.1446E-01 -5.2286E-01
  2.1215E-01  5.4928E-01 -4.1704E-01 -5.2589E-01
  2.1345E-01  5.5683E-01 -4.1963E-01 -5.2893E-01
  2.1475E-01  5.6434E-01 -4.2224E-01 -5.3198E-01
  2.1607E-01  5.7182E-01 -4.2487E-01 -5.3506E-01
  2.1739E-01  5.7926E-01 -4.2751E-01 -5.3814E-01
  2.1872E-01  5.8666E-01 -4.3017E-01 -5.4124E-01
  2.2006E-01  5.9401E-01 -4.3285E-01 -5.4436E-01
  2.2141E-01  6.0132E-01 -4.3555E-01 -5.4749E-01
  2.2277E-01  6.0859E-01 -4.3826E-01 -5.5064E-01
  2.2413E-01  6.1580E-01 -4.4099E-01 -5.5380E-01
  2.2550E-01  6.2297E-01 -4.4373E-01 -5.5698E-01
  2.2689E-01  6.3009E-01 -4.4650E-01 -5.6017E-01
  2.2827E-01  6.3715E-01 -4.4928E-01 -5.6338E-01
  2.2967E-01  6.4416E-01 -4.5208E-01 -5.6660E-01
  2.3108E-01  6.5111E-01 -4.5489E-01 -5.6984E-01
  2.3249E-01  6.5801E-01 -4.5773E-01 -5.7309E-01
  2.3392E-01  6.6484E-01 -4.6058E-01 -5.7636E-01
  2.3535E-01  6.7161E-01 -4.6345E-01 -5.7965E-01
  2.3679E-01  6.7832E-01 -4.6634E-01 -5.8294E-01
  2.3824E-01  6.8497E-01 -4.6925E-01 -5.8626E-01
  2.3970E-01  6.9154E-01 -4.7217E-01 -5.8959E-01
  2.4117E-01  6.9805E-01 -4.7511E-01 -5.9293E-01
  2.4265E-01  7.0448E-01 -4.7808E-01 -5.9629E-01
  2.4413E-01  7.1084E-01 -4.8106E-01 -5.9966E-01
  2.4563E-01  7.1713E-01 -4.8406E-01 -6.0305E-01
  2.4713E-01  7.2334E-01 -4.8708E-01 -6.0645E-01
  2.4865E-01  7.2947E-01 -4.9012E-01 -6.0987E-01
  2.5017E-01  7.3552E-01 -4.9317E-01 -6.1331E-01
  2.5170E-01  7.4149E-01 -4.9625E-01 -6.1675E-01
  2.5324E-01  7.4737E-01 -4.9935E-01 -6.2022E-01
  2.5479E-01  7.5317E-01 -5.0246E-01 -6.2370E-01
  2.5635E-01  7.5888E-01 -5.0560E-01 -6.2719E-01
  2.5792E-01  7.6450E-01 -5.0875E-01 -6.3070E-01
  2.5950E-01  7.7002E-01 -5.1193E-01 -6.3422E-01
  2.6109E-01  7.7545E-01 -5.1512E-01 -6.3776E-01
  2.6269E-01  7.8079E-01 -5.1834E-01 -6.4131E-01
  2.6430E-01  7.8603E-01 -5.2157E-01 -6.4487E-01
  2.6592E-01  7.9116E-01 -5.2483E-01 -6.4845E-01
  2.6754E-01  7.9620E-01 -5.2811E-01 -6.5205E-01
  2.6918E-01  8.0113E-01 -5.3140E-01 -6.5566E-01
  2.7083E-01  8.0595E-01 -5.3472E-01 -6.5928E-01
  2.7249E-01  8.1067E-01 -5.3806E-01 -6.6292E-01
  2.7416E-01  8.1528E-01 -5.4142E-01 -6.6657E-01
  2.7584E-01  8.1978E-01 -5.4480E-01 -6.7024E-01
  2.7752E-01  8.2416E-01 -5.4820E-01 -6.7392E-01
  2.7922E-01  8.2842E-01 -5.5163E-01 -6.7761E-01
  2.8093E-01  8.3257E-01 -5.5507E-01 -6.8132E-01
  2.8265E-01  8.3660E-01 -5.5854E-01 -6.8504E-01
  2.8438E-01  8.4051E-01 -5.6203E-01 -6.8877E-01
  2.8613E-01  8.4429E-01 -5.6554E-01 -6.9252E-01
  2.8788E-01  8.4795E-01 -5.6907E-01 -6.9628E-01
  2.8964E-01  8.5148E-01 -5.7263E-01 -7.0005E-01
  2.9141E-01  8.5488E-01 -5.7621E-01 -7.0384E-01
  2.9320E-01  8.5815E-01 -5.7981E-01 -7.0764E-01
  2.9499E-01  8.6129E-01 -5.8343E-01 -7.1145E-01
  2.9680E-01  8.6429E-01 -5.8707E-01 -7.1527E-01
  2.9862E-01  8.6715E-01 -5.9074E-01 -7.1911E-01
  3.0044E-01  8.6988E-01 -5.9443E-01 -7.2296E-01
  3.0228E-01  8.7246E-01 -5.9814E-01 -7.2682E-01
  3.0413E-01  8.7491E-01 -6.0188E-01 -7.3070E-01
  3.0600E-01  8.7720E-01 -6.0564E-01 -7.3458E-01
  3.0787E-01  8.7936E-01 -6.0942E-01 -7.3848E-01
  3.0975E-01  8.8136E-01 -6.1323E-01 -7.4239E-01
  3.1165E-01  8.8321E-01 -6.1706E-01 -7.4631E-01
  3.1356E-01  8.8491E-01 -6.2092E-01 -7.5024E-01
  3.1548E-01  8.8646E-01 -6.2479E-01 -7.5418E-01
  3.1741E-01  8.8785E-01 -6.2870E-01 -7.5813E-01
  3.1935E-01  8.8909E-01 -6.3262E-01 -7.6209E-01
  3.2131E-01  8.9016E-01 -6.3657E-01 -7.6606E-01
  3.2327E-01  8.9108E-01 -6.4055E-01 -7.7004E-01
  3.2525E-01  8.9183E-01 -6.4455E-01 -7.7404E-01
  3.2724E-01  8.9242E-01 -6.4857E-01 -7.7804E-01
  3.2925E-01  8.9284E-01 -6.5262E-01 -7.8205E-01
  3.3126E-01  8.9310E-01 -6.5669E-01 -7.8606E-01
  3.3329E-01  8.9319E-01 -6.6079E-01 -7.9009E-01
  3.3533E-01  8.9310E-01 -6.6491E-01 -7.9413E-01
  3.3738E-01  8.9284E-01 -6.6906E-01 -7.9817E-01
  3.3945E-01  8.9241E-01 -6.7323E-01 -8.0222E-01
  3.4152E-01  8.9181E-01 -6.7743E-01 -8.0628E-01
  3.4362E-01  8.9102E-01 -6.8166E-01 -8.1034E-01
  3.4572E-01  8.9006E-01 -6.8591E-01 -8.1441E-01
  3.4783E-01  8.8892E-01 -6.9018E-01 -8.1849E-01
  3.4996E-01  8.8760E-01 -6.9448E-01 -8.2257E-01
  3.5211E-01  8.8609E-01 -6.9881E-01 -8.2666E-01
  3.5426E-01  8.8440E-01 -7.0316E-01 -8.3076E-01
  3.5643E-01  8.8253E-01 -7.0754E-01 -8.3485E-01
  3.5861E-01  8.8046E-01 -7.1195E-01 -8.3896E-01
  3.6081E-01  8.7821E-01 -7.1638E-01 -8.4306E-01
  3.6301E-01  8.7577E-01 -7.2083E-01 -8.4717E-01
  3.6524E-01  8.7314E-01 -7.2532E-01 -8.5129E-01
  3.6747E-01  8.7032E-01 -7.2983E-01 -8.5540E-01
  3.6972E-01  8.6730E-01 -7.3437E-01 -8.5952E-01
  3.7198E-01  8.6409E-01 -7.3893E-01 -8.6364E-01
  3.7426E-01  8.6068E-01 -7.4352E-01 -8.6776E-01
  3.7655E-01  8.5708E-01 -7.4814E-01 -8.7188E-01
  3.7886E-01  8.5328E-01 -7.5278E-01 -8.7600E-01
  3.8117E-01  8.4928E-01 -7.5745E-01 -8.8012E-01
  3.8351E-01  8.4508E-01 -7.6215E-01 -8.8424E-01
  3.8585E-01  8.4068E-01 -7.6687E-01 -8.8836E-01
  3.8822E-01  8.3608E-01 -7.7162E-01 -8.9247E-01
  3.9059E-01  8.3128E-01 -7.7640E-01 -8.9659E-01
  3.9298E-01  8.2628E-01 -7.8121E-01 -9.0070E-01
  3.9539E-01  8.2107E-01 -7.8604E-01 -9.0480E-01
  3.9781E-01  8.1565E-01 -7.9090E-01 -9.0890E-01
  4.0024E-01  8.1004E-01 -7.9579E-01 -9.1300E-01
  4.0269E-01  8.0421E-01 -8.0070E-01 -9.1709E-01
  4.0516E-01  7.9818E-01 -8.0564E-01 -9.2117E-01
  4.0764E-01  7.9194E-01 -8.1061E-01 -9.2524E-01
  4.1013E-01  7.8550E-01 -8.1561E-01 -9.2931E-01
  4.1264E-01  7.7884E-01 -8.2063E-01 -9.3337E-01
  4.1517E-01  7.7198E-01 -8.2568E-01 -9.3741E-01
  4.1771E-01  7.6491E-01 -8.3076E-01 -9.4145E-01
  4.2026E-01  7.5764E-01 -8.3587E-01 -9.4548E-01
  4.2283E-01  7.5015E-01 -8.4100E-01 -9.4949E-01
  4.2542E-01  7.4245E-01 -8.4616E-01 -9.5349E-01
  4.2803E-01  7.3455E-01 -8.5135E-01 -9.5748E-01
  4.3064E-01  7.2643E-01 -8.5656E-01 -9.6145E-01
  4.3328E-01  7.1811E-01 -8.6180E-01 -9.6540E-01
  4.3593E-01  7.0957E-01 -8.6707E-01 -9.6934E-01
  4.3860E-01  7.0083E-01 -8.7237E-01 -9.7327E-01
  4.4128E-01  6.9187E-01 -8.7769E-01 -9.7717E-01
  4.4398E-01  6.8271E-01 -8.8304E-01 -9.8105E-01
  4.4670E-01  6.7334E-01 -8.8841E-01 -9.8491E-01
  4.4943E-01  6.6376E-01 -8.9382E-01 -9.8876E-01
  4.5218E-01  6.5397E-01 -8.9924E-01 -9.9257E-01
  4.5495E-01  6.4398E-01 -9.0470E-01 -9.9637E-01
  4.5774E-01  6.3378E-01 -9.1018E-01 -1.0001E+00
  4.6054E-01  6.2337E-01 -9.1569E-01 -1.0039E+00
  4.6335E-01  6.1275E-01 -9.2122E-01 -1.0076E+00
  4.6619E-01  6.0194E-01 -9.2678E-01 -1.0113E+00
  4.6904E-01  5.9091E-01 -9.3237E-01 -1.0149E+00
  4.7191E-01  5.7968E-01 -9.3798E-01 -1.0186E+00
  4.7480E-01  5.6825E-01 -9.4362E-01 -1.0222E+00
  4.7771E-01  5.5662E-01 -9.4928E-01 -1.0257E+00
  4.8063E-01  5.4479E-01 -9.5496E-01 -1.0293E+00
  4.8357E-01  5.3276E-01 -9.6068E-01 -1.0327E+00
  4.8653E-01  5.2053E-01 -9.6641E-01 -1.0362E+00
  4.8951E-01  5.0810E-01 -9.7217E-01 -1.0396E+00
  4.9250E-01  4.9547E-01 -9.7795E-01 -1.0430E+00
  4.9551E-01  4.8265E-01 -9.8376E-01 -1.0463E+00
  4.9855E-01  4.6964E-01 -9.8959E-01 -1.0496E+00
  5.0160E-01  4.5644E-01 -9.9544E-01 -1.0528E+00
  5.0467E-01  4.4305E-01 -1.0013E+00 -1.0560E+00
  5.0775E-01  4.2947E-01 -1.0072E+00 -1.0592E+00
  5.1086E-01  4.1570E-01 -1.0131E+00 -1.0623E+00
  5.1399E-01  4.0175E-01 -1.0191E+00 -1.0653E+00
  5.1713E-01  3.8761E-01 -1.0250E+00 -1.0683E+00
  5.2029E-01  3.7329E-01 -1.0310E+00 -1.0713E+00
  5.2348E-01  3.5880E-01 -1.0370E+00 -1.0741E+00
  5.2668E-01  3.4413E-01 -1.0430E+00 -1.0770E+00
  5.2990E-01  3.2928E-01 -1.0491E+00 -1.0797E+00
  5.3315E-01  3.1427E-01 -1.0551E+00 -1.0824E+00
  5.3641E-01  2.9908E-01 -1.0612E+00 -1.0851E+00
  5.3969E-01  2.8372E-01 -1.0673E+00 -1.0876E+00
  5.4299E-01  2.6821E-01 -1.0734E+00 -1.0902E+00
  5.4631E-01  2.5253E-01 -1.0796E+00 -1.0926E+00
  5.4966E-01  2.3669E-01 -1.0857E+00 -1.0950E+00
  5.5302E-01  2.2069E-01 -1.0919E+00 -1.0972E+00
  5.5640E-01  2.0454E-01 -1.0981E+00 -1.0995E+00
  5.5981E-01  1.8824E-01 -1.1042E+00 -1.1016E+00
  5.6323E-01  1.7179E-01 -1.1104E+00 -1.1037E+00
  5.6668E-01  1.5520E-01 -1.1167E+00 -1.1056E+00
  5.7015E-01  1.3846E-01 -1.1229E+00 -1.1075E+00
  5.7363E-01  1.2159E-01 -1.1291E+00 -1.1093E+00
  5.7714E-01  1.0458E-01 -1.1354E+00 -1.1111E+00
  5.8067E-01  8.7445E-02 -1.1416E+00 -1.1127E+00
  5.8423E-01  7.0180E-02 -1.1479E+00 -1.1142E+00
  5.8780E-01  5.2791E-02 -1.1542E+00 -1.1157E+00
  5.9140E-01  3.5282E-02 -1.1604E+00 -1.1170E+00
  5.9502E-01  1.7656E-02 -1.1667E+00 -1.1182E+00
  5.9866E-01 -8.1919E-05 -1.1730E+00 -1.1194E+00
  6.0232E-01 -1.7928E-02 -1.1793E+00 -1.1204E+00
  6.0600E-01 -3.5879E-02 -1.1856E+00 -1.1214E+00
  6.0971E-01 -5.3930E-02 -1.1919E+00 -1.1222E+00
  6.1344E-01 -7.2076E-02 -1.1982E+00 -1.1229E+00
  6.1719E-01 -9.0314E-02 -1.2045E+00 -1.1235E+00
  6.2097E-01 -1.0864E-01 -1.2108E+00 -1.1240E+00
  6.2477E-01 -1.2705E-01 -1.2171E+00 -1.1243E+00
  6.2859E-01 -1.4553E-01 -1.2233E+00 -1.1246E+00
  6.3244E-01 -1.6409E-01 -1.2296E+00 -1.1247E+00
  6.3631E-01 -1.8272E-01 -1.2359E+00 -1.1247E+00
  6.4020E-01 -2.0141E-01 -1.2421E+00 -1.1245E+00
  6.4411E-01 -2.2016E-01 -1.2484E+00 -1.1242E+00
  6.4806E-01 -2.3896E-01 -1.2546E+00 -1.1238E+00
  6.5202E-01 -2.5781E-01 -1.2608E+00 -1.1233E+00
  6.5601E-01 -2.7671E-01 -1.2670E+00 -1.1226E+00
  6.6002E-01 -2.9564E-01 -1.2732E+00 -1.1218E+00
  6.6406E-01 -3.1460E-01 -1.2794E+00 -1.1208E+00
  6.6812E-01 -3.3359E-01 -1.2855E+00 -1.1197E+00
  6.7221E-01 -3.5261E-01 -1.2917E+00 -1.1184E+00
  6.7632E-01 -3.7163E-01 -1.2978E+00 -1.1170E+00
  6.8046E-01 -3.9067E-01 -1.3038E+00 -1.1154E+00
  6.8462E-01 -4.0971E-01 -1.3099E+00 -1.1137E+00
  6.8881E-01 -4.2875E-01 -1.3159E+00 -1.1118E+00
  6.9302E-01 -4.4779E-01 -1.3219E+00 -1.1098E+00
  6.9726E-01 -4.6681E-01 -1.3278E+00 -1.1075E+00
  7.0153E-01 -4.8580E-01 -1.3337E+00 -1.1052E+00
  7.0582E-01 -5.0478E-01 -1.3396E+00 -1.1026E+00
  7.1014E-01 -5.2372E-01 -1.3454E+00 -1.0999E+00
  7.1448E-01 -5.4262E-01 -1.3512E+00 -1.0970E+00
  7.1885E-01 -5.6147E-01 -1.3569E+00 -1.0939E+00
  7.2325E-01 -5.8027E-01 -1.3626E+00 -1.0906E+00
  7.2767E-01 -5.9902E-01 -1.3683E+00 -1.0872E+00
  7.3212E-01 -6.1770E-01 -1.3738E+00 -1.0836E+00
  7.3660E-01 -6.3630E-01 -1.3794E+00 -1.0798E+00
  7.4111E-01 -6.5483E-01 -1.3848E+00 -1.0758E+00
  7.4564E-01 -6.7327E-01 -1.3902E+00 -1.0716E+00
  7.5020E-01 -6.9162E-01 -1.3956E+00 -1.0672E+00
  7.5479E-01 -7.0987E-01 -1.4008E+00 -1.0627E+00
  7.5941E-01 -7.2801E-01 -1.4060E+00 -1.0579E+00
  7.6406E-01 -7.4603E-01 -1.4111E+00 -1.0530E+00
  7.6873E-01 -7.6394E-01 -1.4162E+00 -1.0478E+00
  7.7343E-01 -7.8171E-01 -1.4211E+00 -1.0425E+00
  7.7816E-01 -7.9935E-01 -1.4260E+00 -1.0369E+00
  7.8292E-01 -8.1685E-01 -1.4308E+00 -1.0312E+00
  7.8771E-01 -8.3419E-01 -1.4355E+00 -1.0252E+00
  7.9253E-01 -8.5138E-01 -1.4401E+00 -1.0190E+00
  7.9738E-01 -8.6839E-01 -1.4446E+00 -1.0127E+00
  8.0226E-01 -8.8524E-01 -1.4490E+00 -1.0061E+00
  8.0716E-01 -9.0190E-01 -1.4533E+00 -9.9934E-01
  8.1210E-01 -9.1837E-01 -1.4574E+00 -9.9235E-01
  8.1707E-01 -9.3464E-01 -1.4615E+00 -9.8516E-01
  8.2207E-01 -9.5071E-01 -1.4654E+00 -9.7777E-01
  8.2709E-01 -9.6657E-01 -1.4693E+00 -9.7016E-01
  8.3215E-01 -9.8220E-01 -1.4730E+00 -9.6235E-01
  8.3724E-01 -9.9760E-01 -1.4765E+00 -9.5433E-01
  8.4236E-01 -1.0128E+00 -1.4800E+00 -9.4611E-01
  8.4752E-01 -1.0277E+00 -1.4832E+00 -9.3768E-01
  8.5270E-01 -1.0424E+00 -1.4864E+00 -9.2905E-01
  8.5792E-01 -1.0568E+00 -1.4894E+00 -9.2021E-01
  8.6316E-01 -1.0709E+00 -1.4922E+00 -9.1117E-01
  8.6844E-01 -1.0848E+00 -1.4949E+00 -9.0193E-01
  8.7376E-01 -1.0983E+00 -1.4974E+00 -8.9249E-01
  8.7910E-01 -1.1116E+00 -1.4997E+00 -8.8285E-01
  8.8448E-01 -1.1246E+00 -1.5019E+00 -8.7301E-01
  8.8989E-01 -1.1372E+00 -1.5039E+00 -8.6299E-01
  8.9533E-01 -1.1496E+00 -1.5057E+00 -8.5277E-01
  9.0081E-01 -1.1616E+00 -1.5073E+00 -8.4236E-01
  9.0632E-01 -1.1733E+00 -1.5088E+00 -8.3177E-01
  9.1186E-01 -1.1846E+00 -1.5100E+00 -8.2100E-01
  9.1744E-01 -1.1956E+00 -1.5110E+00 -8.1005E-01
  9.2305E-01 -1.2062E+00 -1.5118E+00 -7.9893E-01
  9.2869E-01 -1.2165E+00 -1.5124E+00 -7.8764E-01
  9.3438E-01 -1.2264E+00 -1.5127E+00 -7.7618E-01
  9.4009E-01 -1.2359E+00 -1.5129E+00 -7.6456E-01
  9.4584E-01 -1.2450E+00 -1.5128E+00 -7.5278E-01
  9.5163E-01 -1.2537E+00 -1.5124E+00 -7.4085E-01
  9.5745E-01 -1.2620E+00 -1.5118E+00 -7.2878E-01
  9.6330E-01 -1.2699E+00 -1.5110E+00 -7.1656E-01
  9.6919E-01 -1.2774E+00 -1.5099E+00 -7.0421E-01
  9.7512E-01 -1.2844E+00 -1.5085E+00 -6.9173E-01
  9.8109E-01 -1.2910E+00 -1.5069E+00 -6.7913E-01
  9.8709E-01 -1.2972E+00 -1.5049E+00 -6.6642E-01
  9.9312E-01 -1.3029E+00 -1.5027E+00 -6.5359E-01
  9.9920E-01 -1.3081E+00 -1.5002E+00 -6.4067E-01
  1.0053E+00 -1.3129E+00 -1.4974E+00 -6.2765E-01
  1.0115E+00 -1.3172E+00 -1.4943E+00 -6.1454E-01
  1.0176E+00 -1.3210E+00 -1.4909E+00 -6.0136E-01
  1.0239E+00 -1.3243E+00 -1.4872E+00 -5.8811E-01
  1.0301E+00 -1.3272E+00 -1.4831E+00 -5.7479E-01
  1.0364E+00 -1.3295E+00 -1.4787E+00 -5.6142E-01
  1.0428E+00 -1.3314E+00 -1.4740E+00 -5.4801E-01
  1.0491E+00 -1.3327E+00 -1.4689E+00 -5.3457E-01
  1.0556E+00 -1.3335E+00 -1.4635E+00 -5.2110E-01
  1.0620E+00 -1.3337E+00 -1.4577E+00 -5.0761E-01
  1.0685E+00 -1.3335E+00 -1.4516E+00 -4.9412E-01
  1.0751E+00 -1.3327E+00 -1.4451E+00 -4.8063E-01
  1.0816E+00 -1.3313E+00 -1.4382E+00 -4.6716E-01
  1.0882E+00 -1.3294E+00 -1.4309E+00 -4.5371E-01
  1.0949E+00 -1.3270E+00 -1.4232E+00 -4.4029E-01
  1.1016E+00 -1.3240E+00 -1.4152E+00 -4.2692E-01
  1.1083E+00 -1.3204E+00 -1.4067E+00 -4.1361E-01
  1.1151E+00 -1.3162E+00 -1.3978E+00 -4.0036E-01
  1.1219E+00 -1.3115E+00 -1.3885E+00 -3.8719E-01
  1.1288E+00 -1.3062E+00 -1.3788E+00 -3.7410E-01
  1.1357E+00 -1.3003E+00 -1.3686E+00 -3.6112E-01
  1.1426E+00 -1.2938E+00 -1.3580E+00 -3.4824E-01
  1.1496E+00 -1.2867E+00 -1.3469E+00 -3.3548E-01
  1.1567E+00 -1.2790E+00 -1.3355E+00 -3.2285E-01
  1.1637E+00 -1.2707E+00 -1.3235E+00 -3.1037E-01
  1.1709E+00 -1.2618E+00 -1.3111E+00 -2.9803E-01
  1.1780E+00 -1.2523E+00 -1.2982E+00 -2.8586E-01
  1.1852E+00 -1.2421E+00 -1.2849E+00 -2.7386E-01
  1.1925E+00 -1.2313E+00 -1.2710E+00 -2.6204E-01
  1.1998E+00 -1.2199E+00 -1.2567E+00 -2.5041E-01
  1.2071E+00 -1.2079E+00 -1.2419E+00 -2.3899E-01
  1.2145E+00 -1.1953E+00 -1.2267E+00 -2.2777E-01
  1.2219E+00 -1.1820E+00 -1.2109E+00 -2.1678E-01
  1.2294E+00 -1.1681E+00 -1.1946E+00 -2.0601E-01
  1.2369E+00 -1.1535E+00 -1.1778E+00 -1.9548E-01
  1.2445E+00 -1.1384E+00 -1.1605E+00 -1.8519E-01
  1.2521E+00 -1.1225E+00 -1.1427E+00 -1.7516E-01
  1.2597E+00 -1.1061E+00 -1.1243E+00 -1.6539E-01
  1.2674E+00 -1.0890E+00 -1.1055E+00 -1.5588E-01
  1.2752E+00 -1.0713E+00 -1.0861E+00 -1.4665E-01
  1.2830E+00 -1.0529E+00 -1.0662E+00 -1.3769E-01
  1.2908E+00 -1.0339E+00 -1.0457E+00 -1.2902E-01
  1.2987E+00 -1.0143E+00 -1.0248E+00 -1.2063E-01
  1.3067E+00 -9.9404E-01 -1.0033E+00 -1.1254E-01
  1.3147E+00 -9.7316E-01 -9.8127E-01 -1.0474E-01
  1.3227E+00 -9.5166E-01 -9.5872E-01 -9.7237E-02
  1.3308E+00 -9.2953E-01 -9.3563E-01 -9.0036E-02
  1.3389E+00 -9.0680E-01 -9.1201E-01 -8.3136E-02
  1.3471E+00 -8.8345E-01 -8.8786E-01 -7.6538E-02
  1.3554E+00 -8.5949E-01 -8.6318E-01 -7.0241E-02
  1.3636E+00 -8.3494E-01 -8.3797E-01 -6.4246E-02
  1.3720E+00 -8.0979E-01 -8.1224E-01 -5.8550E-02
  1.3804E+00 -7.8405E-01 -7.8598E-01 -5.3153E-02
  1.3888E+00 -7.5773E-01 -7.5920E-01 -4.8050E-02
  1.3973E+00 -7.3084E-01 -7.3191E-01 -4.3238E-02
  1.4059E+00 -7.0339E-01 -7.0411E-01 -3.8713E-02
  1.4145E+00 -6.7538E-01 -6.7579E-01 -3.4471E-02
  1.4231E+00 -6.4682E-01 -6.4698E-01 -3.0505E-02
  1.4318E+00 -6.1773E-01 -6.1768E-01 -2.6810E-02
  1.4406E+00 -5.8811E-01 -5.8788E-01 -2.3379E-02
  1.4494E+00 -5.5797E-01 -5.5761E-01 -2.0205E-02
  1.4582E+00 -5.2734E-01 -5.2686E-01 -1.7280E-02
  1.4672E+00 -4.9621E-01 -4.9565E-01 -1.4595E-02
  1.4761E+00 -4.6460E-01 -4.6399E-01 -1.2142E-02
  1.4852E+00 -4.3253E-01 -4.3188E-01 -9.9124E-03
  1.4942E+00 -4.0000E-01 -3.9934E-01 -7.8964E-03
  1.5034E+00 -3.6704E-01 -3.6639E-01 -6.0846E-03
  1.5126E+00 -3.3366E-01 -3.3302E-01 -4.4672E-03
  1.5218E+00 -2.9988E-01 -2.9926E-01 -3.0345E-03
  1.5311E+00 -2.6570E-01 -2.6512E-01 -1.7767E-03
  1.5405E+00 -2.3116E-01 -2.3062E-01 -6.8407E-04
  1.5499E+00 -1.9626E-01 -1.9577E-01  2.5303E-04
  1.5594E+00 -1.6102E-01 -1.6058E-01  1.0439E-03
  1.5689E+00 -1.2547E-01 -1.2508E-01  1.6977E-03
  1.5785E+00 -8.9619E-02 -8.9286E-02  2.2230E-03
  1.5882E+00 -5.3495E-02 -5.3212E-02  2.6280E-03
  1.5979E+00 -1.7115E-02 -1.6880E-02  2.9206E-03
  1.6077E+00  1.9498E-02  1.9688E-02  3.1078E-03
  1.6175E+00  5.6322E-02  5.6472E-02  3.1963E-03
  1.6274E+00  9.3334E-02  9.3449E-02  3.1919E-03
  1.6373E+00  1.3051E-01  1.3059E-01  3.0998E-03
  1.6473E+00  1.6783E-01  1.6789E-01  2.9248E-03
  1.6574E+00  2.0526E-01  2.0530E-01  2.6708E-03
  1.6675E+00  2.4278E-01  2.4281E-01  2.3412E-03
  1.6777E+00  2.8037E-01  2.8038E-01  1.9390E-03
  1.6880E+00  3.1799E-01  3.1800E-01  1.4669E-03
  1.6983E+00  3.5562E-01  3.5563E-01  9.2732E-04
  1.7087E+00  3.9324E-01  3.9324E-01  3.2272E-04
  1.7192E+00  4.3081E-01  4.3081E-01 -2.5632E-04
  1.7297E+00  4.6830E-01  4.6830E-01 -2.6762E-04
  1.7403E+00  5.0568E-01  5.0568E-01 -1.7943E-04
  1.7509E+00  5.4293E-01  5.4293E-01 -1.1619E-04
  1.7616E+00  5.8001E-01  5.8001E-01 -7.0412E-05
  1.7724E+00  6.1689E-01  6.1689E-01 -4.2958E-05
  1.7832E+00  6.5354E-01  6.5354E-01 -3.1660E-05
  1.7941E+00  6.8993E-01  6.8993E-01  0.0000E+00
  1.8051E+00  7.2602E-01  7.2602E-01  0.0000E+00
  1.8161E+00  7.6179E-01  7.6179E-01  0.0000E+00
  1.8272E+00  7.9719E-01  7.9719E-01  0.0000E+00
  1.8384E+00  8.3219E-01  8.3219E-01  0.0000E+00
  1.8497E+00  8.6676E-01  8.6676E-01  0.0000E+00
  1.8610E+00  9.0086E-01  9.0086E-01  0.0000E+00
  1.8723E+00  9.3446E-01  9.3446E-01  0.0000E+00
  1.8838E+00  9.6752E-01  9.6752E-01  0.0000E+00
  1.8953E+00  1.0000E+00  1.0000E+00  0.0000E+00
  1.9069E+00  1.0319E+00  1.0319E+00  0.0000E+00
  1.9186E+00  1.0631E+00  1.0631E+00  0.0000E+00
  1.9303E+00  1.0936E+00  1.0936E+00  0.0000E+00
  1.9421E+00  1.1235E+00  1.1235E+00  0.0000E+00
  1.9540E+00  1.1525E+00  1.1525E+00  0.0000E+00
  1.9659E+00  1.1808E+00  1.1808E+00  0.0000E+00
  1.9779E+00  1.2082E+00  1.2082E+00  0.0000E+00
  1.9900E+00  1.2348E+00  1.2348E+00  0.0000E+00
  2.0022E+00  1.2604E+00  1.2604E+00  0.0000E+00
  2.0145E+00  1.2851E+00  1.2851E+00  0.0000E+00
  2.0268E+00  1.3088E+00  1.3088E+00  0.0000E+00
  2.0392E+00  1.3315E+00  1.3315E+00  0.0000E+00
  2.0516E+00  1.3532E+00  1.3532E+00  0.0000E+00
  2.0642E+00  1.3737E+00  1.3737E+00  0.0000E+00
  2.0768E+00  1.3932E+00  1.3932E+00  0.0000E+00
  2.0895E+00  1.4114E+00  1.4114E+00  0.0000E+00
  2.1023E+00  1.4285E+00  1.4285E+00  0.0000E+00
  2.1151E+00  1.4443E+00  1.4443E+00  0.0000E+00
  2.1281E+00  1.4588E+00  1.4588E+00  0.0000E+00
  2.1411E+00  1.4721E+00  1.4721E+00  0.0000E+00
  2.1542E+00  1.4840E+00  1.4840E+00  0.0000E+00
  2.1673E+00  1.4945E+00  1.4945E+00  0.0000E+00
  2.1806E+00  1.5036E+00  1.5036E+00  0.0000E+00
  2.1939E+00  1.5113E+00  1.5113E+00  0.0000E+00
  2.2073E+00  1.5176E+00  1.5176E+00  0.0000E+00
  2.2208E+00  1.5223E+00  1.5223E+00  0.0000E+00
  2.2344E+00  1.5255E+00  1.5255E+00  0.0000E+00
  2.2481E+00  1.5272E+00  1.5272E+00  0.0000E+00
  2.2618E+00  1.5273E+00  1.5273E+00  0.0000E+00
  2.2757E+00  1.5258E+00  1.5258E+00  0.0000E+00
  2.2896E+00  1.5227E+00  1.5227E+00  0.0000E+00
  2.3036E+00  1.5179E+00  1.5179E+00  0.0000E+00
  2.3177E+00  1.5115E+00  1.5115E+00  0.0000E+00
  2.3318E+00  1.5034E+00  1.5034E+00  0.0000E+00
  2.3461E+00  1.4936E+00  1.4936E+00  0.0000E+00
  2.3604E+00  1.4820E+00  1.4820E+00  0.0000E+00
  2.3749E+00  1.4688E+00  1.4688E+00  0.0000E+00
  2.3894E+00  1.4538E+00  1.4538E+00  0.0000E+00
  2.4040E+00  1.4371E+00  1.4371E+00  0.0000E+00
  2.4187E+00  1.4186E+00  1.4186E+00  0.0000E+00
  2.4335E+00  1.3984E+00  1.3984E+00  0.0000E+00
  2.4484E+00  1.3764E+00  1.3764E+00  0.0000E+00
  2.4634E+00  1.3526E+00  1.3526E+00  0.0000E+00
  2.4784E+00  1.3271E+00  1.3271E+00  0.0000E+00
  2.4936E+00  1.2998E+00  1.2998E+00  0.0000E+00
  2.5088E+00  1.2708E+00  1.2708E+00  0.0000E+00
  2.5242E+00  1.2400E+00  1.2400E+00  0.0000E+00
  2.5396E+00  1.2075E+00  1.2075E+00  0.0000E+00
  2.5551E+00  1.1733E+00  1.1733E+00  0.0000E+00
