 # l=           0 basis function with energy     4.33980824600000     
  0.0000E+00  0.0000E+00  0.0000E+00  0.0000E+00
  2.4843E-06 -2.1121E-05 -1.7673E-06 -6.8996E-06
  4.9838E-06 -4.2152E-05 -3.5455E-06 -1.3841E-05
  7.4986E-06 -6.3157E-05 -5.3345E-06 -2.0826E-05
  1.0029E-05 -8.4114E-05 -7.1344E-06 -2.7853E-05
  1.2574E-05 -1.0455E-04 -8.9453E-06 -3.4923E-05
  1.5136E-05 -1.2556E-04 -1.0767E-05 -4.2036E-05
  1.7712E-05 -1.4671E-04 -1.2601E-05 -4.9192E-05
  2.0305E-05 -1.6796E-04 -1.4445E-05 -5.6393E-05
  2.2913E-05 -1.8934E-04 -1.6301E-05 -6.3637E-05
  2.5538E-05 -2.1083E-04 -1.8168E-05 -7.0926E-05
  2.8178E-05 -2.3245E-04 -2.0046E-05 -7.8259E-05
  3.0835E-05 -2.5418E-04 -2.1936E-05 -8.5637E-05
  3.3508E-05 -2.7604E-04 -2.3837E-05 -9.3060E-05
  3.6197E-05 -2.9802E-04 -2.5750E-05 -1.0053E-04
  3.8902E-05 -3.2013E-04 -2.7675E-05 -1.0804E-04
  4.1625E-05 -3.4236E-04 -2.9612E-05 -1.1560E-04
  4.4363E-05 -3.6471E-04 -3.1560E-05 -1.2321E-04
  4.7119E-05 -3.8719E-04 -3.3520E-05 -1.3086E-04
  4.9891E-05 -4.0981E-04 -3.5492E-05 -1.3856E-04
  5.2681E-05 -4.3255E-04 -3.7477E-05 -1.4631E-04
  5.5487E-05 -4.5542E-04 -3.9473E-05 -1.5410E-04
  5.8310E-05 -4.7842E-04 -4.1482E-05 -1.6195E-04
  6.1151E-05 -5.0155E-04 -4.3503E-05 -1.6984E-04
  6.4009E-05 -5.2482E-04 -4.5536E-05 -1.7777E-04
  6.6885E-05 -5.4822E-04 -4.7582E-05 -1.8576E-04
  6.9778E-05 -5.7176E-04 -4.9640E-05 -1.9379E-04
  7.2689E-05 -5.9543E-04 -5.1711E-05 -2.0188E-04
  7.5618E-05 -6.1924E-04 -5.3794E-05 -2.1001E-04
  7.8565E-05 -6.4318E-04 -5.5891E-05 -2.1820E-04
  8.1529E-05 -6.6727E-04 -5.8000E-05 -2.2643E-04
  8.4512E-05 -6.9149E-04 -6.0122E-05 -2.3471E-04
  8.7513E-05 -7.1586E-04 -6.2256E-05 -2.4305E-04
  9.0532E-05 -7.4037E-04 -6.4404E-05 -2.5143E-04
  9.3570E-05 -7.6502E-04 -6.6566E-05 -2.5987E-04
  9.6626E-05 -7.8982E-04 -6.8740E-05 -2.6836E-04
  9.9701E-05 -8.1475E-04 -7.0927E-05 -2.7690E-04
  1.0280E-04 -8.3984E-04 -7.3128E-05 -2.8549E-04
  1.0591E-04 -8.6507E-04 -7.5343E-05 -2.9414E-04
  1.0904E-04 -8.9045E-04 -7.7571E-05 -3.0284E-04
  1.1219E-04 -9.1597E-04 -7.9812E-05 -3.1159E-04
  1.1536E-04 -9.4165E-04 -8.2068E-05 -3.2039E-04
  1.1855E-04 -9.6748E-04 -8.4337E-05 -3.2925E-04
  1.2176E-04 -9.9345E-04 -8.6620E-05 -3.3816E-04
  1.2499E-04 -1.0196E-03 -8.8917E-05 -3.4713E-04
  1.2824E-04 -1.0459E-03 -9.1227E-05 -3.5615E-04
  1.3151E-04 -1.0723E-03 -9.3553E-05 -3.6523E-04
  1.3479E-04 -1.0989E-03 -9.5892E-05 -3.7436E-04
  1.3810E-04 -1.1256E-03 -9.8245E-05 -3.8355E-04
  1.4143E-04 -1.1525E-03 -1.0061E-04 -3.9279E-04
  1.4478E-04 -1.1796E-03 -1.0300E-04 -4.0210E-04
  1.4815E-04 -1.2068E-03 -1.0539E-04 -4.1145E-04
  1.5154E-04 -1.2342E-03 -1.0780E-04 -4.2087E-04
  1.5495E-04 -1.2618E-03 -1.1023E-04 -4.3034E-04
  1.5838E-04 -1.2895E-03 -1.1267E-04 -4.3987E-04
  1.6183E-04 -1.3173E-03 -1.1513E-04 -4.4946E-04
  1.6531E-04 -1.3454E-03 -1.1760E-04 -4.5911E-04
  1.6880E-04 -1.3735E-03 -1.2009E-04 -4.6881E-04
  1.7232E-04 -1.4019E-03 -1.2259E-04 -4.7858E-04
  1.7586E-04 -1.4304E-03 -1.2510E-04 -4.8841E-04
  1.7942E-04 -1.4591E-03 -1.2764E-04 -4.9829E-04
  1.8300E-04 -1.4880E-03 -1.3018E-04 -5.0824E-04
  1.8660E-04 -1.5170E-03 -1.3275E-04 -5.1825E-04
  1.9023E-04 -1.5462E-03 -1.3533E-04 -5.2831E-04
  1.9387E-04 -1.5756E-03 -1.3792E-04 -5.3844E-04
  1.9754E-04 -1.6052E-03 -1.4053E-04 -5.4863E-04
  2.0123E-04 -1.6349E-03 -1.4316E-04 -5.5889E-04
  2.0495E-04 -1.6648E-03 -1.4580E-04 -5.6920E-04
  2.0869E-04 -1.6949E-03 -1.4846E-04 -5.7958E-04
  2.1245E-04 -1.7251E-03 -1.5113E-04 -5.9003E-04
  2.1623E-04 -1.7555E-03 -1.5383E-04 -6.0053E-04
  2.2004E-04 -1.7862E-03 -1.5653E-04 -6.1111E-04
  2.2387E-04 -1.8169E-03 -1.5926E-04 -6.2174E-04
  2.2772E-04 -1.8479E-03 -1.6200E-04 -6.3244E-04
  2.3160E-04 -1.8791E-03 -1.6476E-04 -6.4321E-04
  2.3550E-04 -1.9104E-03 -1.6753E-04 -6.5404E-04
  2.3942E-04 -1.9419E-03 -1.7032E-04 -6.6494E-04
  2.4337E-04 -1.9736E-03 -1.7313E-04 -6.7590E-04
  2.4734E-04 -2.0055E-03 -1.7596E-04 -6.8694E-04
  2.5134E-04 -2.0376E-03 -1.7880E-04 -6.9804E-04
  2.5536E-04 -2.0699E-03 -1.8166E-04 -7.0920E-04
  2.5940E-04 -2.1023E-03 -1.8454E-04 -7.2044E-04
  2.6347E-04 -2.1350E-03 -1.8743E-04 -7.3174E-04
  2.6757E-04 -2.1678E-03 -1.9035E-04 -7.4312E-04
  2.7169E-04 -2.2009E-03 -1.9328E-04 -7.5456E-04
  2.7583E-04 -2.2341E-03 -1.9623E-04 -7.6607E-04
  2.8000E-04 -2.2676E-03 -1.9919E-04 -7.7765E-04
  2.8420E-04 -2.3012E-03 -2.0218E-04 -7.8931E-04
  2.8842E-04 -2.3350E-03 -2.0518E-04 -8.0103E-04
  2.9267E-04 -2.3690E-03 -2.0820E-04 -8.1283E-04
  2.9694E-04 -2.4033E-03 -2.1125E-04 -8.2470E-04
  3.0124E-04 -2.4377E-03 -2.1430E-04 -8.3664E-04
  3.0557E-04 -2.4723E-03 -2.1738E-04 -8.4866E-04
  3.0992E-04 -2.5071E-03 -2.2048E-04 -8.6074E-04
  3.1430E-04 -2.5422E-03 -2.2359E-04 -8.7291E-04
  3.1871E-04 -2.5774E-03 -2.2673E-04 -8.8514E-04
  3.2314E-04 -2.6129E-03 -2.2988E-04 -8.9745E-04
  3.2760E-04 -2.6486E-03 -2.3305E-04 -9.0984E-04
  3.3209E-04 -2.6844E-03 -2.3625E-04 -9.2230E-04
  3.3660E-04 -2.7205E-03 -2.3946E-04 -9.3484E-04
  3.4114E-04 -2.7568E-03 -2.4269E-04 -9.4746E-04
  3.4571E-04 -2.7933E-03 -2.4594E-04 -9.6015E-04
  3.5031E-04 -2.8300E-03 -2.4921E-04 -9.7292E-04
  3.5494E-04 -2.8670E-03 -2.5250E-04 -9.8577E-04
  3.5959E-04 -2.9041E-03 -2.5581E-04 -9.9869E-04
  3.6427E-04 -2.9415E-03 -2.5914E-04 -1.0117E-03
  3.6899E-04 -2.9791E-03 -2.6250E-04 -1.0248E-03
  3.7373E-04 -3.0169E-03 -2.6587E-04 -1.0379E-03
  3.7850E-04 -3.0550E-03 -2.6926E-04 -1.0512E-03
  3.8329E-04 -3.0933E-03 -2.7267E-04 -1.0645E-03
  3.8812E-04 -3.1318E-03 -2.7611E-04 -1.0779E-03
  3.9298E-04 -3.1705E-03 -2.7956E-04 -1.0914E-03
  3.9787E-04 -3.2094E-03 -2.8304E-04 -1.1050E-03
  4.0278E-04 -3.2486E-03 -2.8654E-04 -1.1186E-03
  4.0773E-04 -3.2880E-03 -2.9006E-04 -1.1324E-03
  4.1271E-04 -3.3276E-03 -2.9360E-04 -1.1462E-03
  4.1771E-04 -3.3675E-03 -2.9716E-04 -1.1601E-03
  4.2275E-04 -3.4076E-03 -3.0074E-04 -1.1741E-03
  4.2782E-04 -3.4480E-03 -3.0435E-04 -1.1882E-03
  4.3292E-04 -3.4886E-03 -3.0798E-04 -1.2023E-03
  4.3805E-04 -3.5294E-03 -3.1163E-04 -1.2166E-03
  4.4321E-04 -3.5704E-03 -3.1530E-04 -1.2309E-03
  4.4841E-04 -3.6117E-03 -3.1900E-04 -1.2454E-03
  4.5363E-04 -3.6533E-03 -3.2271E-04 -1.2599E-03
  4.5889E-04 -3.6951E-03 -3.2645E-04 -1.2745E-03
  4.6418E-04 -3.7371E-03 -3.3022E-04 -1.2892E-03
  4.6950E-04 -3.7794E-03 -3.3400E-04 -1.3039E-03
  4.7486E-04 -3.8219E-03 -3.3781E-04 -1.3188E-03
  4.8025E-04 -3.8647E-03 -3.4165E-04 -1.3338E-03
  4.8567E-04 -3.9077E-03 -3.4550E-04 -1.3488E-03
  4.9112E-04 -3.9510E-03 -3.4938E-04 -1.3640E-03
  4.9661E-04 -3.9946E-03 -3.5329E-04 -1.3792E-03
  5.0213E-04 -4.0384E-03 -3.5721E-04 -1.3946E-03
  5.0768E-04 -4.0824E-03 -3.6116E-04 -1.4100E-03
  5.1327E-04 -4.1267E-03 -3.6514E-04 -1.4255E-03
  5.1889E-04 -4.1713E-03 -3.6914E-04 -1.4411E-03
  5.2455E-04 -4.2161E-03 -3.7316E-04 -1.4568E-03
  5.3024E-04 -4.2612E-03 -3.7721E-04 -1.4726E-03
  5.3597E-04 -4.3066E-03 -3.8129E-04 -1.4885E-03
  5.4173E-04 -4.3522E-03 -3.8538E-04 -1.5045E-03
  5.4752E-04 -4.3981E-03 -3.8951E-04 -1.5206E-03
  5.5336E-04 -4.4443E-03 -3.9366E-04 -1.5368E-03
  5.5922E-04 -4.4907E-03 -3.9783E-04 -1.5531E-03
  5.6513E-04 -4.5374E-03 -4.0203E-04 -1.5695E-03
  5.7107E-04 -4.5844E-03 -4.0626E-04 -1.5860E-03
  5.7704E-04 -4.6317E-03 -4.1051E-04 -1.6026E-03
  5.8305E-04 -4.6792E-03 -4.1478E-04 -1.6193E-03
  5.8910E-04 -4.7270E-03 -4.1909E-04 -1.6361E-03
  5.9519E-04 -4.7751E-03 -4.2342E-04 -1.6530E-03
  6.0131E-04 -4.8235E-03 -4.2777E-04 -1.6700E-03
  6.0747E-04 -4.8722E-03 -4.3215E-04 -1.6871E-03
  6.1367E-04 -4.9211E-03 -4.3656E-04 -1.7043E-03
  6.1991E-04 -4.9704E-03 -4.4100E-04 -1.7217E-03
  6.2618E-04 -5.0199E-03 -4.4546E-04 -1.7391E-03
  6.3249E-04 -5.0697E-03 -4.4995E-04 -1.7566E-03
  6.3884E-04 -5.1198E-03 -4.5447E-04 -1.7743E-03
  6.4523E-04 -5.1702E-03 -4.5902E-04 -1.7920E-03
  6.5166E-04 -5.2209E-03 -4.6359E-04 -1.8099E-03
  6.5813E-04 -5.2719E-03 -4.6819E-04 -1.8278E-03
  6.6464E-04 -5.3232E-03 -4.7282E-04 -1.8459E-03
  6.7119E-04 -5.3748E-03 -4.7748E-04 -1.8641E-03
  6.7778E-04 -5.4266E-03 -4.8217E-04 -1.8824E-03
  6.8440E-04 -5.4788E-03 -4.8688E-04 -1.9008E-03
  6.9107E-04 -5.5313E-03 -4.9163E-04 -1.9193E-03
  6.9778E-04 -5.5842E-03 -4.9640E-04 -1.9379E-03
  7.0453E-04 -5.6373E-03 -5.0120E-04 -1.9567E-03
  7.1132E-04 -5.6907E-03 -5.0603E-04 -1.9756E-03
  7.1816E-04 -5.7444E-03 -5.1090E-04 -1.9945E-03
  7.2503E-04 -5.7985E-03 -5.1579E-04 -2.0136E-03
  7.3195E-04 -5.8529E-03 -5.2071E-04 -2.0328E-03
  7.3891E-04 -5.9075E-03 -5.2566E-04 -2.0522E-03
  7.4591E-04 -5.9625E-03 -5.3064E-04 -2.0716E-03
  7.5295E-04 -6.0179E-03 -5.3565E-04 -2.0912E-03
  7.6004E-04 -6.0735E-03 -5.4069E-04 -2.1109E-03
  7.6717E-04 -6.1295E-03 -5.4577E-04 -2.1307E-03
  7.7435E-04 -6.1858E-03 -5.5087E-04 -2.1506E-03
  7.8157E-04 -6.2424E-03 -5.5601E-04 -2.1706E-03
  7.8883E-04 -6.2994E-03 -5.6117E-04 -2.1908E-03
  7.9614E-04 -6.3567E-03 -5.6637E-04 -2.2111E-03
  8.0349E-04 -6.4143E-03 -5.7160E-04 -2.2315E-03
  8.1088E-04 -6.4723E-03 -5.7686E-04 -2.2521E-03
  8.1833E-04 -6.5306E-03 -5.8216E-04 -2.2727E-03
  8.2581E-04 -6.5892E-03 -5.8748E-04 -2.2935E-03
  8.3335E-04 -6.6482E-03 -5.9284E-04 -2.3144E-03
  8.4093E-04 -6.7075E-03 -5.9823E-04 -2.3355E-03
  8.4855E-04 -6.7672E-03 -6.0366E-04 -2.3567E-03
  8.5622E-04 -6.8272E-03 -6.0912E-04 -2.3780E-03
  8.6394E-04 -6.8876E-03 -6.1461E-04 -2.3994E-03
  8.7171E-04 -6.9483E-03 -6.2013E-04 -2.4210E-03
  8.7952E-04 -7.0094E-03 -6.2569E-04 -2.4427E-03
  8.8738E-04 -7.0708E-03 -6.3129E-04 -2.4645E-03
  8.9529E-04 -7.1326E-03 -6.3691E-04 -2.4865E-03
  9.0325E-04 -7.1947E-03 -6.4257E-04 -2.5086E-03
  9.1126E-04 -7.2572E-03 -6.4827E-04 -2.5308E-03
  9.1931E-04 -7.3201E-03 -6.5400E-04 -2.5532E-03
  9.2742E-04 -7.3833E-03 -6.5977E-04 -2.5757E-03
  9.3557E-04 -7.4469E-03 -6.6557E-04 -2.5984E-03
  9.4378E-04 -7.5109E-03 -6.7140E-04 -2.6211E-03
  9.5203E-04 -7.5753E-03 -6.7728E-04 -2.6441E-03
  9.6034E-04 -7.6400E-03 -6.8318E-04 -2.6671E-03
  9.6869E-04 -7.7051E-03 -6.8913E-04 -2.6903E-03
  9.7710E-04 -7.7705E-03 -6.9511E-04 -2.7137E-03
  9.8556E-04 -7.8364E-03 -7.0113E-04 -2.7372E-03
  9.9407E-04 -7.9026E-03 -7.0718E-04 -2.7608E-03
  1.0026E-03 -7.9692E-03 -7.1327E-04 -2.7846E-03
  1.0112E-03 -8.0362E-03 -7.1940E-04 -2.8085E-03
  1.0199E-03 -8.1036E-03 -7.2556E-04 -2.8326E-03
  1.0286E-03 -8.1714E-03 -7.3177E-04 -2.8568E-03
  1.0374E-03 -8.2396E-03 -7.3801E-04 -2.8812E-03
  1.0462E-03 -8.3081E-03 -7.4429E-04 -2.9057E-03
  1.0551E-03 -8.3771E-03 -7.5061E-04 -2.9303E-03
  1.0640E-03 -8.4465E-03 -7.5696E-04 -2.9552E-03
  1.0730E-03 -8.5162E-03 -7.6336E-04 -2.9801E-03
  1.0821E-03 -8.5864E-03 -7.6979E-04 -3.0052E-03
  1.0912E-03 -8.6570E-03 -7.7627E-04 -3.0305E-03
  1.1003E-03 -8.7280E-03 -7.8278E-04 -3.0559E-03
  1.1095E-03 -8.7993E-03 -7.8933E-04 -3.0815E-03
  1.1188E-03 -8.8712E-03 -7.9593E-04 -3.1073E-03
  1.1281E-03 -8.9434E-03 -8.0256E-04 -3.1332E-03
  1.1375E-03 -9.0160E-03 -8.0923E-04 -3.1592E-03
  1.1470E-03 -9.0891E-03 -8.1595E-04 -3.1854E-03
  1.1565E-03 -9.1625E-03 -8.2270E-04 -3.2118E-03
  1.1660E-03 -9.2364E-03 -8.2950E-04 -3.2383E-03
  1.1756E-03 -9.3108E-03 -8.3634E-04 -3.2650E-03
  1.1853E-03 -9.3855E-03 -8.4322E-04 -3.2919E-03
  1.1950E-03 -9.4607E-03 -8.5014E-04 -3.3189E-03
  1.2048E-03 -9.5363E-03 -8.5711E-04 -3.3461E-03
  1.2147E-03 -9.6124E-03 -8.6412E-04 -3.3735E-03
  1.2246E-03 -9.6889E-03 -8.7117E-04 -3.4010E-03
  1.2345E-03 -9.7658E-03 -8.7826E-04 -3.4287E-03
  1.2446E-03 -9.8432E-03 -8.8540E-04 -3.4566E-03
  1.2547E-03 -9.9210E-03 -8.9258E-04 -3.4846E-03
  1.2648E-03 -9.9993E-03 -8.9980E-04 -3.5128E-03
  1.2750E-03 -1.0078E-02 -9.0707E-04 -3.5412E-03
  1.2853E-03 -1.0157E-02 -9.1438E-04 -3.5697E-03
  1.2957E-03 -1.0237E-02 -9.2174E-04 -3.5984E-03
  1.3061E-03 -1.0317E-02 -9.2914E-04 -3.6273E-03
  1.3165E-03 -1.0397E-02 -9.3659E-04 -3.6564E-03
  1.3271E-03 -1.0478E-02 -9.4409E-04 -3.6857E-03
  1.3377E-03 -1.0560E-02 -9.5163E-04 -3.7151E-03
  1.3483E-03 -1.0642E-02 -9.5921E-04 -3.7447E-03
  1.3591E-03 -1.0724E-02 -9.6684E-04 -3.7745E-03
  1.3699E-03 -1.0807E-02 -9.7452E-04 -3.8045E-03
  1.3807E-03 -1.0890E-02 -9.8225E-04 -3.8346E-03
  1.3916E-03 -1.0974E-02 -9.9002E-04 -3.8650E-03
  1.4026E-03 -1.1059E-02 -9.9784E-04 -3.8955E-03
  1.4137E-03 -1.1143E-02 -1.0057E-03 -3.9262E-03
  1.4248E-03 -1.1229E-02 -1.0136E-03 -3.9571E-03
  1.4360E-03 -1.1314E-02 -1.0216E-03 -3.9882E-03
  1.4473E-03 -1.1401E-02 -1.0296E-03 -4.0195E-03
  1.4586E-03 -1.1487E-02 -1.0377E-03 -4.0510E-03
  1.4700E-03 -1.1575E-02 -1.0458E-03 -4.0827E-03
  1.4815E-03 -1.1662E-02 -1.0539E-03 -4.1145E-03
  1.4930E-03 -1.1751E-02 -1.0621E-03 -4.1466E-03
  1.5046E-03 -1.1839E-02 -1.0704E-03 -4.1788E-03
  1.5163E-03 -1.1929E-02 -1.0787E-03 -4.2113E-03
  1.5281E-03 -1.2018E-02 -1.0871E-03 -4.2439E-03
  1.5399E-03 -1.2109E-02 -1.0955E-03 -4.2768E-03
  1.5518E-03 -1.2199E-02 -1.1040E-03 -4.3098E-03
  1.5638E-03 -1.2291E-02 -1.1125E-03 -4.3431E-03
  1.5758E-03 -1.2383E-02 -1.1210E-03 -4.3765E-03
  1.5879E-03 -1.2475E-02 -1.1297E-03 -4.4102E-03
  1.6001E-03 -1.2568E-02 -1.1383E-03 -4.4440E-03
  1.6124E-03 -1.2661E-02 -1.1471E-03 -4.4781E-03
  1.6247E-03 -1.2755E-02 -1.1559E-03 -4.5124E-03
  1.6372E-03 -1.2850E-02 -1.1647E-03 -4.5469E-03
  1.6497E-03 -1.2945E-02 -1.1736E-03 -4.5816E-03
  1.6622E-03 -1.3040E-02 -1.1825E-03 -4.6165E-03
  1.6749E-03 -1.3136E-02 -1.1915E-03 -4.6516E-03
  1.6876E-03 -1.3233E-02 -1.2006E-03 -4.6869E-03
  1.7004E-03 -1.3330E-02 -1.2097E-03 -4.7225E-03
  1.7133E-03 -1.3428E-02 -1.2188E-03 -4.7583E-03
  1.7262E-03 -1.3526E-02 -1.2281E-03 -4.7942E-03
  1.7393E-03 -1.3625E-02 -1.2373E-03 -4.8305E-03
  1.7524E-03 -1.3724E-02 -1.2467E-03 -4.8669E-03
  1.7656E-03 -1.3824E-02 -1.2561E-03 -4.9035E-03
  1.7789E-03 -1.3925E-02 -1.2655E-03 -4.9404E-03
  1.7922E-03 -1.4026E-02 -1.2750E-03 -4.9775E-03
  1.8057E-03 -1.4128E-02 -1.2846E-03 -5.0149E-03
  1.8192E-03 -1.4230E-02 -1.2942E-03 -5.0524E-03
  1.8328E-03 -1.4333E-02 -1.3039E-03 -5.0902E-03
  1.8465E-03 -1.4436E-02 -1.3136E-03 -5.1282E-03
  1.8603E-03 -1.4540E-02 -1.3234E-03 -5.1665E-03
  1.8741E-03 -1.4645E-02 -1.3333E-03 -5.2050E-03
  1.8881E-03 -1.4750E-02 -1.3432E-03 -5.2437E-03
  1.9021E-03 -1.4855E-02 -1.3532E-03 -5.2826E-03
  1.9162E-03 -1.4962E-02 -1.3632E-03 -5.3218E-03
  1.9304E-03 -1.5069E-02 -1.3733E-03 -5.3613E-03
  1.9447E-03 -1.5176E-02 -1.3835E-03 -5.4009E-03
  1.9591E-03 -1.5284E-02 -1.3937E-03 -5.4409E-03
  1.9735E-03 -1.5393E-02 -1.4040E-03 -5.4810E-03
  1.9881E-03 -1.5502E-02 -1.4143E-03 -5.5214E-03
  2.0027E-03 -1.5612E-02 -1.4247E-03 -5.5621E-03
  2.0174E-03 -1.5723E-02 -1.4352E-03 -5.6030E-03
  2.0323E-03 -1.5834E-02 -1.4458E-03 -5.6442E-03
  2.0472E-03 -1.5946E-02 -1.4564E-03 -5.6856E-03
  2.0622E-03 -1.6059E-02 -1.4670E-03 -5.7272E-03
  2.0773E-03 -1.6172E-02 -1.4778E-03 -5.7691E-03
  2.0924E-03 -1.6285E-02 -1.4886E-03 -5.8113E-03
  2.1077E-03 -1.6400E-02 -1.4995E-03 -5.8537E-03
  2.1231E-03 -1.6515E-02 -1.5104E-03 -5.8964E-03
  2.1386E-03 -1.6630E-02 -1.5214E-03 -5.9394E-03
  2.1541E-03 -1.6747E-02 -1.5325E-03 -5.9826E-03
  2.1698E-03 -1.6864E-02 -1.5436E-03 -6.0261E-03
  2.1855E-03 -1.6981E-02 -1.5548E-03 -6.0698E-03
  2.2014E-03 -1.7099E-02 -1.5661E-03 -6.1138E-03
  2.2173E-03 -1.7218E-02 -1.5774E-03 -6.1581E-03
  2.2334E-03 -1.7338E-02 -1.5888E-03 -6.2026E-03
  2.2495E-03 -1.7458E-02 -1.6003E-03 -6.2474E-03
  2.2657E-03 -1.7579E-02 -1.6119E-03 -6.2925E-03
  2.2821E-03 -1.7701E-02 -1.6235E-03 -6.3379E-03
  2.2985E-03 -1.7823E-02 -1.6352E-03 -6.3836E-03
  2.3150E-03 -1.7946E-02 -1.6469E-03 -6.4295E-03
  2.3317E-03 -1.8069E-02 -1.6588E-03 -6.4757E-03
  2.3484E-03 -1.8194E-02 -1.6707E-03 -6.5222E-03
  2.3653E-03 -1.8319E-02 -1.6827E-03 -6.5690E-03
  2.3822E-03 -1.8444E-02 -1.6947E-03 -6.6160E-03
  2.3992E-03 -1.8571E-02 -1.7069E-03 -6.6634E-03
  2.4164E-03 -1.8698E-02 -1.7191E-03 -6.7110E-03
  2.4337E-03 -1.8825E-02 -1.7313E-03 -6.7589E-03
  2.4510E-03 -1.8954E-02 -1.7437E-03 -6.8071E-03
  2.4685E-03 -1.9083E-02 -1.7561E-03 -6.8557E-03
  2.4861E-03 -1.9213E-02 -1.7686E-03 -6.9045E-03
  2.5038E-03 -1.9344E-02 -1.7812E-03 -6.9536E-03
  2.5215E-03 -1.9475E-02 -1.7939E-03 -7.0030E-03
  2.5394E-03 -1.9607E-02 -1.8066E-03 -7.0527E-03
  2.5575E-03 -1.9740E-02 -1.8194E-03 -7.1027E-03
  2.5756E-03 -1.9873E-02 -1.8323E-03 -7.1531E-03
  2.5938E-03 -2.0007E-02 -1.8453E-03 -7.2037E-03
  2.6121E-03 -2.0142E-02 -1.8583E-03 -7.2546E-03
  2.6306E-03 -2.0278E-02 -1.8715E-03 -7.3059E-03
  2.6492E-03 -2.0415E-02 -1.8847E-03 -7.3574E-03
  2.6679E-03 -2.0552E-02 -1.8980E-03 -7.4093E-03
  2.6866E-03 -2.0690E-02 -1.9113E-03 -7.4615E-03
  2.7056E-03 -2.0828E-02 -1.9248E-03 -7.5140E-03
  2.7246E-03 -2.0968E-02 -1.9383E-03 -7.5669E-03
  2.7437E-03 -2.1108E-02 -1.9519E-03 -7.6200E-03
  2.7630E-03 -2.1249E-02 -1.9656E-03 -7.6735E-03
  2.7824E-03 -2.1391E-02 -1.9794E-03 -7.7273E-03
  2.8019E-03 -2.1533E-02 -1.9933E-03 -7.7815E-03
  2.8215E-03 -2.1677E-02 -2.0073E-03 -7.8359E-03
  2.8412E-03 -2.1821E-02 -2.0213E-03 -7.8908E-03
  2.8611E-03 -2.1966E-02 -2.0354E-03 -7.9459E-03
  2.8810E-03 -2.2111E-02 -2.0496E-03 -8.0014E-03
  2.9011E-03 -2.2258E-02 -2.0639E-03 -8.0572E-03
  2.9214E-03 -2.2405E-02 -2.0783E-03 -8.1133E-03
  2.9417E-03 -2.2553E-02 -2.0928E-03 -8.1698E-03
  2.9622E-03 -2.2702E-02 -2.1074E-03 -8.2267E-03
  2.9828E-03 -2.2852E-02 -2.1220E-03 -8.2839E-03
  3.0035E-03 -2.3002E-02 -2.1367E-03 -8.3414E-03
  3.0243E-03 -2.3154E-02 -2.1516E-03 -8.3993E-03
  3.0453E-03 -2.3306E-02 -2.1665E-03 -8.4576E-03
  3.0664E-03 -2.3459E-02 -2.1815E-03 -8.5162E-03
  3.0876E-03 -2.3612E-02 -2.1966E-03 -8.5751E-03
  3.1090E-03 -2.3767E-02 -2.2118E-03 -8.6345E-03
  3.1305E-03 -2.3922E-02 -2.2271E-03 -8.6942E-03
  3.1521E-03 -2.4079E-02 -2.2425E-03 -8.7542E-03
  3.1739E-03 -2.4236E-02 -2.2580E-03 -8.8146E-03
  3.1958E-03 -2.4394E-02 -2.2735E-03 -8.8754E-03
  3.2178E-03 -2.4552E-02 -2.2892E-03 -8.9366E-03
  3.2399E-03 -2.4712E-02 -2.3050E-03 -8.9981E-03
  3.2622E-03 -2.4873E-02 -2.3208E-03 -9.0600E-03
  3.2847E-03 -2.5034E-02 -2.3368E-03 -9.1223E-03
  3.3072E-03 -2.5196E-02 -2.3529E-03 -9.1850E-03
  3.3299E-03 -2.5359E-02 -2.3690E-03 -9.2480E-03
  3.3528E-03 -2.5523E-02 -2.3853E-03 -9.3115E-03
  3.3758E-03 -2.5688E-02 -2.4016E-03 -9.3753E-03
  3.3989E-03 -2.5854E-02 -2.4181E-03 -9.4395E-03
  3.4221E-03 -2.6020E-02 -2.4346E-03 -9.5041E-03
  3.4455E-03 -2.6188E-02 -2.4513E-03 -9.5691E-03
  3.4691E-03 -2.6356E-02 -2.4680E-03 -9.6345E-03
  3.4928E-03 -2.6525E-02 -2.4849E-03 -9.7003E-03
  3.5166E-03 -2.6696E-02 -2.5018E-03 -9.7665E-03
  3.5406E-03 -2.6867E-02 -2.5189E-03 -9.8331E-03
  3.5647E-03 -2.7039E-02 -2.5361E-03 -9.9001E-03
  3.5890E-03 -2.7212E-02 -2.5534E-03 -9.9676E-03
  3.6134E-03 -2.7385E-02 -2.5707E-03 -1.0035E-02
  3.6380E-03 -2.7560E-02 -2.5882E-03 -1.0104E-02
  3.6628E-03 -2.7736E-02 -2.6058E-03 -1.0172E-02
  3.6876E-03 -2.7912E-02 -2.6235E-03 -1.0241E-02
  3.7127E-03 -2.8090E-02 -2.6413E-03 -1.0311E-02
  3.7378E-03 -2.8268E-02 -2.6592E-03 -1.0381E-02
  3.7632E-03 -2.8448E-02 -2.6773E-03 -1.0451E-02
  3.7887E-03 -2.8628E-02 -2.6954E-03 -1.0522E-02
  3.8143E-03 -2.8809E-02 -2.7137E-03 -1.0593E-02
  3.8401E-03 -2.8991E-02 -2.7320E-03 -1.0665E-02
  3.8661E-03 -2.9175E-02 -2.7505E-03 -1.0737E-02
  3.8922E-03 -2.9359E-02 -2.7691E-03 -1.0810E-02
  3.9185E-03 -2.9544E-02 -2.7878E-03 -1.0883E-02
  3.9449E-03 -2.9730E-02 -2.8066E-03 -1.0956E-02
  3.9715E-03 -2.9917E-02 -2.8255E-03 -1.1030E-02
  3.9983E-03 -3.0105E-02 -2.8446E-03 -1.1104E-02
  4.0252E-03 -3.0294E-02 -2.8637E-03 -1.1179E-02
  4.0523E-03 -3.0484E-02 -2.8830E-03 -1.1254E-02
  4.0796E-03 -3.0675E-02 -2.9024E-03 -1.1330E-02
  4.1070E-03 -3.0867E-02 -2.9219E-03 -1.1406E-02
  4.1346E-03 -3.1060E-02 -2.9415E-03 -1.1483E-02
  4.1624E-03 -3.1253E-02 -2.9613E-03 -1.1560E-02
  4.1903E-03 -3.1448E-02 -2.9812E-03 -1.1637E-02
  4.2184E-03 -3.1644E-02 -3.0012E-03 -1.1715E-02
  4.2467E-03 -3.1841E-02 -3.0213E-03 -1.1794E-02
  4.2751E-03 -3.2039E-02 -3.0415E-03 -1.1873E-02
  4.3037E-03 -3.2238E-02 -3.0619E-03 -1.1952E-02
  4.3325E-03 -3.2438E-02 -3.0824E-03 -1.2032E-02
  4.3615E-03 -3.2639E-02 -3.1030E-03 -1.2113E-02
  4.3907E-03 -3.2841E-02 -3.1237E-03 -1.2194E-02
  4.4200E-03 -3.3044E-02 -3.1446E-03 -1.2275E-02
  4.4495E-03 -3.3248E-02 -3.1656E-03 -1.2357E-02
  4.4792E-03 -3.3454E-02 -3.1867E-03 -1.2440E-02
  4.5090E-03 -3.3660E-02 -3.2080E-03 -1.2523E-02
  4.5391E-03 -3.3867E-02 -3.2294E-03 -1.2606E-02
  4.5693E-03 -3.4075E-02 -3.2509E-03 -1.2690E-02
  4.5998E-03 -3.4285E-02 -3.2725E-03 -1.2774E-02
  4.6304E-03 -3.4495E-02 -3.2943E-03 -1.2859E-02
  4.6612E-03 -3.4707E-02 -3.3162E-03 -1.2945E-02
  4.6921E-03 -3.4919E-02 -3.3383E-03 -1.3031E-02
  4.7233E-03 -3.5133E-02 -3.3605E-03 -1.3118E-02
  4.7547E-03 -3.5348E-02 -3.3828E-03 -1.3205E-02
  4.7862E-03 -3.5564E-02 -3.4052E-03 -1.3292E-02
  4.8180E-03 -3.5780E-02 -3.4278E-03 -1.3380E-02
  4.8499E-03 -3.5998E-02 -3.4505E-03 -1.3469E-02
  4.8820E-03 -3.6218E-02 -3.4734E-03 -1.3558E-02
  4.9144E-03 -3.6438E-02 -3.4964E-03 -1.3648E-02
  4.9469E-03 -3.6659E-02 -3.5196E-03 -1.3738E-02
  4.9796E-03 -3.6881E-02 -3.5429E-03 -1.3829E-02
  5.0126E-03 -3.7105E-02 -3.5663E-03 -1.3921E-02
  5.0457E-03 -3.7330E-02 -3.5899E-03 -1.4013E-02
  5.0790E-03 -3.7555E-02 -3.6136E-03 -1.4105E-02
  5.1126E-03 -3.7782E-02 -3.6375E-03 -1.4199E-02
  5.1463E-03 -3.8010E-02 -3.6615E-03 -1.4292E-02
  5.1802E-03 -3.8239E-02 -3.6856E-03 -1.4386E-02
  5.2144E-03 -3.8470E-02 -3.7099E-03 -1.4481E-02
  5.2488E-03 -3.8701E-02 -3.7344E-03 -1.4577E-02
  5.2833E-03 -3.8933E-02 -3.7590E-03 -1.4673E-02
  5.3181E-03 -3.9167E-02 -3.7837E-03 -1.4769E-02
  5.3531E-03 -3.9402E-02 -3.8086E-03 -1.4867E-02
  5.3883E-03 -3.9638E-02 -3.8337E-03 -1.4964E-02
  5.4238E-03 -3.9875E-02 -3.8589E-03 -1.5063E-02
  5.4594E-03 -4.0113E-02 -3.8843E-03 -1.5162E-02
  5.4953E-03 -4.0353E-02 -3.9098E-03 -1.5261E-02
  5.5314E-03 -4.0594E-02 -3.9355E-03 -1.5361E-02
  5.5677E-03 -4.0835E-02 -3.9613E-03 -1.5462E-02
  5.6042E-03 -4.1078E-02 -3.9873E-03 -1.5564E-02
  5.6409E-03 -4.1322E-02 -4.0135E-03 -1.5666E-02
  5.6779E-03 -4.1568E-02 -4.0398E-03 -1.5768E-02
  5.7151E-03 -4.1814E-02 -4.0663E-03 -1.5872E-02
  5.7525E-03 -4.2062E-02 -4.0929E-03 -1.5976E-02
  5.7902E-03 -4.2311E-02 -4.1197E-03 -1.6080E-02
  5.8281E-03 -4.2561E-02 -4.1466E-03 -1.6185E-02
  5.8662E-03 -4.2812E-02 -4.1738E-03 -1.6291E-02
  5.9045E-03 -4.3065E-02 -4.2011E-03 -1.6398E-02
  5.9431E-03 -4.3319E-02 -4.2285E-03 -1.6505E-02
  5.9819E-03 -4.3574E-02 -4.2562E-03 -1.6613E-02
  6.0210E-03 -4.3830E-02 -4.2839E-03 -1.6721E-02
  6.0603E-03 -4.4087E-02 -4.3119E-03 -1.6830E-02
  6.0998E-03 -4.4346E-02 -4.3401E-03 -1.6940E-02
  6.1396E-03 -4.4606E-02 -4.3684E-03 -1.7050E-02
  6.1796E-03 -4.4867E-02 -4.3968E-03 -1.7162E-02
  6.2199E-03 -4.5129E-02 -4.4255E-03 -1.7273E-02
  6.2604E-03 -4.5392E-02 -4.4543E-03 -1.7386E-02
  6.3011E-03 -4.5657E-02 -4.4834E-03 -1.7499E-02
  6.3422E-03 -4.5923E-02 -4.5125E-03 -1.7613E-02
  6.3834E-03 -4.6191E-02 -4.5419E-03 -1.7727E-02
  6.4249E-03 -4.6459E-02 -4.5715E-03 -1.7843E-02
  6.4667E-03 -4.6729E-02 -4.6012E-03 -1.7959E-02
  6.5087E-03 -4.7000E-02 -4.6311E-03 -1.8075E-02
  6.5510E-03 -4.7272E-02 -4.6612E-03 -1.8193E-02
  6.5935E-03 -4.7546E-02 -4.6915E-03 -1.8311E-02
  6.6363E-03 -4.7821E-02 -4.7219E-03 -1.8430E-02
  6.6794E-03 -4.8097E-02 -4.7526E-03 -1.8549E-02
  6.7227E-03 -4.8374E-02 -4.7834E-03 -1.8670E-02
  6.7663E-03 -4.8653E-02 -4.8144E-03 -1.8791E-02
  6.8101E-03 -4.8933E-02 -4.8456E-03 -1.8912E-02
  6.8543E-03 -4.9214E-02 -4.8770E-03 -1.9035E-02
  6.8986E-03 -4.9496E-02 -4.9086E-03 -1.9158E-02
  6.9433E-03 -4.9780E-02 -4.9404E-03 -1.9282E-02
  6.9882E-03 -5.0065E-02 -4.9724E-03 -1.9407E-02
  7.0334E-03 -5.0351E-02 -5.0046E-03 -1.9532E-02
  7.0789E-03 -5.0639E-02 -5.0370E-03 -1.9659E-02
  7.1247E-03 -5.0928E-02 -5.0695E-03 -1.9786E-02
  7.1707E-03 -5.1218E-02 -5.1023E-03 -1.9914E-02
  7.2171E-03 -5.1510E-02 -5.1353E-03 -2.0042E-02
  7.2637E-03 -5.1803E-02 -5.1685E-03 -2.0172E-02
  7.3106E-03 -5.2097E-02 -5.2019E-03 -2.0302E-02
  7.3577E-03 -5.2392E-02 -5.2354E-03 -2.0433E-02
  7.4052E-03 -5.2689E-02 -5.2692E-03 -2.0565E-02
  7.4530E-03 -5.2987E-02 -5.3032E-03 -2.0697E-02
  7.5010E-03 -5.3287E-02 -5.3374E-03 -2.0831E-02
  7.5494E-03 -5.3588E-02 -5.3719E-03 -2.0965E-02
  7.5980E-03 -5.3890E-02 -5.4065E-03 -2.1100E-02
  7.6469E-03 -5.4193E-02 -5.4413E-03 -2.1236E-02
  7.6962E-03 -5.4498E-02 -5.4764E-03 -2.1373E-02
  7.7457E-03 -5.4804E-02 -5.5116E-03 -2.1510E-02
  7.7956E-03 -5.5111E-02 -5.5471E-03 -2.1649E-02
  7.8457E-03 -5.5420E-02 -5.5828E-03 -2.1788E-02
  7.8961E-03 -5.5730E-02 -5.6187E-03 -2.1928E-02
  7.9469E-03 -5.6042E-02 -5.6549E-03 -2.2069E-02
  7.9980E-03 -5.6355E-02 -5.6912E-03 -2.2211E-02
  8.0494E-03 -5.6669E-02 -5.7278E-03 -2.2353E-02
  8.1011E-03 -5.6984E-02 -5.7646E-03 -2.2497E-02
  8.1531E-03 -5.7301E-02 -5.8017E-03 -2.2641E-02
  8.2054E-03 -5.7619E-02 -5.8389E-03 -2.2786E-02
  8.2580E-03 -5.7939E-02 -5.8764E-03 -2.2933E-02
  8.3110E-03 -5.8260E-02 -5.9141E-03 -2.3080E-02
  8.3643E-03 -5.8582E-02 -5.9521E-03 -2.3228E-02
  8.4179E-03 -5.8905E-02 -5.9902E-03 -2.3377E-02
  8.4719E-03 -5.9230E-02 -6.0287E-03 -2.3526E-02
  8.5262E-03 -5.9557E-02 -6.0673E-03 -2.3677E-02
  8.5808E-03 -5.9884E-02 -6.1062E-03 -2.3829E-02
  8.6357E-03 -6.0213E-02 -6.1453E-03 -2.3981E-02
  8.6910E-03 -6.0544E-02 -6.1847E-03 -2.4135E-02
  8.7466E-03 -6.0876E-02 -6.2243E-03 -2.4289E-02
  8.8026E-03 -6.1209E-02 -6.2641E-03 -2.4444E-02
  8.8589E-03 -6.1543E-02 -6.3042E-03 -2.4601E-02
  8.9155E-03 -6.1879E-02 -6.3446E-03 -2.4758E-02
  8.9725E-03 -6.2216E-02 -6.3851E-03 -2.4916E-02
  9.0299E-03 -6.2555E-02 -6.4260E-03 -2.5075E-02
  9.0876E-03 -6.2895E-02 -6.4671E-03 -2.5236E-02
  9.1456E-03 -6.3236E-02 -6.5084E-03 -2.5397E-02
  9.2040E-03 -6.3579E-02 -6.5500E-03 -2.5559E-02
  9.2628E-03 -6.3923E-02 -6.5918E-03 -2.5722E-02
  9.3219E-03 -6.4268E-02 -6.6339E-03 -2.5886E-02
  9.3813E-03 -6.4615E-02 -6.6763E-03 -2.6051E-02
  9.4412E-03 -6.4963E-02 -6.7189E-03 -2.6217E-02
  9.5014E-03 -6.5313E-02 -6.7618E-03 -2.6384E-02
  9.5620E-03 -6.5664E-02 -6.8049E-03 -2.6553E-02
  9.6229E-03 -6.6016E-02 -6.8483E-03 -2.6722E-02
  9.6842E-03 -6.6370E-02 -6.8920E-03 -2.6892E-02
  9.7459E-03 -6.6725E-02 -6.9359E-03 -2.7063E-02
  9.8080E-03 -6.7081E-02 -6.9801E-03 -2.7236E-02
  9.8704E-03 -6.7439E-02 -7.0246E-03 -2.7409E-02
  9.9333E-03 -6.7798E-02 -7.0694E-03 -2.7583E-02
  9.9965E-03 -6.8159E-02 -7.1144E-03 -2.7759E-02
  1.0060E-02 -6.8521E-02 -7.1597E-03 -2.7935E-02
  1.0124E-02 -6.8884E-02 -7.2053E-03 -2.8113E-02
  1.0188E-02 -6.9249E-02 -7.2511E-03 -2.8292E-02
  1.0253E-02 -6.9615E-02 -7.2973E-03 -2.8472E-02
  1.0318E-02 -6.9982E-02 -7.3437E-03 -2.8652E-02
  1.0384E-02 -7.0351E-02 -7.3904E-03 -2.8835E-02
  1.0450E-02 -7.0721E-02 -7.4374E-03 -2.9018E-02
  1.0516E-02 -7.1092E-02 -7.4847E-03 -2.9202E-02
  1.0583E-02 -7.1465E-02 -7.5322E-03 -2.9387E-02
  1.0650E-02 -7.1839E-02 -7.5801E-03 -2.9574E-02
  1.0718E-02 -7.2215E-02 -7.6283E-03 -2.9761E-02
  1.0786E-02 -7.2592E-02 -7.6767E-03 -2.9950E-02
  1.0854E-02 -7.2970E-02 -7.7255E-03 -3.0140E-02
  1.0923E-02 -7.3349E-02 -7.7745E-03 -3.0331E-02
  1.0992E-02 -7.3730E-02 -7.8239E-03 -3.0523E-02
  1.1062E-02 -7.4112E-02 -7.8735E-03 -3.0717E-02
  1.1132E-02 -7.4496E-02 -7.9235E-03 -3.0912E-02
  1.1203E-02 -7.4881E-02 -7.9737E-03 -3.1107E-02
  1.1274E-02 -7.5267E-02 -8.0243E-03 -3.1304E-02
  1.1345E-02 -7.5655E-02 -8.0752E-03 -3.1503E-02
  1.1417E-02 -7.6044E-02 -8.1264E-03 -3.1702E-02
  1.1489E-02 -7.6434E-02 -8.1779E-03 -3.1903E-02
  1.1562E-02 -7.6826E-02 -8.2297E-03 -3.2104E-02
  1.1635E-02 -7.7219E-02 -8.2818E-03 -3.2308E-02
  1.1709E-02 -7.7613E-02 -8.3343E-03 -3.2512E-02
  1.1783E-02 -7.8008E-02 -8.3871E-03 -3.2717E-02
  1.1857E-02 -7.8405E-02 -8.4402E-03 -3.2924E-02
  1.1932E-02 -7.8803E-02 -8.4936E-03 -3.3132E-02
  1.2008E-02 -7.9203E-02 -8.5474E-03 -3.3342E-02
  1.2084E-02 -7.9603E-02 -8.6015E-03 -3.3552E-02
  1.2160E-02 -8.0006E-02 -8.6559E-03 -3.3764E-02
  1.2237E-02 -8.0409E-02 -8.7107E-03 -3.3978E-02
  1.2314E-02 -8.0813E-02 -8.7657E-03 -3.4192E-02
  1.2392E-02 -8.1219E-02 -8.8212E-03 -3.4408E-02
  1.2470E-02 -8.1626E-02 -8.8769E-03 -3.4625E-02
  1.2549E-02 -8.2035E-02 -8.9331E-03 -3.4844E-02
  1.2628E-02 -8.2445E-02 -8.9895E-03 -3.5063E-02
  1.2708E-02 -8.2855E-02 -9.0463E-03 -3.5285E-02
  1.2788E-02 -8.3268E-02 -9.1035E-03 -3.5507E-02
  1.2869E-02 -8.3681E-02 -9.1610E-03 -3.5731E-02
  1.2950E-02 -8.4096E-02 -9.2188E-03 -3.5956E-02
  1.3031E-02 -8.4512E-02 -9.2770E-03 -3.6183E-02
  1.3114E-02 -8.4929E-02 -9.3356E-03 -3.6411E-02
  1.3196E-02 -8.5347E-02 -9.3945E-03 -3.6640E-02
  1.3279E-02 -8.5767E-02 -9.4538E-03 -3.6871E-02
  1.3363E-02 -8.6187E-02 -9.5135E-03 -3.7103E-02
  1.3447E-02 -8.6609E-02 -9.5735E-03 -3.7337E-02
  1.3532E-02 -8.7032E-02 -9.6339E-03 -3.7572E-02
  1.3617E-02 -8.7457E-02 -9.6947E-03 -3.7808E-02
  1.3703E-02 -8.7882E-02 -9.7558E-03 -3.8046E-02
  1.3789E-02 -8.8309E-02 -9.8173E-03 -3.8286E-02
  1.3876E-02 -8.8737E-02 -9.8792E-03 -3.8526E-02
  1.3963E-02 -8.9166E-02 -9.9415E-03 -3.8769E-02
  1.4051E-02 -8.9596E-02 -1.0004E-02 -3.9012E-02
  1.4140E-02 -9.0027E-02 -1.0067E-02 -3.9258E-02
  1.4229E-02 -9.0459E-02 -1.0131E-02 -3.9504E-02
  1.4318E-02 -9.0893E-02 -1.0194E-02 -3.9753E-02
  1.4408E-02 -9.1328E-02 -1.0259E-02 -4.0002E-02
  1.4499E-02 -9.1763E-02 -1.0323E-02 -4.0254E-02
  1.4590E-02 -9.2200E-02 -1.0388E-02 -4.0507E-02
  1.4681E-02 -9.2638E-02 -1.0454E-02 -4.0761E-02
  1.4774E-02 -9.3077E-02 -1.0519E-02 -4.1017E-02
  1.4866E-02 -9.3517E-02 -1.0586E-02 -4.1274E-02
  1.4960E-02 -9.3958E-02 -1.0652E-02 -4.1533E-02
  1.5054E-02 -9.4400E-02 -1.0719E-02 -4.1794E-02
  1.5148E-02 -9.4843E-02 -1.0787E-02 -4.2056E-02
  1.5243E-02 -9.5287E-02 -1.0854E-02 -4.2320E-02
  1.5339E-02 -9.5732E-02 -1.0923E-02 -4.2586E-02
  1.5435E-02 -9.6178E-02 -1.0991E-02 -4.2853E-02
  1.5532E-02 -9.6625E-02 -1.1061E-02 -4.3121E-02
  1.5630E-02 -9.7073E-02 -1.1130E-02 -4.3392E-02
  1.5728E-02 -9.7522E-02 -1.1200E-02 -4.3664E-02
  1.5826E-02 -9.7972E-02 -1.1270E-02 -4.3937E-02
  1.5926E-02 -9.8423E-02 -1.1341E-02 -4.4213E-02
  1.6025E-02 -9.8874E-02 -1.1412E-02 -4.4490E-02
  1.6126E-02 -9.9327E-02 -1.1484E-02 -4.4768E-02
  1.6227E-02 -9.9780E-02 -1.1556E-02 -4.5049E-02
  1.6329E-02 -1.0023E-01 -1.1629E-02 -4.5331E-02
  1.6431E-02 -1.0069E-01 -1.1702E-02 -4.5615E-02
  1.6534E-02 -1.0115E-01 -1.1775E-02 -4.5900E-02
  1.6637E-02 -1.0160E-01 -1.1849E-02 -4.6187E-02
  1.6742E-02 -1.0206E-01 -1.1924E-02 -4.6476E-02
  1.6846E-02 -1.0252E-01 -1.1999E-02 -4.6767E-02
  1.6952E-02 -1.0298E-01 -1.2074E-02 -4.7060E-02
  1.7058E-02 -1.0344E-01 -1.2150E-02 -4.7354E-02
  1.7165E-02 -1.0390E-01 -1.2226E-02 -4.7650E-02
  1.7272E-02 -1.0436E-01 -1.2303E-02 -4.7948E-02
  1.7380E-02 -1.0482E-01 -1.2380E-02 -4.8248E-02
  1.7489E-02 -1.0529E-01 -1.2457E-02 -4.8549E-02
  1.7599E-02 -1.0575E-01 -1.2535E-02 -4.8853E-02
  1.7709E-02 -1.0621E-01 -1.2614E-02 -4.9158E-02
  1.7819E-02 -1.0668E-01 -1.2693E-02 -4.9465E-02
  1.7931E-02 -1.0714E-01 -1.2773E-02 -4.9774E-02
  1.8043E-02 -1.0761E-01 -1.2853E-02 -5.0085E-02
  1.8156E-02 -1.0808E-01 -1.2933E-02 -5.0398E-02
  1.8269E-02 -1.0854E-01 -1.3014E-02 -5.0713E-02
  1.8383E-02 -1.0901E-01 -1.3096E-02 -5.1029E-02
  1.8498E-02 -1.0948E-01 -1.3178E-02 -5.1348E-02
  1.8614E-02 -1.0995E-01 -1.3261E-02 -5.1668E-02
  1.8730E-02 -1.1042E-01 -1.3344E-02 -5.1991E-02
  1.8847E-02 -1.1089E-01 -1.3427E-02 -5.2315E-02
  1.8965E-02 -1.1136E-01 -1.3511E-02 -5.2642E-02
  1.9083E-02 -1.1183E-01 -1.3596E-02 -5.2970E-02
  1.9202E-02 -1.1230E-01 -1.3681E-02 -5.3300E-02
  1.9322E-02 -1.1277E-01 -1.3767E-02 -5.3633E-02
  1.9443E-02 -1.1324E-01 -1.3853E-02 -5.3967E-02
  1.9564E-02 -1.1371E-01 -1.3940E-02 -5.4304E-02
  1.9686E-02 -1.1419E-01 -1.4027E-02 -5.4642E-02
  1.9809E-02 -1.1466E-01 -1.4115E-02 -5.4983E-02
  1.9933E-02 -1.1513E-01 -1.4203E-02 -5.5325E-02
  2.0057E-02 -1.1561E-01 -1.4292E-02 -5.5670E-02
  2.0182E-02 -1.1608E-01 -1.4382E-02 -5.6017E-02
  2.0308E-02 -1.1655E-01 -1.4472E-02 -5.6366E-02
  2.0435E-02 -1.1703E-01 -1.4562E-02 -5.6717E-02
  2.0562E-02 -1.1750E-01 -1.4653E-02 -5.7070E-02
  2.0690E-02 -1.1797E-01 -1.4745E-02 -5.7425E-02
  2.0819E-02 -1.1845E-01 -1.4837E-02 -5.7783E-02
  2.0949E-02 -1.1892E-01 -1.4930E-02 -5.8142E-02
  2.1080E-02 -1.1940E-01 -1.5023E-02 -5.8504E-02
  2.1211E-02 -1.1987E-01 -1.5117E-02 -5.8868E-02
  2.1343E-02 -1.2034E-01 -1.5212E-02 -5.9235E-02
  2.1476E-02 -1.2082E-01 -1.5307E-02 -5.9603E-02
  2.1610E-02 -1.2129E-01 -1.5403E-02 -5.9974E-02
  2.1745E-02 -1.2177E-01 -1.5499E-02 -6.0347E-02
  2.1880E-02 -1.2224E-01 -1.5596E-02 -6.0722E-02
  2.2016E-02 -1.2271E-01 -1.5693E-02 -6.1100E-02
  2.2153E-02 -1.2319E-01 -1.5792E-02 -6.1480E-02
  2.2291E-02 -1.2366E-01 -1.5890E-02 -6.1862E-02
  2.2430E-02 -1.2413E-01 -1.5990E-02 -6.2246E-02
  2.2570E-02 -1.2460E-01 -1.6090E-02 -6.2633E-02
  2.2710E-02 -1.2507E-01 -1.6190E-02 -6.3022E-02
  2.2851E-02 -1.2555E-01 -1.6291E-02 -6.3414E-02
  2.2994E-02 -1.2602E-01 -1.6393E-02 -6.3808E-02
  2.3137E-02 -1.2649E-01 -1.6496E-02 -6.4204E-02
  2.3281E-02 -1.2696E-01 -1.6599E-02 -6.4603E-02
  2.3425E-02 -1.2743E-01 -1.6702E-02 -6.5004E-02
  2.3571E-02 -1.2790E-01 -1.6807E-02 -6.5408E-02
  2.3718E-02 -1.2837E-01 -1.6912E-02 -6.5814E-02
  2.3865E-02 -1.2883E-01 -1.7017E-02 -6.6223E-02
  2.4014E-02 -1.2930E-01 -1.7124E-02 -6.6634E-02
  2.4163E-02 -1.2977E-01 -1.7231E-02 -6.7047E-02
  2.4313E-02 -1.3023E-01 -1.7338E-02 -6.7463E-02
  2.4464E-02 -1.3070E-01 -1.7447E-02 -6.7882E-02
  2.4616E-02 -1.3116E-01 -1.7556E-02 -6.8303E-02
  2.4769E-02 -1.3163E-01 -1.7665E-02 -6.8726E-02
  2.4923E-02 -1.3209E-01 -1.7776E-02 -6.9153E-02
  2.5078E-02 -1.3255E-01 -1.7887E-02 -6.9582E-02
  2.5234E-02 -1.3301E-01 -1.7998E-02 -7.0013E-02
  2.5391E-02 -1.3347E-01 -1.8111E-02 -7.0447E-02
  2.5548E-02 -1.3393E-01 -1.8224E-02 -7.0884E-02
  2.5707E-02 -1.3438E-01 -1.8338E-02 -7.1323E-02
  2.5867E-02 -1.3484E-01 -1.8452E-02 -7.1765E-02
  2.6027E-02 -1.3530E-01 -1.8567E-02 -7.2210E-02
  2.6189E-02 -1.3575E-01 -1.8683E-02 -7.2657E-02
  2.6352E-02 -1.3620E-01 -1.8800E-02 -7.3108E-02
  2.6515E-02 -1.3665E-01 -1.8917E-02 -7.3560E-02
  2.6680E-02 -1.3710E-01 -1.9035E-02 -7.4016E-02
  2.6845E-02 -1.3755E-01 -1.9154E-02 -7.4474E-02
  2.7012E-02 -1.3800E-01 -1.9274E-02 -7.4936E-02
  2.7180E-02 -1.3844E-01 -1.9394E-02 -7.5400E-02
  2.7348E-02 -1.3889E-01 -1.9515E-02 -7.5866E-02
  2.7518E-02 -1.3933E-01 -1.9637E-02 -7.6336E-02
  2.7689E-02 -1.3977E-01 -1.9760E-02 -7.6808E-02
  2.7860E-02 -1.4021E-01 -1.9883E-02 -7.7284E-02
  2.8033E-02 -1.4065E-01 -2.0007E-02 -7.7762E-02
  2.8207E-02 -1.4108E-01 -2.0132E-02 -7.8243E-02
  2.8382E-02 -1.4151E-01 -2.0258E-02 -7.8727E-02
  2.8558E-02 -1.4195E-01 -2.0384E-02 -7.9214E-02
  2.8735E-02 -1.4237E-01 -2.0511E-02 -7.9704E-02
  2.8913E-02 -1.4280E-01 -2.0639E-02 -8.0197E-02
  2.9093E-02 -1.4323E-01 -2.0768E-02 -8.0693E-02
  2.9273E-02 -1.4365E-01 -2.0898E-02 -8.1192E-02
  2.9454E-02 -1.4407E-01 -2.1028E-02 -8.1694E-02
  2.9637E-02 -1.4449E-01 -2.1160E-02 -8.2199E-02
  2.9821E-02 -1.4491E-01 -2.1292E-02 -8.2707E-02
  3.0005E-02 -1.4532E-01 -2.1425E-02 -8.3218E-02
  3.0191E-02 -1.4573E-01 -2.1558E-02 -8.3732E-02
  3.0378E-02 -1.4614E-01 -2.1693E-02 -8.4249E-02
  3.0567E-02 -1.4655E-01 -2.1828E-02 -8.4770E-02
  3.0756E-02 -1.4695E-01 -2.1965E-02 -8.5294E-02
  3.0946E-02 -1.4735E-01 -2.2102E-02 -8.5820E-02
  3.1138E-02 -1.4775E-01 -2.2240E-02 -8.6350E-02
  3.1331E-02 -1.4815E-01 -2.2379E-02 -8.6884E-02
  3.1525E-02 -1.4854E-01 -2.2518E-02 -8.7420E-02
  3.1720E-02 -1.4893E-01 -2.2659E-02 -8.7960E-02
  3.1917E-02 -1.4932E-01 -2.2800E-02 -8.8503E-02
  3.2114E-02 -1.4970E-01 -2.2943E-02 -8.9049E-02
  3.2313E-02 -1.5009E-01 -2.3086E-02 -8.9598E-02
  3.2513E-02 -1.5046E-01 -2.3230E-02 -9.0151E-02
  3.2714E-02 -1.5084E-01 -2.3375E-02 -9.0707E-02
  3.2917E-02 -1.5121E-01 -2.3521E-02 -9.1267E-02
  3.3121E-02 -1.5158E-01 -2.3668E-02 -9.1830E-02
  3.3326E-02 -1.5194E-01 -2.3816E-02 -9.2396E-02
  3.3532E-02 -1.5231E-01 -2.3965E-02 -9.2966E-02
  3.3739E-02 -1.5266E-01 -2.4114E-02 -9.3539E-02
  3.3948E-02 -1.5302E-01 -2.4265E-02 -9.4116E-02
  3.4158E-02 -1.5337E-01 -2.4416E-02 -9.4696E-02
  3.4369E-02 -1.5371E-01 -2.4569E-02 -9.5280E-02
  3.4582E-02 -1.5406E-01 -2.4722E-02 -9.5867E-02
  3.4796E-02 -1.5440E-01 -2.4877E-02 -9.6458E-02
  3.5011E-02 -1.5473E-01 -2.5032E-02 -9.7052E-02
  3.5228E-02 -1.5506E-01 -2.5189E-02 -9.7650E-02
  3.5446E-02 -1.5539E-01 -2.5346E-02 -9.8252E-02
  3.5665E-02 -1.5571E-01 -2.5504E-02 -9.8857E-02
  3.5885E-02 -1.5603E-01 -2.5664E-02 -9.9466E-02
  3.6107E-02 -1.5635E-01 -2.5824E-02 -1.0008E-01
  3.6330E-02 -1.5665E-01 -2.5985E-02 -1.0069E-01
  3.6555E-02 -1.5696E-01 -2.6148E-02 -1.0131E-01
  3.6781E-02 -1.5726E-01 -2.6311E-02 -1.0194E-01
  3.7008E-02 -1.5756E-01 -2.6476E-02 -1.0257E-01
  3.7237E-02 -1.5785E-01 -2.6641E-02 -1.0320E-01
  3.7467E-02 -1.5813E-01 -2.6808E-02 -1.0383E-01
  3.7699E-02 -1.5842E-01 -2.6975E-02 -1.0447E-01
  3.7932E-02 -1.5869E-01 -2.7144E-02 -1.0511E-01
  3.8166E-02 -1.5896E-01 -2.7313E-02 -1.0576E-01
  3.8402E-02 -1.5923E-01 -2.7484E-02 -1.0641E-01
  3.8639E-02 -1.5949E-01 -2.7656E-02 -1.0707E-01
  3.8878E-02 -1.5975E-01 -2.7829E-02 -1.0772E-01
  3.9118E-02 -1.6000E-01 -2.8003E-02 -1.0839E-01
  3.9360E-02 -1.6024E-01 -2.8178E-02 -1.0905E-01
  3.9603E-02 -1.6048E-01 -2.8355E-02 -1.0972E-01
  3.9847E-02 -1.6072E-01 -2.8532E-02 -1.1040E-01
  4.0094E-02 -1.6094E-01 -2.8710E-02 -1.1108E-01
  4.0341E-02 -1.6117E-01 -2.8890E-02 -1.1176E-01
  4.0590E-02 -1.6138E-01 -2.9071E-02 -1.1244E-01
  4.0841E-02 -1.6159E-01 -2.9253E-02 -1.1314E-01
  4.1093E-02 -1.6180E-01 -2.9436E-02 -1.1383E-01
  4.1347E-02 -1.6199E-01 -2.9620E-02 -1.1453E-01
  4.1602E-02 -1.6219E-01 -2.9806E-02 -1.1523E-01
  4.1859E-02 -1.6237E-01 -2.9992E-02 -1.1594E-01
  4.2117E-02 -1.6255E-01 -3.0180E-02 -1.1665E-01
  4.2377E-02 -1.6272E-01 -3.0369E-02 -1.1737E-01
  4.2639E-02 -1.6289E-01 -3.0559E-02 -1.1809E-01
  4.2902E-02 -1.6305E-01 -3.0751E-02 -1.1881E-01
  4.3167E-02 -1.6320E-01 -3.0943E-02 -1.1954E-01
  4.3433E-02 -1.6335E-01 -3.1137E-02 -1.2028E-01
  4.3701E-02 -1.6348E-01 -3.1332E-02 -1.2101E-01
  4.3971E-02 -1.6361E-01 -3.1529E-02 -1.2176E-01
  4.4242E-02 -1.6374E-01 -3.1726E-02 -1.2250E-01
  4.4515E-02 -1.6386E-01 -3.1925E-02 -1.2325E-01
  4.4790E-02 -1.6396E-01 -3.2125E-02 -1.2401E-01
  4.5066E-02 -1.6407E-01 -3.2327E-02 -1.2477E-01
  4.5344E-02 -1.6416E-01 -3.2529E-02 -1.2553E-01
  4.5624E-02 -1.6425E-01 -3.2733E-02 -1.2630E-01
  4.5905E-02 -1.6432E-01 -3.2939E-02 -1.2708E-01
  4.6188E-02 -1.6440E-01 -3.3145E-02 -1.2786E-01
  4.6473E-02 -1.6446E-01 -3.3353E-02 -1.2864E-01
  4.6760E-02 -1.6451E-01 -3.3563E-02 -1.2943E-01
  4.7048E-02 -1.6456E-01 -3.3773E-02 -1.3022E-01
  4.7338E-02 -1.6460E-01 -3.3985E-02 -1.3102E-01
  4.7630E-02 -1.6463E-01 -3.4199E-02 -1.3182E-01
  4.7924E-02 -1.6465E-01 -3.4414E-02 -1.3263E-01
  4.8219E-02 -1.6466E-01 -3.4630E-02 -1.3344E-01
  4.8517E-02 -1.6466E-01 -3.4847E-02 -1.3426E-01
  4.8816E-02 -1.6466E-01 -3.5066E-02 -1.3508E-01
  4.9117E-02 -1.6464E-01 -3.5287E-02 -1.3590E-01
  4.9420E-02 -1.6462E-01 -3.5508E-02 -1.3674E-01
  4.9724E-02 -1.6459E-01 -3.5732E-02 -1.3757E-01
  5.0031E-02 -1.6454E-01 -3.5956E-02 -1.3841E-01
  5.0339E-02 -1.6449E-01 -3.6182E-02 -1.3926E-01
  5.0649E-02 -1.6443E-01 -3.6410E-02 -1.4011E-01
  5.0961E-02 -1.6436E-01 -3.6639E-02 -1.4097E-01
  5.1276E-02 -1.6428E-01 -3.6870E-02 -1.4183E-01
  5.1591E-02 -1.6419E-01 -3.7102E-02 -1.4270E-01
  5.1909E-02 -1.6409E-01 -3.7335E-02 -1.4357E-01
  5.2229E-02 -1.6398E-01 -3.7570E-02 -1.4445E-01
  5.2551E-02 -1.6386E-01 -3.7807E-02 -1.4533E-01
  5.2875E-02 -1.6373E-01 -3.8045E-02 -1.4622E-01
  5.3201E-02 -1.6359E-01 -3.8285E-02 -1.4711E-01
  5.3528E-02 -1.6344E-01 -3.8526E-02 -1.4801E-01
  5.3858E-02 -1.6328E-01 -3.8769E-02 -1.4891E-01
  5.4190E-02 -1.6310E-01 -3.9013E-02 -1.4982E-01
  5.4524E-02 -1.6292E-01 -3.9259E-02 -1.5073E-01
  5.4859E-02 -1.6273E-01 -3.9507E-02 -1.5165E-01
  5.5197E-02 -1.6252E-01 -3.9756E-02 -1.5258E-01
  5.5537E-02 -1.6230E-01 -4.0007E-02 -1.5351E-01
  5.5879E-02 -1.6208E-01 -4.0260E-02 -1.5445E-01
  5.6223E-02 -1.6184E-01 -4.0514E-02 -1.5539E-01
  5.6570E-02 -1.6159E-01 -4.0770E-02 -1.5634E-01
  5.6918E-02 -1.6132E-01 -4.1027E-02 -1.5729E-01
  5.7268E-02 -1.6105E-01 -4.1287E-02 -1.5825E-01
  5.7621E-02 -1.6076E-01 -4.1548E-02 -1.5921E-01
  5.7976E-02 -1.6046E-01 -4.1810E-02 -1.6018E-01
  5.8333E-02 -1.6015E-01 -4.2075E-02 -1.6116E-01
  5.8692E-02 -1.5983E-01 -4.2341E-02 -1.6214E-01
  5.9053E-02 -1.5949E-01 -4.2609E-02 -1.6313E-01
  5.9417E-02 -1.5915E-01 -4.2878E-02 -1.6412E-01
  5.9782E-02 -1.5879E-01 -4.3150E-02 -1.6512E-01
  6.0150E-02 -1.5841E-01 -4.3423E-02 -1.6612E-01
  6.0521E-02 -1.5803E-01 -4.3698E-02 -1.6714E-01
  6.0893E-02 -1.5763E-01 -4.3975E-02 -1.6815E-01
  6.1268E-02 -1.5722E-01 -4.4254E-02 -1.6918E-01
  6.1645E-02 -1.5679E-01 -4.4534E-02 -1.7020E-01
  6.2024E-02 -1.5635E-01 -4.4817E-02 -1.7124E-01
  6.2406E-02 -1.5590E-01 -4.5101E-02 -1.7228E-01
  6.2790E-02 -1.5544E-01 -4.5387E-02 -1.7333E-01
  6.3176E-02 -1.5496E-01 -4.5676E-02 -1.7438E-01
  6.3565E-02 -1.5447E-01 -4.5966E-02 -1.7544E-01
  6.3956E-02 -1.5396E-01 -4.6258E-02 -1.7651E-01
  6.4350E-02 -1.5344E-01 -4.6552E-02 -1.7758E-01
  6.4746E-02 -1.5290E-01 -4.6848E-02 -1.7866E-01
  6.5144E-02 -1.5236E-01 -4.7145E-02 -1.7974E-01
  6.5545E-02 -1.5179E-01 -4.7445E-02 -1.8083E-01
  6.5948E-02 -1.5121E-01 -4.7747E-02 -1.8193E-01
  6.6354E-02 -1.5062E-01 -4.8051E-02 -1.8303E-01
  6.6762E-02 -1.5001E-01 -4.8357E-02 -1.8414E-01
  6.7172E-02 -1.4939E-01 -4.8665E-02 -1.8526E-01
  6.7586E-02 -1.4876E-01 -4.8976E-02 -1.8638E-01
  6.8001E-02 -1.4810E-01 -4.9288E-02 -1.8751E-01
  6.8420E-02 -1.4744E-01 -4.9602E-02 -1.8865E-01
  6.8840E-02 -1.4676E-01 -4.9919E-02 -1.8979E-01
  6.9264E-02 -1.4606E-01 -5.0237E-02 -1.9094E-01
  6.9690E-02 -1.4535E-01 -5.0558E-02 -1.9210E-01
  7.0118E-02 -1.4462E-01 -5.0881E-02 -1.9326E-01
  7.0549E-02 -1.4387E-01 -5.1206E-02 -1.9443E-01
  7.0983E-02 -1.4311E-01 -5.1533E-02 -1.9561E-01
  7.1420E-02 -1.4234E-01 -5.1863E-02 -1.9680E-01
  7.1859E-02 -1.4154E-01 -5.2195E-02 -1.9799E-01
  7.2301E-02 -1.4074E-01 -5.2529E-02 -1.9918E-01
  7.2745E-02 -1.3991E-01 -5.2865E-02 -2.0039E-01
  7.3192E-02 -1.3907E-01 -5.3204E-02 -2.0160E-01
  7.3642E-02 -1.3821E-01 -5.3545E-02 -2.0282E-01
  7.4095E-02 -1.3734E-01 -5.3889E-02 -2.0404E-01
  7.4550E-02 -1.3645E-01 -5.4234E-02 -2.0528E-01
  7.5009E-02 -1.3554E-01 -5.4582E-02 -2.0652E-01
  7.5470E-02 -1.3462E-01 -5.4933E-02 -2.0776E-01
  7.5934E-02 -1.3368E-01 -5.5286E-02 -2.0902E-01
  7.6400E-02 -1.3272E-01 -5.5641E-02 -2.1028E-01
  7.6870E-02 -1.3174E-01 -5.5999E-02 -2.1155E-01
  7.7342E-02 -1.3075E-01 -5.6359E-02 -2.1283E-01
  7.7818E-02 -1.2974E-01 -5.6722E-02 -2.1411E-01
  7.8296E-02 -1.2871E-01 -5.7087E-02 -2.1540E-01
  7.8777E-02 -1.2767E-01 -5.7455E-02 -2.1670E-01
  7.9261E-02 -1.2661E-01 -5.7825E-02 -2.1800E-01
  7.9748E-02 -1.2553E-01 -5.8198E-02 -2.1932E-01
  8.0238E-02 -1.2443E-01 -5.8574E-02 -2.2064E-01
  8.0731E-02 -1.2331E-01 -5.8952E-02 -2.2197E-01
  8.1228E-02 -1.2218E-01 -5.9333E-02 -2.2330E-01
  8.1727E-02 -1.2103E-01 -5.9717E-02 -2.2465E-01
  8.2229E-02 -1.1986E-01 -6.0103E-02 -2.2600E-01
  8.2734E-02 -1.1867E-01 -6.0492E-02 -2.2736E-01
  8.3242E-02 -1.1746E-01 -6.0883E-02 -2.2872E-01
  8.3754E-02 -1.1624E-01 -6.1278E-02 -2.3010E-01
  8.4268E-02 -1.1500E-01 -6.1675E-02 -2.3148E-01
  8.4786E-02 -1.1373E-01 -6.2075E-02 -2.3287E-01
  8.5307E-02 -1.1245E-01 -6.2478E-02 -2.3427E-01
  8.5831E-02 -1.1115E-01 -6.2883E-02 -2.3568E-01
  8.6358E-02 -1.0984E-01 -6.3292E-02 -2.3709E-01
  8.6889E-02 -1.0850E-01 -6.3703E-02 -2.3851E-01
  8.7422E-02 -1.0715E-01 -6.4118E-02 -2.3994E-01
  8.7959E-02 -1.0577E-01 -6.4535E-02 -2.4138E-01
  8.8499E-02 -1.0438E-01 -6.4955E-02 -2.4283E-01
  8.9043E-02 -1.0297E-01 -6.5379E-02 -2.4428E-01
  8.9590E-02 -1.0154E-01 -6.5805E-02 -2.4575E-01
  9.0140E-02 -1.0009E-01 -6.6235E-02 -2.4722E-01
  9.0694E-02 -9.8618E-02 -6.6667E-02 -2.4870E-01
  9.1251E-02 -9.7130E-02 -6.7103E-02 -2.5019E-01
  9.1811E-02 -9.5622E-02 -6.7541E-02 -2.5168E-01
  9.2375E-02 -9.4095E-02 -6.7983E-02 -2.5319E-01
  9.2942E-02 -9.2550E-02 -6.8428E-02 -2.5470E-01
  9.3513E-02 -9.0984E-02 -6.8877E-02 -2.5622E-01
  9.4087E-02 -8.9400E-02 -6.9328E-02 -2.5775E-01
  9.4665E-02 -8.7796E-02 -6.9783E-02 -2.5929E-01
  9.5246E-02 -8.6173E-02 -7.0241E-02 -2.6084E-01
  9.5831E-02 -8.4530E-02 -7.0703E-02 -2.6239E-01
  9.6419E-02 -8.2868E-02 -7.1168E-02 -2.6396E-01
  9.7011E-02 -8.1186E-02 -7.1636E-02 -2.6553E-01
  9.7607E-02 -7.9485E-02 -7.2108E-02 -2.6711E-01
  9.8206E-02 -7.7765E-02 -7.2583E-02 -2.6871E-01
  9.8809E-02 -7.6025E-02 -7.3061E-02 -2.7031E-01
  9.9415E-02 -7.4266E-02 -7.3544E-02 -2.7191E-01
  1.0003E-01 -7.2488E-02 -7.4029E-02 -2.7353E-01
  1.0064E-01 -7.0689E-02 -7.4519E-02 -2.7516E-01
  1.0126E-01 -6.8872E-02 -7.5012E-02 -2.7679E-01
  1.0188E-01 -6.7035E-02 -7.5508E-02 -2.7844E-01
  1.0250E-01 -6.5179E-02 -7.6008E-02 -2.8009E-01
  1.0313E-01 -6.3304E-02 -7.6512E-02 -2.8175E-01
  1.0377E-01 -6.1409E-02 -7.7020E-02 -2.8343E-01
  1.0440E-01 -5.9495E-02 -7.7532E-02 -2.8511E-01
  1.0504E-01 -5.7562E-02 -7.8047E-02 -2.8680E-01
  1.0569E-01 -5.5609E-02 -7.8566E-02 -2.8850E-01
  1.0634E-01 -5.3638E-02 -7.9089E-02 -2.9020E-01
  1.0699E-01 -5.1647E-02 -7.9616E-02 -2.9192E-01
  1.0765E-01 -4.9638E-02 -8.0147E-02 -2.9365E-01
  1.0831E-01 -4.7609E-02 -8.0682E-02 -2.9539E-01
  1.0897E-01 -4.5562E-02 -8.1221E-02 -2.9713E-01
  1.0964E-01 -4.3496E-02 -8.1765E-02 -2.9889E-01
  1.1031E-01 -4.1411E-02 -8.2312E-02 -3.0065E-01
  1.1099E-01 -3.9308E-02 -8.2863E-02 -3.0243E-01
  1.1167E-01 -3.7186E-02 -8.3419E-02 -3.0421E-01
  1.1236E-01 -3.5045E-02 -8.3979E-02 -3.0600E-01
  1.1305E-01 -3.2886E-02 -8.4543E-02 -3.0781E-01
  1.1374E-01 -3.0709E-02 -8.5111E-02 -3.0962E-01
  1.1444E-01 -2.8514E-02 -8.5684E-02 -3.1144E-01
  1.1514E-01 -2.6301E-02 -8.6262E-02 -3.1328E-01
  1.1585E-01 -2.4070E-02 -8.6843E-02 -3.1512E-01
  1.1656E-01 -2.1821E-02 -8.7429E-02 -3.1697E-01
  1.1727E-01 -1.9555E-02 -8.8020E-02 -3.1883E-01
  1.1799E-01 -1.7271E-02 -8.8615E-02 -3.2070E-01
  1.1872E-01 -1.4969E-02 -8.9215E-02 -3.2258E-01
  1.1944E-01 -1.2651E-02 -8.9820E-02 -3.2447E-01
  1.2018E-01 -1.0316E-02 -9.0429E-02 -3.2638E-01
  1.2091E-01 -7.9633E-03 -9.1043E-02 -3.2829E-01
  1.2166E-01 -5.5944E-03 -9.1662E-02 -3.3021E-01
  1.2240E-01 -3.2089E-03 -9.2286E-02 -3.3214E-01
  1.2315E-01 -8.0720E-04 -9.2915E-02 -3.3408E-01
  1.2391E-01  1.6106E-03 -9.3548E-02 -3.3603E-01
  1.2467E-01  4.0444E-03 -9.4187E-02 -3.3799E-01
  1.2543E-01  6.4939E-03 -9.4831E-02 -3.3997E-01
  1.2620E-01  8.9588E-03 -9.5479E-02 -3.4195E-01
  1.2698E-01  1.1439E-02 -9.6133E-02 -3.4394E-01
  1.2775E-01  1.3934E-02 -9.6792E-02 -3.4594E-01
  1.2854E-01  1.6444E-02 -9.7457E-02 -3.4796E-01
  1.2933E-01  1.8969E-02 -9.8127E-02 -3.4998E-01
  1.3012E-01  2.1508E-02 -9.8802E-02 -3.5201E-01
  1.3092E-01  2.4061E-02 -9.9482E-02 -3.5406E-01
  1.3172E-01  2.6627E-02 -1.0017E-01 -3.5611E-01
  1.3253E-01  2.9207E-02 -1.0086E-01 -3.5817E-01
  1.3334E-01  3.1801E-02 -1.0156E-01 -3.6025E-01
  1.3416E-01  3.4407E-02 -1.0226E-01 -3.6234E-01
  1.3498E-01  3.7026E-02 -1.0297E-01 -3.6443E-01
  1.3581E-01  3.9657E-02 -1.0368E-01 -3.6654E-01
  1.3664E-01  4.2300E-02 -1.0440E-01 -3.6865E-01
  1.3748E-01  4.4955E-02 -1.0513E-01 -3.7078E-01
  1.3832E-01  4.7621E-02 -1.0586E-01 -3.7292E-01
  1.3917E-01  5.0298E-02 -1.0660E-01 -3.7507E-01
  1.4002E-01  5.2985E-02 -1.0734E-01 -3.7723E-01
  1.4088E-01  5.5683E-02 -1.0809E-01 -3.7940E-01
  1.4175E-01  5.8391E-02 -1.0885E-01 -3.8158E-01
  1.4262E-01  6.1108E-02 -1.0961E-01 -3.8377E-01
  1.4349E-01  6.3835E-02 -1.1038E-01 -3.8597E-01
  1.4437E-01  6.6570E-02 -1.1115E-01 -3.8818E-01
  1.4526E-01  6.9313E-02 -1.1194E-01 -3.9041E-01
  1.4615E-01  7.2064E-02 -1.1272E-01 -3.9264E-01
  1.4704E-01  7.4823E-02 -1.1352E-01 -3.9489E-01
  1.4794E-01  7.7589E-02 -1.1432E-01 -3.9714E-01
  1.4885E-01  8.0361E-02 -1.1513E-01 -3.9941E-01
  1.4976E-01  8.3140E-02 -1.1594E-01 -4.0169E-01
  1.5068E-01  8.5924E-02 -1.1677E-01 -4.0397E-01
  1.5160E-01  8.8713E-02 -1.1759E-01 -4.0627E-01
  1.5253E-01  9.1507E-02 -1.1843E-01 -4.0858E-01
  1.5347E-01  9.4305E-02 -1.1927E-01 -4.1090E-01
  1.5441E-01  9.7106E-02 -1.2012E-01 -4.1323E-01
  1.5536E-01  9.9911E-02 -1.2098E-01 -4.1557E-01
  1.5631E-01  1.0272E-01 -1.2184E-01 -4.1793E-01
  1.5727E-01  1.0553E-01 -1.2272E-01 -4.2029E-01
  1.5823E-01  1.0834E-01 -1.2360E-01 -4.2267E-01
  1.5920E-01  1.1115E-01 -1.2448E-01 -4.2505E-01
  1.6018E-01  1.1396E-01 -1.2538E-01 -4.2745E-01
  1.6116E-01  1.1678E-01 -1.2628E-01 -4.2985E-01
  1.6215E-01  1.1959E-01 -1.2719E-01 -4.3227E-01
  1.6314E-01  1.2240E-01 -1.2811E-01 -4.3470E-01
  1.6414E-01  1.2521E-01 -1.2904E-01 -4.3714E-01
  1.6515E-01  1.2801E-01 -1.2997E-01 -4.3959E-01
  1.6616E-01  1.3081E-01 -1.3091E-01 -4.4205E-01
  1.6718E-01  1.3361E-01 -1.3186E-01 -4.4452E-01
  1.6820E-01  1.3640E-01 -1.3282E-01 -4.4701E-01
  1.6923E-01  1.3919E-01 -1.3379E-01 -4.4950E-01
  1.7027E-01  1.4198E-01 -1.3477E-01 -4.5200E-01
  1.7131E-01  1.4475E-01 -1.3575E-01 -4.5452E-01
  1.7236E-01  1.4752E-01 -1.3674E-01 -4.5704E-01
  1.7342E-01  1.5028E-01 -1.3775E-01 -4.5958E-01
  1.7448E-01  1.5303E-01 -1.3876E-01 -4.6213E-01
  1.7555E-01  1.5577E-01 -1.3978E-01 -4.6468E-01
  1.7663E-01  1.5850E-01 -1.4081E-01 -4.6725E-01
  1.7771E-01  1.6122E-01 -1.4184E-01 -4.6983E-01
  1.7880E-01  1.6393E-01 -1.4289E-01 -4.7242E-01
  1.7989E-01  1.6663E-01 -1.4395E-01 -4.7502E-01
  1.8099E-01  1.6931E-01 -1.4502E-01 -4.7763E-01
  1.8210E-01  1.7198E-01 -1.4609E-01 -4.8025E-01
  1.8322E-01  1.7463E-01 -1.4718E-01 -4.8289E-01
  1.8434E-01  1.7727E-01 -1.4827E-01 -4.8553E-01
  1.8547E-01  1.7989E-01 -1.4938E-01 -4.8818E-01
  1.8661E-01  1.8249E-01 -1.5049E-01 -4.9084E-01
  1.8775E-01  1.8508E-01 -1.5162E-01 -4.9352E-01
  1.8890E-01  1.8764E-01 -1.5276E-01 -4.9620E-01
  1.9006E-01  1.9018E-01 -1.5390E-01 -4.9889E-01
  1.9122E-01  1.9271E-01 -1.5506E-01 -5.0160E-01
  1.9240E-01  1.9521E-01 -1.5623E-01 -5.0431E-01
  1.9357E-01  1.9768E-01 -1.5741E-01 -5.0704E-01
  1.9476E-01  2.0014E-01 -1.5859E-01 -5.0977E-01
  1.9595E-01  2.0257E-01 -1.5979E-01 -5.1251E-01
  1.9715E-01  2.0497E-01 -1.6101E-01 -5.1527E-01
  1.9836E-01  2.0734E-01 -1.6223E-01 -5.1803E-01
  1.9958E-01  2.0969E-01 -1.6346E-01 -5.2080E-01
  2.0080E-01  2.1201E-01 -1.6471E-01 -5.2359E-01
  2.0203E-01  2.1430E-01 -1.6596E-01 -5.2638E-01
  2.0327E-01  2.1655E-01 -1.6723E-01 -5.2918E-01
  2.0451E-01  2.1878E-01 -1.6851E-01 -5.3200E-01
  2.0577E-01  2.2097E-01 -1.6980E-01 -5.3482E-01
  2.0703E-01  2.2312E-01 -1.7111E-01 -5.3765E-01
  2.0829E-01  2.2524E-01 -1.7243E-01 -5.4049E-01
  2.0957E-01  2.2733E-01 -1.7376E-01 -5.4334E-01
  2.1085E-01  2.2937E-01 -1.7510E-01 -5.4619E-01
  2.1215E-01  2.3138E-01 -1.7645E-01 -5.4906E-01
  2.1345E-01  2.3335E-01 -1.7782E-01 -5.5194E-01
  2.1475E-01  2.3528E-01 -1.7920E-01 -5.5482E-01
  2.1607E-01  2.3716E-01 -1.8059E-01 -5.5772E-01
  2.1739E-01  2.3900E-01 -1.8200E-01 -5.6062E-01
  2.1872E-01  2.4080E-01 -1.8342E-01 -5.6353E-01
  2.2006E-01  2.4255E-01 -1.8485E-01 -5.6645E-01
  2.2141E-01  2.4425E-01 -1.8630E-01 -5.6937E-01
  2.2277E-01  2.4591E-01 -1.8776E-01 -5.7231E-01
  2.2413E-01  2.4751E-01 -1.8923E-01 -5.7525E-01
  2.2550E-01  2.4906E-01 -1.9072E-01 -5.7820E-01
  2.2689E-01  2.5057E-01 -1.9222E-01 -5.8116E-01
  2.2827E-01  2.5202E-01 -1.9374E-01 -5.8413E-01
  2.2967E-01  2.5341E-01 -1.9527E-01 -5.8710E-01
  2.3108E-01  2.5475E-01 -1.9682E-01 -5.9008E-01
  2.3249E-01  2.5603E-01 -1.9838E-01 -5.9307E-01
  2.3392E-01  2.5725E-01 -1.9996E-01 -5.9607E-01
  2.3535E-01  2.5841E-01 -2.0155E-01 -5.9907E-01
  2.3679E-01  2.5951E-01 -2.0315E-01 -6.0208E-01
  2.3824E-01  2.6055E-01 -2.0478E-01 -6.0509E-01
  2.3970E-01  2.6153E-01 -2.0642E-01 -6.0811E-01
  2.4117E-01  2.6244E-01 -2.0807E-01 -6.1114E-01
  2.4265E-01  2.6328E-01 -2.0974E-01 -6.1417E-01
  2.4413E-01  2.6405E-01 -2.1143E-01 -6.1721E-01
  2.4563E-01  2.6476E-01 -2.1313E-01 -6.2026E-01
  2.4713E-01  2.6539E-01 -2.1485E-01 -6.2331E-01
  2.4865E-01  2.6596E-01 -2.1658E-01 -6.2636E-01
  2.5017E-01  2.6645E-01 -2.1834E-01 -6.2942E-01
  2.5170E-01  2.6686E-01 -2.2011E-01 -6.3249E-01
  2.5324E-01  2.6720E-01 -2.2189E-01 -6.3556E-01
  2.5479E-01  2.6746E-01 -2.2370E-01 -6.3863E-01
  2.5635E-01  2.6764E-01 -2.2552E-01 -6.4171E-01
  2.5792E-01  2.6774E-01 -2.2736E-01 -6.4479E-01
  2.5950E-01  2.6775E-01 -2.2922E-01 -6.4788E-01
  2.6109E-01  2.6769E-01 -2.3109E-01 -6.5097E-01
  2.6269E-01  2.6754E-01 -2.3299E-01 -6.5406E-01
  2.6430E-01  2.6730E-01 -2.3490E-01 -6.5716E-01
  2.6592E-01  2.6697E-01 -2.3683E-01 -6.6025E-01
  2.6754E-01  2.6656E-01 -2.3878E-01 -6.6335E-01
  2.6918E-01  2.6605E-01 -2.4075E-01 -6.6646E-01
  2.7083E-01  2.6545E-01 -2.4274E-01 -6.6956E-01
  2.7249E-01  2.6476E-01 -2.4474E-01 -6.7266E-01
  2.7416E-01  2.6397E-01 -2.4677E-01 -6.7577E-01
  2.7584E-01  2.6309E-01 -2.4882E-01 -6.7888E-01
  2.7752E-01  2.6210E-01 -2.5088E-01 -6.8199E-01
  2.7922E-01  2.6102E-01 -2.5297E-01 -6.8509E-01
  2.8093E-01  2.5984E-01 -2.5508E-01 -6.8820E-01
  2.8265E-01  2.5855E-01 -2.5721E-01 -6.9131E-01
  2.8438E-01  2.5716E-01 -2.5935E-01 -6.9442E-01
  2.8613E-01  2.5567E-01 -2.6152E-01 -6.9752E-01
  2.8788E-01  2.5406E-01 -2.6371E-01 -7.0063E-01
  2.8964E-01  2.5235E-01 -2.6592E-01 -7.0373E-01
  2.9141E-01  2.5053E-01 -2.6816E-01 -7.0683E-01
  2.9320E-01  2.4860E-01 -2.7041E-01 -7.0992E-01
  2.9499E-01  2.4655E-01 -2.7269E-01 -7.1302E-01
  2.9680E-01  2.4440E-01 -2.7499E-01 -7.1611E-01
  2.9862E-01  2.4212E-01 -2.7731E-01 -7.1920E-01
  3.0044E-01  2.3973E-01 -2.7965E-01 -7.2228E-01
  3.0228E-01  2.3722E-01 -2.8201E-01 -7.2536E-01
  3.0413E-01  2.3459E-01 -2.8440E-01 -7.2843E-01
  3.0600E-01  2.3183E-01 -2.8681E-01 -7.3150E-01
  3.0787E-01  2.2896E-01 -2.8924E-01 -7.3456E-01
  3.0975E-01  2.2596E-01 -2.9170E-01 -7.3761E-01
  3.1165E-01  2.2284E-01 -2.9418E-01 -7.4066E-01
  3.1356E-01  2.1959E-01 -2.9669E-01 -7.4370E-01
  3.1548E-01  2.1621E-01 -2.9921E-01 -7.4673E-01
  3.1741E-01  2.1270E-01 -3.0176E-01 -7.4975E-01
  3.1935E-01  2.0906E-01 -3.0434E-01 -7.5277E-01
  3.2131E-01  2.0529E-01 -3.0694E-01 -7.5577E-01
  3.2327E-01  2.0139E-01 -3.0956E-01 -7.5877E-01
  3.2525E-01  1.9735E-01 -3.1221E-01 -7.6175E-01
  3.2724E-01  1.9318E-01 -3.1488E-01 -7.6472E-01
  3.2925E-01  1.8887E-01 -3.1758E-01 -7.6768E-01
  3.3126E-01  1.8442E-01 -3.2031E-01 -7.7063E-01
  3.3329E-01  1.7983E-01 -3.2305E-01 -7.7357E-01
  3.3533E-01  1.7510E-01 -3.2583E-01 -7.7649E-01
  3.3738E-01  1.7023E-01 -3.2862E-01 -7.7939E-01
  3.3945E-01  1.6522E-01 -3.3145E-01 -7.8229E-01
  3.4152E-01  1.6006E-01 -3.3430E-01 -7.8516E-01
  3.4362E-01  1.5476E-01 -3.3717E-01 -7.8802E-01
  3.4572E-01  1.4931E-01 -3.4008E-01 -7.9086E-01
  3.4783E-01  1.4372E-01 -3.4300E-01 -7.9369E-01
  3.4996E-01  1.3798E-01 -3.4596E-01 -7.9650E-01
  3.5211E-01  1.3209E-01 -3.4894E-01 -7.9928E-01
  3.5426E-01  1.2605E-01 -3.5194E-01 -8.0205E-01
  3.5643E-01  1.1986E-01 -3.5497E-01 -8.0480E-01
  3.5861E-01  1.1352E-01 -3.5803E-01 -8.0752E-01
  3.6081E-01  1.0703E-01 -3.6112E-01 -8.1022E-01
  3.6301E-01  1.0039E-01 -3.6423E-01 -8.1290E-01
  3.6524E-01  9.3590E-02 -3.6737E-01 -8.1556E-01
  3.6747E-01  8.6639E-02 -3.7053E-01 -8.1819E-01
  3.6972E-01  7.9532E-02 -3.7372E-01 -8.2079E-01
  3.7198E-01  7.2271E-02 -3.7694E-01 -8.2337E-01
  3.7426E-01  6.4854E-02 -3.8018E-01 -8.2592E-01
  3.7655E-01  5.7280E-02 -3.8345E-01 -8.2844E-01
  3.7886E-01  4.9551E-02 -3.8675E-01 -8.3094E-01
  3.8117E-01  4.1664E-02 -3.9008E-01 -8.3340E-01
  3.8351E-01  3.3619E-02 -3.9343E-01 -8.3583E-01
  3.8585E-01  2.5418E-02 -3.9681E-01 -8.3823E-01
  3.8822E-01  1.7058E-02 -4.0021E-01 -8.4060E-01
  3.9059E-01  8.5403E-03 -4.0364E-01 -8.4293E-01
  3.9298E-01 -1.3549E-04 -4.0710E-01 -8.4522E-01
  3.9539E-01 -8.9695E-03 -4.1058E-01 -8.4748E-01
  3.9781E-01 -1.7962E-02 -4.1409E-01 -8.4971E-01
  4.0024E-01 -2.7112E-02 -4.1763E-01 -8.5189E-01
  4.0269E-01 -3.6421E-02 -4.2119E-01 -8.5404E-01
  4.0516E-01 -4.5887E-02 -4.2477E-01 -8.5614E-01
  4.0764E-01 -5.5511E-02 -4.2839E-01 -8.5820E-01
  4.1013E-01 -6.5292E-02 -4.3202E-01 -8.6022E-01
  4.1264E-01 -7.5230E-02 -4.3569E-01 -8.6219E-01
  4.1517E-01 -8.5325E-02 -4.3937E-01 -8.6412E-01
  4.1771E-01 -9.5575E-02 -4.4309E-01 -8.6600E-01
  4.2026E-01 -1.0598E-01 -4.4682E-01 -8.6783E-01
  4.2283E-01 -1.1654E-01 -4.5058E-01 -8.6962E-01
  4.2542E-01 -1.2726E-01 -4.5437E-01 -8.7135E-01
  4.2803E-01 -1.3812E-01 -4.5818E-01 -8.7303E-01
  4.3064E-01 -1.4914E-01 -4.6201E-01 -8.7465E-01
  4.3328E-01 -1.6031E-01 -4.6586E-01 -8.7623E-01
  4.3593E-01 -1.7163E-01 -4.6973E-01 -8.7774E-01
  4.3860E-01 -1.8310E-01 -4.7363E-01 -8.7920E-01
  4.4128E-01 -1.9472E-01 -4.7755E-01 -8.8059E-01
  4.4398E-01 -2.0648E-01 -4.8149E-01 -8.8193E-01
  4.4670E-01 -2.1839E-01 -4.8545E-01 -8.8320E-01
  4.4943E-01 -2.3044E-01 -4.8942E-01 -8.8441E-01
  4.5218E-01 -2.4263E-01 -4.9342E-01 -8.8556E-01
  4.5495E-01 -2.5497E-01 -4.9744E-01 -8.8664E-01
  4.5774E-01 -2.6744E-01 -5.0147E-01 -8.8764E-01
  4.6054E-01 -2.8004E-01 -5.0552E-01 -8.8858E-01
  4.6335E-01 -2.9278E-01 -5.0959E-01 -8.8945E-01
  4.6619E-01 -3.0566E-01 -5.1367E-01 -8.9024E-01
  4.6904E-01 -3.1866E-01 -5.1776E-01 -8.9095E-01
  4.7191E-01 -3.3179E-01 -5.2187E-01 -8.9159E-01
  4.7480E-01 -3.4504E-01 -5.2600E-01 -8.9215E-01
  4.7771E-01 -3.5842E-01 -5.3013E-01 -8.9263E-01
  4.8063E-01 -3.7191E-01 -5.3428E-01 -8.9302E-01
  4.8357E-01 -3.8552E-01 -5.3843E-01 -8.9334E-01
  4.8653E-01 -3.9925E-01 -5.4260E-01 -8.9356E-01
  4.8951E-01 -4.1309E-01 -5.4677E-01 -8.9369E-01
  4.9250E-01 -4.2703E-01 -5.5095E-01 -8.9374E-01
  4.9551E-01 -4.4107E-01 -5.5513E-01 -8.9369E-01
  4.9855E-01 -4.5522E-01 -5.5932E-01 -8.9355E-01
  5.0160E-01 -4.6946E-01 -5.6351E-01 -8.9331E-01
  5.0467E-01 -4.8380E-01 -5.6770E-01 -8.9297E-01
  5.0775E-01 -4.9823E-01 -5.7189E-01 -8.9253E-01
  5.1086E-01 -5.1274E-01 -5.7608E-01 -8.9199E-01
  5.1399E-01 -5.2733E-01 -5.8026E-01 -8.9134E-01
  5.1713E-01 -5.4200E-01 -5.8444E-01 -8.9059E-01
  5.2029E-01 -5.5674E-01 -5.8861E-01 -8.8972E-01
  5.2348E-01 -5.7155E-01 -5.9278E-01 -8.8875E-01
  5.2668E-01 -5.8642E-01 -5.9693E-01 -8.8766E-01
  5.2990E-01 -6.0135E-01 -6.0107E-01 -8.8645E-01
  5.3315E-01 -6.1633E-01 -6.0520E-01 -8.8512E-01
  5.3641E-01 -6.3136E-01 -6.0931E-01 -8.8368E-01
  5.3969E-01 -6.4643E-01 -6.1340E-01 -8.8211E-01
  5.4299E-01 -6.6153E-01 -6.1747E-01 -8.8041E-01
  5.4631E-01 -6.7667E-01 -6.2152E-01 -8.7859E-01
  5.4966E-01 -6.9184E-01 -6.2555E-01 -8.7664E-01
  5.5302E-01 -7.0702E-01 -6.2954E-01 -8.7455E-01
  5.5640E-01 -7.2221E-01 -6.3350E-01 -8.7233E-01
  5.5981E-01 -7.3742E-01 -6.3743E-01 -8.6997E-01
  5.6323E-01 -7.5262E-01 -6.4133E-01 -8.6747E-01
  5.6668E-01 -7.6781E-01 -6.4519E-01 -8.6482E-01
  5.7015E-01 -7.8299E-01 -6.4900E-01 -8.6203E-01
  5.7363E-01 -7.9815E-01 -6.5277E-01 -8.5910E-01
  5.7714E-01 -8.1328E-01 -6.5649E-01 -8.5601E-01
  5.8067E-01 -8.2838E-01 -6.6016E-01 -8.5277E-01
  5.8423E-01 -8.4343E-01 -6.6377E-01 -8.4937E-01
  5.8780E-01 -8.5843E-01 -6.6733E-01 -8.4582E-01
  5.9140E-01 -8.7338E-01 -6.7082E-01 -8.4210E-01
  5.9502E-01 -8.8825E-01 -6.7425E-01 -8.3822E-01
  5.9866E-01 -9.0305E-01 -6.7761E-01 -8.3418E-01
  6.0232E-01 -9.1777E-01 -6.8090E-01 -8.2996E-01
  6.0600E-01 -9.3239E-01 -6.8411E-01 -8.2558E-01
  6.0971E-01 -9.4691E-01 -6.8724E-01 -8.2102E-01
  6.1344E-01 -9.6132E-01 -6.9028E-01 -8.1629E-01
  6.1719E-01 -9.7561E-01 -6.9323E-01 -8.1137E-01
  6.2097E-01 -9.8976E-01 -6.9609E-01 -8.0628E-01
  6.2477E-01 -1.0038E+00 -6.9884E-01 -8.0100E-01
  6.2859E-01 -1.0176E+00 -7.0149E-01 -7.9554E-01
  6.3244E-01 -1.0314E+00 -7.0403E-01 -7.8988E-01
  6.3631E-01 -1.0449E+00 -7.0646E-01 -7.8404E-01
  6.4020E-01 -1.0583E+00 -7.0877E-01 -7.7800E-01
  6.4411E-01 -1.0714E+00 -7.1095E-01 -7.7177E-01
  6.4806E-01 -1.0844E+00 -7.1299E-01 -7.6533E-01
  6.5202E-01 -1.0971E+00 -7.1490E-01 -7.5870E-01
  6.5601E-01 -1.1096E+00 -7.1667E-01 -7.5186E-01
  6.6002E-01 -1.1219E+00 -7.1829E-01 -7.4482E-01
  6.6406E-01 -1.1340E+00 -7.1975E-01 -7.3758E-01
  6.6812E-01 -1.1457E+00 -7.2105E-01 -7.3012E-01
  6.7221E-01 -1.1572E+00 -7.2218E-01 -7.2245E-01
  6.7632E-01 -1.1684E+00 -7.2313E-01 -7.1457E-01
  6.8046E-01 -1.1794E+00 -7.2390E-01 -7.0648E-01
  6.8462E-01 -1.1900E+00 -7.2448E-01 -6.9816E-01
  6.8881E-01 -1.2002E+00 -7.2486E-01 -6.8963E-01
  6.9302E-01 -1.2102E+00 -7.2503E-01 -6.8088E-01
  6.9726E-01 -1.2198E+00 -7.2499E-01 -6.7191E-01
  7.0153E-01 -1.2290E+00 -7.2473E-01 -6.6272E-01
  7.0582E-01 -1.2378E+00 -7.2424E-01 -6.5330E-01
  7.1014E-01 -1.2463E+00 -7.2351E-01 -6.4366E-01
  7.1448E-01 -1.2543E+00 -7.2253E-01 -6.3379E-01
  7.1885E-01 -1.2619E+00 -7.2130E-01 -6.2370E-01
  7.2325E-01 -1.2691E+00 -7.1979E-01 -6.1338E-01
  7.2767E-01 -1.2758E+00 -7.1802E-01 -6.0283E-01
  7.3212E-01 -1.2821E+00 -7.1596E-01 -5.9205E-01
  7.3660E-01 -1.2878E+00 -7.1360E-01 -5.8104E-01
  7.4111E-01 -1.2931E+00 -7.1094E-01 -5.6981E-01
  7.4564E-01 -1.2979E+00 -7.0797E-01 -5.5835E-01
  7.5020E-01 -1.3021E+00 -7.0467E-01 -5.4666E-01
  7.5479E-01 -1.3058E+00 -7.0103E-01 -5.3474E-01
  7.5941E-01 -1.3089E+00 -6.9704E-01 -5.2260E-01
  7.6406E-01 -1.3114E+00 -6.9270E-01 -5.1023E-01
  7.6873E-01 -1.3134E+00 -6.8798E-01 -4.9764E-01
  7.7343E-01 -1.3147E+00 -6.8288E-01 -4.8482E-01
  7.7816E-01 -1.3154E+00 -6.7739E-01 -4.7179E-01
  7.8292E-01 -1.3154E+00 -6.7149E-01 -4.5853E-01
  7.8771E-01 -1.3148E+00 -6.6517E-01 -4.4506E-01
  7.9253E-01 -1.3135E+00 -6.5841E-01 -4.3137E-01
  7.9738E-01 -1.3115E+00 -6.5121E-01 -4.1748E-01
  8.0226E-01 -1.3088E+00 -6.4355E-01 -4.0337E-01
  8.0716E-01 -1.3053E+00 -6.3542E-01 -3.8906E-01
  8.1210E-01 -1.3011E+00 -6.2680E-01 -3.7455E-01
  8.1707E-01 -1.2961E+00 -6.1767E-01 -3.5985E-01
  8.2207E-01 -1.2903E+00 -6.0803E-01 -3.4495E-01
  8.2709E-01 -1.2836E+00 -5.9786E-01 -3.2986E-01
  8.3215E-01 -1.2762E+00 -5.8715E-01 -3.1459E-01
  8.3724E-01 -1.2679E+00 -5.7587E-01 -2.9914E-01
  8.4236E-01 -1.2588E+00 -5.6401E-01 -2.8353E-01
  8.4752E-01 -1.2487E+00 -5.5156E-01 -2.6774E-01
  8.5270E-01 -1.2377E+00 -5.3849E-01 -2.5180E-01
  8.5792E-01 -1.2259E+00 -5.2481E-01 -2.3571E-01
  8.6316E-01 -1.2130E+00 -5.1047E-01 -2.1947E-01
  8.6844E-01 -1.1992E+00 -4.9548E-01 -2.0310E-01
  8.7376E-01 -1.1844E+00 -4.7981E-01 -1.8660E-01
  8.7910E-01 -1.1686E+00 -4.6344E-01 -1.6998E-01
  8.8448E-01 -1.1518E+00 -4.4636E-01 -1.5325E-01
  8.8989E-01 -1.1339E+00 -4.2855E-01 -1.3642E-01
  8.9533E-01 -1.1150E+00 -4.0998E-01 -1.1950E-01
  9.0081E-01 -1.0950E+00 -3.9065E-01 -1.0249E-01
  9.0632E-01 -1.0739E+00 -3.7053E-01 -8.5421E-02
  9.1186E-01 -1.0516E+00 -3.4960E-01 -6.8290E-02
  9.1744E-01 -1.0282E+00 -3.2784E-01 -5.1112E-02
  9.2305E-01 -1.0037E+00 -3.0524E-01 -3.3898E-02
  9.2869E-01 -9.7791E-01 -2.8176E-01 -1.6663E-02
  9.3438E-01 -9.5096E-01 -2.5740E-01  5.8263E-04
  9.4009E-01 -9.2279E-01 -2.3214E-01  1.7824E-02
  9.4584E-01 -8.9337E-01 -2.0594E-01  3.5048E-02
  9.5163E-01 -8.6269E-01 -1.7880E-01  5.2241E-02
  9.5745E-01 -8.3072E-01 -1.5068E-01  6.9387E-02
  9.6330E-01 -7.9746E-01 -1.2157E-01  8.6472E-02
  9.6919E-01 -7.6287E-01 -9.1450E-02  1.0348E-01
  9.7512E-01 -7.2695E-01 -6.0293E-02  1.2040E-01
  9.8109E-01 -6.8966E-01 -2.8079E-02  1.3721E-01
  9.8709E-01 -6.5100E-01  5.2138E-03  1.5389E-01
  9.9312E-01 -6.1095E-01  3.9608E-02  1.7043E-01
  9.9920E-01 -5.6948E-01  7.5124E-02  1.8681E-01
  1.0053E+00 -5.2658E-01  1.1179E-01  2.0302E-01
  1.0115E+00 -4.8222E-01  1.4962E-01  2.1904E-01
  1.0176E+00 -4.3641E-01  1.8864E-01  2.3484E-01
  1.0239E+00 -3.8910E-01  2.2887E-01  2.5042E-01
  1.0301E+00 -3.4030E-01  2.7034E-01  2.6575E-01
  1.0364E+00 -2.8998E-01  3.1306E-01  2.8081E-01
  1.0428E+00 -2.3812E-01  3.5707E-01  2.9559E-01
  1.0491E+00 -1.8472E-01  4.0238E-01  3.1007E-01
  1.0556E+00 -1.2974E-01  4.4901E-01  3.2423E-01
  1.0620E+00 -7.3189E-02  4.9699E-01  3.3805E-01
  1.0685E+00 -1.5039E-02  5.4634E-01  3.5152E-01
  1.0751E+00  4.4723E-02  5.9708E-01  3.6461E-01
  1.0816E+00  1.0611E-01  6.4924E-01  3.7730E-01
  1.0882E+00  1.6914E-01  7.0283E-01  3.8959E-01
  1.0949E+00  2.3381E-01  7.5788E-01  4.0145E-01
  1.1016E+00  3.0016E-01  8.1440E-01  4.1286E-01
  1.1083E+00  3.6817E-01  8.7243E-01  4.2381E-01
  1.1151E+00  4.3788E-01  9.3197E-01  4.3428E-01
  1.1219E+00  5.0928E-01  9.9305E-01  4.4425E-01
  1.1288E+00  5.8239E-01  1.0557E+00  4.5371E-01
  1.1357E+00  6.5722E-01  1.1199E+00  4.6265E-01
  1.1426E+00  7.3378E-01  1.1857E+00  4.7105E-01
  1.1496E+00  8.1206E-01  1.2532E+00  4.7890E-01
  1.1567E+00  8.9209E-01  1.3222E+00  4.8617E-01
  1.1637E+00  9.7387E-01  1.3930E+00  4.9288E-01
  1.1709E+00  1.0574E+00  1.4653E+00  4.9899E-01
  1.1780E+00  1.1427E+00  1.5394E+00  5.0450E-01
  1.1852E+00  1.2297E+00  1.6152E+00  5.0941E-01
  1.1925E+00  1.3185E+00  1.6927E+00  5.1369E-01
  1.1998E+00  1.4091E+00  1.7719E+00  5.1736E-01
  1.2071E+00  1.5014E+00  1.8528E+00  5.2040E-01
  1.2145E+00  1.5955E+00  1.9355E+00  5.2280E-01
  1.2219E+00  1.6913E+00  2.0200E+00  5.2458E-01
  1.2294E+00  1.7889E+00  2.1062E+00  5.2571E-01
  1.2369E+00  1.8882E+00  2.1943E+00  5.2621E-01
  1.2445E+00  1.9893E+00  2.2841E+00  5.2607E-01
  1.2521E+00  2.0921E+00  2.3757E+00  5.2530E-01
  1.2597E+00  2.1967E+00  2.4691E+00  5.2390E-01
  1.2674E+00  2.3029E+00  2.5643E+00  5.2187E-01
  1.2752E+00  2.4109E+00  2.6613E+00  5.1924E-01
  1.2830E+00  2.5206E+00  2.7601E+00  5.1599E-01
  1.2908E+00  2.6319E+00  2.8607E+00  5.1216E-01
  1.2987E+00  2.7449E+00  2.9631E+00  5.0774E-01
  1.3067E+00  2.8596E+00  3.0673E+00  5.0275E-01
  1.3147E+00  2.9759E+00  3.1733E+00  4.9720E-01
  1.3227E+00  3.0937E+00  3.2811E+00  4.9113E-01
  1.3308E+00  3.2132E+00  3.3907E+00  4.8453E-01
  1.3389E+00  3.3343E+00  3.5020E+00  4.7743E-01
  1.3471E+00  3.4568E+00  3.6151E+00  4.6986E-01
  1.3554E+00  3.5809E+00  3.7299E+00  4.6182E-01
  1.3636E+00  3.7065E+00  3.8464E+00  4.5336E-01
  1.3720E+00  3.8335E+00  3.9646E+00  4.4449E-01
  1.3804E+00  3.9620E+00  4.0845E+00  4.3523E-01
  1.3888E+00  4.0918E+00  4.2061E+00  4.2562E-01
  1.3973E+00  4.2230E+00  4.3292E+00  4.1567E-01
  1.4059E+00  4.3555E+00  4.4540E+00  4.0542E-01
  1.4145E+00  4.4893E+00  4.5803E+00  3.9489E-01
  1.4231E+00  4.6243E+00  4.7081E+00  3.8410E-01
  1.4318E+00  4.7605E+00  4.8375E+00  3.7309E-01
  1.4406E+00  4.8979E+00  4.9682E+00  3.6187E-01
  1.4494E+00  5.0363E+00  5.1004E+00  3.5048E-01
  1.4582E+00  5.1758E+00  5.2339E+00  3.3892E-01
  1.4672E+00  5.3163E+00  5.3688E+00  3.2723E-01
  1.4761E+00  5.4577E+00  5.5049E+00  3.1543E-01
  1.4852E+00  5.6000E+00  5.6422E+00  3.0352E-01
  1.4942E+00  5.7431E+00  5.7806E+00  2.9153E-01
  1.5034E+00  5.8870E+00  5.9201E+00  2.7946E-01
  1.5126E+00  6.0316E+00  6.0606E+00  2.6733E-01
  1.5218E+00  6.1768E+00  6.2021E+00  2.5514E-01
  1.5311E+00  6.3226E+00  6.3444E+00  2.4289E-01
  1.5405E+00  6.4689E+00  6.4876E+00  2.3058E-01
  1.5499E+00  6.6157E+00  6.6314E+00  2.1820E-01
  1.5594E+00  6.7627E+00  6.7759E+00  2.0575E-01
  1.5689E+00  6.9101E+00  6.9210E+00  1.9320E-01
  1.5785E+00  7.0577E+00  7.0665E+00  1.8053E-01
  1.5882E+00  7.2053E+00  7.2124E+00  1.6774E-01
  1.5979E+00  7.3530E+00  7.3586E+00  1.5477E-01
  1.6077E+00  7.5007E+00  7.5049E+00  1.4162E-01
  1.6175E+00  7.6482E+00  7.6513E+00  1.2823E-01
  1.6274E+00  7.7954E+00  7.7977E+00  1.1458E-01
  1.6373E+00  7.9424E+00  7.9439E+00  1.0062E-01
  1.6473E+00  8.0889E+00  8.0899E+00  8.6306E-02
  1.6574E+00  8.2349E+00  8.2355E+00  7.1608E-02
  1.6675E+00  8.3803E+00  8.3806E+00  5.6483E-02
  1.6777E+00  8.5249E+00  8.5251E+00  4.0892E-02
  1.6880E+00  8.6687E+00  8.6688E+00  2.4806E-02
  1.6983E+00  8.8116E+00  8.8116E+00  8.1988E-03
  1.7087E+00  8.9535E+00  8.9535E+00 -6.9347E-03
  1.7192E+00  9.0942E+00  9.0942E+00 -8.5742E-03
  1.7297E+00  9.2336E+00  9.2336E+00 -5.9366E-03
  1.7403E+00  9.3717E+00  9.3717E+00 -3.6904E-03
  1.7509E+00  9.5082E+00  9.5082E+00 -2.0696E-03
  1.7616E+00  9.6431E+00  9.6431E+00 -9.9321E-04
  1.7724E+00  9.7763E+00  9.7763E+00 -3.9035E-04
  1.7832E+00  9.9076E+00  9.9076E+00 -1.5040E-04
  1.7941E+00  1.0037E+01  1.0037E+01  0.0000E+00
  1.8051E+00  1.0164E+01  1.0164E+01  0.0000E+00
  1.8161E+00  1.0289E+01  1.0289E+01  0.0000E+00
  1.8272E+00  1.0412E+01  1.0412E+01  0.0000E+00
  1.8384E+00  1.0532E+01  1.0532E+01  0.0000E+00
  1.8497E+00  1.0649E+01  1.0649E+01  0.0000E+00
  1.8610E+00  1.0764E+01  1.0764E+01  0.0000E+00
  1.8723E+00  1.0876E+01  1.0876E+01  0.0000E+00
  1.8838E+00  1.0985E+01  1.0985E+01  0.0000E+00
  1.8953E+00  1.1090E+01  1.1090E+01  0.0000E+00
  1.9069E+00  1.1192E+01  1.1192E+01  0.0000E+00
  1.9186E+00  1.1291E+01  1.1291E+01  0.0000E+00
  1.9303E+00  1.1386E+01  1.1386E+01  0.0000E+00
  1.9421E+00  1.1478E+01  1.1478E+01  0.0000E+00
  1.9540E+00  1.1565E+01  1.1565E+01  0.0000E+00
  1.9659E+00  1.1649E+01  1.1649E+01  0.0000E+00
  1.9779E+00  1.1728E+01  1.1728E+01  0.0000E+00
  1.9900E+00  1.1803E+01  1.1803E+01  0.0000E+00
  2.0022E+00  1.1874E+01  1.1874E+01  0.0000E+00
  2.0145E+00  1.1940E+01  1.1940E+01  0.0000E+00
  2.0268E+00  1.2001E+01  1.2001E+01  0.0000E+00
  2.0392E+00  1.2057E+01  1.2057E+01  0.0000E+00
  2.0516E+00  1.2109E+01  1.2109E+01  0.0000E+00
  2.0642E+00  1.2155E+01  1.2155E+01  0.0000E+00
  2.0768E+00  1.2196E+01  1.2196E+01  0.0000E+00
  2.0895E+00  1.2232E+01  1.2232E+01  0.0000E+00
  2.1023E+00  1.2262E+01  1.2262E+01  0.0000E+00
  2.1151E+00  1.2286E+01  1.2286E+01  0.0000E+00
  2.1281E+00  1.2304E+01  1.2304E+01  0.0000E+00
  2.1411E+00  1.2317E+01  1.2317E+01  0.0000E+00
  2.1542E+00  1.2324E+01  1.2324E+01  0.0000E+00
  2.1673E+00  1.2324E+01  1.2324E+01  0.0000E+00
  2.1806E+00  1.2318E+01  1.2318E+01  0.0000E+00
  2.1939E+00  1.2306E+01  1.2306E+01  0.0000E+00
  2.2073E+00  1.2287E+01  1.2287E+01  0.0000E+00
  2.2208E+00  1.2262E+01  1.2262E+01  0.0000E+00
  2.2344E+00  1.2229E+01  1.2229E+01  0.0000E+00
  2.2481E+00  1.2190E+01  1.2190E+01  0.0000E+00
  2.2618E+00  1.2145E+01  1.2145E+01  0.0000E+00
  2.2757E+00  1.2092E+01  1.2092E+01  0.0000E+00
  2.2896E+00  1.2032E+01  1.2032E+01  0.0000E+00
  2.3036E+00  1.1965E+01  1.1965E+01  0.0000E+00
  2.3177E+00  1.1891E+01  1.1891E+01  0.0000E+00
  2.3318E+00  1.1809E+01  1.1809E+01  0.0000E+00
  2.3461E+00  1.1720E+01  1.1720E+01  0.0000E+00
  2.3604E+00  1.1624E+01  1.1624E+01  0.0000E+00
  2.3749E+00  1.1520E+01  1.1520E+01  0.0000E+00
  2.3894E+00  1.1409E+01  1.1409E+01  0.0000E+00
  2.4040E+00  1.1291E+01  1.1291E+01  0.0000E+00
  2.4187E+00  1.1165E+01  1.1165E+01  0.0000E+00
  2.4335E+00  1.1031E+01  1.1031E+01  0.0000E+00
  2.4484E+00  1.0890E+01  1.0890E+01  0.0000E+00
  2.4634E+00  1.0742E+01  1.0742E+01  0.0000E+00
  2.4784E+00  1.0586E+01  1.0586E+01  0.0000E+00
  2.4936E+00  1.0423E+01  1.0423E+01  0.0000E+00
  2.5088E+00  1.0252E+01  1.0252E+01  0.0000E+00
  2.5242E+00  1.0074E+01  1.0074E+01  0.0000E+00
  2.5396E+00  9.8885E+00  9.8885E+00  0.0000E+00
  2.5551E+00  9.6961E+00  9.6961E+00  0.0000E+00
