 # l=           1 basis function with energy     10.9577131500000     
  0.0000E+00  0.0000E+00  0.0000E+00  0.0000E+00
  2.4843E-06  1.0988E-09 -3.0824E-11 -4.7299E-11
  4.9838E-06  3.6947E-09 -1.2405E-10 -1.9036E-10
  7.4986E-06  7.6007E-09 -2.8083E-10 -4.3093E-10
  1.0029E-05  1.2829E-08 -5.0231E-10 -7.7079E-10
  1.2574E-05  1.9301E-08 -7.8968E-10 -1.2118E-09
  1.5136E-05  2.6721E-08 -1.1441E-09 -1.7557E-09
  1.7712E-05  3.5184E-08 -1.5669E-09 -2.4044E-09
  2.0305E-05  4.4668E-08 -2.0591E-09 -3.1597E-09
  2.2913E-05  5.5141E-08 -2.6222E-09 -4.0237E-09
  2.5538E-05  6.6608E-08 -3.2572E-09 -4.9982E-09
  2.8178E-05  7.9061E-08 -3.9656E-09 -6.0852E-09
  3.0835E-05  9.2498E-08 -4.7486E-09 -7.2867E-09
  3.3508E-05  1.0692E-07 -5.6075E-09 -8.6047E-09
  3.6197E-05  1.2232E-07 -6.5436E-09 -1.0041E-08
  3.8902E-05  1.3871E-07 -7.5584E-09 -1.1598E-08
  4.1625E-05  1.5608E-07 -8.6532E-09 -1.3278E-08
  4.4363E-05  1.7445E-07 -9.8294E-09 -1.5083E-08
  4.7119E-05  1.9381E-07 -1.1088E-08 -1.7015E-08
  4.9891E-05  2.1418E-07 -1.2432E-08 -1.9076E-08
  5.2681E-05  2.3555E-07 -1.3861E-08 -2.1269E-08
  5.5487E-05  2.5794E-07 -1.5377E-08 -2.3595E-08
  5.8310E-05  2.8135E-07 -1.6981E-08 -2.6058E-08
  6.1151E-05  3.0579E-07 -1.8676E-08 -2.8659E-08
  6.4009E-05  3.3127E-07 -2.0463E-08 -3.1400E-08
  6.6885E-05  3.5779E-07 -2.2343E-08 -3.4285E-08
  6.9778E-05  3.8538E-07 -2.4318E-08 -3.7315E-08
  7.2689E-05  4.1404E-07 -2.6389E-08 -4.0494E-08
  7.5618E-05  4.4377E-07 -2.8558E-08 -4.3822E-08
  7.8565E-05  4.7459E-07 -3.0827E-08 -4.7304E-08
  8.1529E-05  5.0651E-07 -3.3198E-08 -5.0942E-08
  8.4512E-05  5.3955E-07 -3.5671E-08 -5.4737E-08
  8.7513E-05  5.7371E-07 -3.8249E-08 -5.8694E-08
  9.0532E-05  6.0901E-07 -4.0934E-08 -6.2814E-08
  9.3570E-05  6.4545E-07 -4.3727E-08 -6.7100E-08
  9.6626E-05  6.8306E-07 -4.6631E-08 -7.1555E-08
  9.9701E-05  7.2184E-07 -4.9646E-08 -7.6182E-08
  1.0280E-04  7.6182E-07 -5.2775E-08 -8.0983E-08
  1.0591E-04  8.0299E-07 -5.6019E-08 -8.5962E-08
  1.0904E-04  8.4539E-07 -5.9381E-08 -9.1121E-08
  1.1219E-04  8.8901E-07 -6.2863E-08 -9.6463E-08
  1.1536E-04  9.3389E-07 -6.6466E-08 -1.0199E-07
  1.1855E-04  9.8002E-07 -7.0192E-08 -1.0771E-07
  1.2176E-04  1.0274E-06 -7.4044E-08 -1.1362E-07
  1.2499E-04  1.0761E-06 -7.8022E-08 -1.1973E-07
  1.2824E-04  1.1262E-06 -8.2131E-08 -1.2603E-07
  1.3151E-04  1.1775E-06 -8.6371E-08 -1.3254E-07
  1.3479E-04  1.2302E-06 -9.0744E-08 -1.3925E-07
  1.3810E-04  1.2842E-06 -9.5253E-08 -1.4617E-07
  1.4143E-04  1.3397E-06 -9.9900E-08 -1.5330E-07
  1.4478E-04  1.3965E-06 -1.0469E-07 -1.6064E-07
  1.4815E-04  1.4547E-06 -1.0962E-07 -1.6821E-07
  1.5154E-04  1.5144E-06 -1.1469E-07 -1.7599E-07
  1.5495E-04  1.5755E-06 -1.1991E-07 -1.8400E-07
  1.5838E-04  1.6381E-06 -1.2528E-07 -1.9225E-07
  1.6183E-04  1.7021E-06 -1.3080E-07 -2.0072E-07
  1.6531E-04  1.7677E-06 -1.3648E-07 -2.0943E-07
  1.6880E-04  1.8348E-06 -1.4231E-07 -2.1838E-07
  1.7232E-04  1.9035E-06 -1.4830E-07 -2.2757E-07
  1.7586E-04  1.9737E-06 -1.5445E-07 -2.3701E-07
  1.7942E-04  2.0455E-06 -1.6077E-07 -2.4670E-07
  1.8300E-04  2.1189E-06 -1.6725E-07 -2.5665E-07
  1.8660E-04  2.1940E-06 -1.7390E-07 -2.6685E-07
  1.9023E-04  2.2707E-06 -1.8073E-07 -2.7732E-07
  1.9387E-04  2.3490E-06 -1.8772E-07 -2.8806E-07
  1.9754E-04  2.4291E-06 -1.9490E-07 -2.9907E-07
  2.0123E-04  2.5109E-06 -2.0225E-07 -3.1035E-07
  2.0495E-04  2.5944E-06 -2.0978E-07 -3.2191E-07
  2.0869E-04  2.6797E-06 -2.1751E-07 -3.3376E-07
  2.1245E-04  2.7668E-06 -2.2541E-07 -3.4590E-07
  2.1623E-04  2.8557E-06 -2.3351E-07 -3.5833E-07
  2.2004E-04  2.9464E-06 -2.4181E-07 -3.7105E-07
  2.2387E-04  3.0390E-06 -2.5030E-07 -3.8408E-07
  2.2772E-04  3.1335E-06 -2.5899E-07 -3.9742E-07
  2.3160E-04  3.2299E-06 -2.6788E-07 -4.1106E-07
  2.3550E-04  3.3282E-06 -2.7698E-07 -4.2502E-07
  2.3942E-04  3.4285E-06 -2.8629E-07 -4.3931E-07
  2.4337E-04  3.5308E-06 -2.9581E-07 -4.5391E-07
  2.4734E-04  3.6351E-06 -3.0554E-07 -4.6885E-07
  2.5134E-04  3.7414E-06 -3.1549E-07 -4.8413E-07
  2.5536E-04  3.8498E-06 -3.2567E-07 -4.9974E-07
  2.5940E-04  3.9603E-06 -3.3607E-07 -5.1570E-07
  2.6347E-04  4.0730E-06 -3.4670E-07 -5.3201E-07
  2.6757E-04  4.1878E-06 -3.5756E-07 -5.4868E-07
  2.7169E-04  4.3047E-06 -3.6866E-07 -5.6570E-07
  2.7583E-04  4.4239E-06 -3.7999E-07 -5.8310E-07
  2.8000E-04  4.5454E-06 -3.9157E-07 -6.0086E-07
  2.8420E-04  4.6691E-06 -4.0339E-07 -6.1901E-07
  2.8842E-04  4.7951E-06 -4.1547E-07 -6.3754E-07
  2.9267E-04  4.9234E-06 -4.2780E-07 -6.5645E-07
  2.9694E-04  5.0541E-06 -4.4038E-07 -6.7576E-07
  3.0124E-04  5.1873E-06 -4.5323E-07 -6.9548E-07
  3.0557E-04  5.3228E-06 -4.6634E-07 -7.1559E-07
  3.0992E-04  5.4608E-06 -4.7972E-07 -7.3613E-07
  3.1430E-04  5.6013E-06 -4.9337E-07 -7.5707E-07
  3.1871E-04  5.7444E-06 -5.0730E-07 -7.7845E-07
  3.2314E-04  5.8900E-06 -5.2151E-07 -8.0025E-07
  3.2760E-04  6.0382E-06 -5.3600E-07 -8.2250E-07
  3.3209E-04  6.1890E-06 -5.5079E-07 -8.4518E-07
  3.3660E-04  6.3425E-06 -5.6586E-07 -8.6832E-07
  3.4114E-04  6.4987E-06 -5.8124E-07 -8.9191E-07
  3.4571E-04  6.6576E-06 -5.9692E-07 -9.1597E-07
  3.5031E-04  6.8194E-06 -6.1290E-07 -9.4049E-07
  3.5494E-04  6.9839E-06 -6.2919E-07 -9.6550E-07
  3.5959E-04  7.1513E-06 -6.4580E-07 -9.9098E-07
  3.6427E-04  7.3216E-06 -6.6273E-07 -1.0170E-06
  3.6899E-04  7.4948E-06 -6.7999E-07 -1.0434E-06
  3.7373E-04  7.6710E-06 -6.9757E-07 -1.0704E-06
  3.7850E-04  7.8502E-06 -7.1549E-07 -1.0979E-06
  3.8329E-04  8.0325E-06 -7.3374E-07 -1.1259E-06
  3.8812E-04  8.2178E-06 -7.5234E-07 -1.1545E-06
  3.9298E-04  8.4063E-06 -7.7129E-07 -1.1835E-06
  3.9787E-04  8.5979E-06 -7.9059E-07 -1.2132E-06
  4.0278E-04  8.7928E-06 -8.1025E-07 -1.2433E-06
  4.0773E-04  8.9909E-06 -8.3028E-07 -1.2741E-06
  4.1271E-04  9.1923E-06 -8.5067E-07 -1.3054E-06
  4.1771E-04  9.3971E-06 -8.7144E-07 -1.3372E-06
  4.2275E-04  9.6052E-06 -8.9259E-07 -1.3697E-06
  4.2782E-04  9.8168E-06 -9.1412E-07 -1.4027E-06
  4.3292E-04  1.0032E-05 -9.3604E-07 -1.4364E-06
  4.3805E-04  1.0251E-05 -9.5836E-07 -1.4706E-06
  4.4321E-04  1.0473E-05 -9.8109E-07 -1.5055E-06
  4.4841E-04  1.0699E-05 -1.0042E-06 -1.5410E-06
  4.5363E-04  1.0928E-05 -1.0278E-06 -1.5771E-06
  4.5889E-04  1.1161E-05 -1.0517E-06 -1.6139E-06
  4.6418E-04  1.1398E-05 -1.0761E-06 -1.6513E-06
  4.6950E-04  1.1639E-05 -1.1009E-06 -1.6894E-06
  4.7486E-04  1.1884E-05 -1.1262E-06 -1.7281E-06
  4.8025E-04  1.2132E-05 -1.1519E-06 -1.7676E-06
  4.8567E-04  1.2385E-05 -1.1780E-06 -1.8077E-06
  4.9112E-04  1.2641E-05 -1.2046E-06 -1.8485E-06
  4.9661E-04  1.2902E-05 -1.2317E-06 -1.8900E-06
  5.0213E-04  1.3167E-05 -1.2592E-06 -1.9323E-06
  5.0768E-04  1.3436E-05 -1.2872E-06 -1.9753E-06
  5.1327E-04  1.3709E-05 -1.3157E-06 -2.0190E-06
  5.1889E-04  1.3987E-05 -1.3447E-06 -2.0635E-06
  5.2455E-04  1.4268E-05 -1.3742E-06 -2.1087E-06
  5.3024E-04  1.4555E-05 -1.4042E-06 -2.1547E-06
  5.3597E-04  1.4846E-05 -1.4347E-06 -2.2015E-06
  5.4173E-04  1.5141E-05 -1.4657E-06 -2.2491E-06
  5.4752E-04  1.5441E-05 -1.4972E-06 -2.2975E-06
  5.5336E-04  1.5745E-05 -1.5293E-06 -2.3467E-06
  5.5922E-04  1.6055E-05 -1.5619E-06 -2.3967E-06
  5.6513E-04  1.6369E-05 -1.5950E-06 -2.4476E-06
  5.7107E-04  1.6688E-05 -1.6287E-06 -2.4993E-06
  5.7704E-04  1.7011E-05 -1.6630E-06 -2.5519E-06
  5.8305E-04  1.7340E-05 -1.6978E-06 -2.6053E-06
  5.8910E-04  1.7674E-05 -1.7332E-06 -2.6597E-06
  5.9519E-04  1.8013E-05 -1.7692E-06 -2.7149E-06
  6.0131E-04  1.8357E-05 -1.8058E-06 -2.7711E-06
  6.0747E-04  1.8706E-05 -1.8430E-06 -2.8281E-06
  6.1367E-04  1.9061E-05 -1.8808E-06 -2.8861E-06
  6.1991E-04  1.9421E-05 -1.9193E-06 -2.9451E-06
  6.2618E-04  1.9786E-05 -1.9583E-06 -3.0050E-06
  6.3249E-04  2.0157E-05 -1.9980E-06 -3.0659E-06
  6.3884E-04  2.0534E-05 -2.0383E-06 -3.1278E-06
  6.4523E-04  2.0916E-05 -2.0793E-06 -3.1907E-06
  6.5166E-04  2.1304E-05 -2.1209E-06 -3.2546E-06
  6.5813E-04  2.1698E-05 -2.1632E-06 -3.3195E-06
  6.6464E-04  2.2097E-05 -2.2062E-06 -3.3855E-06
  6.7119E-04  2.2503E-05 -2.2499E-06 -3.4525E-06
  6.7778E-04  2.2914E-05 -2.2943E-06 -3.5206E-06
  6.8440E-04  2.3332E-05 -2.3394E-06 -3.5898E-06
  6.9107E-04  2.3756E-05 -2.3852E-06 -3.6601E-06
  6.9778E-04  2.4186E-05 -2.4317E-06 -3.7315E-06
  7.0453E-04  2.4623E-05 -2.4790E-06 -3.8041E-06
  7.1132E-04  2.5066E-05 -2.5271E-06 -3.8778E-06
  7.1816E-04  2.5515E-05 -2.5758E-06 -3.9526E-06
  7.2503E-04  2.5972E-05 -2.6254E-06 -4.0287E-06
  7.3195E-04  2.6435E-05 -2.6757E-06 -4.1059E-06
  7.3891E-04  2.6904E-05 -2.7268E-06 -4.1843E-06
  7.4591E-04  2.7381E-05 -2.7788E-06 -4.2640E-06
  7.5295E-04  2.7864E-05 -2.8315E-06 -4.3449E-06
  7.6004E-04  2.8355E-05 -2.8851E-06 -4.4271E-06
  7.6717E-04  2.8852E-05 -2.9395E-06 -4.5106E-06
  7.7435E-04  2.9357E-05 -2.9947E-06 -4.5954E-06
  7.8157E-04  2.9870E-05 -3.0508E-06 -4.6814E-06
  7.8883E-04  3.0389E-05 -3.1077E-06 -4.7688E-06
  7.9614E-04  3.0917E-05 -3.1656E-06 -4.8576E-06
  8.0349E-04  3.1452E-05 -3.2243E-06 -4.9477E-06
  8.1088E-04  3.1994E-05 -3.2840E-06 -5.0392E-06
  8.1833E-04  3.2545E-05 -3.3445E-06 -5.1322E-06
  8.2581E-04  3.3103E-05 -3.4060E-06 -5.2265E-06
  8.3335E-04  3.3669E-05 -3.4684E-06 -5.3223E-06
  8.4093E-04  3.4244E-05 -3.5318E-06 -5.4195E-06
  8.4855E-04  3.4826E-05 -3.5961E-06 -5.5183E-06
  8.5622E-04  3.5417E-05 -3.6615E-06 -5.6185E-06
  8.6394E-04  3.6017E-05 -3.7278E-06 -5.7203E-06
  8.7171E-04  3.6625E-05 -3.7951E-06 -5.8236E-06
  8.7952E-04  3.7242E-05 -3.8634E-06 -5.9284E-06
  8.8738E-04  3.7867E-05 -3.9328E-06 -6.0349E-06
  8.9529E-04  3.8502E-05 -4.0032E-06 -6.1430E-06
  9.0325E-04  3.9145E-05 -4.0747E-06 -6.2527E-06
  9.1126E-04  3.9798E-05 -4.1473E-06 -6.3640E-06
  9.1931E-04  4.0459E-05 -4.2209E-06 -6.4770E-06
  9.2742E-04  4.1131E-05 -4.2957E-06 -6.5917E-06
  9.3557E-04  4.1811E-05 -4.3715E-06 -6.7081E-06
  9.4378E-04  4.2501E-05 -4.4485E-06 -6.8263E-06
  9.5203E-04  4.3201E-05 -4.5267E-06 -6.9462E-06
  9.6034E-04  4.3911E-05 -4.6060E-06 -7.0679E-06
  9.6869E-04  4.4631E-05 -4.6865E-06 -7.1915E-06
  9.7710E-04  4.5361E-05 -4.7682E-06 -7.3168E-06
  9.8556E-04  4.6101E-05 -4.8511E-06 -7.4441E-06
  9.9407E-04  4.6851E-05 -4.9353E-06 -7.5732E-06
  1.0026E-03  4.7612E-05 -5.0206E-06 -7.7042E-06
  1.0112E-03  4.8384E-05 -5.1073E-06 -7.8371E-06
  1.0199E-03  4.9166E-05 -5.1952E-06 -7.9720E-06
  1.0286E-03  4.9960E-05 -5.2844E-06 -8.1089E-06
  1.0374E-03  5.0764E-05 -5.3749E-06 -8.2478E-06
  1.0462E-03  5.1579E-05 -5.4668E-06 -8.3888E-06
  1.0551E-03  5.2406E-05 -5.5600E-06 -8.5318E-06
  1.0640E-03  5.3245E-05 -5.6546E-06 -8.6769E-06
  1.0730E-03  5.4095E-05 -5.7505E-06 -8.8242E-06
  1.0821E-03  5.4956E-05 -5.8479E-06 -8.9735E-06
  1.0912E-03  5.5830E-05 -5.9466E-06 -9.1251E-06
  1.1003E-03  5.6716E-05 -6.0468E-06 -9.2789E-06
  1.1095E-03  5.7614E-05 -6.1485E-06 -9.4349E-06
  1.1188E-03  5.8524E-05 -6.2517E-06 -9.5932E-06
  1.1281E-03  5.9447E-05 -6.3563E-06 -9.7537E-06
  1.1375E-03  6.0382E-05 -6.4624E-06 -9.9166E-06
  1.1470E-03  6.1331E-05 -6.5701E-06 -1.0082E-05
  1.1565E-03  6.2292E-05 -6.6794E-06 -1.0250E-05
  1.1660E-03  6.3267E-05 -6.7902E-06 -1.0420E-05
  1.1756E-03  6.4255E-05 -6.9026E-06 -1.0592E-05
  1.1853E-03  6.5256E-05 -7.0167E-06 -1.0767E-05
  1.1950E-03  6.6272E-05 -7.1324E-06 -1.0945E-05
  1.2048E-03  6.7301E-05 -7.2497E-06 -1.1125E-05
  1.2147E-03  6.8344E-05 -7.3687E-06 -1.1307E-05
  1.2246E-03  6.9401E-05 -7.4895E-06 -1.1493E-05
  1.2345E-03  7.0473E-05 -7.6119E-06 -1.1681E-05
  1.2446E-03  7.1559E-05 -7.7361E-06 -1.1871E-05
  1.2547E-03  7.2660E-05 -7.8621E-06 -1.2064E-05
  1.2648E-03  7.3777E-05 -7.9899E-06 -1.2261E-05
  1.2750E-03  7.4908E-05 -8.1195E-06 -1.2459E-05
  1.2853E-03  7.6055E-05 -8.2510E-06 -1.2661E-05
  1.2957E-03  7.7217E-05 -8.3843E-06 -1.2866E-05
  1.3061E-03  7.8395E-05 -8.5195E-06 -1.3073E-05
  1.3165E-03  7.9588E-05 -8.6566E-06 -1.3284E-05
  1.3271E-03  8.0798E-05 -8.7957E-06 -1.3497E-05
  1.3377E-03  8.2025E-05 -8.9367E-06 -1.3713E-05
  1.3483E-03  8.3268E-05 -9.0798E-06 -1.3933E-05
  1.3591E-03  8.4527E-05 -9.2248E-06 -1.4156E-05
  1.3699E-03  8.5804E-05 -9.3719E-06 -1.4381E-05
  1.3807E-03  8.7097E-05 -9.5211E-06 -1.4610E-05
  1.3916E-03  8.8409E-05 -9.6724E-06 -1.4842E-05
  1.4026E-03  8.9737E-05 -9.8258E-06 -1.5078E-05
  1.4137E-03  9.1084E-05 -9.9814E-06 -1.5316E-05
  1.4248E-03  9.2449E-05 -1.0139E-05 -1.5558E-05
  1.4360E-03  9.3832E-05 -1.0299E-05 -1.5804E-05
  1.4473E-03  9.5233E-05 -1.0461E-05 -1.6053E-05
  1.4586E-03  9.6653E-05 -1.0626E-05 -1.6305E-05
  1.4700E-03  9.8093E-05 -1.0793E-05 -1.6561E-05
  1.4815E-03  9.9551E-05 -1.0962E-05 -1.6821E-05
  1.4930E-03  1.0103E-04 -1.1133E-05 -1.7084E-05
  1.5046E-03  1.0253E-04 -1.1307E-05 -1.7350E-05
  1.5163E-03  1.0404E-04 -1.1483E-05 -1.7621E-05
  1.5281E-03  1.0558E-04 -1.1662E-05 -1.7895E-05
  1.5399E-03  1.0714E-04 -1.1843E-05 -1.8173E-05
  1.5518E-03  1.0872E-04 -1.2027E-05 -1.8455E-05
  1.5638E-03  1.1032E-04 -1.2213E-05 -1.8741E-05
  1.5758E-03  1.1194E-04 -1.2402E-05 -1.9031E-05
  1.5879E-03  1.1358E-04 -1.2594E-05 -1.9325E-05
  1.6001E-03  1.1525E-04 -1.2788E-05 -1.9623E-05
  1.6124E-03  1.1693E-04 -1.2984E-05 -1.9925E-05
  1.6247E-03  1.1864E-04 -1.3184E-05 -2.0231E-05
  1.6372E-03  1.2038E-04 -1.3386E-05 -2.0541E-05
  1.6497E-03  1.2213E-04 -1.3591E-05 -2.0856E-05
  1.6622E-03  1.2391E-04 -1.3799E-05 -2.1175E-05
  1.6749E-03  1.2571E-04 -1.4010E-05 -2.1498E-05
  1.6876E-03  1.2753E-04 -1.4224E-05 -2.1826E-05
  1.7004E-03  1.2938E-04 -1.4440E-05 -2.2159E-05
  1.7133E-03  1.3126E-04 -1.4660E-05 -2.2496E-05
  1.7262E-03  1.3315E-04 -1.4883E-05 -2.2837E-05
  1.7393E-03  1.3508E-04 -1.5108E-05 -2.3184E-05
  1.7524E-03  1.3702E-04 -1.5337E-05 -2.3535E-05
  1.7656E-03  1.3900E-04 -1.5569E-05 -2.3890E-05
  1.7789E-03  1.4100E-04 -1.5804E-05 -2.4251E-05
  1.7922E-03  1.4302E-04 -1.6042E-05 -2.4617E-05
  1.8057E-03  1.4508E-04 -1.6284E-05 -2.4987E-05
  1.8192E-03  1.4716E-04 -1.6529E-05 -2.5363E-05
  1.8328E-03  1.4926E-04 -1.6777E-05 -2.5744E-05
  1.8465E-03  1.5140E-04 -1.7028E-05 -2.6130E-05
  1.8603E-03  1.5356E-04 -1.7283E-05 -2.6521E-05
  1.8741E-03  1.5575E-04 -1.7542E-05 -2.6918E-05
  1.8881E-03  1.5797E-04 -1.7804E-05 -2.7320E-05
  1.9021E-03  1.6022E-04 -1.8069E-05 -2.7727E-05
  1.9162E-03  1.6249E-04 -1.8338E-05 -2.8140E-05
  1.9304E-03  1.6480E-04 -1.8611E-05 -2.8559E-05
  1.9447E-03  1.6714E-04 -1.8888E-05 -2.8983E-05
  1.9591E-03  1.6951E-04 -1.9168E-05 -2.9413E-05
  1.9735E-03  1.7190E-04 -1.9452E-05 -2.9849E-05
  1.9881E-03  1.7433E-04 -1.9740E-05 -3.0291E-05
  2.0027E-03  1.7680E-04 -2.0032E-05 -3.0738E-05
  2.0174E-03  1.7929E-04 -2.0327E-05 -3.1192E-05
  2.0323E-03  1.8181E-04 -2.0627E-05 -3.1652E-05
  2.0472E-03  1.8437E-04 -2.0931E-05 -3.2118E-05
  2.0622E-03  1.8696E-04 -2.1239E-05 -3.2591E-05
  2.0773E-03  1.8959E-04 -2.1551E-05 -3.3069E-05
  2.0924E-03  1.9225E-04 -2.1867E-05 -3.3555E-05
  2.1077E-03  1.9494E-04 -2.2187E-05 -3.4046E-05
  2.1231E-03  1.9767E-04 -2.2512E-05 -3.4545E-05
  2.1386E-03  2.0043E-04 -2.2841E-05 -3.5050E-05
  2.1541E-03  2.0323E-04 -2.3175E-05 -3.5562E-05
  2.1698E-03  2.0607E-04 -2.3513E-05 -3.6080E-05
  2.1855E-03  2.0894E-04 -2.3855E-05 -3.6606E-05
  2.2014E-03  2.1185E-04 -2.4203E-05 -3.7139E-05
  2.2173E-03  2.1480E-04 -2.4554E-05 -3.7679E-05
  2.2334E-03  2.1778E-04 -2.4911E-05 -3.8226E-05
  2.2495E-03  2.2081E-04 -2.5272E-05 -3.8780E-05
  2.2657E-03  2.2387E-04 -2.5638E-05 -3.9342E-05
  2.2821E-03  2.2697E-04 -2.6009E-05 -3.9912E-05
  2.2985E-03  2.3011E-04 -2.6385E-05 -4.0489E-05
  2.3150E-03  2.3329E-04 -2.6767E-05 -4.1073E-05
  2.3317E-03  2.3652E-04 -2.7153E-05 -4.1666E-05
  2.3484E-03  2.3978E-04 -2.7544E-05 -4.2266E-05
  2.3653E-03  2.4309E-04 -2.7940E-05 -4.2874E-05
  2.3822E-03  2.4643E-04 -2.8342E-05 -4.3491E-05
  2.3992E-03  2.4982E-04 -2.8749E-05 -4.4116E-05
  2.4164E-03  2.5326E-04 -2.9162E-05 -4.4749E-05
  2.4337E-03  2.5674E-04 -2.9580E-05 -4.5390E-05
  2.4510E-03  2.6026E-04 -3.0003E-05 -4.6040E-05
  2.4685E-03  2.6383E-04 -3.0433E-05 -4.6699E-05
  2.4861E-03  2.6744E-04 -3.0868E-05 -4.7366E-05
  2.5038E-03  2.7110E-04 -3.1308E-05 -4.8042E-05
  2.5215E-03  2.7481E-04 -3.1755E-05 -4.8728E-05
  2.5394E-03  2.7857E-04 -3.2207E-05 -4.9422E-05
  2.5575E-03  2.8237E-04 -3.2666E-05 -5.0125E-05
  2.5756E-03  2.8622E-04 -3.3130E-05 -5.0838E-05
  2.5938E-03  2.9012E-04 -3.3601E-05 -5.1560E-05
  2.6121E-03  2.9407E-04 -3.4078E-05 -5.2292E-05
  2.6306E-03  2.9807E-04 -3.4561E-05 -5.3034E-05
  2.6492E-03  3.0212E-04 -3.5051E-05 -5.3785E-05
  2.6679E-03  3.0622E-04 -3.5547E-05 -5.4546E-05
  2.6866E-03  3.1037E-04 -3.6049E-05 -5.5317E-05
  2.7056E-03  3.1458E-04 -3.6558E-05 -5.6099E-05
  2.7246E-03  3.1884E-04 -3.7074E-05 -5.6891E-05
  2.7437E-03  3.2316E-04 -3.7597E-05 -5.7693E-05
  2.7630E-03  3.2753E-04 -3.8127E-05 -5.8506E-05
  2.7824E-03  3.3195E-04 -3.8663E-05 -5.9329E-05
  2.8019E-03  3.3643E-04 -3.9207E-05 -6.0163E-05
  2.8215E-03  3.4097E-04 -3.9758E-05 -6.1009E-05
  2.8412E-03  3.4557E-04 -4.0316E-05 -6.1865E-05
  2.8611E-03  3.5022E-04 -4.0881E-05 -6.2733E-05
  2.8810E-03  3.5493E-04 -4.1454E-05 -6.3612E-05
  2.9011E-03  3.5970E-04 -4.2035E-05 -6.4502E-05
  2.9214E-03  3.6454E-04 -4.2623E-05 -6.5405E-05
  2.9417E-03  3.6943E-04 -4.3218E-05 -6.6319E-05
  2.9622E-03  3.7439E-04 -4.3822E-05 -6.7245E-05
  2.9828E-03  3.7940E-04 -4.4433E-05 -6.8183E-05
  3.0035E-03  3.8449E-04 -4.5053E-05 -6.9134E-05
  3.0243E-03  3.8963E-04 -4.5680E-05 -7.0097E-05
  3.0453E-03  3.9484E-04 -4.6316E-05 -7.1072E-05
  3.0664E-03  4.0012E-04 -4.6960E-05 -7.2061E-05
  3.0876E-03  4.0546E-04 -4.7613E-05 -7.3062E-05
  3.1090E-03  4.1087E-04 -4.8274E-05 -7.4076E-05
  3.1305E-03  4.1635E-04 -4.8944E-05 -7.5104E-05
  3.1521E-03  4.2189E-04 -4.9622E-05 -7.6145E-05
  3.1739E-03  4.2751E-04 -5.0310E-05 -7.7200E-05
  3.1958E-03  4.3320E-04 -5.1006E-05 -7.8268E-05
  3.2178E-03  4.3896E-04 -5.1711E-05 -7.9351E-05
  3.2399E-03  4.4479E-04 -5.2426E-05 -8.0447E-05
  3.2622E-03  4.5069E-04 -5.3150E-05 -8.1558E-05
  3.2847E-03  4.5667E-04 -5.3883E-05 -8.2683E-05
  3.3072E-03  4.6272E-04 -5.4626E-05 -8.3823E-05
  3.3299E-03  4.6885E-04 -5.5379E-05 -8.4978E-05
  3.3528E-03  4.7506E-04 -5.6141E-05 -8.6148E-05
  3.3758E-03  4.8134E-04 -5.6913E-05 -8.7333E-05
  3.3989E-03  4.8771E-04 -5.7696E-05 -8.8534E-05
  3.4221E-03  4.9415E-04 -5.8488E-05 -8.9750E-05
  3.4455E-03  5.0067E-04 -5.9291E-05 -9.0982E-05
  3.4691E-03  5.0728E-04 -6.0104E-05 -9.2230E-05
  3.4928E-03  5.1396E-04 -6.0928E-05 -9.3494E-05
  3.5166E-03  5.2073E-04 -6.1762E-05 -9.4774E-05
  3.5406E-03  5.2759E-04 -6.2608E-05 -9.6071E-05
  3.5647E-03  5.3453E-04 -6.3464E-05 -9.7385E-05
  3.5890E-03  5.4156E-04 -6.4331E-05 -9.8716E-05
  3.6134E-03  5.4867E-04 -6.5210E-05 -1.0006E-04
  3.6380E-03  5.5588E-04 -6.6100E-05 -1.0143E-04
  3.6628E-03  5.6317E-04 -6.7002E-05 -1.0281E-04
  3.6876E-03  5.7055E-04 -6.7915E-05 -1.0422E-04
  3.7127E-03  5.7803E-04 -6.8840E-05 -1.0563E-04
  3.7378E-03  5.8560E-04 -6.9777E-05 -1.0707E-04
  3.7632E-03  5.9326E-04 -7.0726E-05 -1.0853E-04
  3.7887E-03  6.0102E-04 -7.1687E-05 -1.1000E-04
  3.8143E-03  6.0888E-04 -7.2661E-05 -1.1150E-04
  3.8401E-03  6.1683E-04 -7.3648E-05 -1.1301E-04
  3.8661E-03  6.2488E-04 -7.4647E-05 -1.1455E-04
  3.8922E-03  6.3304E-04 -7.5659E-05 -1.1610E-04
  3.9185E-03  6.4129E-04 -7.6684E-05 -1.1767E-04
  3.9449E-03  6.4965E-04 -7.7722E-05 -1.1926E-04
  3.9715E-03  6.5811E-04 -7.8774E-05 -1.2088E-04
  3.9983E-03  6.6667E-04 -7.9839E-05 -1.2251E-04
  4.0252E-03  6.7534E-04 -8.0919E-05 -1.2417E-04
  4.0523E-03  6.8412E-04 -8.2011E-05 -1.2585E-04
  4.0796E-03  6.9300E-04 -8.3119E-05 -1.2755E-04
  4.1070E-03  7.0200E-04 -8.4240E-05 -1.2927E-04
  4.1346E-03  7.1111E-04 -8.5376E-05 -1.3101E-04
  4.1624E-03  7.2033E-04 -8.6526E-05 -1.3277E-04
  4.1903E-03  7.2967E-04 -8.7691E-05 -1.3456E-04
  4.2184E-03  7.3912E-04 -8.8871E-05 -1.3637E-04
  4.2467E-03  7.4868E-04 -9.0066E-05 -1.3821E-04
  4.2751E-03  7.5837E-04 -9.1277E-05 -1.4006E-04
  4.3037E-03  7.6817E-04 -9.2503E-05 -1.4195E-04
  4.3325E-03  7.7810E-04 -9.3745E-05 -1.4385E-04
  4.3615E-03  7.8815E-04 -9.5003E-05 -1.4578E-04
  4.3907E-03  7.9832E-04 -9.6277E-05 -1.4774E-04
  4.4200E-03  8.0861E-04 -9.7568E-05 -1.4972E-04
  4.4495E-03  8.1904E-04 -9.8875E-05 -1.5172E-04
  4.4792E-03  8.2959E-04 -1.0020E-04 -1.5375E-04
  4.5090E-03  8.4027E-04 -1.0154E-04 -1.5581E-04
  4.5391E-03  8.5109E-04 -1.0290E-04 -1.5790E-04
  4.5693E-03  8.6203E-04 -1.0427E-04 -1.6001E-04
  4.5998E-03  8.7312E-04 -1.0567E-04 -1.6214E-04
  4.6304E-03  8.8433E-04 -1.0708E-04 -1.6431E-04
  4.6612E-03  8.9569E-04 -1.0851E-04 -1.6650E-04
  4.6921E-03  9.0719E-04 -1.0995E-04 -1.6872E-04
  4.7233E-03  9.1882E-04 -1.1142E-04 -1.7097E-04
  4.7547E-03  9.3060E-04 -1.1290E-04 -1.7325E-04
  4.7862E-03  9.4252E-04 -1.1441E-04 -1.7556E-04
  4.8180E-03  9.5459E-04 -1.1593E-04 -1.7789E-04
  4.8499E-03  9.6681E-04 -1.1747E-04 -1.8026E-04
  4.8820E-03  9.7918E-04 -1.1903E-04 -1.8265E-04
  4.9144E-03  9.9170E-04 -1.2061E-04 -1.8508E-04
  4.9469E-03  1.0044E-03 -1.2222E-04 -1.8754E-04
  4.9796E-03  1.0172E-03 -1.2384E-04 -1.9003E-04
  5.0126E-03  1.0302E-03 -1.2548E-04 -1.9255E-04
  5.0457E-03  1.0433E-03 -1.2715E-04 -1.9510E-04
  5.0790E-03  1.0566E-03 -1.2883E-04 -1.9769E-04
  5.1126E-03  1.0701E-03 -1.3054E-04 -2.0031E-04
  5.1463E-03  1.0837E-03 -1.3227E-04 -2.0296E-04
  5.1802E-03  1.0975E-03 -1.3402E-04 -2.0565E-04
  5.2144E-03  1.1115E-03 -1.3579E-04 -2.0837E-04
  5.2488E-03  1.1256E-03 -1.3759E-04 -2.1113E-04
  5.2833E-03  1.1399E-03 -1.3940E-04 -2.1392E-04
  5.3181E-03  1.1544E-03 -1.4125E-04 -2.1674E-04
  5.3531E-03  1.1691E-03 -1.4311E-04 -2.1960E-04
  5.3883E-03  1.1839E-03 -1.4500E-04 -2.2250E-04
  5.4238E-03  1.1989E-03 -1.4691E-04 -2.2544E-04
  5.4594E-03  1.2141E-03 -1.4885E-04 -2.2841E-04
  5.4953E-03  1.2295E-03 -1.5081E-04 -2.3142E-04
  5.5314E-03  1.2451E-03 -1.5280E-04 -2.3447E-04
  5.5677E-03  1.2609E-03 -1.5481E-04 -2.3756E-04
  5.6042E-03  1.2768E-03 -1.5685E-04 -2.4068E-04
  5.6409E-03  1.2930E-03 -1.5891E-04 -2.4385E-04
  5.6779E-03  1.3093E-03 -1.6100E-04 -2.4706E-04
  5.7151E-03  1.3259E-03 -1.6312E-04 -2.5030E-04
  5.7525E-03  1.3426E-03 -1.6526E-04 -2.5359E-04
  5.7902E-03  1.3595E-03 -1.6743E-04 -2.5692E-04
  5.8281E-03  1.3767E-03 -1.6963E-04 -2.6030E-04
  5.8662E-03  1.3941E-03 -1.7186E-04 -2.6371E-04
  5.9045E-03  1.4116E-03 -1.7411E-04 -2.6717E-04
  5.9431E-03  1.4294E-03 -1.7639E-04 -2.7067E-04
  5.9819E-03  1.4474E-03 -1.7870E-04 -2.7422E-04
  6.0210E-03  1.4656E-03 -1.8105E-04 -2.7781E-04
  6.0603E-03  1.4841E-03 -1.8342E-04 -2.8145E-04
  6.0998E-03  1.5027E-03 -1.8582E-04 -2.8514E-04
  6.1396E-03  1.5216E-03 -1.8825E-04 -2.8887E-04
  6.1796E-03  1.5407E-03 -1.9071E-04 -2.9264E-04
  6.2199E-03  1.5601E-03 -1.9320E-04 -2.9647E-04
  6.2604E-03  1.5796E-03 -1.9573E-04 -3.0034E-04
  6.3011E-03  1.5995E-03 -1.9829E-04 -3.0427E-04
  6.3422E-03  1.6195E-03 -2.0087E-04 -3.0824E-04
  6.3834E-03  1.6398E-03 -2.0350E-04 -3.1226E-04
  6.4249E-03  1.6604E-03 -2.0615E-04 -3.1634E-04
  6.4667E-03  1.6811E-03 -2.0884E-04 -3.2046E-04
  6.5087E-03  1.7022E-03 -2.1156E-04 -3.2464E-04
  6.5510E-03  1.7235E-03 -2.1432E-04 -3.2887E-04
  6.5935E-03  1.7450E-03 -2.1711E-04 -3.3316E-04
  6.6363E-03  1.7668E-03 -2.1994E-04 -3.3749E-04
  6.6794E-03  1.7889E-03 -2.2280E-04 -3.4189E-04
  6.7227E-03  1.8112E-03 -2.2570E-04 -3.4634E-04
  6.7663E-03  1.8338E-03 -2.2864E-04 -3.5084E-04
  6.8101E-03  1.8567E-03 -2.3161E-04 -3.5540E-04
  6.8543E-03  1.8798E-03 -2.3462E-04 -3.6002E-04
  6.8986E-03  1.9033E-03 -2.3767E-04 -3.6470E-04
  6.9433E-03  1.9270E-03 -2.4076E-04 -3.6944E-04
  6.9882E-03  1.9510E-03 -2.4388E-04 -3.7423E-04
  7.0334E-03  1.9753E-03 -2.4705E-04 -3.7909E-04
  7.0789E-03  1.9998E-03 -2.5025E-04 -3.8401E-04
  7.1247E-03  2.0247E-03 -2.5350E-04 -3.8899E-04
  7.1707E-03  2.0498E-03 -2.5679E-04 -3.9403E-04
  7.2171E-03  2.0753E-03 -2.6011E-04 -3.9914E-04
  7.2637E-03  2.1011E-03 -2.6348E-04 -4.0431E-04
  7.3106E-03  2.1272E-03 -2.6690E-04 -4.0955E-04
  7.3577E-03  2.1535E-03 -2.7035E-04 -4.1485E-04
  7.4052E-03  2.1802E-03 -2.7385E-04 -4.2022E-04
  7.4530E-03  2.2073E-03 -2.7740E-04 -4.2566E-04
  7.5010E-03  2.2346E-03 -2.8098E-04 -4.3117E-04
  7.5494E-03  2.2623E-03 -2.8462E-04 -4.3674E-04
  7.5980E-03  2.2903E-03 -2.8830E-04 -4.4239E-04
  7.6469E-03  2.3186E-03 -2.9202E-04 -4.4810E-04
  7.6962E-03  2.3473E-03 -2.9579E-04 -4.5389E-04
  7.7457E-03  2.3763E-03 -2.9961E-04 -4.5975E-04
  7.7956E-03  2.4057E-03 -3.0348E-04 -4.6569E-04
  7.8457E-03  2.4354E-03 -3.0740E-04 -4.7170E-04
  7.8961E-03  2.4654E-03 -3.1136E-04 -4.7778E-04
  7.9469E-03  2.4958E-03 -3.1538E-04 -4.8394E-04
  7.9980E-03  2.5266E-03 -3.1944E-04 -4.9018E-04
  8.0494E-03  2.5578E-03 -3.2356E-04 -4.9650E-04
  8.1011E-03  2.5893E-03 -3.2773E-04 -5.0290E-04
  8.1531E-03  2.6212E-03 -3.3195E-04 -5.0937E-04
  8.2054E-03  2.6534E-03 -3.3623E-04 -5.1593E-04
  8.2580E-03  2.6861E-03 -3.4055E-04 -5.2257E-04
  8.3110E-03  2.7191E-03 -3.4494E-04 -5.2930E-04
  8.3643E-03  2.7526E-03 -3.4937E-04 -5.3611E-04
  8.4179E-03  2.7864E-03 -3.5387E-04 -5.4300E-04
  8.4719E-03  2.8206E-03 -3.5842E-04 -5.4999E-04
  8.5262E-03  2.8552E-03 -3.6302E-04 -5.5705E-04
  8.5808E-03  2.8903E-03 -3.6769E-04 -5.6421E-04
  8.6357E-03  2.9257E-03 -3.7241E-04 -5.7146E-04
  8.6910E-03  2.9616E-03 -3.7720E-04 -5.7880E-04
  8.7466E-03  2.9979E-03 -3.8204E-04 -5.8623E-04
  8.8026E-03  3.0346E-03 -3.8694E-04 -5.9375E-04
  8.8589E-03  3.0718E-03 -3.9191E-04 -6.0137E-04
  8.9155E-03  3.1094E-03 -3.9693E-04 -6.0909E-04
  8.9725E-03  3.1474E-03 -4.0202E-04 -6.1690E-04
  9.0299E-03  3.1859E-03 -4.0718E-04 -6.2481E-04
  9.0876E-03  3.2249E-03 -4.1240E-04 -6.3281E-04
  9.1456E-03  3.2643E-03 -4.1768E-04 -6.4092E-04
  9.2040E-03  3.3041E-03 -4.2303E-04 -6.4913E-04
  9.2628E-03  3.3445E-03 -4.2845E-04 -6.5745E-04
  9.3219E-03  3.3853E-03 -4.3393E-04 -6.6586E-04
  9.3813E-03  3.4266E-03 -4.3949E-04 -6.7439E-04
  9.4412E-03  3.4683E-03 -4.4511E-04 -6.8302E-04
  9.5014E-03  3.5106E-03 -4.5081E-04 -6.9175E-04
  9.5620E-03  3.5534E-03 -4.5657E-04 -7.0060E-04
  9.6229E-03  3.5966E-03 -4.6241E-04 -7.0956E-04
  9.6842E-03  3.6404E-03 -4.6832E-04 -7.1863E-04
  9.7459E-03  3.6847E-03 -4.7430E-04 -7.2781E-04
  9.8080E-03  3.7295E-03 -4.8036E-04 -7.3711E-04
  9.8704E-03  3.7748E-03 -4.8650E-04 -7.4652E-04
  9.9333E-03  3.8206E-03 -4.9271E-04 -7.5606E-04
  9.9965E-03  3.8670E-03 -4.9900E-04 -7.6571E-04
  1.0060E-02  3.9140E-03 -5.0537E-04 -7.7548E-04
  1.0124E-02  3.9614E-03 -5.1182E-04 -7.8537E-04
  1.0188E-02  4.0095E-03 -5.1835E-04 -7.9539E-04
  1.0253E-02  4.0581E-03 -5.2496E-04 -8.0554E-04
  1.0318E-02  4.1072E-03 -5.3165E-04 -8.1581E-04
  1.0384E-02  4.1570E-03 -5.3843E-04 -8.2621E-04
  1.0450E-02  4.2073E-03 -5.4529E-04 -8.3674E-04
  1.0516E-02  4.2582E-03 -5.5224E-04 -8.4740E-04
  1.0583E-02  4.3097E-03 -5.5927E-04 -8.5819E-04
  1.0650E-02  4.3618E-03 -5.6640E-04 -8.6912E-04
  1.0718E-02  4.4145E-03 -5.7361E-04 -8.8018E-04
  1.0786E-02  4.4678E-03 -5.8091E-04 -8.9139E-04
  1.0854E-02  4.5217E-03 -5.8830E-04 -9.0273E-04
  1.0923E-02  4.5763E-03 -5.9579E-04 -9.1422E-04
  1.0992E-02  4.6315E-03 -6.0336E-04 -9.2585E-04
  1.1062E-02  4.6873E-03 -6.1104E-04 -9.3762E-04
  1.1132E-02  4.7438E-03 -6.1881E-04 -9.4954E-04
  1.1203E-02  4.8009E-03 -6.2667E-04 -9.6161E-04
  1.1274E-02  4.8587E-03 -6.3464E-04 -9.7383E-04
  1.1345E-02  4.9172E-03 -6.4270E-04 -9.8620E-04
  1.1417E-02  4.9763E-03 -6.5086E-04 -9.9873E-04
  1.1489E-02  5.0361E-03 -6.5913E-04 -1.0114E-03
  1.1562E-02  5.0967E-03 -6.6750E-04 -1.0243E-03
  1.1635E-02  5.1579E-03 -6.7597E-04 -1.0373E-03
  1.1709E-02  5.2198E-03 -6.8455E-04 -1.0504E-03
  1.1783E-02  5.2824E-03 -6.9324E-04 -1.0638E-03
  1.1857E-02  5.3458E-03 -7.0203E-04 -1.0772E-03
  1.1932E-02  5.4099E-03 -7.1094E-04 -1.0909E-03
  1.2008E-02  5.4747E-03 -7.1995E-04 -1.1047E-03
  1.2084E-02  5.5403E-03 -7.2908E-04 -1.1187E-03
  1.2160E-02  5.6066E-03 -7.3832E-04 -1.1329E-03
  1.2237E-02  5.6737E-03 -7.4768E-04 -1.1473E-03
  1.2314E-02  5.7416E-03 -7.5715E-04 -1.1618E-03
  1.2392E-02  5.8102E-03 -7.6674E-04 -1.1765E-03
  1.2470E-02  5.8796E-03 -7.7645E-04 -1.1914E-03
  1.2549E-02  5.9499E-03 -7.8629E-04 -1.2065E-03
  1.2628E-02  6.0209E-03 -7.9624E-04 -1.2218E-03
  1.2708E-02  6.0928E-03 -8.0632E-04 -1.2373E-03
  1.2788E-02  6.1654E-03 -8.1652E-04 -1.2529E-03
  1.2869E-02  6.2389E-03 -8.2685E-04 -1.2688E-03
  1.2950E-02  6.3133E-03 -8.3731E-04 -1.2848E-03
  1.3031E-02  6.3885E-03 -8.4790E-04 -1.3011E-03
  1.3114E-02  6.4645E-03 -8.5863E-04 -1.3175E-03
  1.3196E-02  6.5414E-03 -8.6948E-04 -1.3342E-03
  1.3279E-02  6.6192E-03 -8.8047E-04 -1.3510E-03
  1.3363E-02  6.6979E-03 -8.9160E-04 -1.3681E-03
  1.3447E-02  6.7775E-03 -9.0286E-04 -1.3854E-03
  1.3532E-02  6.8580E-03 -9.1427E-04 -1.4029E-03
  1.3617E-02  6.9394E-03 -9.2582E-04 -1.4206E-03
  1.3703E-02  7.0217E-03 -9.3751E-04 -1.4386E-03
  1.3789E-02  7.1050E-03 -9.4935E-04 -1.4567E-03
  1.3876E-02  7.1892E-03 -9.6133E-04 -1.4751E-03
  1.3963E-02  7.2744E-03 -9.7346E-04 -1.4937E-03
  1.4051E-02  7.3605E-03 -9.8575E-04 -1.5126E-03
  1.4140E-02  7.4476E-03 -9.9818E-04 -1.5317E-03
  1.4229E-02  7.5357E-03 -1.0108E-03 -1.5510E-03
  1.4318E-02  7.6248E-03 -1.0235E-03 -1.5705E-03
  1.4408E-02  7.7149E-03 -1.0364E-03 -1.5904E-03
  1.4499E-02  7.8061E-03 -1.0495E-03 -1.6104E-03
  1.4590E-02  7.8982E-03 -1.0627E-03 -1.6307E-03
  1.4681E-02  7.9914E-03 -1.0761E-03 -1.6513E-03
  1.4774E-02  8.0857E-03 -1.0897E-03 -1.6721E-03
  1.4866E-02  8.1810E-03 -1.1034E-03 -1.6931E-03
  1.4960E-02  8.2774E-03 -1.1173E-03 -1.7144E-03
  1.5054E-02  8.3749E-03 -1.1314E-03 -1.7360E-03
  1.5148E-02  8.4734E-03 -1.1456E-03 -1.7579E-03
  1.5243E-02  8.5731E-03 -1.1600E-03 -1.7800E-03
  1.5339E-02  8.6739E-03 -1.1747E-03 -1.8024E-03
  1.5435E-02  8.7758E-03 -1.1894E-03 -1.8251E-03
  1.5532E-02  8.8789E-03 -1.2044E-03 -1.8481E-03
  1.5630E-02  8.9832E-03 -1.2196E-03 -1.8713E-03
  1.5728E-02  9.0886E-03 -1.2349E-03 -1.8949E-03
  1.5826E-02  9.1952E-03 -1.2504E-03 -1.9187E-03
  1.5926E-02  9.3029E-03 -1.2662E-03 -1.9428E-03
  1.6025E-02  9.4119E-03 -1.2821E-03 -1.9673E-03
  1.6126E-02  9.5221E-03 -1.2982E-03 -1.9920E-03
  1.6227E-02  9.6336E-03 -1.3145E-03 -2.0170E-03
  1.6329E-02  9.7462E-03 -1.3310E-03 -2.0424E-03
  1.6431E-02  9.8602E-03 -1.3478E-03 -2.0680E-03
  1.6534E-02  9.9754E-03 -1.3647E-03 -2.0940E-03
  1.6637E-02  1.0092E-02 -1.3818E-03 -2.1203E-03
  1.6742E-02  1.0210E-02 -1.3992E-03 -2.1470E-03
  1.6846E-02  1.0329E-02 -1.4168E-03 -2.1739E-03
  1.6952E-02  1.0449E-02 -1.4345E-03 -2.2012E-03
  1.7058E-02  1.0571E-02 -1.4526E-03 -2.2288E-03
  1.7165E-02  1.0694E-02 -1.4708E-03 -2.2568E-03
  1.7272E-02  1.0819E-02 -1.4892E-03 -2.2851E-03
  1.7380E-02  1.0944E-02 -1.5079E-03 -2.3138E-03
  1.7489E-02  1.1072E-02 -1.5269E-03 -2.3428E-03
  1.7599E-02  1.1200E-02 -1.5460E-03 -2.3722E-03
  1.7709E-02  1.1330E-02 -1.5654E-03 -2.4020E-03
  1.7819E-02  1.1462E-02 -1.5850E-03 -2.4321E-03
  1.7931E-02  1.1595E-02 -1.6049E-03 -2.4626E-03
  1.8043E-02  1.1729E-02 -1.6250E-03 -2.4935E-03
  1.8156E-02  1.1865E-02 -1.6454E-03 -2.5247E-03
  1.8269E-02  1.2003E-02 -1.6660E-03 -2.5564E-03
  1.8383E-02  1.2142E-02 -1.6869E-03 -2.5884E-03
  1.8498E-02  1.2282E-02 -1.7080E-03 -2.6208E-03
  1.8614E-02  1.2424E-02 -1.7294E-03 -2.6537E-03
  1.8730E-02  1.2568E-02 -1.7511E-03 -2.6869E-03
  1.8847E-02  1.2713E-02 -1.7730E-03 -2.7206E-03
  1.8965E-02  1.2859E-02 -1.7952E-03 -2.7546E-03
  1.9083E-02  1.3008E-02 -1.8177E-03 -2.7891E-03
  1.9202E-02  1.3158E-02 -1.8405E-03 -2.8240E-03
  1.9322E-02  1.3309E-02 -1.8635E-03 -2.8594E-03
  1.9443E-02  1.3462E-02 -1.8868E-03 -2.8952E-03
  1.9564E-02  1.3617E-02 -1.9104E-03 -2.9314E-03
  1.9686E-02  1.3774E-02 -1.9343E-03 -2.9681E-03
  1.9809E-02  1.3932E-02 -1.9585E-03 -3.0052E-03
  1.9933E-02  1.4092E-02 -1.9830E-03 -3.0428E-03
  2.0057E-02  1.4254E-02 -2.0078E-03 -3.0808E-03
  2.0182E-02  1.4418E-02 -2.0330E-03 -3.1194E-03
  2.0308E-02  1.4583E-02 -2.0584E-03 -3.1584E-03
  2.0435E-02  1.4750E-02 -2.0841E-03 -3.1979E-03
  2.0562E-02  1.4919E-02 -2.1102E-03 -3.2378E-03
  2.0690E-02  1.5090E-02 -2.1365E-03 -3.2783E-03
  2.0819E-02  1.5262E-02 -2.1632E-03 -3.3193E-03
  2.0949E-02  1.5437E-02 -2.1903E-03 -3.3607E-03
  2.1080E-02  1.5613E-02 -2.2176E-03 -3.4027E-03
  2.1211E-02  1.5791E-02 -2.2453E-03 -3.4452E-03
  2.1343E-02  1.5971E-02 -2.2734E-03 -3.4883E-03
  2.1476E-02  1.6153E-02 -2.3018E-03 -3.5318E-03
  2.1610E-02  1.6337E-02 -2.3305E-03 -3.5759E-03
  2.1745E-02  1.6523E-02 -2.3596E-03 -3.6206E-03
  2.1880E-02  1.6711E-02 -2.3891E-03 -3.6658E-03
  2.2016E-02  1.6901E-02 -2.4189E-03 -3.7115E-03
  2.2153E-02  1.7093E-02 -2.4491E-03 -3.7579E-03
  2.2291E-02  1.7287E-02 -2.4797E-03 -3.8048E-03
  2.2430E-02  1.7484E-02 -2.5106E-03 -3.8522E-03
  2.2570E-02  1.7682E-02 -2.5419E-03 -3.9003E-03
  2.2710E-02  1.7882E-02 -2.5736E-03 -3.9490E-03
  2.2851E-02  1.8085E-02 -2.6058E-03 -3.9982E-03
  2.2994E-02  1.8289E-02 -2.6383E-03 -4.0481E-03
  2.3137E-02  1.8496E-02 -2.6712E-03 -4.0986E-03
  2.3281E-02  1.8705E-02 -2.7045E-03 -4.1497E-03
  2.3425E-02  1.8916E-02 -2.7382E-03 -4.2014E-03
  2.3571E-02  1.9130E-02 -2.7723E-03 -4.2538E-03
  2.3718E-02  1.9346E-02 -2.8069E-03 -4.3068E-03
  2.3865E-02  1.9564E-02 -2.8419E-03 -4.3605E-03
  2.4014E-02  1.9784E-02 -2.8773E-03 -4.4148E-03
  2.4163E-02  2.0007E-02 -2.9131E-03 -4.4698E-03
  2.4313E-02  2.0232E-02 -2.9494E-03 -4.5255E-03
  2.4464E-02  2.0459E-02 -2.9862E-03 -4.5819E-03
  2.4616E-02  2.0689E-02 -3.0234E-03 -4.6389E-03
  2.4769E-02  2.0921E-02 -3.0610E-03 -4.6967E-03
  2.4923E-02  2.1156E-02 -3.0992E-03 -4.7552E-03
  2.5078E-02  2.1393E-02 -3.1378E-03 -4.8144E-03
  2.5234E-02  2.1632E-02 -3.1768E-03 -4.8744E-03
  2.5391E-02  2.1874E-02 -3.2164E-03 -4.9350E-03
  2.5548E-02  2.2119E-02 -3.2564E-03 -4.9965E-03
  2.5707E-02  2.2366E-02 -3.2969E-03 -5.0586E-03
  2.5867E-02  2.2615E-02 -3.3380E-03 -5.1216E-03
  2.6027E-02  2.2868E-02 -3.3795E-03 -5.1853E-03
  2.6189E-02  2.3123E-02 -3.4216E-03 -5.2498E-03
  2.6352E-02  2.3380E-02 -3.4641E-03 -5.3151E-03
  2.6515E-02  2.3640E-02 -3.5072E-03 -5.3813E-03
  2.6680E-02  2.3903E-02 -3.5509E-03 -5.4482E-03
  2.6845E-02  2.4169E-02 -3.5950E-03 -5.5159E-03
  2.7012E-02  2.4437E-02 -3.6397E-03 -5.5845E-03
  2.7180E-02  2.4708E-02 -3.6850E-03 -5.6540E-03
  2.7348E-02  2.4982E-02 -3.7308E-03 -5.7243E-03
  2.7518E-02  2.5259E-02 -3.7772E-03 -5.7954E-03
  2.7689E-02  2.5539E-02 -3.8241E-03 -5.8675E-03
  2.7860E-02  2.5821E-02 -3.8717E-03 -5.9404E-03
  2.8033E-02  2.6106E-02 -3.9198E-03 -6.0142E-03
  2.8207E-02  2.6395E-02 -3.9685E-03 -6.0889E-03
  2.8382E-02  2.6686E-02 -4.0178E-03 -6.1646E-03
  2.8558E-02  2.6980E-02 -4.0677E-03 -6.2412E-03
  2.8735E-02  2.7277E-02 -4.1183E-03 -6.3187E-03
  2.8913E-02  2.7577E-02 -4.1694E-03 -6.3972E-03
  2.9093E-02  2.7881E-02 -4.2212E-03 -6.4766E-03
  2.9273E-02  2.8187E-02 -4.2736E-03 -6.5570E-03
  2.9454E-02  2.8496E-02 -4.3267E-03 -6.6384E-03
  2.9637E-02  2.8809E-02 -4.3804E-03 -6.7209E-03
  2.9821E-02  2.9124E-02 -4.4348E-03 -6.8043E-03
  3.0005E-02  2.9443E-02 -4.4899E-03 -6.8887E-03
  3.0191E-02  2.9765E-02 -4.5456E-03 -6.9742E-03
  3.0378E-02  3.0091E-02 -4.6020E-03 -7.0608E-03
  3.0567E-02  3.0419E-02 -4.6591E-03 -7.1484E-03
  3.0756E-02  3.0751E-02 -4.7169E-03 -7.2371E-03
  3.0946E-02  3.1086E-02 -4.7755E-03 -7.3269E-03
  3.1138E-02  3.1425E-02 -4.8347E-03 -7.4178E-03
  3.1331E-02  3.1767E-02 -4.8947E-03 -7.5098E-03
  3.1525E-02  3.2112E-02 -4.9554E-03 -7.6029E-03
  3.1720E-02  3.2461E-02 -5.0169E-03 -7.6972E-03
  3.1917E-02  3.2813E-02 -5.0791E-03 -7.7926E-03
  3.2114E-02  3.3169E-02 -5.1421E-03 -7.8893E-03
  3.2313E-02  3.3528E-02 -5.2058E-03 -7.9871E-03
  3.2513E-02  3.3891E-02 -5.2704E-03 -8.0861E-03
  3.2714E-02  3.4257E-02 -5.3357E-03 -8.1863E-03
  3.2917E-02  3.4627E-02 -5.4018E-03 -8.2878E-03
  3.3121E-02  3.5001E-02 -5.4688E-03 -8.3905E-03
  3.3326E-02  3.5378E-02 -5.5366E-03 -8.4944E-03
  3.3532E-02  3.5759E-02 -5.6052E-03 -8.5997E-03
  3.3739E-02  3.6144E-02 -5.6746E-03 -8.7062E-03
  3.3948E-02  3.6532E-02 -5.7449E-03 -8.8140E-03
  3.4158E-02  3.6924E-02 -5.8161E-03 -8.9232E-03
  3.4369E-02  3.7320E-02 -5.8882E-03 -9.0337E-03
  3.4582E-02  3.7720E-02 -5.9611E-03 -9.1456E-03
  3.4796E-02  3.8124E-02 -6.0349E-03 -9.2588E-03
  3.5011E-02  3.8532E-02 -6.1097E-03 -9.3735E-03
  3.5228E-02  3.8943E-02 -6.1853E-03 -9.4895E-03
  3.5446E-02  3.9359E-02 -6.2619E-03 -9.6070E-03
  3.5665E-02  3.9779E-02 -6.3394E-03 -9.7259E-03
  3.5885E-02  4.0202E-02 -6.4179E-03 -9.8463E-03
  3.6107E-02  4.0630E-02 -6.4973E-03 -9.9681E-03
  3.6330E-02  4.1062E-02 -6.5777E-03 -1.0091E-02
  3.6555E-02  4.1498E-02 -6.6591E-03 -1.0216E-02
  3.6781E-02  4.1938E-02 -6.7415E-03 -1.0343E-02
  3.7008E-02  4.2382E-02 -6.8249E-03 -1.0471E-02
  3.7237E-02  4.2830E-02 -6.9094E-03 -1.0600E-02
  3.7467E-02  4.3283E-02 -6.9949E-03 -1.0731E-02
  3.7699E-02  4.3740E-02 -7.0814E-03 -1.0864E-02
  3.7932E-02  4.4201E-02 -7.1690E-03 -1.0998E-02
  3.8166E-02  4.4667E-02 -7.2576E-03 -1.1134E-02
  3.8402E-02  4.5137E-02 -7.3474E-03 -1.1272E-02
  3.8639E-02  4.5611E-02 -7.4382E-03 -1.1411E-02
  3.8878E-02  4.6090E-02 -7.5302E-03 -1.1552E-02
  3.9118E-02  4.6574E-02 -7.6233E-03 -1.1695E-02
  3.9360E-02  4.7062E-02 -7.7175E-03 -1.1840E-02
  3.9603E-02  4.7554E-02 -7.8129E-03 -1.1986E-02
  3.9847E-02  4.8051E-02 -7.9094E-03 -1.2134E-02
  4.0094E-02  4.8553E-02 -8.0072E-03 -1.2284E-02
  4.0341E-02  4.9059E-02 -8.1061E-03 -1.2436E-02
  4.0590E-02  4.9570E-02 -8.2063E-03 -1.2589E-02
  4.0841E-02  5.0085E-02 -8.3077E-03 -1.2745E-02
  4.1093E-02  5.0605E-02 -8.4103E-03 -1.2902E-02
  4.1347E-02  5.1131E-02 -8.5142E-03 -1.3062E-02
  4.1602E-02  5.1660E-02 -8.6193E-03 -1.3223E-02
  4.1859E-02  5.2195E-02 -8.7258E-03 -1.3386E-02
  4.2117E-02  5.2735E-02 -8.8335E-03 -1.3551E-02
  4.2377E-02  5.3279E-02 -8.9426E-03 -1.3719E-02
  4.2639E-02  5.3828E-02 -9.0530E-03 -1.3888E-02
  4.2902E-02  5.4383E-02 -9.1647E-03 -1.4059E-02
  4.3167E-02  5.4942E-02 -9.2779E-03 -1.4233E-02
  4.3433E-02  5.5506E-02 -9.3924E-03 -1.4408E-02
  4.3701E-02  5.6076E-02 -9.5083E-03 -1.4586E-02
  4.3971E-02  5.6650E-02 -9.6256E-03 -1.4766E-02
  4.4242E-02  5.7230E-02 -9.7444E-03 -1.4948E-02
  4.4515E-02  5.7815E-02 -9.8646E-03 -1.5133E-02
  4.4790E-02  5.8405E-02 -9.9863E-03 -1.5319E-02
  4.5066E-02  5.9000E-02 -1.0109E-02 -1.5508E-02
  4.5344E-02  5.9600E-02 -1.0234E-02 -1.5699E-02
  4.5624E-02  6.0206E-02 -1.0360E-02 -1.5893E-02
  4.5905E-02  6.0817E-02 -1.0488E-02 -1.6089E-02
  4.6188E-02  6.1433E-02 -1.0617E-02 -1.6287E-02
  4.6473E-02  6.2055E-02 -1.0748E-02 -1.6488E-02
  4.6760E-02  6.2682E-02 -1.0881E-02 -1.6691E-02
  4.7048E-02  6.3314E-02 -1.1015E-02 -1.6897E-02
  4.7338E-02  6.3952E-02 -1.1151E-02 -1.7105E-02
  4.7630E-02  6.4596E-02 -1.1288E-02 -1.7316E-02
  4.7924E-02  6.5245E-02 -1.1427E-02 -1.7529E-02
  4.8219E-02  6.5899E-02 -1.1568E-02 -1.7745E-02
  4.8517E-02  6.6560E-02 -1.1711E-02 -1.7963E-02
  4.8816E-02  6.7225E-02 -1.1855E-02 -1.8185E-02
  4.9117E-02  6.7897E-02 -1.2001E-02 -1.8408E-02
  4.9420E-02  6.8574E-02 -1.2149E-02 -1.8635E-02
  4.9724E-02  6.9257E-02 -1.2298E-02 -1.8865E-02
  5.0031E-02  6.9945E-02 -1.2450E-02 -1.9097E-02
  5.0339E-02  7.0640E-02 -1.2603E-02 -1.9332E-02
  5.0649E-02  7.1340E-02 -1.2758E-02 -1.9570E-02
  5.0961E-02  7.2046E-02 -1.2915E-02 -1.9811E-02
  5.1276E-02  7.2758E-02 -1.3074E-02 -2.0054E-02
  5.1591E-02  7.3475E-02 -1.3235E-02 -2.0301E-02
  5.1909E-02  7.4199E-02 -1.3398E-02 -2.0551E-02
  5.2229E-02  7.4928E-02 -1.3563E-02 -2.0804E-02
  5.2551E-02  7.5664E-02 -1.3730E-02 -2.1059E-02
  5.2875E-02  7.6406E-02 -1.3899E-02 -2.1318E-02
  5.3201E-02  7.7153E-02 -1.4070E-02 -2.1581E-02
  5.3528E-02  7.7907E-02 -1.4243E-02 -2.1846E-02
  5.3858E-02  7.8666E-02 -1.4418E-02 -2.2114E-02
  5.4190E-02  7.9432E-02 -1.4595E-02 -2.2386E-02
  5.4524E-02  8.0204E-02 -1.4775E-02 -2.2661E-02
  5.4859E-02  8.0982E-02 -1.4956E-02 -2.2940E-02
  5.5197E-02  8.1766E-02 -1.5140E-02 -2.3222E-02
  5.5537E-02  8.2557E-02 -1.5326E-02 -2.3507E-02
  5.5879E-02  8.3353E-02 -1.5515E-02 -2.3796E-02
  5.6223E-02  8.4156E-02 -1.5706E-02 -2.4088E-02
  5.6570E-02  8.4965E-02 -1.5899E-02 -2.4384E-02
  5.6918E-02  8.5781E-02 -1.6094E-02 -2.4683E-02
  5.7268E-02  8.6603E-02 -1.6292E-02 -2.4987E-02
  5.7621E-02  8.7431E-02 -1.6492E-02 -2.5293E-02
  5.7976E-02  8.8265E-02 -1.6694E-02 -2.5604E-02
  5.8333E-02  8.9106E-02 -1.6899E-02 -2.5918E-02
  5.8692E-02  8.9953E-02 -1.7107E-02 -2.6236E-02
  5.9053E-02  9.0807E-02 -1.7317E-02 -2.6558E-02
  5.9417E-02  9.1667E-02 -1.7530E-02 -2.6884E-02
  5.9782E-02  9.2534E-02 -1.7745E-02 -2.7214E-02
  6.0150E-02  9.3407E-02 -1.7963E-02 -2.7548E-02
  6.0521E-02  9.4286E-02 -1.8183E-02 -2.7886E-02
  6.0893E-02  9.5172E-02 -1.8406E-02 -2.8228E-02
  6.1268E-02  9.6065E-02 -1.8632E-02 -2.8574E-02
  6.1645E-02  9.6964E-02 -1.8861E-02 -2.8924E-02
  6.2024E-02  9.7870E-02 -1.9092E-02 -2.9279E-02
  6.2406E-02  9.8782E-02 -1.9326E-02 -2.9638E-02
  6.2790E-02  9.9701E-02 -1.9563E-02 -3.0001E-02
  6.3176E-02  1.0063E-01 -1.9803E-02 -3.0369E-02
  6.3565E-02  1.0156E-01 -2.0046E-02 -3.0741E-02
  6.3956E-02  1.0250E-01 -2.0292E-02 -3.1117E-02
  6.4350E-02  1.0344E-01 -2.0540E-02 -3.1499E-02
  6.4746E-02  1.0439E-01 -2.0792E-02 -3.1884E-02
  6.5144E-02  1.0535E-01 -2.1047E-02 -3.2275E-02
  6.5545E-02  1.0632E-01 -2.1305E-02 -3.2670E-02
  6.5948E-02  1.0729E-01 -2.1566E-02 -3.3070E-02
  6.6354E-02  1.0827E-01 -2.1830E-02 -3.3475E-02
  6.6762E-02  1.0925E-01 -2.2098E-02 -3.3885E-02
  6.7172E-02  1.1025E-01 -2.2368E-02 -3.4300E-02
  6.7586E-02  1.1124E-01 -2.2642E-02 -3.4719E-02
  6.8001E-02  1.1225E-01 -2.2919E-02 -3.5144E-02
  6.8420E-02  1.1326E-01 -2.3200E-02 -3.5574E-02
  6.8840E-02  1.1428E-01 -2.3484E-02 -3.6009E-02
  6.9264E-02  1.1531E-01 -2.3771E-02 -3.6450E-02
  6.9690E-02  1.1634E-01 -2.4062E-02 -3.6895E-02
  7.0118E-02  1.1738E-01 -2.4357E-02 -3.7346E-02
  7.0549E-02  1.1842E-01 -2.4655E-02 -3.7803E-02
  7.0983E-02  1.1947E-01 -2.4956E-02 -3.8265E-02
  7.1420E-02  1.2053E-01 -2.5262E-02 -3.8733E-02
  7.1859E-02  1.2160E-01 -2.5571E-02 -3.9206E-02
  7.2301E-02  1.2267E-01 -2.5883E-02 -3.9685E-02
  7.2745E-02  1.2375E-01 -2.6200E-02 -4.0170E-02
  7.3192E-02  1.2483E-01 -2.6520E-02 -4.0660E-02
  7.3642E-02  1.2593E-01 -2.6844E-02 -4.1157E-02
  7.4095E-02  1.2702E-01 -2.7172E-02 -4.1659E-02
  7.4550E-02  1.2813E-01 -2.7504E-02 -4.2168E-02
  7.5009E-02  1.2924E-01 -2.7840E-02 -4.2683E-02
  7.5470E-02  1.3036E-01 -2.8180E-02 -4.3203E-02
  7.5934E-02  1.3148E-01 -2.8525E-02 -4.3731E-02
  7.6400E-02  1.3262E-01 -2.8873E-02 -4.4264E-02
  7.6870E-02  1.3375E-01 -2.9225E-02 -4.4804E-02
  7.7342E-02  1.3490E-01 -2.9582E-02 -4.5350E-02
  7.7818E-02  1.3605E-01 -2.9943E-02 -4.5903E-02
  7.8296E-02  1.3721E-01 -3.0309E-02 -4.6463E-02
  7.8777E-02  1.3837E-01 -3.0679E-02 -4.7029E-02
  7.9261E-02  1.3954E-01 -3.1053E-02 -4.7603E-02
  7.9748E-02  1.4072E-01 -3.1432E-02 -4.8183E-02
  8.0238E-02  1.4190E-01 -3.1815E-02 -4.8770E-02
  8.0731E-02  1.4309E-01 -3.2203E-02 -4.9364E-02
  8.1228E-02  1.4428E-01 -3.2596E-02 -4.9965E-02
  8.1727E-02  1.4548E-01 -3.2993E-02 -5.0573E-02
  8.2229E-02  1.4669E-01 -3.3395E-02 -5.1189E-02
  8.2734E-02  1.4790E-01 -3.3802E-02 -5.1812E-02
  8.3242E-02  1.4912E-01 -3.4214E-02 -5.2443E-02
  8.3754E-02  1.5035E-01 -3.4631E-02 -5.3081E-02
  8.4268E-02  1.5158E-01 -3.5052E-02 -5.3726E-02
  8.4786E-02  1.5282E-01 -3.5479E-02 -5.4380E-02
  8.5307E-02  1.5406E-01 -3.5911E-02 -5.5041E-02
  8.5831E-02  1.5531E-01 -3.6349E-02 -5.5710E-02
  8.6358E-02  1.5656E-01 -3.6791E-02 -5.6387E-02
  8.6889E-02  1.5783E-01 -3.7239E-02 -5.7073E-02
  8.7422E-02  1.5909E-01 -3.7692E-02 -5.7766E-02
  8.7959E-02  1.6036E-01 -3.8150E-02 -5.8468E-02
  8.8499E-02  1.6164E-01 -3.8614E-02 -5.9178E-02
  8.9043E-02  1.6292E-01 -3.9084E-02 -5.9897E-02
  8.9590E-02  1.6421E-01 -3.9559E-02 -6.0624E-02
  9.0140E-02  1.6550E-01 -4.0040E-02 -6.1360E-02
  9.0694E-02  1.6680E-01 -4.0526E-02 -6.2104E-02
  9.1251E-02  1.6811E-01 -4.1019E-02 -6.2858E-02
  9.1811E-02  1.6942E-01 -4.1517E-02 -6.3620E-02
  9.2375E-02  1.7073E-01 -4.2021E-02 -6.4392E-02
  9.2942E-02  1.7205E-01 -4.2531E-02 -6.5173E-02
  9.3513E-02  1.7337E-01 -4.3048E-02 -6.5963E-02
  9.4087E-02  1.7470E-01 -4.3570E-02 -6.6762E-02
  9.4665E-02  1.7603E-01 -4.4099E-02 -6.7571E-02
  9.5246E-02  1.7737E-01 -4.4634E-02 -6.8389E-02
  9.5831E-02  1.7871E-01 -4.5176E-02 -6.9218E-02
  9.6419E-02  1.8006E-01 -4.5723E-02 -7.0056E-02
  9.7011E-02  1.8141E-01 -4.6278E-02 -7.0904E-02
  9.7607E-02  1.8276E-01 -4.6839E-02 -7.1762E-02
  9.8206E-02  1.8412E-01 -4.7406E-02 -7.2630E-02
  9.8809E-02  1.8549E-01 -4.7981E-02 -7.3508E-02
  9.9415E-02  1.8685E-01 -4.8562E-02 -7.4397E-02
  1.0003E-01  1.8822E-01 -4.9150E-02 -7.5297E-02
  1.0064E-01  1.8960E-01 -4.9745E-02 -7.6207E-02
  1.0126E-01  1.9097E-01 -5.0347E-02 -7.7127E-02
  1.0188E-01  1.9235E-01 -5.0957E-02 -7.8059E-02
  1.0250E-01  1.9374E-01 -5.1573E-02 -7.9002E-02
  1.0313E-01  1.9512E-01 -5.2197E-02 -7.9956E-02
  1.0377E-01  1.9651E-01 -5.2828E-02 -8.0921E-02
  1.0440E-01  1.9791E-01 -5.3467E-02 -8.1897E-02
  1.0504E-01  1.9930E-01 -5.4113E-02 -8.2885E-02
  1.0569E-01  2.0070E-01 -5.4767E-02 -8.3885E-02
  1.0634E-01  2.0210E-01 -5.5429E-02 -8.4896E-02
  1.0699E-01  2.0350E-01 -5.6099E-02 -8.5919E-02
  1.0765E-01  2.0491E-01 -5.6776E-02 -8.6954E-02
  1.0831E-01  2.0631E-01 -5.7461E-02 -8.8002E-02
  1.0897E-01  2.0772E-01 -5.8155E-02 -8.9062E-02
  1.0964E-01  2.0913E-01 -5.8856E-02 -9.0134E-02
  1.1031E-01  2.1054E-01 -5.9566E-02 -9.1219E-02
  1.1099E-01  2.1196E-01 -6.0285E-02 -9.2316E-02
  1.1167E-01  2.1337E-01 -6.1011E-02 -9.3426E-02
  1.1236E-01  2.1478E-01 -6.1747E-02 -9.4550E-02
  1.1305E-01  2.1620E-01 -6.2491E-02 -9.5686E-02
  1.1374E-01  2.1761E-01 -6.3243E-02 -9.6836E-02
  1.1444E-01  2.1903E-01 -6.4005E-02 -9.7999E-02
  1.1514E-01  2.2045E-01 -6.4775E-02 -9.9176E-02
  1.1585E-01  2.2186E-01 -6.5555E-02 -1.0037E-01
  1.1656E-01  2.2328E-01 -6.6343E-02 -1.0157E-01
  1.1727E-01  2.2469E-01 -6.7141E-02 -1.0279E-01
  1.1799E-01  2.2611E-01 -6.7948E-02 -1.0402E-01
  1.1872E-01  2.2752E-01 -6.8765E-02 -1.0527E-01
  1.1944E-01  2.2893E-01 -6.9591E-02 -1.0653E-01
  1.2018E-01  2.3034E-01 -7.0427E-02 -1.0781E-01
  1.2091E-01  2.3175E-01 -7.1273E-02 -1.0910E-01
  1.2166E-01  2.3316E-01 -7.2128E-02 -1.1040E-01
  1.2240E-01  2.3456E-01 -7.2994E-02 -1.1172E-01
  1.2315E-01  2.3597E-01 -7.3870E-02 -1.1306E-01
  1.2391E-01  2.3737E-01 -7.4755E-02 -1.1441E-01
  1.2467E-01  2.3877E-01 -7.5651E-02 -1.1578E-01
  1.2543E-01  2.4016E-01 -7.6558E-02 -1.1716E-01
  1.2620E-01  2.4155E-01 -7.7475E-02 -1.1856E-01
  1.2698E-01  2.4294E-01 -7.8403E-02 -1.1998E-01
  1.2775E-01  2.4432E-01 -7.9341E-02 -1.2141E-01
  1.2854E-01  2.4570E-01 -8.0291E-02 -1.2286E-01
  1.2933E-01  2.4708E-01 -8.1251E-02 -1.2432E-01
  1.3012E-01  2.4845E-01 -8.2222E-02 -1.2580E-01
  1.3092E-01  2.4981E-01 -8.3205E-02 -1.2730E-01
  1.3172E-01  2.5117E-01 -8.4199E-02 -1.2882E-01
  1.3253E-01  2.5253E-01 -8.5205E-02 -1.3035E-01
  1.3334E-01  2.5388E-01 -8.6222E-02 -1.3190E-01
  1.3416E-01  2.5522E-01 -8.7251E-02 -1.3347E-01
  1.3498E-01  2.5655E-01 -8.8292E-02 -1.3505E-01
  1.3581E-01  2.5788E-01 -8.9344E-02 -1.3666E-01
  1.3664E-01  2.5920E-01 -9.0409E-02 -1.3828E-01
  1.3748E-01  2.6052E-01 -9.1486E-02 -1.3992E-01
  1.3832E-01  2.6182E-01 -9.2576E-02 -1.4158E-01
  1.3917E-01  2.6312E-01 -9.3678E-02 -1.4326E-01
  1.4002E-01  2.6441E-01 -9.4792E-02 -1.4496E-01
  1.4088E-01  2.6569E-01 -9.5920E-02 -1.4668E-01
  1.4175E-01  2.6696E-01 -9.7060E-02 -1.4841E-01
  1.4262E-01  2.6823E-01 -9.8213E-02 -1.5017E-01
  1.4349E-01  2.6948E-01 -9.9380E-02 -1.5194E-01
  1.4437E-01  2.7072E-01 -1.0056E-01 -1.5374E-01
  1.4526E-01  2.7195E-01 -1.0175E-01 -1.5556E-01
  1.4615E-01  2.7317E-01 -1.0296E-01 -1.5739E-01
  1.4704E-01  2.7438E-01 -1.0418E-01 -1.5925E-01
  1.4794E-01  2.7557E-01 -1.0541E-01 -1.6113E-01
  1.4885E-01  2.7676E-01 -1.0666E-01 -1.6303E-01
  1.4976E-01  2.7793E-01 -1.0793E-01 -1.6495E-01
  1.5068E-01  2.7909E-01 -1.0920E-01 -1.6689E-01
  1.5160E-01  2.8023E-01 -1.1049E-01 -1.6885E-01
  1.5253E-01  2.8136E-01 -1.1180E-01 -1.7084E-01
  1.5347E-01  2.8248E-01 -1.1312E-01 -1.7285E-01
  1.5441E-01  2.8358E-01 -1.1446E-01 -1.7488E-01
  1.5536E-01  2.8466E-01 -1.1581E-01 -1.7693E-01
  1.5631E-01  2.8573E-01 -1.1717E-01 -1.7901E-01
  1.5727E-01  2.8679E-01 -1.1855E-01 -1.8111E-01
  1.5823E-01  2.8782E-01 -1.1995E-01 -1.8323E-01
  1.5920E-01  2.8884E-01 -1.2136E-01 -1.8537E-01
  1.6018E-01  2.8985E-01 -1.2279E-01 -1.8754E-01
  1.6116E-01  2.9083E-01 -1.2424E-01 -1.8974E-01
  1.6215E-01  2.9180E-01 -1.2570E-01 -1.9195E-01
  1.6314E-01  2.9274E-01 -1.2717E-01 -1.9419E-01
  1.6414E-01  2.9367E-01 -1.2867E-01 -1.9646E-01
  1.6515E-01  2.9458E-01 -1.3017E-01 -1.9875E-01
  1.6616E-01  2.9547E-01 -1.3170E-01 -2.0107E-01
  1.6718E-01  2.9633E-01 -1.3324E-01 -2.0341E-01
  1.6820E-01  2.9718E-01 -1.3480E-01 -2.0577E-01
  1.6923E-01  2.9800E-01 -1.3638E-01 -2.0817E-01
  1.7027E-01  2.9880E-01 -1.3798E-01 -2.1059E-01
  1.7131E-01  2.9957E-01 -1.3959E-01 -2.1303E-01
  1.7236E-01  3.0033E-01 -1.4122E-01 -2.1550E-01
  1.7342E-01  3.0105E-01 -1.4287E-01 -2.1800E-01
  1.7448E-01  3.0176E-01 -1.4454E-01 -2.2052E-01
  1.7555E-01  3.0244E-01 -1.4622E-01 -2.2308E-01
  1.7663E-01  3.0309E-01 -1.4792E-01 -2.2566E-01
  1.7771E-01  3.0371E-01 -1.4965E-01 -2.2826E-01
  1.7880E-01  3.0431E-01 -1.5139E-01 -2.3090E-01
  1.7989E-01  3.0488E-01 -1.5315E-01 -2.3356E-01
  1.8099E-01  3.0542E-01 -1.5492E-01 -2.3625E-01
  1.8210E-01  3.0594E-01 -1.5672E-01 -2.3897E-01
  1.8322E-01  3.0642E-01 -1.5854E-01 -2.4172E-01
  1.8434E-01  3.0688E-01 -1.6038E-01 -2.4450E-01
  1.8547E-01  3.0730E-01 -1.6223E-01 -2.4731E-01
  1.8661E-01  3.0769E-01 -1.6411E-01 -2.5014E-01
  1.8775E-01  3.0805E-01 -1.6601E-01 -2.5301E-01
  1.8890E-01  3.0838E-01 -1.6793E-01 -2.5591E-01
  1.9006E-01  3.0867E-01 -1.6986E-01 -2.5883E-01
  1.9122E-01  3.0893E-01 -1.7182E-01 -2.6179E-01
  1.9240E-01  3.0916E-01 -1.7380E-01 -2.6478E-01
  1.9357E-01  3.0935E-01 -1.7580E-01 -2.6780E-01
  1.9476E-01  3.0950E-01 -1.7783E-01 -2.7085E-01
  1.9595E-01  3.0962E-01 -1.7987E-01 -2.7393E-01
  1.9715E-01  3.0970E-01 -1.8193E-01 -2.7705E-01
  1.9836E-01  3.0974E-01 -1.8402E-01 -2.8019E-01
  1.9958E-01  3.0975E-01 -1.8613E-01 -2.8337E-01
  2.0080E-01  3.0971E-01 -1.8826E-01 -2.8658E-01
  2.0203E-01  3.0964E-01 -1.9042E-01 -2.8983E-01
  2.0327E-01  3.0952E-01 -1.9259E-01 -2.9310E-01
  2.0451E-01  3.0936E-01 -1.9479E-01 -2.9641E-01
  2.0577E-01  3.0917E-01 -1.9701E-01 -2.9975E-01
  2.0703E-01  3.0892E-01 -1.9926E-01 -3.0313E-01
  2.0829E-01  3.0864E-01 -2.0153E-01 -3.0654E-01
  2.0957E-01  3.0831E-01 -2.0382E-01 -3.0999E-01
  2.1085E-01  3.0793E-01 -2.0613E-01 -3.1347E-01
  2.1215E-01  3.0751E-01 -2.0847E-01 -3.1698E-01
  2.1345E-01  3.0704E-01 -2.1084E-01 -3.2053E-01
  2.1475E-01  3.0653E-01 -2.1322E-01 -3.2411E-01
  2.1607E-01  3.0596E-01 -2.1564E-01 -3.2773E-01
  2.1739E-01  3.0535E-01 -2.1807E-01 -3.3139E-01
  2.1872E-01  3.0469E-01 -2.2053E-01 -3.3508E-01
  2.2006E-01  3.0398E-01 -2.2302E-01 -3.3880E-01
  2.2141E-01  3.0321E-01 -2.2553E-01 -3.4256E-01
  2.2277E-01  3.0240E-01 -2.2807E-01 -3.4636E-01
  2.2413E-01  3.0153E-01 -2.3063E-01 -3.5020E-01
  2.2550E-01  3.0061E-01 -2.3322E-01 -3.5407E-01
  2.2689E-01  2.9963E-01 -2.3583E-01 -3.5798E-01
  2.2827E-01  2.9860E-01 -2.3847E-01 -3.6192E-01
  2.2967E-01  2.9751E-01 -2.4114E-01 -3.6591E-01
  2.3108E-01  2.9637E-01 -2.4383E-01 -3.6993E-01
  2.3249E-01  2.9517E-01 -2.4655E-01 -3.7399E-01
  2.3392E-01  2.9391E-01 -2.4929E-01 -3.7808E-01
  2.3535E-01  2.9259E-01 -2.5207E-01 -3.8222E-01
  2.3679E-01  2.9121E-01 -2.5487E-01 -3.8639E-01
  2.3824E-01  2.8977E-01 -2.5769E-01 -3.9060E-01
  2.3970E-01  2.8827E-01 -2.6055E-01 -3.9485E-01
  2.4117E-01  2.8671E-01 -2.6343E-01 -3.9914E-01
  2.4265E-01  2.8508E-01 -2.6634E-01 -4.0346E-01
  2.4413E-01  2.8339E-01 -2.6927E-01 -4.0783E-01
  2.4563E-01  2.8164E-01 -2.7224E-01 -4.1224E-01
  2.4713E-01  2.7982E-01 -2.7523E-01 -4.1668E-01
  2.4865E-01  2.7793E-01 -2.7825E-01 -4.2116E-01
  2.5017E-01  2.7598E-01 -2.8130E-01 -4.2569E-01
  2.5170E-01  2.7396E-01 -2.8438E-01 -4.3025E-01
  2.5324E-01  2.7186E-01 -2.8749E-01 -4.3485E-01
  2.5479E-01  2.6970E-01 -2.9063E-01 -4.3949E-01
  2.5635E-01  2.6747E-01 -2.9379E-01 -4.4418E-01
  2.5792E-01  2.6517E-01 -2.9699E-01 -4.4890E-01
  2.5950E-01  2.6280E-01 -3.0021E-01 -4.5366E-01
  2.6109E-01  2.6035E-01 -3.0346E-01 -4.5846E-01
  2.6269E-01  2.5783E-01 -3.0674E-01 -4.6331E-01
  2.6430E-01  2.5523E-01 -3.1006E-01 -4.6819E-01
  2.6592E-01  2.5256E-01 -3.1340E-01 -4.7311E-01
  2.6754E-01  2.4982E-01 -3.1677E-01 -4.7808E-01
  2.6918E-01  2.4699E-01 -3.2017E-01 -4.8308E-01
  2.7083E-01  2.4409E-01 -3.2361E-01 -4.8812E-01
  2.7249E-01  2.4111E-01 -3.2707E-01 -4.9321E-01
  2.7416E-01  2.3805E-01 -3.3056E-01 -4.9833E-01
  2.7584E-01  2.3492E-01 -3.3408E-01 -5.0350E-01
  2.7752E-01  2.3170E-01 -3.3764E-01 -5.0870E-01
  2.7922E-01  2.2840E-01 -3.4122E-01 -5.1395E-01
  2.8093E-01  2.2502E-01 -3.4483E-01 -5.1923E-01
  2.8265E-01  2.2155E-01 -3.4848E-01 -5.2456E-01
  2.8438E-01  2.1800E-01 -3.5216E-01 -5.2992E-01
  2.8613E-01  2.1437E-01 -3.5586E-01 -5.3533E-01
  2.8788E-01  2.1065E-01 -3.5960E-01 -5.4077E-01
  2.8964E-01  2.0685E-01 -3.6337E-01 -5.4626E-01
  2.9141E-01  2.0296E-01 -3.6717E-01 -5.5178E-01
  2.9320E-01  1.9898E-01 -3.7100E-01 -5.5734E-01
  2.9499E-01  1.9491E-01 -3.7486E-01 -5.6294E-01
  2.9680E-01  1.9076E-01 -3.7875E-01 -5.6858E-01
  2.9862E-01  1.8652E-01 -3.8267E-01 -5.7426E-01
  3.0044E-01  1.8218E-01 -3.8663E-01 -5.7997E-01
  3.0228E-01  1.7776E-01 -3.9061E-01 -5.8573E-01
  3.0413E-01  1.7325E-01 -3.9463E-01 -5.9152E-01
  3.0600E-01  1.6864E-01 -3.9867E-01 -5.9735E-01
  3.0787E-01  1.6395E-01 -4.0275E-01 -6.0322E-01
  3.0975E-01  1.5916E-01 -4.0686E-01 -6.0912E-01
  3.1165E-01  1.5427E-01 -4.1099E-01 -6.1506E-01
  3.1356E-01  1.4930E-01 -4.1516E-01 -6.2103E-01
  3.1548E-01  1.4422E-01 -4.1936E-01 -6.2704E-01
  3.1741E-01  1.3906E-01 -4.2359E-01 -6.3309E-01
  3.1935E-01  1.3380E-01 -4.2785E-01 -6.3917E-01
  3.2131E-01  1.2844E-01 -4.3214E-01 -6.4528E-01
  3.2327E-01  1.2299E-01 -4.3646E-01 -6.5143E-01
  3.2525E-01  1.1744E-01 -4.4081E-01 -6.5761E-01
  3.2724E-01  1.1179E-01 -4.4519E-01 -6.6382E-01
  3.2925E-01  1.0605E-01 -4.4960E-01 -6.7007E-01
  3.3126E-01  1.0021E-01 -4.5404E-01 -6.7634E-01
  3.3329E-01  9.4266E-02 -4.5851E-01 -6.8265E-01
  3.3533E-01  8.8228E-02 -4.6301E-01 -6.8899E-01
  3.3738E-01  8.2092E-02 -4.6753E-01 -6.9535E-01
  3.3945E-01  7.5856E-02 -4.7209E-01 -7.0175E-01
  3.4152E-01  6.9522E-02 -4.7667E-01 -7.0817E-01
  3.4362E-01  6.3088E-02 -4.8128E-01 -7.1462E-01
  3.4572E-01  5.6554E-02 -4.8592E-01 -7.2109E-01
  3.4783E-01  4.9921E-02 -4.9058E-01 -7.2759E-01
  3.4996E-01  4.3188E-02 -4.9528E-01 -7.3411E-01
  3.5211E-01  3.6356E-02 -5.0000E-01 -7.4066E-01
  3.5426E-01  2.9423E-02 -5.0474E-01 -7.4723E-01
  3.5643E-01  2.2391E-02 -5.0951E-01 -7.5382E-01
  3.5861E-01  1.5259E-02 -5.1431E-01 -7.6043E-01
  3.6081E-01  8.0263E-03 -5.1913E-01 -7.6706E-01
  3.6301E-01  6.9429E-04 -5.2398E-01 -7.7370E-01
  3.6524E-01 -6.7374E-03 -5.2885E-01 -7.8037E-01
  3.6747E-01 -1.4269E-02 -5.3374E-01 -7.8705E-01
  3.6972E-01 -2.1899E-02 -5.3866E-01 -7.9374E-01
  3.7198E-01 -2.9629E-02 -5.4360E-01 -8.0045E-01
  3.7426E-01 -3.7457E-02 -5.4856E-01 -8.0716E-01
  3.7655E-01 -4.5384E-02 -5.5354E-01 -8.1389E-01
  3.7886E-01 -5.3410E-02 -5.5855E-01 -8.2063E-01
  3.8117E-01 -6.1533E-02 -5.6357E-01 -8.2737E-01
  3.8351E-01 -6.9753E-02 -5.6862E-01 -8.3412E-01
  3.8585E-01 -7.8070E-02 -5.7368E-01 -8.4087E-01
  3.8822E-01 -8.6484E-02 -5.7876E-01 -8.4763E-01
  3.9059E-01 -9.4993E-02 -5.8386E-01 -8.5438E-01
  3.9298E-01 -1.0360E-01 -5.8898E-01 -8.6114E-01
  3.9539E-01 -1.1230E-01 -5.9411E-01 -8.6789E-01
  3.9781E-01 -1.2109E-01 -5.9926E-01 -8.7463E-01
  4.0024E-01 -1.2998E-01 -6.0442E-01 -8.8138E-01
  4.0269E-01 -1.3895E-01 -6.0959E-01 -8.8811E-01
  4.0516E-01 -1.4802E-01 -6.1478E-01 -8.9483E-01
  4.0764E-01 -1.5718E-01 -6.1998E-01 -9.0154E-01
  4.1013E-01 -1.6643E-01 -6.2518E-01 -9.0823E-01
  4.1264E-01 -1.7577E-01 -6.3040E-01 -9.1491E-01
  4.1517E-01 -1.8519E-01 -6.3563E-01 -9.2156E-01
  4.1771E-01 -1.9470E-01 -6.4086E-01 -9.2820E-01
  4.2026E-01 -2.0430E-01 -6.4610E-01 -9.3481E-01
  4.2283E-01 -2.1397E-01 -6.5135E-01 -9.4140E-01
  4.2542E-01 -2.2374E-01 -6.5660E-01 -9.4795E-01
  4.2803E-01 -2.3358E-01 -6.6185E-01 -9.5448E-01
  4.3064E-01 -2.4350E-01 -6.6711E-01 -9.6097E-01
  4.3328E-01 -2.5349E-01 -6.7236E-01 -9.6742E-01
  4.3593E-01 -2.6357E-01 -6.7761E-01 -9.7384E-01
  4.3860E-01 -2.7372E-01 -6.8286E-01 -9.8021E-01
  4.4128E-01 -2.8394E-01 -6.8811E-01 -9.8654E-01
  4.4398E-01 -2.9423E-01 -6.9335E-01 -9.9282E-01
  4.4670E-01 -3.0459E-01 -6.9858E-01 -9.9905E-01
  4.4943E-01 -3.1502E-01 -7.0380E-01 -1.0052E+00
  4.5218E-01 -3.2551E-01 -7.0902E-01 -1.0113E+00
  4.5495E-01 -3.3606E-01 -7.1422E-01 -1.0174E+00
  4.5774E-01 -3.4668E-01 -7.1941E-01 -1.0234E+00
  4.6054E-01 -3.5735E-01 -7.2458E-01 -1.0293E+00
  4.6335E-01 -3.6808E-01 -7.2973E-01 -1.0352E+00
  4.6619E-01 -3.7886E-01 -7.3487E-01 -1.0410E+00
  4.6904E-01 -3.8969E-01 -7.3998E-01 -1.0467E+00
  4.7191E-01 -4.0057E-01 -7.4507E-01 -1.0523E+00
  4.7480E-01 -4.1150E-01 -7.5014E-01 -1.0578E+00
  4.7771E-01 -4.2246E-01 -7.5518E-01 -1.0633E+00
  4.8063E-01 -4.3347E-01 -7.6019E-01 -1.0686E+00
  4.8357E-01 -4.4451E-01 -7.6517E-01 -1.0739E+00
  4.8653E-01 -4.5559E-01 -7.7011E-01 -1.0790E+00
  4.8951E-01 -4.6670E-01 -7.7502E-01 -1.0841E+00
  4.9250E-01 -4.7783E-01 -7.7989E-01 -1.0890E+00
  4.9551E-01 -4.8899E-01 -7.8472E-01 -1.0939E+00
  4.9855E-01 -5.0016E-01 -7.8951E-01 -1.0986E+00
  5.0160E-01 -5.1136E-01 -7.9425E-01 -1.1032E+00
  5.0467E-01 -5.2256E-01 -7.9894E-01 -1.1077E+00
  5.0775E-01 -5.3378E-01 -8.0358E-01 -1.1120E+00
  5.1086E-01 -5.4500E-01 -8.0817E-01 -1.1162E+00
  5.1399E-01 -5.5622E-01 -8.1270E-01 -1.1203E+00
  5.1713E-01 -5.6743E-01 -8.1717E-01 -1.1242E+00
  5.2029E-01 -5.7864E-01 -8.2157E-01 -1.1280E+00
  5.2348E-01 -5.8984E-01 -8.2591E-01 -1.1316E+00
  5.2668E-01 -6.0102E-01 -8.3019E-01 -1.1350E+00
  5.2990E-01 -6.1218E-01 -8.3439E-01 -1.1383E+00
  5.3315E-01 -6.2332E-01 -8.3851E-01 -1.1415E+00
  5.3641E-01 -6.3442E-01 -8.4256E-01 -1.1444E+00
  5.3969E-01 -6.4549E-01 -8.4652E-01 -1.1472E+00
  5.4299E-01 -6.5652E-01 -8.5040E-01 -1.1498E+00
  5.4631E-01 -6.6750E-01 -8.5419E-01 -1.1522E+00
  5.4966E-01 -6.7844E-01 -8.5789E-01 -1.1544E+00
  5.5302E-01 -6.8931E-01 -8.6149E-01 -1.1565E+00
  5.5640E-01 -7.0013E-01 -8.6500E-01 -1.1583E+00
  5.5981E-01 -7.1088E-01 -8.6839E-01 -1.1599E+00
  5.6323E-01 -7.2155E-01 -8.7168E-01 -1.1613E+00
  5.6668E-01 -7.3215E-01 -8.7486E-01 -1.1624E+00
  5.7015E-01 -7.4266E-01 -8.7792E-01 -1.1634E+00
  5.7363E-01 -7.5308E-01 -8.8087E-01 -1.1641E+00
  5.7714E-01 -7.6340E-01 -8.8368E-01 -1.1646E+00
  5.8067E-01 -7.7362E-01 -8.8637E-01 -1.1648E+00
  5.8423E-01 -7.8373E-01 -8.8893E-01 -1.1649E+00
  5.8780E-01 -7.9372E-01 -8.9134E-01 -1.1646E+00
  5.9140E-01 -8.0359E-01 -8.9362E-01 -1.1641E+00
  5.9502E-01 -8.1333E-01 -8.9575E-01 -1.1633E+00
  5.9866E-01 -8.2294E-01 -8.9772E-01 -1.1623E+00
  6.0232E-01 -8.3239E-01 -8.9954E-01 -1.1610E+00
  6.0600E-01 -8.4170E-01 -9.0120E-01 -1.1594E+00
  6.0971E-01 -8.5085E-01 -9.0269E-01 -1.1575E+00
  6.1344E-01 -8.5983E-01 -9.0401E-01 -1.1554E+00
  6.1719E-01 -8.6863E-01 -9.0515E-01 -1.1530E+00
  6.2097E-01 -8.7725E-01 -9.0611E-01 -1.1502E+00
  6.2477E-01 -8.8569E-01 -9.0688E-01 -1.1472E+00
  6.2859E-01 -8.9392E-01 -9.0745E-01 -1.1438E+00
  6.3244E-01 -9.0195E-01 -9.0783E-01 -1.1402E+00
  6.3631E-01 -9.0977E-01 -9.0800E-01 -1.1362E+00
  6.4020E-01 -9.1736E-01 -9.0796E-01 -1.1319E+00
  6.4411E-01 -9.2472E-01 -9.0771E-01 -1.1273E+00
  6.4806E-01 -9.3184E-01 -9.0723E-01 -1.1224E+00
  6.5202E-01 -9.3871E-01 -9.0652E-01 -1.1171E+00
  6.5601E-01 -9.4532E-01 -9.0558E-01 -1.1115E+00
  6.6002E-01 -9.5167E-01 -9.0439E-01 -1.1055E+00
  6.6406E-01 -9.5774E-01 -9.0296E-01 -1.0992E+00
  6.6812E-01 -9.6353E-01 -9.0127E-01 -1.0926E+00
  6.7221E-01 -9.6902E-01 -8.9933E-01 -1.0856E+00
  6.7632E-01 -9.7420E-01 -8.9711E-01 -1.0782E+00
  6.8046E-01 -9.7908E-01 -8.9463E-01 -1.0705E+00
  6.8462E-01 -9.8363E-01 -8.9186E-01 -1.0624E+00
  6.8881E-01 -9.8784E-01 -8.8880E-01 -1.0540E+00
  6.9302E-01 -9.9171E-01 -8.8545E-01 -1.0452E+00
  6.9726E-01 -9.9523E-01 -8.8179E-01 -1.0360E+00
  7.0153E-01 -9.9839E-01 -8.7783E-01 -1.0265E+00
  7.0582E-01 -1.0012E+00 -8.7355E-01 -1.0166E+00
  7.1014E-01 -1.0036E+00 -8.6895E-01 -1.0063E+00
  7.1448E-01 -1.0056E+00 -8.6401E-01 -9.9571E-01
  7.1885E-01 -1.0072E+00 -8.5874E-01 -9.8470E-01
  7.2325E-01 -1.0084E+00 -8.5312E-01 -9.7332E-01
  7.2767E-01 -1.0091E+00 -8.4715E-01 -9.6157E-01
  7.3212E-01 -1.0094E+00 -8.4082E-01 -9.4945E-01
  7.3660E-01 -1.0093E+00 -8.3411E-01 -9.3696E-01
  7.4111E-01 -1.0087E+00 -8.2703E-01 -9.2410E-01
  7.4564E-01 -1.0077E+00 -8.1957E-01 -9.1087E-01
  7.5020E-01 -1.0061E+00 -8.1171E-01 -8.9728E-01
  7.5479E-01 -1.0041E+00 -8.0345E-01 -8.8333E-01
  7.5941E-01 -1.0016E+00 -7.9479E-01 -8.6903E-01
  7.6406E-01 -9.9854E-01 -7.8570E-01 -8.5436E-01
  7.6873E-01 -9.9497E-01 -7.7619E-01 -8.3935E-01
  7.7343E-01 -9.9087E-01 -7.6625E-01 -8.2399E-01
  7.7816E-01 -9.8622E-01 -7.5587E-01 -8.0828E-01
  7.8292E-01 -9.8101E-01 -7.4503E-01 -7.9224E-01
  7.8771E-01 -9.7524E-01 -7.3374E-01 -7.7587E-01
  7.9253E-01 -9.6888E-01 -7.2198E-01 -7.5918E-01
  7.9738E-01 -9.6193E-01 -7.0975E-01 -7.4217E-01
  8.0226E-01 -9.5438E-01 -6.9704E-01 -7.2484E-01
  8.0716E-01 -9.4621E-01 -6.8383E-01 -7.0722E-01
  8.1210E-01 -9.3742E-01 -6.7012E-01 -6.8930E-01
  8.1707E-01 -9.2800E-01 -6.5591E-01 -6.7110E-01
  8.2207E-01 -9.1792E-01 -6.4118E-01 -6.5262E-01
  8.2709E-01 -9.0719E-01 -6.2593E-01 -6.3387E-01
  8.3215E-01 -8.9579E-01 -6.1014E-01 -6.1487E-01
  8.3724E-01 -8.8371E-01 -5.9381E-01 -5.9563E-01
  8.4236E-01 -8.7094E-01 -5.7694E-01 -5.7616E-01
  8.4752E-01 -8.5747E-01 -5.5950E-01 -5.5646E-01
  8.5270E-01 -8.4329E-01 -5.4151E-01 -5.3656E-01
  8.5792E-01 -8.2839E-01 -5.2293E-01 -5.1647E-01
  8.6316E-01 -8.1275E-01 -5.0378E-01 -4.9619E-01
  8.6844E-01 -7.9638E-01 -4.8404E-01 -4.7576E-01
  8.7376E-01 -7.7925E-01 -4.6371E-01 -4.5517E-01
  8.7910E-01 -7.6137E-01 -4.4277E-01 -4.3445E-01
  8.8448E-01 -7.4271E-01 -4.2121E-01 -4.1361E-01
  8.8989E-01 -7.2328E-01 -3.9904E-01 -3.9267E-01
  8.9533E-01 -7.0306E-01 -3.7625E-01 -3.7164E-01
  9.0081E-01 -6.8204E-01 -3.5282E-01 -3.5055E-01
  9.0632E-01 -6.6021E-01 -3.2875E-01 -3.2940E-01
  9.1186E-01 -6.3757E-01 -3.0404E-01 -3.0823E-01
  9.1744E-01 -6.1412E-01 -2.7867E-01 -2.8705E-01
  9.2305E-01 -5.8983E-01 -2.5264E-01 -2.6587E-01
  9.2869E-01 -5.6471E-01 -2.2595E-01 -2.4472E-01
  9.3438E-01 -5.3874E-01 -1.9859E-01 -2.2362E-01
  9.4009E-01 -5.1193E-01 -1.7055E-01 -2.0259E-01
  9.4584E-01 -4.8426E-01 -1.4183E-01 -1.8165E-01
  9.5163E-01 -4.5573E-01 -1.1242E-01 -1.6081E-01
  9.5745E-01 -4.2634E-01 -8.2324E-02 -1.4011E-01
  9.6330E-01 -3.9607E-01 -5.1529E-02 -1.1955E-01
  9.6919E-01 -3.6493E-01 -2.0035E-02 -9.9175E-02
  9.7512E-01 -3.3291E-01  1.2164E-02 -7.8990E-02
  9.8109E-01 -3.0001E-01  4.5069E-02 -5.9022E-02
  9.8709E-01 -2.6622E-01  7.8684E-02 -3.9292E-02
  9.9312E-01 -2.3154E-01  1.1301E-01 -1.9822E-02
  9.9920E-01 -1.9598E-01  1.4806E-01 -6.3284E-04
  1.0053E+00 -1.5952E-01  1.8382E-01  1.8254E-02
  1.0115E+00 -1.2217E-01  2.2029E-01  3.6816E-02
  1.0176E+00 -8.3926E-02  2.5749E-01  5.5035E-02
  1.0239E+00 -4.4792E-02  2.9540E-01  7.2887E-02
  1.0301E+00 -4.7679E-03  3.3404E-01  9.0354E-02
  1.0364E+00  3.6146E-02  3.7339E-01  1.0742E-01
  1.0428E+00  7.7946E-02  4.1346E-01  1.2405E-01
  1.0491E+00  1.2063E-01  4.5425E-01  1.4025E-01
  1.0556E+00  1.6419E-01  4.9574E-01  1.5598E-01
  1.0620E+00  2.0863E-01  5.3795E-01  1.7123E-01
  1.0685E+00  2.5394E-01  5.8086E-01  1.8598E-01
  1.0751E+00  3.0011E-01  6.2448E-01  2.0023E-01
  1.0816E+00  3.4714E-01  6.6879E-01  2.1394E-01
  1.0882E+00  3.9502E-01  7.1379E-01  2.2712E-01
  1.0949E+00  4.4373E-01  7.5948E-01  2.3974E-01
  1.1016E+00  4.9328E-01  8.0584E-01  2.5179E-01
  1.1083E+00  5.4365E-01  8.5287E-01  2.6327E-01
  1.1151E+00  5.9482E-01  9.0056E-01  2.7416E-01
  1.1219E+00  6.4679E-01  9.4890E-01  2.8445E-01
  1.1288E+00  6.9954E-01  9.9789E-01  2.9414E-01
  1.1357E+00  7.5306E-01  1.0475E+00  3.0322E-01
  1.1426E+00  8.0733E-01  1.0977E+00  3.1169E-01
  1.1496E+00  8.6233E-01  1.1486E+00  3.1955E-01
  1.1567E+00  9.1805E-01  1.2000E+00  3.2678E-01
  1.1637E+00  9.7447E-01  1.2520E+00  3.3341E-01
  1.1709E+00  1.0316E+00  1.3045E+00  3.3941E-01
  1.1780E+00  1.0893E+00  1.3576E+00  3.4481E-01
  1.1852E+00  1.1477E+00  1.4112E+00  3.4960E-01
  1.1925E+00  1.2067E+00  1.4653E+00  3.5380E-01
  1.1998E+00  1.2662E+00  1.5199E+00  3.5741E-01
  1.2071E+00  1.3264E+00  1.5750E+00  3.6044E-01
  1.2145E+00  1.3870E+00  1.6305E+00  3.6290E-01
  1.2219E+00  1.4482E+00  1.6864E+00  3.6481E-01
  1.2294E+00  1.5098E+00  1.7427E+00  3.6619E-01
  1.2369E+00  1.5718E+00  1.7994E+00  3.6705E-01
  1.2445E+00  1.6343E+00  1.8564E+00  3.6741E-01
  1.2521E+00  1.6971E+00  1.9137E+00  3.6729E-01
  1.2597E+00  1.7602E+00  1.9714E+00  3.6672E-01
  1.2674E+00  1.8237E+00  2.0292E+00  3.6572E-01
  1.2752E+00  1.8874E+00  2.0873E+00  3.6432E-01
  1.2830E+00  1.9513E+00  2.1455E+00  3.6253E-01
  1.2908E+00  2.0154E+00  2.2039E+00  3.6040E-01
  1.2987E+00  2.0796E+00  2.2625E+00  3.5795E-01
  1.3067E+00  2.1439E+00  2.3211E+00  3.5521E-01
  1.3147E+00  2.2083E+00  2.3797E+00  3.5221E-01
  1.3227E+00  2.2727E+00  2.4383E+00  3.4898E-01
  1.3308E+00  2.3370E+00  2.4969E+00  3.4556E-01
  1.3389E+00  2.4012E+00  2.5554E+00  3.4197E-01
  1.3471E+00  2.4652E+00  2.6138E+00  3.3826E-01
  1.3554E+00  2.5291E+00  2.6720E+00  3.3445E-01
  1.3636E+00  2.5927E+00  2.7300E+00  3.3057E-01
  1.3720E+00  2.6559E+00  2.7878E+00  3.2666E-01
  1.3804E+00  2.7189E+00  2.8452E+00  3.2275E-01
  1.3888E+00  2.7814E+00  2.9022E+00  3.1886E-01
  1.3973E+00  2.8434E+00  2.9588E+00  3.1503E-01
  1.4059E+00  2.9049E+00  3.0150E+00  3.1128E-01
  1.4145E+00  2.9658E+00  3.0707E+00  3.0763E-01
  1.4231E+00  3.0260E+00  3.1257E+00  3.0411E-01
  1.4318E+00  3.0855E+00  3.1802E+00  3.0074E-01
  1.4406E+00  3.1442E+00  3.2339E+00  2.9752E-01
  1.4494E+00  3.2021E+00  3.2869E+00  2.9448E-01
  1.4582E+00  3.2591E+00  3.3391E+00  2.9162E-01
  1.4672E+00  3.3151E+00  3.3905E+00  2.8895E-01
  1.4761E+00  3.3700E+00  3.4409E+00  2.8646E-01
  1.4852E+00  3.4239E+00  3.4903E+00  2.8416E-01
  1.4942E+00  3.4765E+00  3.5387E+00  2.8203E-01
  1.5034E+00  3.5279E+00  3.5860E+00  2.8006E-01
  1.5126E+00  3.5780E+00  3.6320E+00  2.7823E-01
  1.5218E+00  3.6268E+00  3.6769E+00  2.7652E-01
  1.5311E+00  3.6741E+00  3.7204E+00  2.7490E-01
  1.5405E+00  3.7198E+00  3.7626E+00  2.7332E-01
  1.5499E+00  3.7640E+00  3.8033E+00  2.7176E-01
  1.5594E+00  3.8065E+00  3.8426E+00  2.7016E-01
  1.5689E+00  3.8473E+00  3.8802E+00  2.6848E-01
  1.5785E+00  3.8864E+00  3.9163E+00  2.6665E-01
  1.5882E+00  3.9235E+00  3.9506E+00  2.6462E-01
  1.5979E+00  3.9587E+00  3.9831E+00  2.6232E-01
  1.6077E+00  3.9920E+00  4.0138E+00  2.5968E-01
  1.6175E+00  4.0232E+00  4.0427E+00  2.5664E-01
  1.6274E+00  4.0522E+00  4.0695E+00  2.5312E-01
  1.6373E+00  4.0791E+00  4.0943E+00  2.4905E-01
  1.6473E+00  4.1037E+00  4.1171E+00  2.4435E-01
  1.6574E+00  4.1261E+00  4.1376E+00  2.3895E-01
  1.6675E+00  4.1460E+00  4.1560E+00  2.3280E-01
  1.6777E+00  4.1635E+00  4.1720E+00  2.2581E-01
  1.6880E+00  4.1786E+00  4.1857E+00  2.1795E-01
  1.6983E+00  4.1911E+00  4.1971E+00  2.0916E-01
  1.7087E+00  4.2010E+00  4.2059E+00  1.9941E-01
  1.7192E+00  4.2083E+00  4.2123E+00  1.8868E-01
  1.7297E+00  4.2129E+00  4.2161E+00  1.7697E-01
  1.7403E+00  4.2147E+00  4.2172E+00  1.6428E-01
  1.7509E+00  4.2138E+00  4.2157E+00  1.5066E-01
  1.7616E+00  4.2101E+00  4.2116E+00  1.3618E-01
  1.7724E+00  4.2036E+00  4.2046E+00  1.2091E-01
  1.7832E+00  4.1941E+00  4.1949E+00  1.0500E-01
  1.7941E+00  4.1818E+00  4.1823E+00  8.8606E-02
  1.8051E+00  4.1665E+00  4.1668E+00  7.1889E-02
  1.8161E+00  4.1483E+00  4.1485E+00  5.4900E-02
  1.8272E+00  4.1272E+00  4.1273E+00  3.7655E-02
  1.8384E+00  4.1030E+00  4.1031E+00  2.0176E-02
  1.8497E+00  4.0759E+00  4.0759E+00  1.4751E-02
  1.8610E+00  4.0458E+00  4.0458E+00  9.4943E-03
  1.8723E+00  4.0127E+00  4.0127E+00  4.4268E-03
  1.8838E+00  3.9766E+00  3.9766E+00  0.0000E+00
  1.8953E+00  3.9376E+00  3.9376E+00  0.0000E+00
  1.9069E+00  3.8956E+00  3.8956E+00  0.0000E+00
  1.9186E+00  3.8507E+00  3.8507E+00  0.0000E+00
  1.9303E+00  3.8029E+00  3.8029E+00  0.0000E+00
  1.9421E+00  3.7523E+00  3.7523E+00  0.0000E+00
  1.9540E+00  3.6988E+00  3.6988E+00  0.0000E+00
  1.9659E+00  3.6426E+00  3.6426E+00  0.0000E+00
  1.9779E+00  3.5837E+00  3.5837E+00  0.0000E+00
  1.9900E+00  3.5221E+00  3.5221E+00  0.0000E+00
  2.0022E+00  3.4579E+00  3.4579E+00  0.0000E+00
  2.0145E+00  3.3912E+00  3.3912E+00  0.0000E+00
  2.0268E+00  3.3221E+00  3.3221E+00  0.0000E+00
  2.0392E+00  3.2507E+00  3.2507E+00  0.0000E+00
  2.0516E+00  3.1770E+00  3.1770E+00  0.0000E+00
  2.0642E+00  3.1012E+00  3.1012E+00  0.0000E+00
  2.0768E+00  3.0233E+00  3.0233E+00  0.0000E+00
  2.0895E+00  2.9435E+00  2.9435E+00  0.0000E+00
  2.1023E+00  2.8619E+00  2.8619E+00  0.0000E+00
  2.1151E+00  2.7786E+00  2.7786E+00  0.0000E+00
  2.1281E+00  2.6938E+00  2.6938E+00  0.0000E+00
  2.1411E+00  2.6076E+00  2.6076E+00  0.0000E+00
  2.1542E+00  2.5202E+00  2.5202E+00  0.0000E+00
  2.1673E+00  2.4316E+00  2.4316E+00  0.0000E+00
  2.1806E+00  2.3422E+00  2.3422E+00  0.0000E+00
  2.1939E+00  2.2520E+00  2.2520E+00  0.0000E+00
  2.2073E+00  2.1612E+00  2.1612E+00  0.0000E+00
  2.2208E+00  2.0700E+00  2.0700E+00  0.0000E+00
  2.2344E+00  1.9785E+00  1.9785E+00  0.0000E+00
  2.2481E+00  1.8871E+00  1.8871E+00  0.0000E+00
  2.2618E+00  1.7958E+00  1.7958E+00  0.0000E+00
  2.2757E+00  1.7049E+00  1.7049E+00  0.0000E+00
  2.2896E+00  1.6146E+00  1.6146E+00  0.0000E+00
  2.3036E+00  1.5250E+00  1.5250E+00  0.0000E+00
  2.3177E+00  1.4365E+00  1.4365E+00  0.0000E+00
  2.3318E+00  1.3492E+00  1.3492E+00  0.0000E+00
  2.3461E+00  1.2633E+00  1.2633E+00  0.0000E+00
  2.3604E+00  1.1790E+00  1.1790E+00  0.0000E+00
  2.3749E+00  1.0967E+00  1.0967E+00  0.0000E+00
  2.3894E+00  1.0164E+00  1.0164E+00  0.0000E+00
  2.4040E+00  9.3843E-01  9.3843E-01  0.0000E+00
  2.4187E+00  8.6301E-01  8.6301E-01  0.0000E+00
  2.4335E+00  7.9036E-01  7.9036E-01  0.0000E+00
  2.4484E+00  7.2068E-01  7.2068E-01  0.0000E+00
  2.4634E+00  6.5420E-01  6.5420E-01  0.0000E+00
  2.4784E+00  5.9113E-01  5.9113E-01  0.0000E+00
  2.4936E+00  5.3168E-01  5.3168E-01  0.0000E+00
  2.5088E+00  4.7604E-01  4.7604E-01  0.0000E+00
  2.5242E+00  4.2443E-01  4.2443E-01  0.0000E+00
  2.5396E+00  3.7702E-01  3.7702E-01  0.0000E+00
  2.5551E+00  3.3400E-01  3.3400E-01  0.0000E+00
