 # l=           0 energy=  -5.00000000000000     
  0.0000E+00  0.0000E+00  0.0000E+00  0.0000E+00
  2.4843E-06  1.2721E-06  1.4983E-05  1.6902E-05
  4.9838E-06  2.5519E-06  2.9934E-05  3.3763E-05
  7.4986E-06  3.8396E-06  4.4933E-05  5.0668E-05
  1.0029E-05  5.1352E-06  5.9998E-05  6.7633E-05
  1.2574E-05  6.4387E-06  7.4770E-05  8.4253E-05
  1.5136E-05  7.7501E-06  8.9877E-05  1.0126E-04
  1.7712E-05  9.0696E-06  1.0510E-04  1.1840E-04
  2.0305E-05  1.0397E-05  1.2038E-04  1.3560E-04
  2.2913E-05  1.1733E-05  1.3574E-04  1.5290E-04
  2.5538E-05  1.3077E-05  1.5118E-04  1.7029E-04
  2.8178E-05  1.4429E-05  1.6671E-04  1.8778E-04
  3.0835E-05  1.5789E-05  1.8233E-04  2.0536E-04
  3.3508E-05  1.7158E-05  1.9802E-04  2.2304E-04
  3.6197E-05  1.8535E-05  2.1381E-04  2.4082E-04
  3.8902E-05  1.9920E-05  2.2969E-04  2.5870E-04
  4.1625E-05  2.1314E-05  2.4565E-04  2.7667E-04
  4.4363E-05  2.2716E-05  2.6170E-04  2.9475E-04
  4.7119E-05  2.4127E-05  2.7785E-04  3.1293E-04
  4.9891E-05  2.5547E-05  2.9408E-04  3.3121E-04
  5.2681E-05  2.6975E-05  3.1041E-04  3.4960E-04
  5.5487E-05  2.8412E-05  3.2683E-04  3.6809E-04
  5.8310E-05  2.9858E-05  3.4334E-04  3.8669E-04
  6.1151E-05  3.1312E-05  3.5995E-04  4.0540E-04
  6.4009E-05  3.2776E-05  3.7666E-04  4.2421E-04
  6.6885E-05  3.4248E-05  3.9346E-04  4.4313E-04
  6.9778E-05  3.5730E-05  4.1036E-04  4.6216E-04
  7.2689E-05  3.7220E-05  4.2735E-04  4.8130E-04
  7.5618E-05  3.8720E-05  4.4445E-04  5.0055E-04
  7.8565E-05  4.0229E-05  4.6164E-04  5.1991E-04
  8.1529E-05  4.1747E-05  4.7893E-04  5.3938E-04
  8.4512E-05  4.3274E-05  4.9632E-04  5.5897E-04
  8.7513E-05  4.4811E-05  5.1382E-04  5.7867E-04
  9.0532E-05  4.6357E-05  5.3141E-04  5.9848E-04
  9.3570E-05  4.7912E-05  5.4911E-04  6.1841E-04
  9.6626E-05  4.9477E-05  5.6691E-04  6.3846E-04
  9.9701E-05  5.1052E-05  5.8481E-04  6.5862E-04
  1.0280E-04  5.2636E-05  6.0282E-04  6.7890E-04
  1.0591E-04  5.4230E-05  6.2094E-04  6.9930E-04
  1.0904E-04  5.5834E-05  6.3916E-04  7.1982E-04
  1.1219E-04  5.7447E-05  6.5748E-04  7.4046E-04
  1.1536E-04  5.9071E-05  6.7592E-04  7.6121E-04
  1.1855E-04  6.0704E-05  6.9446E-04  7.8209E-04
  1.2176E-04  6.2347E-05  7.1311E-04  8.0309E-04
  1.2499E-04  6.4000E-05  7.3187E-04  8.2422E-04
  1.2824E-04  6.5664E-05  7.5073E-04  8.4547E-04
  1.3151E-04  6.7337E-05  7.6971E-04  8.6684E-04
  1.3479E-04  6.9021E-05  7.8880E-04  8.8834E-04
  1.3810E-04  7.0715E-05  8.0801E-04  9.0996E-04
  1.4143E-04  7.2419E-05  8.2732E-04  9.3171E-04
  1.4478E-04  7.4134E-05  8.4675E-04  9.5359E-04
  1.4815E-04  7.5860E-05  8.6629E-04  9.7560E-04
  1.5154E-04  7.7595E-05  8.8595E-04  9.9774E-04
  1.5495E-04  7.9342E-05  9.0572E-04  1.0200E-03
  1.5838E-04  8.1099E-05  9.2561E-04  1.0424E-03
  1.6183E-04  8.2867E-05  9.4562E-04  1.0649E-03
  1.6531E-04  8.4646E-05  9.6574E-04  1.0876E-03
  1.6880E-04  8.6435E-05  9.8598E-04  1.1104E-03
  1.7232E-04  8.8236E-05  1.0063E-03  1.1333E-03
  1.7586E-04  9.0047E-05  1.0268E-03  1.1564E-03
  1.7942E-04  9.1870E-05  1.0474E-03  1.1796E-03
  1.8300E-04  9.3704E-05  1.0681E-03  1.2029E-03
  1.8660E-04  9.5549E-05  1.0890E-03  1.2264E-03
  1.9023E-04  9.7405E-05  1.1100E-03  1.2500E-03
  1.9387E-04  9.9273E-05  1.1310E-03  1.2737E-03
  1.9754E-04  1.0115E-04  1.1523E-03  1.2976E-03
  2.0123E-04  1.0304E-04  1.1736E-03  1.3217E-03
  2.0495E-04  1.0494E-04  1.1951E-03  1.3458E-03
  2.0869E-04  1.0686E-04  1.2167E-03  1.3701E-03
  2.1245E-04  1.0878E-04  1.2384E-03  1.3946E-03
  2.1623E-04  1.1072E-04  1.2602E-03  1.4192E-03
  2.2004E-04  1.1267E-04  1.2822E-03  1.4440E-03
  2.2387E-04  1.1463E-04  1.3043E-03  1.4688E-03
  2.2772E-04  1.1660E-04  1.3265E-03  1.4939E-03
  2.3160E-04  1.1859E-04  1.3489E-03  1.5191E-03
  2.3550E-04  1.2059E-04  1.3714E-03  1.5444E-03
  2.3942E-04  1.2259E-04  1.3940E-03  1.5699E-03
  2.4337E-04  1.2462E-04  1.4168E-03  1.5955E-03
  2.4734E-04  1.2665E-04  1.4397E-03  1.6213E-03
  2.5134E-04  1.2870E-04  1.4627E-03  1.6472E-03
  2.5536E-04  1.3076E-04  1.4859E-03  1.6733E-03
  2.5940E-04  1.3283E-04  1.5092E-03  1.6996E-03
  2.6347E-04  1.3491E-04  1.5327E-03  1.7260E-03
  2.6757E-04  1.3701E-04  1.5562E-03  1.7525E-03
  2.7169E-04  1.3912E-04  1.5800E-03  1.7792E-03
  2.7583E-04  1.4124E-04  1.6038E-03  1.8061E-03
  2.8000E-04  1.4338E-04  1.6278E-03  1.8331E-03
  2.8420E-04  1.4552E-04  1.6520E-03  1.8603E-03
  2.8842E-04  1.4769E-04  1.6762E-03  1.8877E-03
  2.9267E-04  1.4986E-04  1.7007E-03  1.9152E-03
  2.9694E-04  1.5205E-04  1.7252E-03  1.9428E-03
  3.0124E-04  1.5425E-04  1.7500E-03  1.9707E-03
  3.0557E-04  1.5647E-04  1.7748E-03  1.9987E-03
  3.0992E-04  1.5870E-04  1.7998E-03  2.0268E-03
  3.1430E-04  1.6094E-04  1.8250E-03  2.0552E-03
  3.1871E-04  1.6319E-04  1.8503E-03  2.0837E-03
  3.2314E-04  1.6546E-04  1.8758E-03  2.1123E-03
  3.2760E-04  1.6775E-04  1.9014E-03  2.1412E-03
  3.3209E-04  1.7004E-04  1.9271E-03  2.1702E-03
  3.3660E-04  1.7236E-04  1.9530E-03  2.1993E-03
  3.4114E-04  1.7468E-04  1.9791E-03  2.2287E-03
  3.4571E-04  1.7702E-04  2.0053E-03  2.2582E-03
  3.5031E-04  1.7938E-04  2.0317E-03  2.2879E-03
  3.5494E-04  1.8175E-04  2.0582E-03  2.3178E-03
  3.5959E-04  1.8413E-04  2.0849E-03  2.3478E-03
  3.6427E-04  1.8653E-04  2.1117E-03  2.3780E-03
  3.6899E-04  1.8894E-04  2.1387E-03  2.4084E-03
  3.7373E-04  1.9137E-04  2.1658E-03  2.4390E-03
  3.7850E-04  1.9381E-04  2.1932E-03  2.4697E-03
  3.8329E-04  1.9627E-04  2.2206E-03  2.5007E-03
  3.8812E-04  1.9874E-04  2.2483E-03  2.5318E-03
  3.9298E-04  2.0122E-04  2.2761E-03  2.5631E-03
  3.9787E-04  2.0373E-04  2.3040E-03  2.5946E-03
  4.0278E-04  2.0624E-04  2.3322E-03  2.6263E-03
  4.0773E-04  2.0878E-04  2.3605E-03  2.6581E-03
  4.1271E-04  2.1133E-04  2.3889E-03  2.6902E-03
  4.1771E-04  2.1389E-04  2.4176E-03  2.7224E-03
  4.2275E-04  2.1647E-04  2.4463E-03  2.7548E-03
  4.2782E-04  2.1907E-04  2.4753E-03  2.7874E-03
  4.3292E-04  2.2168E-04  2.5045E-03  2.8203E-03
  4.3805E-04  2.2430E-04  2.5338E-03  2.8533E-03
  4.4321E-04  2.2695E-04  2.5632E-03  2.8865E-03
  4.4841E-04  2.2961E-04  2.5929E-03  2.9198E-03
  4.5363E-04  2.3228E-04  2.6227E-03  2.9534E-03
  4.5889E-04  2.3498E-04  2.6527E-03  2.9872E-03
  4.6418E-04  2.3768E-04  2.6829E-03  3.0212E-03
  4.6950E-04  2.4041E-04  2.7133E-03  3.0554E-03
  4.7486E-04  2.4315E-04  2.7438E-03  3.0898E-03
  4.8025E-04  2.4591E-04  2.7745E-03  3.1244E-03
  4.8567E-04  2.4869E-04  2.8054E-03  3.1591E-03
  4.9112E-04  2.5148E-04  2.8365E-03  3.1941E-03
  4.9661E-04  2.5429E-04  2.8678E-03  3.2293E-03
  5.0213E-04  2.5711E-04  2.8992E-03  3.2648E-03
  5.0768E-04  2.5996E-04  2.9308E-03  3.3004E-03
  5.1327E-04  2.6282E-04  2.9627E-03  3.3362E-03
  5.1889E-04  2.6570E-04  2.9947E-03  3.3722E-03
  5.2455E-04  2.6859E-04  3.0268E-03  3.4085E-03
  5.3024E-04  2.7151E-04  3.0592E-03  3.4449E-03
  5.3597E-04  2.7444E-04  3.0918E-03  3.4816E-03
  5.4173E-04  2.7739E-04  3.1246E-03  3.5185E-03
  5.4752E-04  2.8036E-04  3.1575E-03  3.5556E-03
  5.5336E-04  2.8335E-04  3.1907E-03  3.5929E-03
  5.5922E-04  2.8635E-04  3.2240E-03  3.6305E-03
  5.6513E-04  2.8937E-04  3.2575E-03  3.6682E-03
  5.7107E-04  2.9241E-04  3.2913E-03  3.7062E-03
  5.7704E-04  2.9547E-04  3.3252E-03  3.7444E-03
  5.8305E-04  2.9855E-04  3.3593E-03  3.7829E-03
  5.8910E-04  3.0165E-04  3.3937E-03  3.8215E-03
  5.9519E-04  3.0477E-04  3.4282E-03  3.8604E-03
  6.0131E-04  3.0790E-04  3.4630E-03  3.8995E-03
  6.0747E-04  3.1106E-04  3.4979E-03  3.9389E-03
  6.1367E-04  3.1423E-04  3.5330E-03  3.9784E-03
  6.1991E-04  3.1742E-04  3.5684E-03  4.0182E-03
  6.2618E-04  3.2064E-04  3.6040E-03  4.0583E-03
  6.3249E-04  3.2387E-04  3.6397E-03  4.0985E-03
  6.3884E-04  3.2712E-04  3.6757E-03  4.1391E-03
  6.4523E-04  3.3039E-04  3.7119E-03  4.1798E-03
  6.5166E-04  3.3368E-04  3.7483E-03  4.2208E-03
  6.5813E-04  3.3700E-04  3.7849E-03  4.2620E-03
  6.6464E-04  3.4033E-04  3.8217E-03  4.3035E-03
  6.7119E-04  3.4368E-04  3.8588E-03  4.3452E-03
  6.7778E-04  3.4705E-04  3.8960E-03  4.3871E-03
  6.8440E-04  3.5045E-04  3.9335E-03  4.4293E-03
  6.9107E-04  3.5386E-04  3.9712E-03  4.4718E-03
  6.9778E-04  3.5730E-04  4.0091E-03  4.5145E-03
  7.0453E-04  3.6075E-04  4.0473E-03  4.5574E-03
  7.1132E-04  3.6423E-04  4.0856E-03  4.6006E-03
  7.1816E-04  3.6773E-04  4.1242E-03  4.6440E-03
  7.2503E-04  3.7125E-04  4.1630E-03  4.6877E-03
  7.3195E-04  3.7479E-04  4.2021E-03  4.7317E-03
  7.3891E-04  3.7836E-04  4.2413E-03  4.7759E-03
  7.4591E-04  3.8194E-04  4.2808E-03  4.8204E-03
  7.5295E-04  3.8555E-04  4.3206E-03  4.8651E-03
  7.6004E-04  3.8918E-04  4.3605E-03  4.9101E-03
  7.6717E-04  3.9283E-04  4.4007E-03  4.9554E-03
  7.7435E-04  3.9650E-04  4.4411E-03  5.0009E-03
  7.8157E-04  4.0020E-04  4.4818E-03  5.0467E-03
  7.8883E-04  4.0392E-04  4.5227E-03  5.0927E-03
  7.9614E-04  4.0766E-04  4.5638E-03  5.1390E-03
  8.0349E-04  4.1143E-04  4.6052E-03  5.1856E-03
  8.1088E-04  4.1521E-04  4.6468E-03  5.2325E-03
  8.1833E-04  4.1902E-04  4.6887E-03  5.2796E-03
  8.2581E-04  4.2286E-04  4.7308E-03  5.3270E-03
  8.3335E-04  4.2671E-04  4.7732E-03  5.3747E-03
  8.4093E-04  4.3060E-04  4.8158E-03  5.4227E-03
  8.4855E-04  4.3450E-04  4.8586E-03  5.4709E-03
  8.5622E-04  4.3843E-04  4.9017E-03  5.5194E-03
  8.6394E-04  4.4238E-04  4.9451E-03  5.5683E-03
  8.7171E-04  4.4636E-04  4.9887E-03  5.6173E-03
  8.7952E-04  4.5036E-04  5.0325E-03  5.6667E-03
  8.8738E-04  4.5438E-04  5.0766E-03  5.7164E-03
  8.9529E-04  4.5843E-04  5.1210E-03  5.7663E-03
  9.0325E-04  4.6251E-04  5.1656E-03  5.8166E-03
  9.1126E-04  4.6661E-04  5.2105E-03  5.8671E-03
  9.1931E-04  4.7073E-04  5.2557E-03  5.9179E-03
  9.2742E-04  4.7488E-04  5.3011E-03  5.9691E-03
  9.3557E-04  4.7906E-04  5.3467E-03  6.0205E-03
  9.4378E-04  4.8326E-04  5.3927E-03  6.0722E-03
  9.5203E-04  4.8749E-04  5.4389E-03  6.1242E-03
  9.6034E-04  4.9174E-04  5.4854E-03  6.1766E-03
  9.6869E-04  4.9602E-04  5.5321E-03  6.2292E-03
  9.7710E-04  5.0032E-04  5.5791E-03  6.2821E-03
  9.8556E-04  5.0465E-04  5.6264E-03  6.3354E-03
  9.9407E-04  5.0901E-04  5.6740E-03  6.3889E-03
  1.0026E-03  5.1339E-04  5.7218E-03  6.4428E-03
  1.0112E-03  5.1781E-04  5.7699E-03  6.4969E-03
  1.0199E-03  5.2224E-04  5.8183E-03  6.5514E-03
  1.0286E-03  5.2671E-04  5.8670E-03  6.6062E-03
  1.0374E-03  5.3120E-04  5.9159E-03  6.6613E-03
  1.0462E-03  5.3572E-04  5.9652E-03  6.7168E-03
  1.0551E-03  5.4027E-04  6.0147E-03  6.7725E-03
  1.0640E-03  5.4484E-04  6.0645E-03  6.8286E-03
  1.0730E-03  5.4945E-04  6.1146E-03  6.8850E-03
  1.0821E-03  5.5408E-04  6.1650E-03  6.9417E-03
  1.0912E-03  5.5874E-04  6.2157E-03  6.9988E-03
  1.1003E-03  5.6343E-04  6.2667E-03  7.0562E-03
  1.1095E-03  5.6814E-04  6.3179E-03  7.1139E-03
  1.1188E-03  5.7289E-04  6.3695E-03  7.1720E-03
  1.1281E-03  5.7766E-04  6.4214E-03  7.2304E-03
  1.1375E-03  5.8247E-04  6.4735E-03  7.2891E-03
  1.1470E-03  5.8730E-04  6.5260E-03  7.3481E-03
  1.1565E-03  5.9216E-04  6.5788E-03  7.4076E-03
  1.1660E-03  5.9705E-04  6.6318E-03  7.4673E-03
  1.1756E-03  6.0198E-04  6.6852E-03  7.5274E-03
  1.1853E-03  6.0693E-04  6.7389E-03  7.5878E-03
  1.1950E-03  6.1191E-04  6.7929E-03  7.6486E-03
  1.2048E-03  6.1692E-04  6.8472E-03  7.7098E-03
  1.2147E-03  6.2197E-04  6.9018E-03  7.7713E-03
  1.2246E-03  6.2704E-04  6.9568E-03  7.8331E-03
  1.2345E-03  6.3215E-04  7.0120E-03  7.8953E-03
  1.2446E-03  6.3729E-04  7.0676E-03  7.9579E-03
  1.2547E-03  6.4245E-04  7.1235E-03  8.0208E-03
  1.2648E-03  6.4765E-04  7.1797E-03  8.0841E-03
  1.2750E-03  6.5289E-04  7.2362E-03  8.1477E-03
  1.2853E-03  6.5815E-04  7.2931E-03  8.2117E-03
  1.2957E-03  6.6345E-04  7.3503E-03  8.2761E-03
  1.3061E-03  6.6877E-04  7.4078E-03  8.3408E-03
  1.3165E-03  6.7413E-04  7.4656E-03  8.4060E-03
  1.3271E-03  6.7953E-04  7.5238E-03  8.4715E-03
  1.3377E-03  6.8495E-04  7.5823E-03  8.5373E-03
  1.3483E-03  6.9041E-04  7.6412E-03  8.6036E-03
  1.3591E-03  6.9591E-04  7.7003E-03  8.6702E-03
  1.3699E-03  7.0143E-04  7.7599E-03  8.7372E-03
  1.3807E-03  7.0699E-04  7.8197E-03  8.8046E-03
  1.3916E-03  7.1259E-04  7.8799E-03  8.8724E-03
  1.4026E-03  7.1822E-04  7.9405E-03  8.9406E-03
  1.4137E-03  7.2388E-04  8.0014E-03  9.0091E-03
  1.4248E-03  7.2958E-04  8.0626E-03  9.0781E-03
  1.4360E-03  7.3531E-04  8.1242E-03  9.1474E-03
  1.4473E-03  7.4108E-04  8.1862E-03  9.2172E-03
  1.4586E-03  7.4688E-04  8.2485E-03  9.2873E-03
  1.4700E-03  7.5272E-04  8.3112E-03  9.3578E-03
  1.4815E-03  7.5859E-04  8.3742E-03  9.4288E-03
  1.4930E-03  7.6450E-04  8.4376E-03  9.5001E-03
  1.5046E-03  7.7045E-04  8.5013E-03  9.5719E-03
  1.5163E-03  7.7643E-04  8.5654E-03  9.6440E-03
  1.5281E-03  7.8245E-04  8.6299E-03  9.7166E-03
  1.5399E-03  7.8851E-04  8.6947E-03  9.7896E-03
  1.5518E-03  7.9460E-04  8.7599E-03  9.8630E-03
  1.5638E-03  8.0073E-04  8.8255E-03  9.9368E-03
  1.5758E-03  8.0690E-04  8.8915E-03  1.0011E-02
  1.5879E-03  8.1310E-04  8.9578E-03  1.0086E-02
  1.6001E-03  8.1935E-04  9.0245E-03  1.0161E-02
  1.6124E-03  8.2563E-04  9.0916E-03  1.0236E-02
  1.6247E-03  8.3195E-04  9.1591E-03  1.0312E-02
  1.6372E-03  8.3831E-04  9.2269E-03  1.0389E-02
  1.6497E-03  8.4470E-04  9.2952E-03  1.0466E-02
  1.6622E-03  8.5114E-04  9.3638E-03  1.0543E-02
  1.6749E-03  8.5762E-04  9.4328E-03  1.0620E-02
  1.6876E-03  8.6413E-04  9.5022E-03  1.0699E-02
  1.7004E-03  8.7069E-04  9.5720E-03  1.0777E-02
  1.7133E-03  8.7728E-04  9.6422E-03  1.0856E-02
  1.7262E-03  8.8392E-04  9.7128E-03  1.0936E-02
  1.7393E-03  8.9059E-04  9.7838E-03  1.1016E-02
  1.7524E-03  8.9731E-04  9.8552E-03  1.1096E-02
  1.7656E-03  9.0407E-04  9.9270E-03  1.1177E-02
  1.7789E-03  9.1087E-04  9.9992E-03  1.1258E-02
  1.7922E-03  9.1771E-04  1.0072E-02  1.1340E-02
  1.8057E-03  9.2459E-04  1.0145E-02  1.1422E-02
  1.8192E-03  9.3152E-04  1.0218E-02  1.1505E-02
  1.8328E-03  9.3848E-04  1.0292E-02  1.1588E-02
  1.8465E-03  9.4549E-04  1.0366E-02  1.1671E-02
  1.8603E-03  9.5254E-04  1.0441E-02  1.1755E-02
  1.8741E-03  9.5964E-04  1.0516E-02  1.1840E-02
  1.8881E-03  9.6678E-04  1.0592E-02  1.1925E-02
  1.9021E-03  9.7396E-04  1.0668E-02  1.2011E-02
  1.9162E-03  9.8119E-04  1.0744E-02  1.2097E-02
  1.9304E-03  9.8846E-04  1.0821E-02  1.2183E-02
  1.9447E-03  9.9578E-04  1.0898E-02  1.2270E-02
  1.9591E-03  1.0031E-03  1.0976E-02  1.2357E-02
  1.9735E-03  1.0105E-03  1.1054E-02  1.2445E-02
  1.9881E-03  1.0180E-03  1.1133E-02  1.2534E-02
  2.0027E-03  1.0255E-03  1.1212E-02  1.2623E-02
  2.0174E-03  1.0330E-03  1.1291E-02  1.2712E-02
  2.0323E-03  1.0406E-03  1.1371E-02  1.2802E-02
  2.0472E-03  1.0482E-03  1.1451E-02  1.2892E-02
  2.0622E-03  1.0559E-03  1.1532E-02  1.2983E-02
  2.0773E-03  1.0637E-03  1.1613E-02  1.3075E-02
  2.0924E-03  1.0714E-03  1.1695E-02  1.3167E-02
  2.1077E-03  1.0793E-03  1.1777E-02  1.3259E-02
  2.1231E-03  1.0871E-03  1.1860E-02  1.3352E-02
  2.1386E-03  1.0950E-03  1.1943E-02  1.3446E-02
  2.1541E-03  1.1030E-03  1.2026E-02  1.3540E-02
  2.1698E-03  1.1110E-03  1.2110E-02  1.3634E-02
  2.1855E-03  1.1191E-03  1.2195E-02  1.3729E-02
  2.2014E-03  1.1272E-03  1.2280E-02  1.3825E-02
  2.2173E-03  1.1354E-03  1.2365E-02  1.3921E-02
  2.2334E-03  1.1436E-03  1.2451E-02  1.4018E-02
  2.2495E-03  1.1518E-03  1.2537E-02  1.4115E-02
  2.2657E-03  1.1602E-03  1.2624E-02  1.4213E-02
  2.2821E-03  1.1685E-03  1.2712E-02  1.4311E-02
  2.2985E-03  1.1769E-03  1.2800E-02  1.4410E-02
  2.3150E-03  1.1854E-03  1.2888E-02  1.4509E-02
  2.3317E-03  1.1939E-03  1.2977E-02  1.4609E-02
  2.3484E-03  1.2025E-03  1.3066E-02  1.4710E-02
  2.3653E-03  1.2111E-03  1.3156E-02  1.4811E-02
  2.3822E-03  1.2198E-03  1.3246E-02  1.4913E-02
  2.3992E-03  1.2285E-03  1.3337E-02  1.5015E-02
  2.4164E-03  1.2373E-03  1.3428E-02  1.5118E-02
  2.4337E-03  1.2462E-03  1.3520E-02  1.5221E-02
  2.4510E-03  1.2550E-03  1.3612E-02  1.5325E-02
  2.4685E-03  1.2640E-03  1.3705E-02  1.5429E-02
  2.4861E-03  1.2730E-03  1.3798E-02  1.5534E-02
  2.5038E-03  1.2820E-03  1.3892E-02  1.5640E-02
  2.5215E-03  1.2912E-03  1.3987E-02  1.5746E-02
  2.5394E-03  1.3003E-03  1.4081E-02  1.5853E-02
  2.5575E-03  1.3095E-03  1.4177E-02  1.5960E-02
  2.5756E-03  1.3188E-03  1.4273E-02  1.6068E-02
  2.5938E-03  1.3282E-03  1.4369E-02  1.6177E-02
  2.6121E-03  1.3375E-03  1.4466E-02  1.6286E-02
  2.6306E-03  1.3470E-03  1.4564E-02  1.6396E-02
  2.6492E-03  1.3565E-03  1.4662E-02  1.6506E-02
  2.6679E-03  1.3661E-03  1.4760E-02  1.6617E-02
  2.6866E-03  1.3757E-03  1.4860E-02  1.6729E-02
  2.7056E-03  1.3854E-03  1.4959E-02  1.6841E-02
  2.7246E-03  1.3951E-03  1.5059E-02  1.6954E-02
  2.7437E-03  1.4049E-03  1.5160E-02  1.7067E-02
  2.7630E-03  1.4148E-03  1.5262E-02  1.7181E-02
  2.7824E-03  1.4247E-03  1.5363E-02  1.7296E-02
  2.8019E-03  1.4347E-03  1.5466E-02  1.7411E-02
  2.8215E-03  1.4447E-03  1.5569E-02  1.7527E-02
  2.8412E-03  1.4548E-03  1.5672E-02  1.7643E-02
  2.8611E-03  1.4650E-03  1.5777E-02  1.7761E-02
  2.8810E-03  1.4752E-03  1.5881E-02  1.7878E-02
  2.9011E-03  1.4855E-03  1.5987E-02  1.7997E-02
  2.9214E-03  1.4959E-03  1.6092E-02  1.8116E-02
  2.9417E-03  1.5063E-03  1.6199E-02  1.8236E-02
  2.9622E-03  1.5168E-03  1.6306E-02  1.8356E-02
  2.9828E-03  1.5273E-03  1.6413E-02  1.8477E-02
  3.0035E-03  1.5379E-03  1.6521E-02  1.8599E-02
  3.0243E-03  1.5486E-03  1.6630E-02  1.8721E-02
  3.0453E-03  1.5593E-03  1.6740E-02  1.8844E-02
  3.0664E-03  1.5701E-03  1.6849E-02  1.8968E-02
  3.0876E-03  1.5810E-03  1.6960E-02  1.9092E-02
  3.1090E-03  1.5920E-03  1.7071E-02  1.9217E-02
  3.1305E-03  1.6030E-03  1.7183E-02  1.9343E-02
  3.1521E-03  1.6140E-03  1.7295E-02  1.9469E-02
  3.1739E-03  1.6252E-03  1.7408E-02  1.9597E-02
  3.1958E-03  1.6364E-03  1.7522E-02  1.9724E-02
  3.2178E-03  1.6477E-03  1.7636E-02  1.9853E-02
  3.2399E-03  1.6590E-03  1.7750E-02  1.9982E-02
  3.2622E-03  1.6704E-03  1.7866E-02  2.0112E-02
  3.2847E-03  1.6819E-03  1.7982E-02  2.0242E-02
  3.3072E-03  1.6935E-03  1.8098E-02  2.0373E-02
  3.3299E-03  1.7051E-03  1.8216E-02  2.0505E-02
  3.3528E-03  1.7168E-03  1.8334E-02  2.0638E-02
  3.3758E-03  1.7285E-03  1.8452E-02  2.0771E-02
  3.3989E-03  1.7404E-03  1.8571E-02  2.0905E-02
  3.4221E-03  1.7523E-03  1.8691E-02  2.1040E-02
  3.4455E-03  1.7643E-03  1.8811E-02  2.1176E-02
  3.4691E-03  1.7763E-03  1.8932E-02  2.1312E-02
  3.4928E-03  1.7885E-03  1.9054E-02  2.1449E-02
  3.5166E-03  1.8007E-03  1.9176E-02  2.1586E-02
  3.5406E-03  1.8130E-03  1.9299E-02  2.1725E-02
  3.5647E-03  1.8253E-03  1.9423E-02  2.1864E-02
  3.5890E-03  1.8377E-03  1.9547E-02  2.2004E-02
  3.6134E-03  1.8503E-03  1.9672E-02  2.2144E-02
  3.6380E-03  1.8628E-03  1.9798E-02  2.2286E-02
  3.6628E-03  1.8755E-03  1.9924E-02  2.2428E-02
  3.6876E-03  1.8882E-03  2.0051E-02  2.2571E-02
  3.7127E-03  1.9011E-03  2.0179E-02  2.2714E-02
  3.7378E-03  1.9139E-03  2.0307E-02  2.2859E-02
  3.7632E-03  1.9269E-03  2.0436E-02  2.3004E-02
  3.7887E-03  1.9400E-03  2.0566E-02  2.3149E-02
  3.8143E-03  1.9531E-03  2.0696E-02  2.3296E-02
  3.8401E-03  1.9663E-03  2.0827E-02  2.3444E-02
  3.8661E-03  1.9796E-03  2.0959E-02  2.3592E-02
  3.8922E-03  1.9930E-03  2.1091E-02  2.3741E-02
  3.9185E-03  2.0064E-03  2.1224E-02  2.3890E-02
  3.9449E-03  2.0200E-03  2.1358E-02  2.4041E-02
  3.9715E-03  2.0336E-03  2.1492E-02  2.4192E-02
  3.9983E-03  2.0473E-03  2.1628E-02  2.4344E-02
  4.0252E-03  2.0611E-03  2.1763E-02  2.4497E-02
  4.0523E-03  2.0750E-03  2.1900E-02  2.4651E-02
  4.0796E-03  2.0889E-03  2.2037E-02  2.4805E-02
  4.1070E-03  2.1030E-03  2.2175E-02  2.4961E-02
  4.1346E-03  2.1171E-03  2.2314E-02  2.5117E-02
  4.1624E-03  2.1313E-03  2.2454E-02  2.5274E-02
  4.1903E-03  2.1456E-03  2.2594E-02  2.5431E-02
  4.2184E-03  2.1600E-03  2.2735E-02  2.5590E-02
  4.2467E-03  2.1745E-03  2.2876E-02  2.5749E-02
  4.2751E-03  2.1890E-03  2.3019E-02  2.5909E-02
  4.3037E-03  2.2037E-03  2.3162E-02  2.6070E-02
  4.3325E-03  2.2184E-03  2.3306E-02  2.6232E-02
  4.3615E-03  2.2333E-03  2.3450E-02  2.6395E-02
  4.3907E-03  2.2482E-03  2.3596E-02  2.6558E-02
  4.4200E-03  2.2632E-03  2.3742E-02  2.6723E-02
  4.4495E-03  2.2783E-03  2.3889E-02  2.6888E-02
  4.4792E-03  2.2935E-03  2.4036E-02  2.7054E-02
  4.5090E-03  2.3088E-03  2.4184E-02  2.7221E-02
  4.5391E-03  2.3242E-03  2.4334E-02  2.7389E-02
  4.5693E-03  2.3397E-03  2.4483E-02  2.7557E-02
  4.5998E-03  2.3553E-03  2.4634E-02  2.7727E-02
  4.6304E-03  2.3709E-03  2.4785E-02  2.7897E-02
  4.6612E-03  2.3867E-03  2.4938E-02  2.8068E-02
  4.6921E-03  2.4026E-03  2.5090E-02  2.8240E-02
  4.7233E-03  2.4185E-03  2.5244E-02  2.8413E-02
  4.7547E-03  2.4346E-03  2.5399E-02  2.8587E-02
  4.7862E-03  2.4508E-03  2.5554E-02  2.8761E-02
  4.8180E-03  2.4670E-03  2.5710E-02  2.8937E-02
  4.8499E-03  2.4834E-03  2.5867E-02  2.9113E-02
  4.8820E-03  2.4998E-03  2.6024E-02  2.9291E-02
  4.9144E-03  2.5164E-03  2.6183E-02  2.9469E-02
  4.9469E-03  2.5330E-03  2.6342E-02  2.9648E-02
  4.9796E-03  2.5498E-03  2.6502E-02  2.9828E-02
  5.0126E-03  2.5666E-03  2.6663E-02  3.0009E-02
  5.0457E-03  2.5836E-03  2.6825E-02  3.0191E-02
  5.0790E-03  2.6007E-03  2.6987E-02  3.0374E-02
  5.1126E-03  2.6178E-03  2.7150E-02  3.0557E-02
  5.1463E-03  2.6351E-03  2.7314E-02  3.0742E-02
  5.1802E-03  2.6525E-03  2.7479E-02  3.0927E-02
  5.2144E-03  2.6700E-03  2.7645E-02  3.1114E-02
  5.2488E-03  2.6876E-03  2.7812E-02  3.1301E-02
  5.2833E-03  2.7053E-03  2.7979E-02  3.1489E-02
  5.3181E-03  2.7231E-03  2.8147E-02  3.1678E-02
  5.3531E-03  2.7410E-03  2.8316E-02  3.1868E-02
  5.3883E-03  2.7591E-03  2.8486E-02  3.2059E-02
  5.4238E-03  2.7772E-03  2.8657E-02  3.2251E-02
  5.4594E-03  2.7954E-03  2.8828E-02  3.2444E-02
  5.4953E-03  2.8138E-03  2.9000E-02  3.2638E-02
  5.5314E-03  2.8323E-03  2.9174E-02  3.2833E-02
  5.5677E-03  2.8509E-03  2.9348E-02  3.3029E-02
  5.6042E-03  2.8696E-03  2.9523E-02  3.3225E-02
  5.6409E-03  2.8884E-03  2.9698E-02  3.3423E-02
  5.6779E-03  2.9073E-03  2.9875E-02  3.3622E-02
  5.7151E-03  2.9264E-03  3.0053E-02  3.3821E-02
  5.7525E-03  2.9455E-03  3.0231E-02  3.4022E-02
  5.7902E-03  2.9648E-03  3.0410E-02  3.4223E-02
  5.8281E-03  2.9842E-03  3.0590E-02  3.4426E-02
  5.8662E-03  3.0037E-03  3.0771E-02  3.4629E-02
  5.9045E-03  3.0234E-03  3.0953E-02  3.4834E-02
  5.9431E-03  3.0431E-03  3.1136E-02  3.5039E-02
  5.9819E-03  3.0630E-03  3.1319E-02  3.5246E-02
  6.0210E-03  3.0830E-03  3.1504E-02  3.5453E-02
  6.0603E-03  3.1031E-03  3.1689E-02  3.5662E-02
  6.0998E-03  3.1233E-03  3.1875E-02  3.5871E-02
  6.1396E-03  3.1437E-03  3.2062E-02  3.6082E-02
  6.1796E-03  3.1642E-03  3.2250E-02  3.6293E-02
  6.2199E-03  3.1848E-03  3.2439E-02  3.6505E-02
  6.2604E-03  3.2056E-03  3.2629E-02  3.6719E-02
  6.3011E-03  3.2264E-03  3.2820E-02  3.6933E-02
  6.3422E-03  3.2474E-03  3.3011E-02  3.7149E-02
  6.3834E-03  3.2686E-03  3.3204E-02  3.7365E-02
  6.4249E-03  3.2898E-03  3.3397E-02  3.7583E-02
  6.4667E-03  3.3112E-03  3.3592E-02  3.7801E-02
  6.5087E-03  3.3327E-03  3.3787E-02  3.8021E-02
  6.5510E-03  3.3544E-03  3.3983E-02  3.8241E-02
  6.5935E-03  3.3761E-03  3.4180E-02  3.8463E-02
  6.6363E-03  3.3980E-03  3.4378E-02  3.8685E-02
  6.6794E-03  3.4201E-03  3.4577E-02  3.8909E-02
  6.7227E-03  3.4423E-03  3.4777E-02  3.9134E-02
  6.7663E-03  3.4646E-03  3.4978E-02  3.9360E-02
  6.8101E-03  3.4870E-03  3.5179E-02  3.9586E-02
  6.8543E-03  3.5096E-03  3.5382E-02  3.9814E-02
  6.8986E-03  3.5324E-03  3.5586E-02  4.0043E-02
  6.9433E-03  3.5552E-03  3.5790E-02  4.0273E-02
  6.9882E-03  3.5782E-03  3.5996E-02  4.0504E-02
  7.0334E-03  3.6014E-03  3.6202E-02  4.0736E-02
  7.0789E-03  3.6247E-03  3.6409E-02  4.0969E-02
  7.1247E-03  3.6481E-03  3.6618E-02  4.1203E-02
  7.1707E-03  3.6717E-03  3.6827E-02  4.1438E-02
  7.2171E-03  3.6954E-03  3.7037E-02  4.1675E-02
  7.2637E-03  3.7193E-03  3.7248E-02  4.1912E-02
  7.3106E-03  3.7433E-03  3.7460E-02  4.2150E-02
  7.3577E-03  3.7674E-03  3.7673E-02  4.2390E-02
  7.4052E-03  3.7917E-03  3.7887E-02  4.2630E-02
  7.4530E-03  3.8162E-03  3.8102E-02  4.2872E-02
  7.5010E-03  3.8408E-03  3.8318E-02  4.3115E-02
  7.5494E-03  3.8655E-03  3.8535E-02  4.3359E-02
  7.5980E-03  3.8904E-03  3.8753E-02  4.3603E-02
  7.6469E-03  3.9155E-03  3.8972E-02  4.3849E-02
  7.6962E-03  3.9407E-03  3.9191E-02  4.4096E-02
  7.7457E-03  3.9661E-03  3.9412E-02  4.4345E-02
  7.7956E-03  3.9916E-03  3.9634E-02  4.4594E-02
  7.8457E-03  4.0173E-03  3.9857E-02  4.4844E-02
  7.8961E-03  4.0431E-03  4.0080E-02  4.5096E-02
  7.9469E-03  4.0691E-03  4.0305E-02  4.5348E-02
  7.9980E-03  4.0952E-03  4.0531E-02  4.5602E-02
  8.0494E-03  4.1215E-03  4.0757E-02  4.5856E-02
  8.1011E-03  4.1480E-03  4.0985E-02  4.6112E-02
  8.1531E-03  4.1746E-03  4.1213E-02  4.6369E-02
  8.2054E-03  4.2014E-03  4.1443E-02  4.6627E-02
  8.2580E-03  4.2284E-03  4.1673E-02  4.6886E-02
  8.3110E-03  4.2555E-03  4.1905E-02  4.7147E-02
  8.3643E-03  4.2828E-03  4.2138E-02  4.7408E-02
  8.4179E-03  4.3102E-03  4.2371E-02  4.7670E-02
  8.4719E-03  4.3379E-03  4.2606E-02  4.7934E-02
  8.5262E-03  4.3657E-03  4.2841E-02  4.8199E-02
  8.5808E-03  4.3936E-03  4.3078E-02  4.8464E-02
  8.6357E-03  4.4218E-03  4.3315E-02  4.8731E-02
  8.6910E-03  4.4501E-03  4.3554E-02  4.8999E-02
  8.7466E-03  4.4785E-03  4.3793E-02  4.9268E-02
  8.8026E-03  4.5072E-03  4.4034E-02  4.9539E-02
  8.8589E-03  4.5360E-03  4.4275E-02  4.9810E-02
  8.9155E-03  4.5650E-03  4.4518E-02  5.0083E-02
  8.9725E-03  4.5942E-03  4.4761E-02  5.0356E-02
  9.0299E-03  4.6236E-03  4.5006E-02  5.0631E-02
  9.0876E-03  4.6531E-03  4.5251E-02  5.0907E-02
  9.1456E-03  4.6828E-03  4.5498E-02  5.1184E-02
  9.2040E-03  4.7127E-03  4.5745E-02  5.1462E-02
  9.2628E-03  4.7428E-03  4.5994E-02  5.1741E-02
  9.3219E-03  4.7731E-03  4.6243E-02  5.2022E-02
  9.3813E-03  4.8035E-03  4.6494E-02  5.2303E-02
  9.4412E-03  4.8341E-03  4.6746E-02  5.2586E-02
  9.5014E-03  4.8650E-03  4.6998E-02  5.2870E-02
  9.5620E-03  4.8960E-03  4.7252E-02  5.3155E-02
  9.6229E-03  4.9272E-03  4.7506E-02  5.3441E-02
  9.6842E-03  4.9586E-03  4.7762E-02  5.3728E-02
  9.7459E-03  4.9902E-03  4.8019E-02  5.4016E-02
  9.8080E-03  5.0219E-03  4.8276E-02  5.4305E-02
  9.8704E-03  5.0539E-03  4.8535E-02  5.4596E-02
  9.9333E-03  5.0861E-03  4.8795E-02  5.4888E-02
  9.9965E-03  5.1184E-03  4.9055E-02  5.5180E-02
  1.0060E-02  5.1510E-03  4.9317E-02  5.5474E-02
  1.0124E-02  5.1838E-03  4.9580E-02  5.5770E-02
  1.0188E-02  5.2167E-03  4.9843E-02  5.6066E-02
  1.0253E-02  5.2499E-03  5.0108E-02  5.6363E-02
  1.0318E-02  5.2832E-03  5.0374E-02  5.6661E-02
  1.0384E-02  5.3168E-03  5.0640E-02  5.6961E-02
  1.0450E-02  5.3506E-03  5.0908E-02  5.7262E-02
  1.0516E-02  5.3846E-03  5.1177E-02  5.7564E-02
  1.0583E-02  5.4188E-03  5.1447E-02  5.7867E-02
  1.0650E-02  5.4532E-03  5.1717E-02  5.8171E-02
  1.0718E-02  5.4878E-03  5.1989E-02  5.8476E-02
  1.0786E-02  5.5226E-03  5.2262E-02  5.8782E-02
  1.0854E-02  5.5576E-03  5.2536E-02  5.9090E-02
  1.0923E-02  5.5929E-03  5.2810E-02  5.9398E-02
  1.0992E-02  5.6283E-03  5.3086E-02  5.9708E-02
  1.1062E-02  5.6640E-03  5.3363E-02  6.0019E-02
  1.1132E-02  5.6999E-03  5.3641E-02  6.0331E-02
  1.1203E-02  5.7360E-03  5.3919E-02  6.0644E-02
  1.1274E-02  5.7724E-03  5.4199E-02  6.0958E-02
  1.1345E-02  5.8089E-03  5.4480E-02  6.1273E-02
  1.1417E-02  5.8457E-03  5.4762E-02  6.1589E-02
  1.1489E-02  5.8827E-03  5.5044E-02  6.1907E-02
  1.1562E-02  5.9199E-03  5.5328E-02  6.2225E-02
  1.1635E-02  5.9574E-03  5.5613E-02  6.2545E-02
  1.1709E-02  5.9951E-03  5.5899E-02  6.2866E-02
  1.1783E-02  6.0330E-03  5.6185E-02  6.3188E-02
  1.1857E-02  6.0712E-03  5.6473E-02  6.3511E-02
  1.1932E-02  6.1095E-03  5.6762E-02  6.3835E-02
  1.2008E-02  6.1482E-03  5.7051E-02  6.4160E-02
  1.2084E-02  6.1870E-03  5.7342E-02  6.4486E-02
  1.2160E-02  6.2261E-03  5.7633E-02  6.4813E-02
  1.2237E-02  6.2654E-03  5.7926E-02  6.5142E-02
  1.2314E-02  6.3050E-03  5.8219E-02  6.5471E-02
  1.2392E-02  6.3448E-03  5.8514E-02  6.5802E-02
  1.2470E-02  6.3849E-03  5.8809E-02  6.6133E-02
  1.2549E-02  6.4252E-03  5.9106E-02  6.6466E-02
  1.2628E-02  6.4657E-03  5.9403E-02  6.6800E-02
  1.2708E-02  6.5065E-03  5.9701E-02  6.7135E-02
  1.2788E-02  6.5476E-03  6.0001E-02  6.7470E-02
  1.2869E-02  6.5889E-03  6.0301E-02  6.7807E-02
  1.2950E-02  6.6304E-03  6.0602E-02  6.8145E-02
  1.3031E-02  6.6722E-03  6.0904E-02  6.8484E-02
  1.3114E-02  6.7143E-03  6.1207E-02  6.8824E-02
  1.3196E-02  6.7566E-03  6.1511E-02  6.9165E-02
  1.3279E-02  6.7992E-03  6.1816E-02  6.9507E-02
  1.3363E-02  6.8420E-03  6.2121E-02  6.9851E-02
  1.3447E-02  6.8851E-03  6.2428E-02  7.0195E-02
  1.3532E-02  6.9284E-03  6.2736E-02  7.0540E-02
  1.3617E-02  6.9721E-03  6.3044E-02  7.0886E-02
  1.3703E-02  7.0160E-03  6.3354E-02  7.1233E-02
  1.3789E-02  7.0601E-03  6.3664E-02  7.1581E-02
  1.3876E-02  7.1045E-03  6.3975E-02  7.1930E-02
  1.3963E-02  7.1492E-03  6.4287E-02  7.2280E-02
  1.4051E-02  7.1942E-03  6.4600E-02  7.2632E-02
  1.4140E-02  7.2395E-03  6.4914E-02  7.2984E-02
  1.4229E-02  7.2850E-03  6.5229E-02  7.3337E-02
  1.4318E-02  7.3308E-03  6.5544E-02  7.3691E-02
  1.4408E-02  7.3769E-03  6.5861E-02  7.4046E-02
  1.4499E-02  7.4232E-03  6.6178E-02  7.4402E-02
  1.4590E-02  7.4699E-03  6.6496E-02  7.4758E-02
  1.4681E-02  7.5168E-03  6.6815E-02  7.5116E-02
  1.4774E-02  7.5640E-03  6.7135E-02  7.5475E-02
  1.4866E-02  7.6115E-03  6.7456E-02  7.5834E-02
  1.4960E-02  7.6593E-03  6.7777E-02  7.6195E-02
  1.5054E-02  7.7074E-03  6.8099E-02  7.6556E-02
  1.5148E-02  7.7558E-03  6.8423E-02  7.6919E-02
  1.5243E-02  7.8045E-03  6.8746E-02  7.7282E-02
  1.5339E-02  7.8535E-03  6.9071E-02  7.7646E-02
  1.5435E-02  7.9027E-03  6.9397E-02  7.8011E-02
  1.5532E-02  7.9523E-03  6.9723E-02  7.8377E-02
  1.5630E-02  8.0022E-03  7.0050E-02  7.8744E-02
  1.5728E-02  8.0524E-03  7.0378E-02  7.9111E-02
  1.5826E-02  8.1029E-03  7.0706E-02  7.9479E-02
  1.5926E-02  8.1537E-03  7.1036E-02  7.9849E-02
  1.6025E-02  8.2048E-03  7.1366E-02  8.0219E-02
  1.6126E-02  8.2562E-03  7.1697E-02  8.0589E-02
  1.6227E-02  8.3079E-03  7.2028E-02  8.0961E-02
  1.6329E-02  8.3600E-03  7.2360E-02  8.1333E-02
  1.6431E-02  8.4123E-03  7.2693E-02  8.1706E-02
  1.6534E-02  8.4650E-03  7.3027E-02  8.2080E-02
  1.6637E-02  8.5180E-03  7.3361E-02  8.2455E-02
  1.6742E-02  8.5714E-03  7.3696E-02  8.2831E-02
  1.6846E-02  8.6250E-03  7.4032E-02  8.3207E-02
  1.6952E-02  8.6790E-03  7.4368E-02  8.3584E-02
  1.7058E-02  8.7333E-03  7.4705E-02  8.3961E-02
  1.7165E-02  8.7880E-03  7.5043E-02  8.4339E-02
  1.7272E-02  8.8430E-03  7.5381E-02  8.4718E-02
  1.7380E-02  8.8983E-03  7.5720E-02  8.5098E-02
  1.7489E-02  8.9540E-03  7.6059E-02  8.5478E-02
  1.7599E-02  9.0100E-03  7.6399E-02  8.5859E-02
  1.7709E-02  9.0663E-03  7.6740E-02  8.6241E-02
  1.7819E-02  9.1230E-03  7.7081E-02  8.6623E-02
  1.7931E-02  9.1800E-03  7.7423E-02  8.7006E-02
  1.8043E-02  9.2374E-03  7.7765E-02  8.7389E-02
  1.8156E-02  9.2951E-03  7.8108E-02  8.7773E-02
  1.8269E-02  9.3532E-03  7.8451E-02  8.8158E-02
  1.8383E-02  9.4116E-03  7.8795E-02  8.8543E-02
  1.8498E-02  9.4704E-03  7.9140E-02  8.8928E-02
  1.8614E-02  9.5296E-03  7.9485E-02  8.9315E-02
  1.8730E-02  9.5891E-03  7.9830E-02  8.9701E-02
  1.8847E-02  9.6490E-03  8.0176E-02  9.0089E-02
  1.8965E-02  9.7092E-03  8.0522E-02  9.0476E-02
  1.9083E-02  9.7698E-03  8.0869E-02  9.0864E-02
  1.9202E-02  9.8308E-03  8.1216E-02  9.1253E-02
  1.9322E-02  9.8921E-03  8.1563E-02  9.1642E-02
  1.9443E-02  9.9539E-03  8.1911E-02  9.2031E-02
  1.9564E-02  1.0016E-02  8.2259E-02  9.2421E-02
  1.9686E-02  1.0078E-02  8.2608E-02  9.2811E-02
  1.9809E-02  1.0141E-02  8.2957E-02  9.3202E-02
  1.9933E-02  1.0205E-02  8.3306E-02  9.3593E-02
  2.0057E-02  1.0268E-02  8.3656E-02  9.3984E-02
  2.0182E-02  1.0332E-02  8.4006E-02  9.4375E-02
  2.0308E-02  1.0397E-02  8.4356E-02  9.4767E-02
  2.0435E-02  1.0461E-02  8.4707E-02  9.5159E-02
  2.0562E-02  1.0527E-02  8.5057E-02  9.5552E-02
  2.0690E-02  1.0592E-02  8.5408E-02  9.5944E-02
  2.0819E-02  1.0658E-02  8.5759E-02  9.6337E-02
  2.0949E-02  1.0725E-02  8.6111E-02  9.6730E-02
  2.1080E-02  1.0791E-02  8.6462E-02  9.7123E-02
  2.1211E-02  1.0859E-02  8.6814E-02  9.7516E-02
  2.1343E-02  1.0926E-02  8.7166E-02  9.7910E-02
  2.1476E-02  1.0994E-02  8.7518E-02  9.8303E-02
  2.1610E-02  1.1063E-02  8.7870E-02  9.8697E-02
  2.1745E-02  1.1132E-02  8.8222E-02  9.9091E-02
  2.1880E-02  1.1201E-02  8.8575E-02  9.9485E-02
  2.2016E-02  1.1271E-02  8.8927E-02  9.9878E-02
  2.2153E-02  1.1341E-02  8.9279E-02  1.0027E-01
  2.2291E-02  1.1411E-02  8.9632E-02  1.0067E-01
  2.2430E-02  1.1482E-02  8.9984E-02  1.0106E-01
  2.2570E-02  1.1554E-02  9.0336E-02  1.0145E-01
  2.2710E-02  1.1626E-02  9.0688E-02  1.0185E-01
  2.2851E-02  1.1698E-02  9.1041E-02  1.0224E-01
  2.2994E-02  1.1771E-02  9.1393E-02  1.0263E-01
  2.3137E-02  1.1844E-02  9.1745E-02  1.0303E-01
  2.3281E-02  1.1918E-02  9.2097E-02  1.0342E-01
  2.3425E-02  1.1992E-02  9.2448E-02  1.0381E-01
  2.3571E-02  1.2066E-02  9.2800E-02  1.0421E-01
  2.3718E-02  1.2141E-02  9.3151E-02  1.0460E-01
  2.3865E-02  1.2217E-02  9.3502E-02  1.0499E-01
  2.4014E-02  1.2293E-02  9.3853E-02  1.0538E-01
  2.4163E-02  1.2369E-02  9.4204E-02  1.0577E-01
  2.4313E-02  1.2446E-02  9.4554E-02  1.0616E-01
  2.4464E-02  1.2523E-02  9.4904E-02  1.0655E-01
  2.4616E-02  1.2601E-02  9.5253E-02  1.0694E-01
  2.4769E-02  1.2679E-02  9.5603E-02  1.0733E-01
  2.4923E-02  1.2758E-02  9.5952E-02  1.0772E-01
  2.5078E-02  1.2837E-02  9.6300E-02  1.0811E-01
  2.5234E-02  1.2917E-02  9.6648E-02  1.0850E-01
  2.5391E-02  1.2997E-02  9.6995E-02  1.0889E-01
  2.5548E-02  1.3078E-02  9.7342E-02  1.0927E-01
  2.5707E-02  1.3159E-02  9.7689E-02  1.0966E-01
  2.5867E-02  1.3241E-02  9.8035E-02  1.1005E-01
  2.6027E-02  1.3323E-02  9.8380E-02  1.1043E-01
  2.6189E-02  1.3406E-02  9.8725E-02  1.1082E-01
  2.6352E-02  1.3489E-02  9.9069E-02  1.1120E-01
  2.6515E-02  1.3572E-02  9.9412E-02  1.1158E-01
  2.6680E-02  1.3657E-02  9.9755E-02  1.1196E-01
  2.6845E-02  1.3741E-02  1.0010E-01  1.1234E-01
  2.7012E-02  1.3827E-02  1.0044E-01  1.1272E-01
  2.7180E-02  1.3912E-02  1.0078E-01  1.1310E-01
  2.7348E-02  1.3999E-02  1.0112E-01  1.1348E-01
  2.7518E-02  1.4085E-02  1.0146E-01  1.1386E-01
  2.7689E-02  1.4173E-02  1.0180E-01  1.1424E-01
  2.7860E-02  1.4260E-02  1.0213E-01  1.1461E-01
  2.8033E-02  1.4349E-02  1.0247E-01  1.1498E-01
  2.8207E-02  1.4438E-02  1.0280E-01  1.1536E-01
  2.8382E-02  1.4527E-02  1.0314E-01  1.1573E-01
  2.8558E-02  1.4617E-02  1.0347E-01  1.1610E-01
  2.8735E-02  1.4708E-02  1.0380E-01  1.1647E-01
  2.8913E-02  1.4799E-02  1.0413E-01  1.1684E-01
  2.9093E-02  1.4891E-02  1.0446E-01  1.1720E-01
  2.9273E-02  1.4983E-02  1.0479E-01  1.1757E-01
  2.9454E-02  1.5076E-02  1.0512E-01  1.1793E-01
  2.9637E-02  1.5169E-02  1.0545E-01  1.1830E-01
  2.9821E-02  1.5263E-02  1.0577E-01  1.1866E-01
  3.0005E-02  1.5357E-02  1.0609E-01  1.1902E-01
  3.0191E-02  1.5453E-02  1.0642E-01  1.1937E-01
  3.0378E-02  1.5548E-02  1.0674E-01  1.1973E-01
  3.0567E-02  1.5644E-02  1.0706E-01  1.2008E-01
  3.0756E-02  1.5741E-02  1.0738E-01  1.2044E-01
  3.0946E-02  1.5839E-02  1.0769E-01  1.2079E-01
  3.1138E-02  1.5937E-02  1.0801E-01  1.2114E-01
  3.1331E-02  1.6035E-02  1.0832E-01  1.2149E-01
  3.1525E-02  1.6135E-02  1.0863E-01  1.2183E-01
  3.1720E-02  1.6234E-02  1.0894E-01  1.2218E-01
  3.1917E-02  1.6335E-02  1.0925E-01  1.2252E-01
  3.2114E-02  1.6436E-02  1.0956E-01  1.2286E-01
  3.2313E-02  1.6537E-02  1.0986E-01  1.2320E-01
  3.2513E-02  1.6640E-02  1.1017E-01  1.2353E-01
  3.2714E-02  1.6743E-02  1.1047E-01  1.2386E-01
  3.2917E-02  1.6846E-02  1.1077E-01  1.2420E-01
  3.3121E-02  1.6950E-02  1.1106E-01  1.2453E-01
  3.3326E-02  1.7055E-02  1.1136E-01  1.2485E-01
  3.3532E-02  1.7161E-02  1.1165E-01  1.2518E-01
  3.3739E-02  1.7267E-02  1.1194E-01  1.2550E-01
  3.3948E-02  1.7373E-02  1.1223E-01  1.2582E-01
  3.4158E-02  1.7481E-02  1.1252E-01  1.2614E-01
  3.4369E-02  1.7589E-02  1.1281E-01  1.2645E-01
  3.4582E-02  1.7697E-02  1.1309E-01  1.2676E-01
  3.4796E-02  1.7807E-02  1.1337E-01  1.2707E-01
  3.5011E-02  1.7917E-02  1.1365E-01  1.2738E-01
  3.5228E-02  1.8027E-02  1.1392E-01  1.2768E-01
  3.5446E-02  1.8139E-02  1.1420E-01  1.2799E-01
  3.5665E-02  1.8251E-02  1.1447E-01  1.2829E-01
  3.5885E-02  1.8363E-02  1.1474E-01  1.2858E-01
  3.6107E-02  1.8477E-02  1.1500E-01  1.2887E-01
  3.6330E-02  1.8591E-02  1.1527E-01  1.2916E-01
  3.6555E-02  1.8706E-02  1.1553E-01  1.2945E-01
  3.6781E-02  1.8821E-02  1.1579E-01  1.2973E-01
  3.7008E-02  1.8937E-02  1.1604E-01  1.3001E-01
  3.7237E-02  1.9054E-02  1.1629E-01  1.3029E-01
  3.7467E-02  1.9172E-02  1.1654E-01  1.3057E-01
  3.7699E-02  1.9290E-02  1.1679E-01  1.3084E-01
  3.7932E-02  1.9409E-02  1.1704E-01  1.3110E-01
  3.8166E-02  1.9529E-02  1.1728E-01  1.3137E-01
  3.8402E-02  1.9650E-02  1.1751E-01  1.3163E-01
  3.8639E-02  1.9771E-02  1.1775E-01  1.3189E-01
  3.8878E-02  1.9893E-02  1.1798E-01  1.3214E-01
  3.9118E-02  2.0015E-02  1.1821E-01  1.3239E-01
  3.9360E-02  2.0139E-02  1.1843E-01  1.3263E-01
  3.9603E-02  2.0263E-02  1.1866E-01  1.3288E-01
  3.9847E-02  2.0388E-02  1.1887E-01  1.3311E-01
  4.0094E-02  2.0514E-02  1.1909E-01  1.3335E-01
  4.0341E-02  2.0640E-02  1.1930E-01  1.3358E-01
  4.0590E-02  2.0768E-02  1.1951E-01  1.3381E-01
  4.0841E-02  2.0896E-02  1.1971E-01  1.3403E-01
  4.1093E-02  2.1024E-02  1.1992E-01  1.3425E-01
  4.1347E-02  2.1154E-02  1.2011E-01  1.3446E-01
  4.1602E-02  2.1284E-02  1.2031E-01  1.3467E-01
  4.1859E-02  2.1416E-02  1.2050E-01  1.3487E-01
  4.2117E-02  2.1548E-02  1.2068E-01  1.3508E-01
  4.2377E-02  2.1680E-02  1.2086E-01  1.3527E-01
  4.2639E-02  2.1814E-02  1.2104E-01  1.3546E-01
  4.2902E-02  2.1948E-02  1.2122E-01  1.3565E-01
  4.3167E-02  2.2083E-02  1.2139E-01  1.3583E-01
  4.3433E-02  2.2220E-02  1.2155E-01  1.3601E-01
  4.3701E-02  2.2356E-02  1.2171E-01  1.3618E-01
  4.3971E-02  2.2494E-02  1.2187E-01  1.3635E-01
  4.4242E-02  2.2633E-02  1.2202E-01  1.3651E-01
  4.4515E-02  2.2772E-02  1.2217E-01  1.3667E-01
  4.4790E-02  2.2912E-02  1.2232E-01  1.3683E-01
  4.5066E-02  2.3053E-02  1.2246E-01  1.3697E-01
  4.5344E-02  2.3195E-02  1.2259E-01  1.3712E-01
  4.5624E-02  2.3338E-02  1.2272E-01  1.3725E-01
  4.5905E-02  2.3482E-02  1.2285E-01  1.3738E-01
  4.6188E-02  2.3626E-02  1.2297E-01  1.3751E-01
  4.6473E-02  2.3772E-02  1.2308E-01  1.3763E-01
  4.6760E-02  2.3918E-02  1.2320E-01  1.3775E-01
  4.7048E-02  2.4065E-02  1.2330E-01  1.3786E-01
  4.7338E-02  2.4213E-02  1.2340E-01  1.3796E-01
  4.7630E-02  2.4362E-02  1.2350E-01  1.3806E-01
  4.7924E-02  2.4512E-02  1.2359E-01  1.3815E-01
  4.8219E-02  2.4663E-02  1.2368E-01  1.3824E-01
  4.8517E-02  2.4814E-02  1.2376E-01  1.3832E-01
  4.8816E-02  2.4967E-02  1.2383E-01  1.3839E-01
  4.9117E-02  2.5121E-02  1.2390E-01  1.3846E-01
  4.9420E-02  2.5275E-02  1.2397E-01  1.3852E-01
  4.9724E-02  2.5431E-02  1.2403E-01  1.3858E-01
  5.0031E-02  2.5587E-02  1.2408E-01  1.3863E-01
  5.0339E-02  2.5744E-02  1.2413E-01  1.3867E-01
  5.0649E-02  2.5903E-02  1.2417E-01  1.3870E-01
  5.0961E-02  2.6062E-02  1.2421E-01  1.3873E-01
  5.1276E-02  2.6222E-02  1.2424E-01  1.3876E-01
  5.1591E-02  2.6383E-02  1.2426E-01  1.3877E-01
  5.1909E-02  2.6545E-02  1.2428E-01  1.3878E-01
  5.2229E-02  2.6708E-02  1.2429E-01  1.3878E-01
  5.2551E-02  2.6873E-02  1.2430E-01  1.3878E-01
  5.2875E-02  2.7038E-02  1.2430E-01  1.3877E-01
  5.3201E-02  2.7204E-02  1.2429E-01  1.3875E-01
  5.3528E-02  2.7371E-02  1.2428E-01  1.3872E-01
  5.3858E-02  2.7539E-02  1.2426E-01  1.3869E-01
  5.4190E-02  2.7708E-02  1.2424E-01  1.3865E-01
  5.4524E-02  2.7878E-02  1.2421E-01  1.3860E-01
  5.4859E-02  2.8050E-02  1.2417E-01  1.3854E-01
  5.5197E-02  2.8222E-02  1.2412E-01  1.3848E-01
  5.5537E-02  2.8395E-02  1.2407E-01  1.3841E-01
  5.5879E-02  2.8569E-02  1.2401E-01  1.3833E-01
  5.6223E-02  2.8745E-02  1.2395E-01  1.3824E-01
  5.6570E-02  2.8921E-02  1.2387E-01  1.3814E-01
  5.6918E-02  2.9099E-02  1.2379E-01  1.3804E-01
  5.7268E-02  2.9277E-02  1.2371E-01  1.3793E-01
  5.7621E-02  2.9457E-02  1.2361E-01  1.3781E-01
  5.7976E-02  2.9638E-02  1.2351E-01  1.3768E-01
  5.8333E-02  2.9820E-02  1.2340E-01  1.3755E-01
  5.8692E-02  3.0003E-02  1.2329E-01  1.3740E-01
  5.9053E-02  3.0187E-02  1.2316E-01  1.3725E-01
  5.9417E-02  3.0372E-02  1.2303E-01  1.3709E-01
  5.9782E-02  3.0558E-02  1.2289E-01  1.3692E-01
  6.0150E-02  3.0746E-02  1.2275E-01  1.3674E-01
  6.0521E-02  3.0934E-02  1.2259E-01  1.3655E-01
  6.0893E-02  3.1124E-02  1.2243E-01  1.3635E-01
  6.1268E-02  3.1315E-02  1.2226E-01  1.3615E-01
  6.1645E-02  3.1507E-02  1.2208E-01  1.3593E-01
  6.2024E-02  3.1700E-02  1.2190E-01  1.3571E-01
  6.2406E-02  3.1894E-02  1.2170E-01  1.3547E-01
  6.2790E-02  3.2090E-02  1.2150E-01  1.3523E-01
  6.3176E-02  3.2287E-02  1.2129E-01  1.3498E-01
  6.3565E-02  3.2485E-02  1.2107E-01  1.3471E-01
  6.3956E-02  3.2684E-02  1.2085E-01  1.3444E-01
  6.4350E-02  3.2884E-02  1.2061E-01  1.3416E-01
  6.4746E-02  3.3085E-02  1.2037E-01  1.3387E-01
  6.5144E-02  3.3288E-02  1.2012E-01  1.3357E-01
  6.5545E-02  3.3492E-02  1.1985E-01  1.3326E-01
  6.5948E-02  3.3697E-02  1.1958E-01  1.3294E-01
  6.6354E-02  3.3904E-02  1.1931E-01  1.3261E-01
  6.6762E-02  3.4111E-02  1.1902E-01  1.3227E-01
  6.7172E-02  3.4320E-02  1.1872E-01  1.3192E-01
  6.7586E-02  3.4530E-02  1.1841E-01  1.3155E-01
  6.8001E-02  3.4742E-02  1.1810E-01  1.3118E-01
  6.8420E-02  3.4954E-02  1.1778E-01  1.3080E-01
  6.8840E-02  3.5168E-02  1.1744E-01  1.3041E-01
  6.9264E-02  3.5384E-02  1.1710E-01  1.3000E-01
  6.9690E-02  3.5600E-02  1.1675E-01  1.2959E-01
  7.0118E-02  3.5818E-02  1.1639E-01  1.2916E-01
  7.0549E-02  3.6037E-02  1.1602E-01  1.2873E-01
  7.0983E-02  3.6258E-02  1.1563E-01  1.2828E-01
  7.1420E-02  3.6480E-02  1.1524E-01  1.2782E-01
  7.1859E-02  3.6703E-02  1.1484E-01  1.2735E-01
  7.2301E-02  3.6927E-02  1.1443E-01  1.2687E-01
  7.2745E-02  3.7153E-02  1.1402E-01  1.2638E-01
  7.3192E-02  3.7380E-02  1.1359E-01  1.2588E-01
  7.3642E-02  3.7609E-02  1.1315E-01  1.2536E-01
  7.4095E-02  3.7839E-02  1.1270E-01  1.2484E-01
  7.4550E-02  3.8070E-02  1.1224E-01  1.2430E-01
  7.5009E-02  3.8303E-02  1.1177E-01  1.2375E-01
  7.5470E-02  3.8537E-02  1.1129E-01  1.2319E-01
  7.5934E-02  3.8773E-02  1.1080E-01  1.2262E-01
  7.6400E-02  3.9010E-02  1.1030E-01  1.2203E-01
  7.6870E-02  3.9248E-02  1.0978E-01  1.2144E-01
  7.7342E-02  3.9488E-02  1.0926E-01  1.2083E-01
  7.7818E-02  3.9729E-02  1.0873E-01  1.2021E-01
  7.8296E-02  3.9972E-02  1.0819E-01  1.1958E-01
  7.8777E-02  4.0216E-02  1.0763E-01  1.1893E-01
  7.9261E-02  4.0462E-02  1.0707E-01  1.1828E-01
  7.9748E-02  4.0709E-02  1.0649E-01  1.1761E-01
  8.0238E-02  4.0958E-02  1.0591E-01  1.1692E-01
  8.0731E-02  4.1208E-02  1.0531E-01  1.1623E-01
  8.1228E-02  4.1459E-02  1.0470E-01  1.1552E-01
  8.1727E-02  4.1712E-02  1.0408E-01  1.1480E-01
  8.2229E-02  4.1967E-02  1.0345E-01  1.1407E-01
  8.2734E-02  4.2223E-02  1.0281E-01  1.1333E-01
  8.3242E-02  4.2481E-02  1.0216E-01  1.1257E-01
  8.3754E-02  4.2740E-02  1.0149E-01  1.1180E-01
  8.4268E-02  4.3001E-02  1.0082E-01  1.1102E-01
  8.4786E-02  4.3263E-02  1.0013E-01  1.1022E-01
  8.5307E-02  4.3527E-02  9.9434E-02  1.0941E-01
  8.5831E-02  4.3792E-02  9.8724E-02  1.0859E-01
  8.6358E-02  4.4060E-02  9.8003E-02  1.0775E-01
  8.6889E-02  4.4328E-02  9.7271E-02  1.0690E-01
  8.7422E-02  4.4598E-02  9.6527E-02  1.0604E-01
  8.7959E-02  4.4870E-02  9.5771E-02  1.0517E-01
  8.8499E-02  4.5144E-02  9.5003E-02  1.0428E-01
  8.9043E-02  4.5419E-02  9.4224E-02  1.0338E-01
  8.9590E-02  4.5696E-02  9.3433E-02  1.0246E-01
  9.0140E-02  4.5974E-02  9.2630E-02  1.0153E-01
  9.0694E-02  4.6254E-02  9.1815E-02  1.0059E-01
  9.1251E-02  4.6536E-02  9.0989E-02  9.9633E-02
  9.1811E-02  4.6820E-02  9.0150E-02  9.8664E-02
  9.2375E-02  4.7105E-02  8.9300E-02  9.7680E-02
  9.2942E-02  4.7392E-02  8.8437E-02  9.6683E-02
  9.3513E-02  4.7680E-02  8.7562E-02  9.5672E-02
  9.4087E-02  4.7970E-02  8.6676E-02  9.4647E-02
  9.4665E-02  4.8262E-02  8.5777E-02  9.3609E-02
  9.5246E-02  4.8556E-02  8.4866E-02  9.2557E-02
  9.5831E-02  4.8852E-02  8.3943E-02  9.1490E-02
  9.6419E-02  4.9149E-02  8.3008E-02  9.0410E-02
  9.7011E-02  4.9448E-02  8.2060E-02  8.9316E-02
  9.7607E-02  4.9749E-02  8.1100E-02  8.8208E-02
  9.8206E-02  5.0051E-02  8.0128E-02  8.7086E-02
  9.8809E-02  5.0356E-02  7.9144E-02  8.5950E-02
  9.9415E-02  5.0662E-02  7.8147E-02  8.4799E-02
  1.0003E-01  5.0970E-02  7.7138E-02  8.3635E-02
  1.0064E-01  5.1280E-02  7.6117E-02  8.2457E-02
  1.0126E-01  5.1591E-02  7.5083E-02  8.1264E-02
  1.0188E-01  5.1905E-02  7.4037E-02  8.0058E-02
  1.0250E-01  5.2220E-02  7.2979E-02  7.8837E-02
  1.0313E-01  5.2537E-02  7.1908E-02  7.7602E-02
  1.0377E-01  5.2857E-02  7.0825E-02  7.6353E-02
  1.0440E-01  5.3178E-02  6.9729E-02  7.5090E-02
  1.0504E-01  5.3501E-02  6.8621E-02  7.3812E-02
  1.0569E-01  5.3825E-02  6.7501E-02  7.2521E-02
  1.0634E-01  5.4152E-02  6.6368E-02  7.1215E-02
  1.0699E-01  5.4481E-02  6.5222E-02  6.9895E-02
  1.0765E-01  5.4811E-02  6.4065E-02  6.8561E-02
  1.0831E-01  5.5144E-02  6.2895E-02  6.7212E-02
  1.0897E-01  5.5479E-02  6.1712E-02  6.5850E-02
  1.0964E-01  5.5815E-02  6.0517E-02  6.4473E-02
  1.1031E-01  5.6154E-02  5.9310E-02  6.3082E-02
  1.1099E-01  5.6494E-02  5.8090E-02  6.1678E-02
  1.1167E-01  5.6837E-02  5.6858E-02  6.0259E-02
  1.1236E-01  5.7181E-02  5.5614E-02  5.8825E-02
  1.1305E-01  5.7528E-02  5.4357E-02  5.7378E-02
  1.1374E-01  5.7876E-02  5.3088E-02  5.5917E-02
  1.1444E-01  5.8227E-02  5.1807E-02  5.4442E-02
  1.1514E-01  5.8580E-02  5.0513E-02  5.2952E-02
  1.1585E-01  5.8934E-02  4.9208E-02  5.1449E-02
  1.1656E-01  5.9291E-02  4.7890E-02  4.9932E-02
  1.1727E-01  5.9650E-02  4.6560E-02  4.8401E-02
  1.1799E-01  6.0011E-02  4.5218E-02  4.6856E-02
  1.1872E-01  6.0374E-02  4.3863E-02  4.5297E-02
  1.1944E-01  6.0740E-02  4.2497E-02  4.3725E-02
  1.2018E-01  6.1107E-02  4.1119E-02  4.2139E-02
  1.2091E-01  6.1477E-02  3.9729E-02  4.0539E-02
  1.2166E-01  6.1848E-02  3.8327E-02  3.8925E-02
  1.2240E-01  6.2222E-02  3.6913E-02  3.7298E-02
  1.2315E-01  6.2599E-02  3.5487E-02  3.5658E-02
  1.2391E-01  6.2977E-02  3.4049E-02  3.4004E-02
  1.2467E-01  6.3357E-02  3.2600E-02  3.2336E-02
  1.2543E-01  6.3740E-02  3.1139E-02  3.0655E-02
  1.2620E-01  6.4125E-02  2.9667E-02  2.8962E-02
  1.2698E-01  6.4512E-02  2.8183E-02  2.7254E-02
  1.2775E-01  6.4902E-02  2.6687E-02  2.5534E-02
  1.2854E-01  6.5294E-02  2.5181E-02  2.3801E-02
  1.2933E-01  6.5688E-02  2.3663E-02  2.2055E-02
  1.3012E-01  6.6084E-02  2.2133E-02  2.0296E-02
  1.3092E-01  6.6483E-02  2.0593E-02  1.8524E-02
  1.3172E-01  6.6884E-02  1.9041E-02  1.6740E-02
  1.3253E-01  6.7287E-02  1.7479E-02  1.4943E-02
  1.3334E-01  6.7693E-02  1.5906E-02  1.3133E-02
  1.3416E-01  6.8101E-02  1.4322E-02  1.1312E-02
  1.3498E-01  6.8511E-02  1.2727E-02  9.4775E-03
  1.3581E-01  6.8924E-02  1.1122E-02  7.6313E-03
  1.3664E-01  6.9339E-02  9.5056E-03  5.7731E-03
  1.3748E-01  6.9756E-02  7.8794E-03  3.9029E-03
  1.3832E-01  7.0176E-02  6.2428E-03  2.0210E-03
  1.3917E-01  7.0599E-02  4.5960E-03  1.2729E-04
  1.4002E-01  7.1023E-02  2.9392E-03 -1.7779E-03
  1.4088E-01  7.1451E-02  1.2724E-03 -3.6946E-03
  1.4175E-01  7.1880E-02 -4.0429E-04 -5.6225E-03
  1.4262E-01  7.2312E-02 -2.0907E-03 -7.5616E-03
  1.4349E-01  7.2747E-02 -3.7866E-03 -9.5118E-03
  1.4437E-01  7.3184E-02 -5.4921E-03 -1.1473E-02
  1.4526E-01  7.3624E-02 -7.2069E-03 -1.3445E-02
  1.4615E-01  7.4066E-02 -8.9309E-03 -1.5427E-02
  1.4704E-01  7.4511E-02 -1.0664E-02 -1.7420E-02
  1.4794E-01  7.4958E-02 -1.2406E-02 -1.9423E-02
  1.4885E-01  7.5408E-02 -1.4157E-02 -2.1436E-02
  1.4976E-01  7.5860E-02 -1.5916E-02 -2.3459E-02
  1.5068E-01  7.6315E-02 -1.7684E-02 -2.5492E-02
  1.5160E-01  7.6773E-02 -1.9460E-02 -2.7534E-02
  1.5253E-01  7.7233E-02 -2.1245E-02 -2.9586E-02
  1.5347E-01  7.7696E-02 -2.3037E-02 -3.1648E-02
  1.5441E-01  7.8162E-02 -2.4838E-02 -3.3718E-02
  1.5536E-01  7.8630E-02 -2.6646E-02 -3.5797E-02
  1.5631E-01  7.9100E-02 -2.8461E-02 -3.7885E-02
  1.5727E-01  7.9574E-02 -3.0284E-02 -3.9981E-02
  1.5823E-01  8.0050E-02 -3.2114E-02 -4.2086E-02
  1.5920E-01  8.0529E-02 -3.3952E-02 -4.4199E-02
  1.6018E-01  8.1011E-02 -3.5796E-02 -4.6319E-02
  1.6116E-01  8.1495E-02 -3.7646E-02 -4.8448E-02
  1.6215E-01  8.1982E-02 -3.9503E-02 -5.0583E-02
  1.6314E-01  8.2472E-02 -4.1367E-02 -5.2726E-02
  1.6414E-01  8.2964E-02 -4.3236E-02 -5.4877E-02
  1.6515E-01  8.3460E-02 -4.5111E-02 -5.7034E-02
  1.6616E-01  8.3958E-02 -4.6992E-02 -5.9197E-02
  1.6718E-01  8.4459E-02 -4.8879E-02 -6.1367E-02
  1.6820E-01  8.4963E-02 -5.0770E-02 -6.3543E-02
  1.6923E-01  8.5469E-02 -5.2667E-02 -6.5725E-02
  1.7027E-01  8.5979E-02 -5.4569E-02 -6.7912E-02
  1.7131E-01  8.6491E-02 -5.6475E-02 -7.0105E-02
  1.7236E-01  8.7006E-02 -5.8385E-02 -7.2303E-02
  1.7342E-01  8.7524E-02 -6.0300E-02 -7.4506E-02
  1.7448E-01  8.8045E-02 -6.2218E-02 -7.6714E-02
  1.7555E-01  8.8569E-02 -6.4141E-02 -7.8926E-02
  1.7663E-01  8.9096E-02 -6.6066E-02 -8.1142E-02
  1.7771E-01  8.9625E-02 -6.7995E-02 -8.3362E-02
  1.7880E-01  9.0158E-02 -6.9927E-02 -8.5586E-02
  1.7989E-01  9.0694E-02 -7.1862E-02 -8.7812E-02
  1.8099E-01  9.1232E-02 -7.3799E-02 -9.0042E-02
  1.8210E-01  9.1774E-02 -7.5739E-02 -9.2275E-02
  1.8322E-01  9.2319E-02 -7.7680E-02 -9.4510E-02
  1.8434E-01  9.2866E-02 -7.9623E-02 -9.6747E-02
  1.8547E-01  9.3417E-02 -8.1568E-02 -9.8986E-02
  1.8661E-01  9.3970E-02 -8.3514E-02 -1.0123E-01
  1.8775E-01  9.4527E-02 -8.5460E-02 -1.0347E-01
  1.8890E-01  9.5087E-02 -8.7408E-02 -1.0571E-01
  1.9006E-01  9.5650E-02 -8.9355E-02 -1.0795E-01
  1.9122E-01  9.6216E-02 -9.1303E-02 -1.1020E-01
  1.9240E-01  9.6785E-02 -9.3251E-02 -1.1244E-01
  1.9357E-01  9.7357E-02 -9.5198E-02 -1.1468E-01
  1.9476E-01  9.7932E-02 -9.7145E-02 -1.1693E-01
  1.9595E-01  9.8511E-02 -9.9090E-02 -1.1917E-01
  1.9715E-01  9.9092E-02 -1.0103E-01 -1.2141E-01
  1.9836E-01  9.9677E-02 -1.0298E-01 -1.2365E-01
  1.9958E-01  1.0026E-01 -1.0492E-01 -1.2588E-01
  2.0080E-01  1.0086E-01 -1.0686E-01 -1.2812E-01
  2.0203E-01  1.0145E-01 -1.0879E-01 -1.3035E-01
  2.0327E-01  1.0205E-01 -1.1072E-01 -1.3258E-01
  2.0451E-01  1.0265E-01 -1.1265E-01 -1.3480E-01
  2.0577E-01  1.0325E-01 -1.1458E-01 -1.3703E-01
  2.0703E-01  1.0386E-01 -1.1650E-01 -1.3924E-01
  2.0829E-01  1.0447E-01 -1.1842E-01 -1.4146E-01
  2.0957E-01  1.0508E-01 -1.2033E-01 -1.4366E-01
  2.1085E-01  1.0570E-01 -1.2224E-01 -1.4587E-01
  2.1215E-01  1.0632E-01 -1.2415E-01 -1.4806E-01
  2.1345E-01  1.0695E-01 -1.2605E-01 -1.5026E-01
  2.1475E-01  1.0757E-01 -1.2794E-01 -1.5244E-01
  2.1607E-01  1.0820E-01 -1.2982E-01 -1.5462E-01
  2.1739E-01  1.0884E-01 -1.3170E-01 -1.5679E-01
  2.1872E-01  1.0947E-01 -1.3358E-01 -1.5895E-01
  2.2006E-01  1.1011E-01 -1.3544E-01 -1.6111E-01
  2.2141E-01  1.1076E-01 -1.3730E-01 -1.6326E-01
  2.2277E-01  1.1141E-01 -1.3915E-01 -1.6540E-01
  2.2413E-01  1.1206E-01 -1.4100E-01 -1.6753E-01
  2.2550E-01  1.1271E-01 -1.4283E-01 -1.6965E-01
  2.2689E-01  1.1337E-01 -1.4465E-01 -1.7176E-01
  2.2827E-01  1.1403E-01 -1.4647E-01 -1.7386E-01
  2.2967E-01  1.1469E-01 -1.4828E-01 -1.7595E-01
  2.3108E-01  1.1536E-01 -1.5007E-01 -1.7803E-01
  2.3249E-01  1.1603E-01 -1.5186E-01 -1.8009E-01
  2.3392E-01  1.1671E-01 -1.5363E-01 -1.8215E-01
  2.3535E-01  1.1739E-01 -1.5540E-01 -1.8419E-01
  2.3679E-01  1.1807E-01 -1.5715E-01 -1.8622E-01
  2.3824E-01  1.1875E-01 -1.5889E-01 -1.8824E-01
  2.3970E-01  1.1944E-01 -1.6062E-01 -1.9024E-01
  2.4117E-01  1.2013E-01 -1.6233E-01 -1.9223E-01
  2.4265E-01  1.2083E-01 -1.6404E-01 -1.9420E-01
  2.4413E-01  1.2153E-01 -1.6572E-01 -1.9616E-01
  2.4563E-01  1.2223E-01 -1.6740E-01 -1.9811E-01
  2.4713E-01  1.2294E-01 -1.6906E-01 -2.0003E-01
  2.4865E-01  1.2365E-01 -1.7071E-01 -2.0195E-01
  2.5017E-01  1.2436E-01 -1.7234E-01 -2.0384E-01
  2.5170E-01  1.2508E-01 -1.7396E-01 -2.0572E-01
  2.5324E-01  1.2580E-01 -1.7556E-01 -2.0758E-01
  2.5479E-01  1.2653E-01 -1.7714E-01 -2.0942E-01
  2.5635E-01  1.2726E-01 -1.7871E-01 -2.1125E-01
  2.5792E-01  1.2799E-01 -1.8026E-01 -2.1305E-01
  2.5950E-01  1.2873E-01 -1.8179E-01 -2.1484E-01
  2.6109E-01  1.2947E-01 -1.8331E-01 -2.1661E-01
  2.6269E-01  1.3021E-01 -1.8481E-01 -2.1835E-01
  2.6430E-01  1.3096E-01 -1.8629E-01 -2.2008E-01
  2.6592E-01  1.3171E-01 -1.8775E-01 -2.2178E-01
  2.6754E-01  1.3246E-01 -1.8919E-01 -2.2347E-01
  2.6918E-01  1.3322E-01 -1.9061E-01 -2.2513E-01
  2.7083E-01  1.3398E-01 -1.9201E-01 -2.2677E-01
  2.7249E-01  1.3475E-01 -1.9340E-01 -2.2838E-01
  2.7416E-01  1.3552E-01 -1.9476E-01 -2.2998E-01
  2.7584E-01  1.3629E-01 -1.9610E-01 -2.3154E-01
  2.7752E-01  1.3707E-01 -1.9741E-01 -2.3309E-01
  2.7922E-01  1.3785E-01 -1.9871E-01 -2.3461E-01
  2.8093E-01  1.3863E-01 -1.9998E-01 -2.3611E-01
  2.8265E-01  1.3942E-01 -2.0123E-01 -2.3758E-01
  2.8438E-01  1.4021E-01 -2.0246E-01 -2.3902E-01
  2.8613E-01  1.4101E-01 -2.0367E-01 -2.4044E-01
  2.8788E-01  1.4181E-01 -2.0485E-01 -2.4183E-01
  2.8964E-01  1.4261E-01 -2.0600E-01 -2.4319E-01
  2.9141E-01  1.4342E-01 -2.0713E-01 -2.4453E-01
  2.9320E-01  1.4423E-01 -2.0824E-01 -2.4583E-01
  2.9499E-01  1.4504E-01 -2.0932E-01 -2.4711E-01
  2.9680E-01  1.4586E-01 -2.1038E-01 -2.4836E-01
  2.9862E-01  1.4668E-01 -2.1141E-01 -2.4959E-01
  3.0044E-01  1.4751E-01 -2.1241E-01 -2.5078E-01
  3.0228E-01  1.4834E-01 -2.1338E-01 -2.5194E-01
  3.0413E-01  1.4918E-01 -2.1433E-01 -2.5307E-01
  3.0600E-01  1.5001E-01 -2.1525E-01 -2.5417E-01
  3.0787E-01  1.5086E-01 -2.1614E-01 -2.5524E-01
  3.0975E-01  1.5170E-01 -2.1701E-01 -2.5627E-01
  3.1165E-01  1.5255E-01 -2.1784E-01 -2.5727E-01
  3.1356E-01  1.5340E-01 -2.1865E-01 -2.5825E-01
  3.1548E-01  1.5426E-01 -2.1943E-01 -2.5918E-01
  3.1741E-01  1.5512E-01 -2.2017E-01 -2.6009E-01
  3.1935E-01  1.5599E-01 -2.2089E-01 -2.6096E-01
  3.2131E-01  1.5686E-01 -2.2157E-01 -2.6180E-01
  3.2327E-01  1.5773E-01 -2.2223E-01 -2.6260E-01
  3.2525E-01  1.5861E-01 -2.2285E-01 -2.6336E-01
  3.2724E-01  1.5949E-01 -2.2345E-01 -2.6410E-01
  3.2925E-01  1.6037E-01 -2.2401E-01 -2.6479E-01
  3.3126E-01  1.6126E-01 -2.2453E-01 -2.6545E-01
  3.3329E-01  1.6216E-01 -2.2503E-01 -2.6607E-01
  3.3533E-01  1.6305E-01 -2.2549E-01 -2.6666E-01
  3.3738E-01  1.6395E-01 -2.2592E-01 -2.6721E-01
  3.3945E-01  1.6486E-01 -2.2632E-01 -2.6772E-01
  3.4152E-01  1.6577E-01 -2.2668E-01 -2.6819E-01
  3.4362E-01  1.6668E-01 -2.2701E-01 -2.6863E-01
  3.4572E-01  1.6760E-01 -2.2730E-01 -2.6902E-01
  3.4783E-01  1.6852E-01 -2.2756E-01 -2.6938E-01
  3.4996E-01  1.6944E-01 -2.2778E-01 -2.6970E-01
  3.5211E-01  1.7037E-01 -2.2797E-01 -2.6998E-01
  3.5426E-01  1.7130E-01 -2.2812E-01 -2.7022E-01
  3.5643E-01  1.7224E-01 -2.2824E-01 -2.7041E-01
  3.5861E-01  1.7318E-01 -2.2832E-01 -2.7057E-01
  3.6081E-01  1.7412E-01 -2.2836E-01 -2.7069E-01
  3.6301E-01  1.7507E-01 -2.2837E-01 -2.7076E-01
  3.6524E-01  1.7602E-01 -2.2834E-01 -2.7080E-01
  3.6747E-01  1.7698E-01 -2.2828E-01 -2.7079E-01
  3.6972E-01  1.7794E-01 -2.2817E-01 -2.7074E-01
  3.7198E-01  1.7890E-01 -2.2803E-01 -2.7065E-01
  3.7426E-01  1.7987E-01 -2.2785E-01 -2.7051E-01
  3.7655E-01  1.8084E-01 -2.2763E-01 -2.7034E-01
  3.7886E-01  1.8182E-01 -2.2738E-01 -2.7012E-01
  3.8117E-01  1.8280E-01 -2.2708E-01 -2.6985E-01
  3.8351E-01  1.8378E-01 -2.2675E-01 -2.6954E-01
  3.8585E-01  1.8477E-01 -2.2637E-01 -2.6919E-01
  3.8822E-01  1.8576E-01 -2.2596E-01 -2.6880E-01
  3.9059E-01  1.8676E-01 -2.2551E-01 -2.6836E-01
  3.9298E-01  1.8776E-01 -2.2502E-01 -2.6788E-01
  3.9539E-01  1.8876E-01 -2.2449E-01 -2.6735E-01
  3.9781E-01  1.8977E-01 -2.2391E-01 -2.6677E-01
  4.0024E-01  1.9078E-01 -2.2330E-01 -2.6616E-01
  4.0269E-01  1.9179E-01 -2.2265E-01 -2.6549E-01
  4.0516E-01  1.9281E-01 -2.2196E-01 -2.6478E-01
  4.0764E-01  1.9384E-01 -2.2123E-01 -2.6403E-01
  4.1013E-01  1.9486E-01 -2.2045E-01 -2.6323E-01
  4.1264E-01  1.9590E-01 -2.1964E-01 -2.6238E-01
  4.1517E-01  1.9693E-01 -2.1878E-01 -2.6149E-01
  4.1771E-01  1.9797E-01 -2.1788E-01 -2.6055E-01
  4.2026E-01  1.9901E-01 -2.1694E-01 -2.5957E-01
  4.2283E-01  2.0006E-01 -2.1596E-01 -2.5854E-01
  4.2542E-01  2.0111E-01 -2.1494E-01 -2.5746E-01
  4.2803E-01  2.0217E-01 -2.1388E-01 -2.5633E-01
  4.3064E-01  2.0323E-01 -2.1277E-01 -2.5516E-01
  4.3328E-01  2.0429E-01 -2.1163E-01 -2.5395E-01
  4.3593E-01  2.0536E-01 -2.1044E-01 -2.5268E-01
  4.3860E-01  2.0643E-01 -2.0921E-01 -2.5137E-01
  4.4128E-01  2.0750E-01 -2.0793E-01 -2.5001E-01
  4.4398E-01  2.0858E-01 -2.0662E-01 -2.4861E-01
  4.4670E-01  2.0966E-01 -2.0526E-01 -2.4715E-01
  4.4943E-01  2.1075E-01 -2.0386E-01 -2.4565E-01
  4.5218E-01  2.1184E-01 -2.0242E-01 -2.4411E-01
  4.5495E-01  2.1293E-01 -2.0093E-01 -2.4251E-01
  4.5774E-01  2.1403E-01 -1.9941E-01 -2.4087E-01
  4.6054E-01  2.1513E-01 -1.9784E-01 -2.3918E-01
  4.6335E-01  2.1624E-01 -1.9623E-01 -2.3744E-01
  4.6619E-01  2.1735E-01 -1.9457E-01 -2.3566E-01
  4.6904E-01  2.1847E-01 -1.9288E-01 -2.3383E-01
  4.7191E-01  2.1958E-01 -1.9114E-01 -2.3195E-01
  4.7480E-01  2.2071E-01 -1.8936E-01 -2.3003E-01
  4.7771E-01  2.2183E-01 -1.8754E-01 -2.2806E-01
  4.8063E-01  2.2296E-01 -1.8567E-01 -2.2604E-01
  4.8357E-01  2.2410E-01 -1.8376E-01 -2.2397E-01
  4.8653E-01  2.2524E-01 -1.8181E-01 -2.2186E-01
  4.8951E-01  2.2638E-01 -1.7982E-01 -2.1970E-01
  4.9250E-01  2.2753E-01 -1.7779E-01 -2.1750E-01
  4.9551E-01  2.2868E-01 -1.7571E-01 -2.1524E-01
  4.9855E-01  2.2983E-01 -1.7359E-01 -2.1294E-01
  5.0160E-01  2.3099E-01 -1.7144E-01 -2.1060E-01
  5.0467E-01  2.3215E-01 -1.6923E-01 -2.0821E-01
  5.0775E-01  2.3332E-01 -1.6699E-01 -2.0577E-01
  5.1086E-01  2.3449E-01 -1.6471E-01 -2.0328E-01
  5.1399E-01  2.3567E-01 -1.6238E-01 -2.0075E-01
  5.1713E-01  2.3685E-01 -1.6002E-01 -1.9818E-01
  5.2029E-01  2.3803E-01 -1.5761E-01 -1.9556E-01
  5.2348E-01  2.3922E-01 -1.5516E-01 -1.9289E-01
  5.2668E-01  2.4041E-01 -1.5267E-01 -1.9018E-01
  5.2990E-01  2.4161E-01 -1.5014E-01 -1.8742E-01
  5.3315E-01  2.4281E-01 -1.4757E-01 -1.8462E-01
  5.3641E-01  2.4401E-01 -1.4495E-01 -1.8178E-01
  5.3969E-01  2.4522E-01 -1.4230E-01 -1.7889E-01
  5.4299E-01  2.4644E-01 -1.3961E-01 -1.7595E-01
  5.4631E-01  2.4765E-01 -1.3688E-01 -1.7298E-01
  5.4966E-01  2.4888E-01 -1.3411E-01 -1.6995E-01
  5.5302E-01  2.5010E-01 -1.3129E-01 -1.6689E-01
  5.5640E-01  2.5134E-01 -1.2844E-01 -1.6378E-01
  5.5981E-01  2.5257E-01 -1.2555E-01 -1.6063E-01
  5.6323E-01  2.5381E-01 -1.2262E-01 -1.5744E-01
  5.6668E-01  2.5506E-01 -1.1966E-01 -1.5420E-01
  5.7015E-01  2.5631E-01 -1.1665E-01 -1.5092E-01
  5.7363E-01  2.5757E-01 -1.1361E-01 -1.4760E-01
  5.7714E-01  2.5883E-01 -1.1052E-01 -1.4424E-01
  5.8067E-01  2.6009E-01 -1.0740E-01 -1.4084E-01
  5.8423E-01  2.6136E-01 -1.0424E-01 -1.3739E-01
  5.8780E-01  2.6264E-01 -1.0105E-01 -1.3391E-01
  5.9140E-01  2.6392E-01 -9.7816E-02 -1.3038E-01
  5.9502E-01  2.6520E-01 -9.4546E-02 -1.2682E-01
  5.9866E-01  2.6649E-01 -9.1240E-02 -1.2322E-01
  6.0232E-01  2.6779E-01 -8.7897E-02 -1.1957E-01
  6.0600E-01  2.6909E-01 -8.4517E-02 -1.1589E-01
  6.0971E-01  2.7040E-01 -8.1102E-02 -1.1217E-01
  6.1344E-01  2.7171E-01 -7.7652E-02 -1.0841E-01
  6.1719E-01  2.7303E-01 -7.4166E-02 -1.0461E-01
  6.2097E-01  2.7435E-01 -7.0644E-02 -1.0078E-01
  6.2477E-01  2.7568E-01 -6.7088E-02 -9.6903E-02
  6.2859E-01  2.7702E-01 -6.3498E-02 -9.2994E-02
  6.3244E-01  2.7836E-01 -5.9873E-02 -8.9049E-02
  6.3631E-01  2.7971E-01 -5.6214E-02 -8.5067E-02
  6.4020E-01  2.8107E-01 -5.2521E-02 -8.1049E-02
  6.4411E-01  2.8243E-01 -4.8795E-02 -7.6996E-02
  6.4806E-01  2.8380E-01 -4.5036E-02 -7.2908E-02
  6.5202E-01  2.8517E-01 -4.1243E-02 -6.8786E-02
  6.5601E-01  2.8656E-01 -3.7419E-02 -6.4629E-02
  6.6002E-01  2.8795E-01 -3.3561E-02 -6.0438E-02
  6.6406E-01  2.8934E-01 -2.9672E-02 -5.6214E-02
  6.6812E-01  2.9075E-01 -2.5751E-02 -5.1957E-02
  6.7221E-01  2.9216E-01 -2.1799E-02 -4.7667E-02
  6.7632E-01  2.9358E-01 -1.7815E-02 -4.3345E-02
  6.8046E-01  2.9501E-01 -1.3800E-02 -3.8991E-02
  6.8462E-01  2.9644E-01 -9.7553E-03 -3.4605E-02
  6.8881E-01  2.9789E-01 -5.6797E-03 -3.0188E-02
  6.9302E-01  2.9934E-01 -1.5741E-03 -2.5741E-02
  6.9726E-01  3.0080E-01  2.5613E-03 -2.1263E-02
  7.0153E-01  3.0227E-01  6.7262E-03 -1.6755E-02
  7.0582E-01  3.0375E-01  1.0920E-02 -1.2217E-02
  7.1014E-01  3.0524E-01  1.5144E-02 -7.6506E-03
  7.1448E-01  3.0674E-01  1.9395E-02 -3.0551E-03
  7.1885E-01  3.0825E-01  2.3676E-02  1.5689E-03
  7.2325E-01  3.0977E-01  2.7984E-02  6.2209E-03
  7.2767E-01  3.1130E-01  3.2321E-02  1.0901E-02
  7.3212E-01  3.1285E-01  3.6685E-02  1.5608E-02
  7.3660E-01  3.1440E-01  4.1076E-02  2.0342E-02
  7.4111E-01  3.1596E-01  4.5495E-02  2.5103E-02
  7.4564E-01  3.1754E-01  4.9941E-02  2.9890E-02
  7.5020E-01  3.1913E-01  5.4413E-02  3.4702E-02
  7.5479E-01  3.2073E-01  5.8912E-02  3.9541E-02
  7.5941E-01  3.2235E-01  6.3437E-02  4.4405E-02
  7.6406E-01  3.2397E-01  6.7989E-02  4.9293E-02
  7.6873E-01  3.2561E-01  7.2566E-02  5.4206E-02
  7.7343E-01  3.2727E-01  7.7169E-02  5.9144E-02
  7.7816E-01  3.2894E-01  8.1797E-02  6.4105E-02
  7.8292E-01  3.3062E-01  8.6451E-02  6.9090E-02
  7.8771E-01  3.3233E-01  9.1129E-02  7.4099E-02
  7.9253E-01  3.3404E-01  9.5833E-02  7.9130E-02
  7.9738E-01  3.3577E-01  1.0056E-01  8.4185E-02
  8.0226E-01  3.3752E-01  1.0531E-01  8.9262E-02
  8.0716E-01  3.3929E-01  1.1009E-01  9.4361E-02
  8.1210E-01  3.4107E-01  1.1489E-01  9.9482E-02
  8.1707E-01  3.4288E-01  1.1972E-01  1.0463E-01
  8.2207E-01  3.4470E-01  1.2457E-01  1.0979E-01
  8.2709E-01  3.4654E-01  1.2945E-01  1.1498E-01
  8.3215E-01  3.4840E-01  1.3435E-01  1.2018E-01
  8.3724E-01  3.5028E-01  1.3927E-01  1.2541E-01
  8.4236E-01  3.5218E-01  1.4421E-01  1.3066E-01
  8.4752E-01  3.5410E-01  1.4919E-01  1.3593E-01
  8.5270E-01  3.5605E-01  1.5418E-01  1.4122E-01
  8.5792E-01  3.5802E-01  1.5920E-01  1.4653E-01
  8.6316E-01  3.6001E-01  1.6424E-01  1.5187E-01
  8.6844E-01  3.6203E-01  1.6931E-01  1.5722E-01
  8.7376E-01  3.6407E-01  1.7440E-01  1.6259E-01
  8.7910E-01  3.6614E-01  1.7951E-01  1.6798E-01
  8.8448E-01  3.6824E-01  1.8465E-01  1.7340E-01
  8.8989E-01  3.7036E-01  1.8981E-01  1.7883E-01
  8.9533E-01  3.7251E-01  1.9499E-01  1.8428E-01
  9.0081E-01  3.7469E-01  2.0020E-01  1.8976E-01
  9.0632E-01  3.7690E-01  2.0544E-01  1.9525E-01
  9.1186E-01  3.7914E-01  2.1070E-01  2.0076E-01
  9.1744E-01  3.8142E-01  2.1598E-01  2.0630E-01
  9.2305E-01  3.8372E-01  2.2129E-01  2.1185E-01
  9.2869E-01  3.8606E-01  2.2663E-01  2.1743E-01
  9.3438E-01  3.8843E-01  2.3199E-01  2.2303E-01
  9.4009E-01  3.9084E-01  2.3737E-01  2.2865E-01
  9.4584E-01  3.9329E-01  2.4279E-01  2.3429E-01
  9.5163E-01  3.9577E-01  2.4822E-01  2.3995E-01
  9.5745E-01  3.9829E-01  2.5369E-01  2.4563E-01
  9.6330E-01  4.0085E-01  2.5918E-01  2.5134E-01
  9.6919E-01  4.0345E-01  2.6470E-01  2.5707E-01
  9.7512E-01  4.0610E-01  2.7025E-01  2.6282E-01
  9.8109E-01  4.0878E-01  2.7583E-01  2.6860E-01
  9.8709E-01  4.1151E-01  2.8144E-01  2.7440E-01
  9.9312E-01  4.1429E-01  2.8708E-01  2.8023E-01
  9.9920E-01  4.1711E-01  2.9274E-01  2.8608E-01
  1.0053E+00  4.1998E-01  2.9844E-01  2.9196E-01
  1.0115E+00  4.2291E-01  3.0417E-01  2.9787E-01
  1.0176E+00  4.2588E-01  3.0994E-01  3.0380E-01
  1.0239E+00  4.2890E-01  3.1573E-01  3.0976E-01
  1.0301E+00  4.3198E-01  3.2156E-01  3.1575E-01
  1.0364E+00  4.3511E-01  3.2743E-01  3.2177E-01
  1.0428E+00  4.3830E-01  3.3333E-01  3.2783E-01
  1.0491E+00  4.4154E-01  3.3927E-01  3.3391E-01
  1.0556E+00  4.4485E-01  3.4525E-01  3.4003E-01
  1.0620E+00  4.4822E-01  3.5126E-01  3.4618E-01
  1.0685E+00  4.5165E-01  3.5732E-01  3.5236E-01
  1.0751E+00  4.5514E-01  3.6341E-01  3.5858E-01
  1.0816E+00  4.5870E-01  3.6955E-01  3.6484E-01
  1.0882E+00  4.6233E-01  3.7573E-01  3.7114E-01
  1.0949E+00  4.6603E-01  3.8195E-01  3.7748E-01
  1.1016E+00  4.6980E-01  3.8822E-01  3.8385E-01
  1.1083E+00  4.7364E-01  3.9454E-01  3.9027E-01
  1.1151E+00  4.7756E-01  4.0090E-01  3.9674E-01
  1.1219E+00  4.8156E-01  4.0732E-01  4.0324E-01
  1.1288E+00  4.8563E-01  4.1378E-01  4.0980E-01
  1.1357E+00  4.8979E-01  4.2029E-01  4.1640E-01
  1.1426E+00  4.9402E-01  4.2686E-01  4.2305E-01
  1.1496E+00  4.9835E-01  4.3348E-01  4.2975E-01
  1.1567E+00  5.0276E-01  4.4016E-01  4.3650E-01
  1.1637E+00  5.0726E-01  4.4689E-01  4.4331E-01
  1.1709E+00  5.1186E-01  4.5368E-01  4.5017E-01
  1.1780E+00  5.1655E-01  4.6054E-01  4.5709E-01
  1.1852E+00  5.2133E-01  4.6745E-01  4.6407E-01
  1.1925E+00  5.2622E-01  4.7443E-01  4.7111E-01
  1.1998E+00  5.3120E-01  4.8148E-01  4.7821E-01
  1.2071E+00  5.3629E-01  4.8859E-01  4.8537E-01
  1.2145E+00  5.4149E-01  4.9577E-01  4.9261E-01
  1.2219E+00  5.4680E-01  5.0302E-01  4.9991E-01
  1.2294E+00  5.5222E-01  5.1034E-01  5.0728E-01
  1.2369E+00  5.5776E-01  5.1774E-01  5.1473E-01
  1.2445E+00  5.6341E-01  5.2522E-01  5.2225E-01
  1.2521E+00  5.6919E-01  5.3278E-01  5.2985E-01
  1.2597E+00  5.7508E-01  5.4042E-01  5.3754E-01
  1.2674E+00  5.8111E-01  5.4815E-01  5.4530E-01
  1.2752E+00  5.8727E-01  5.5596E-01  5.5316E-01
  1.2830E+00  5.9356E-01  5.6386E-01  5.6110E-01
  1.2908E+00  5.9998E-01  5.7186E-01  5.6913E-01
  1.2987E+00  6.0655E-01  5.7995E-01  5.7727E-01
  1.3067E+00  6.1326E-01  5.8815E-01  5.8550E-01
  1.3147E+00  6.2012E-01  5.9644E-01  5.9383E-01
  1.3227E+00  6.2713E-01  6.0485E-01  6.0227E-01
  1.3308E+00  6.3430E-01  6.1336E-01  6.1081E-01
  1.3389E+00  6.4162E-01  6.2198E-01  6.1948E-01
  1.3471E+00  6.4911E-01  6.3073E-01  6.2826E-01
  1.3554E+00  6.5676E-01  6.3959E-01  6.3716E-01
  1.3636E+00  6.6459E-01  6.4858E-01  6.4618E-01
  1.3720E+00  6.7259E-01  6.5770E-01  6.5534E-01
  1.3804E+00  6.8076E-01  6.6695E-01  6.6463E-01
  1.3888E+00  6.8913E-01  6.7635E-01  6.7406E-01
  1.3973E+00  6.9768E-01  6.8588E-01  6.8363E-01
  1.4059E+00  7.0643E-01  6.9557E-01  6.9336E-01
  1.4145E+00  7.1537E-01  7.0540E-01  7.0323E-01
  1.4231E+00  7.2452E-01  7.1540E-01  7.1327E-01
  1.4318E+00  7.3387E-01  7.2556E-01  7.2347E-01
  1.4406E+00  7.4344E-01  7.3589E-01  7.3385E-01
  1.4494E+00  7.5323E-01  7.4640E-01  7.4440E-01
  1.4582E+00  7.6325E-01  7.5709E-01  7.5513E-01
  1.4672E+00  7.7349E-01  7.6797E-01  7.6605E-01
  1.4761E+00  7.8398E-01  7.7905E-01  7.7717E-01
  1.4852E+00  7.9470E-01  7.9032E-01  7.8850E-01
  1.4942E+00  8.0568E-01  8.0181E-01  8.0003E-01
  1.5034E+00  8.1691E-01  8.1351E-01  8.1178E-01
  1.5126E+00  8.2840E-01  8.2544E-01  8.2375E-01
  1.5218E+00  8.4016E-01  8.3760E-01  8.3596E-01
  1.5311E+00  8.5220E-01  8.5000E-01  8.4841E-01
  1.5405E+00  8.6452E-01  8.6265E-01  8.6111E-01
  1.5499E+00  8.7713E-01  8.7556E-01  8.7406E-01
  1.5594E+00  8.9004E-01  8.8873E-01  8.8728E-01
  1.5689E+00  9.0325E-01  9.0218E-01  9.0078E-01
  1.5785E+00  9.1679E-01  9.1592E-01  9.1457E-01
  1.5882E+00  9.3064E-01  9.2995E-01  9.2865E-01
  1.5979E+00  9.4483E-01  9.4429E-01  9.4304E-01
  1.6077E+00  9.5935E-01  9.5895E-01  9.5774E-01
  1.6175E+00  9.7423E-01  9.7394E-01  9.7278E-01
  1.6274E+00  9.8947E-01  9.8926E-01  9.8815E-01
  1.6373E+00  1.0051E+00  1.0049E+00  1.0039E+00
  1.6473E+00  1.0211E+00  1.0210E+00  1.0200E+00
  1.6574E+00  1.0375E+00  1.0374E+00  1.0364E+00
  1.6675E+00  1.0542E+00  1.0542E+00  1.0533E+00
  1.6777E+00  1.0714E+00  1.0714E+00  1.0706E+00
  1.6880E+00  1.0891E+00  1.0891E+00  1.0882E+00
  1.6983E+00  1.1071E+00  1.1071E+00  1.1063E+00
  1.7087E+00  1.1256E+00  1.1256E+00  1.1249E+00
  1.7192E+00  1.1446E+00  1.1446E+00  1.1439E+00
  1.7297E+00  1.1641E+00  1.1641E+00  1.1634E+00
  1.7403E+00  1.1840E+00  1.1840E+00  1.1835E+00
  1.7509E+00  1.2045E+00  1.2045E+00  1.2040E+00
  1.7616E+00  1.2255E+00  1.2255E+00  1.2250E+00
  1.7724E+00  1.2471E+00  1.2471E+00  1.2467E+00
  1.7832E+00  1.2693E+00  1.2693E+00  1.2688E+00
  1.7941E+00  1.2920E+00  1.2920E+00  1.2916E+00
  1.8051E+00  1.3153E+00  1.3153E+00  1.3150E+00
  1.8161E+00  1.3393E+00  1.3393E+00  1.3391E+00
  1.8272E+00  1.3640E+00  1.3640E+00  1.3638E+00
  1.8384E+00  1.3893E+00  1.3893E+00  1.3891E+00
  1.8497E+00  1.4154E+00  1.4154E+00  1.4152E+00
  1.8610E+00  1.4422E+00  1.4422E+00  1.4421E+00
  1.8723E+00  1.4697E+00  1.4697E+00  1.4697E+00
  1.8838E+00  1.4981E+00  1.4981E+00  1.4981E+00
  1.8953E+00  1.5272E+00  1.5272E+00  1.5273E+00
  1.9069E+00  1.5572E+00  1.5572E+00  1.5573E+00
  1.9186E+00  1.5881E+00  1.5881E+00  1.5883E+00
  1.9303E+00  1.6199E+00  1.6199E+00  1.6201E+00
  1.9421E+00  1.6527E+00  1.6527E+00  1.6529E+00
  1.9540E+00  1.6865E+00  1.6865E+00  1.6867E+00
  1.9659E+00  1.7212E+00  1.7212E+00  1.7216E+00
  1.9779E+00  1.7571E+00  1.7571E+00  1.7574E+00
  1.9900E+00  1.7940E+00  1.7940E+00  1.7944E+00
  2.0022E+00  1.8321E+00  1.8321E+00  1.8326E+00
