 # l=           2 energy=  -5.00000000000000     
  0.0000E+00  0.0000E+00  0.0000E+00  0.0000E+00
  2.4843E-06  5.6106E-18  5.6106E-18  2.1254E-16
  4.9838E-06  4.5298E-17  4.5298E-17  1.3453E-15
  7.4986E-06  1.5429E-16  1.5429E-16  3.9921E-15
  1.0029E-05  3.6909E-16  3.6909E-16  8.7018E-15
  1.2574E-05  7.2753E-16  7.2753E-16  1.5967E-14
  1.5136E-05  1.2688E-15  1.2688E-15  2.6135E-14
  1.7712E-05  2.0334E-15  2.0334E-15  3.9672E-14
  2.0305E-05  3.0634E-15  3.0634E-15  5.7037E-14
  2.2913E-05  4.4021E-15  4.4021E-15  7.8643E-14
  2.5538E-05  6.0946E-15  6.0946E-15  1.0493E-13
  2.8178E-05  8.1872E-15  8.1872E-15  1.3633E-13
  3.0835E-05  1.0728E-14  1.0728E-14  1.7328E-13
  3.3508E-05  1.3767E-14  1.3767E-14  2.1623E-13
  3.6197E-05  1.7354E-14  1.7354E-14  2.6563E-13
  3.8902E-05  2.1544E-14  2.1544E-14  3.2194E-13
  4.1625E-05  2.6390E-14  2.6390E-14  3.8562E-13
  4.4363E-05  3.1950E-14  3.1950E-14  4.5714E-13
  4.7119E-05  3.8281E-14  3.8281E-14  5.3700E-13
  4.9891E-05  4.5443E-14  4.5443E-14  6.2567E-13
  5.2681E-05  5.3499E-14  5.3499E-14  7.2367E-13
  5.5487E-05  6.2512E-14  6.2512E-14  8.3150E-13
  5.8310E-05  7.2549E-14  7.2549E-14  9.4969E-13
  6.1151E-05  8.3678E-14  8.3678E-14  1.0788E-12
  6.4009E-05  9.5968E-14  9.5968E-14  1.2193E-12
  6.6885E-05  1.0949E-13  1.0949E-13  1.3718E-12
  6.9778E-05  1.2432E-13  1.2432E-13  1.5369E-12
  7.2689E-05  1.4054E-13  1.4054E-13  1.7152E-12
  7.5618E-05  1.5822E-13  1.5822E-13  1.9072E-12
  7.8565E-05  1.7745E-13  1.7745E-13  2.1136E-12
  8.1529E-05  1.9830E-13  1.9830E-13  2.3349E-12
  8.4512E-05  2.2088E-13  2.2088E-13  2.5720E-12
  8.7513E-05  2.4525E-13  2.4525E-13  2.8253E-12
  9.0532E-05  2.7152E-13  2.7152E-13  3.0955E-12
  9.3570E-05  2.9978E-13  2.9978E-13  3.3834E-12
  9.6626E-05  3.3013E-13  3.3013E-13  3.6897E-12
  9.9701E-05  3.6266E-13  3.6266E-13  4.0151E-12
  1.0280E-04  3.9748E-13  3.9748E-13  4.3603E-12
  1.0591E-04  4.3469E-13  4.3469E-13  4.7260E-12
  1.0904E-04  4.7441E-13  4.7441E-13  5.1131E-12
  1.1219E-04  5.1673E-13  5.1673E-13  5.5224E-12
  1.1536E-04  5.6179E-13  5.6179E-13  5.9546E-12
  1.1855E-04  6.0969E-13  6.0969E-13  6.4106E-12
  1.2176E-04  6.6055E-13  6.6055E-13  6.8913E-12
  1.2499E-04  7.1450E-13  7.1450E-13  7.3974E-12
  1.2824E-04  7.7167E-13  7.7167E-13  7.9300E-12
  1.3151E-04  8.3219E-13  8.3219E-13  8.4899E-12
  1.3479E-04  8.9619E-13  8.9619E-13  9.0781E-12
  1.3810E-04  9.6382E-13  9.6382E-13  9.6955E-12
  1.4143E-04  1.0352E-12  1.0352E-12  1.0343E-11
  1.4478E-04  1.1105E-12  1.1105E-12  1.1022E-11
  1.4815E-04  1.1898E-12  1.1898E-12  1.1733E-11
  1.5154E-04  1.2734E-12  1.2734E-12  1.2477E-11
  1.5495E-04  1.3613E-12  1.3613E-12  1.3256E-11
  1.5838E-04  1.4538E-12  1.4538E-12  1.4070E-11
  1.6183E-04  1.5510E-12  1.5510E-12  1.4921E-11
  1.6531E-04  1.6530E-12  1.6530E-12  1.5810E-11
  1.6880E-04  1.7601E-12  1.7601E-12  1.6737E-11
  1.7232E-04  1.8724E-12  1.8724E-12  1.7705E-11
  1.7586E-04  1.9901E-12  1.9901E-12  1.8714E-11
  1.7942E-04  2.1134E-12  2.1134E-12  1.9766E-11
  1.8300E-04  2.2425E-12  2.2425E-12  2.0862E-11
  1.8660E-04  2.3776E-12  2.3776E-12  2.2003E-11
  1.9023E-04  2.5189E-12  2.5189E-12  2.3191E-11
  1.9387E-04  2.6665E-12  2.6665E-12  2.4427E-11
  1.9754E-04  2.8208E-12  2.8208E-12  2.5713E-11
  2.0123E-04  2.9820E-12  2.9820E-12  2.7049E-11
  2.0495E-04  3.1502E-12  3.1502E-12  2.8438E-11
  2.0869E-04  3.3257E-12  3.3257E-12  2.9882E-11
  2.1245E-04  3.5087E-12  3.5087E-12  3.1380E-11
  2.1623E-04  3.6995E-12  3.6995E-12  3.2936E-11
  2.2004E-04  3.8983E-12  3.8983E-12  3.4551E-11
  2.2387E-04  4.1054E-12  4.1054E-12  3.6226E-11
  2.2772E-04  4.3211E-12  4.3211E-12  3.7963E-11
  2.3160E-04  4.5455E-12  4.5455E-12  3.9765E-11
  2.3550E-04  4.7791E-12  4.7791E-12  4.1632E-11
  2.3942E-04  5.0220E-12  5.0220E-12  4.3567E-11
  2.4337E-04  5.2745E-12  5.2745E-12  4.5571E-11
  2.4734E-04  5.5370E-12  5.5370E-12  4.7647E-11
  2.5134E-04  5.8098E-12  5.8098E-12  4.9796E-11
  2.5536E-04  6.0931E-12  6.0931E-12  5.2021E-11
  2.5940E-04  6.3873E-12  6.3873E-12  5.4323E-11
  2.6347E-04  6.6927E-12  6.6927E-12  5.6704E-11
  2.6757E-04  7.0097E-12  7.0097E-12  5.9167E-11
  2.7169E-04  7.3385E-12  7.3385E-12  6.1715E-11
  2.7583E-04  7.6796E-12  7.6796E-12  6.4348E-11
  2.8000E-04  8.0332E-12  8.0332E-12  6.7070E-11
  2.8420E-04  8.3998E-12  8.3998E-12  6.9883E-11
  2.8842E-04  8.7797E-12  8.7797E-12  7.2789E-11
  2.9267E-04  9.1734E-12  9.1734E-12  7.5791E-11
  2.9694E-04  9.5811E-12  9.5811E-12  7.8891E-11
  3.0124E-04  1.0003E-11  1.0003E-11  8.2091E-11
  3.0557E-04  1.0441E-11  1.0441E-11  8.5395E-11
  3.0992E-04  1.0893E-11  1.0893E-11  8.8806E-11
  3.1430E-04  1.1361E-11  1.1361E-11  9.2325E-11
  3.1871E-04  1.1846E-11  1.1846E-11  9.5956E-11
  3.2314E-04  1.2347E-11  1.2347E-11  9.9701E-11
  3.2760E-04  1.2865E-11  1.2865E-11  1.0356E-10
  3.3209E-04  1.3401E-11  1.3401E-11  1.0755E-10
  3.3660E-04  1.3955E-11  1.3955E-11  1.1165E-10
  3.4114E-04  1.4528E-11  1.4528E-11  1.1589E-10
  3.4571E-04  1.5120E-11  1.5120E-11  1.2025E-10
  3.5031E-04  1.5731E-11  1.5731E-11  1.2475E-10
  3.5494E-04  1.6363E-11  1.6363E-11  1.2938E-10
  3.5959E-04  1.7015E-11  1.7015E-11  1.3415E-10
  3.6427E-04  1.7688E-11  1.7688E-11  1.3907E-10
  3.6899E-04  1.8383E-11  1.8383E-11  1.4413E-10
  3.7373E-04  1.9101E-11  1.9101E-11  1.4935E-10
  3.7850E-04  1.9842E-11  1.9842E-11  1.5472E-10
  3.8329E-04  2.0606E-11  2.0606E-11  1.6024E-10
  3.8812E-04  2.1394E-11  2.1394E-11  1.6593E-10
  3.9298E-04  2.2208E-11  2.2208E-11  1.7179E-10
  3.9787E-04  2.3046E-11  2.3046E-11  1.7781E-10
  4.0278E-04  2.3911E-11  2.3911E-11  1.8401E-10
  4.0773E-04  2.4803E-11  2.4803E-11  1.9039E-10
  4.1271E-04  2.5723E-11  2.5723E-11  1.9695E-10
  4.1771E-04  2.6670E-11  2.6670E-11  2.0370E-10
  4.2275E-04  2.7647E-11  2.7647E-11  2.1064E-10
  4.2782E-04  2.8654E-11  2.8654E-11  2.1777E-10
  4.3292E-04  2.9691E-11  2.9691E-11  2.2511E-10
  4.3805E-04  3.0759E-11  3.0759E-11  2.3265E-10
  4.4321E-04  3.1859E-11  3.1859E-11  2.4041E-10
  4.4841E-04  3.2993E-11  3.2993E-11  2.4838E-10
  4.5363E-04  3.4159E-11  3.4159E-11  2.5657E-10
  4.5889E-04  3.5361E-11  3.5361E-11  2.6498E-10
  4.6418E-04  3.6598E-11  3.6598E-11  2.7363E-10
  4.6950E-04  3.7871E-11  3.7871E-11  2.8252E-10
  4.7486E-04  3.9182E-11  3.9182E-11  2.9165E-10
  4.8025E-04  4.0531E-11  4.0531E-11  3.0102E-10
  4.8567E-04  4.1919E-11  4.1919E-11  3.1066E-10
  4.9112E-04  4.3347E-11  4.3347E-11  3.2055E-10
  4.9661E-04  4.4816E-11  4.4816E-11  3.3070E-10
  5.0213E-04  4.6327E-11  4.6327E-11  3.4114E-10
  5.0768E-04  4.7882E-11  4.7882E-11  3.5184E-10
  5.1327E-04  4.9480E-11  4.9480E-11  3.6284E-10
  5.1889E-04  5.1124E-11  5.1124E-11  3.7413E-10
  5.2455E-04  5.2814E-11  5.2814E-11  3.8571E-10
  5.3024E-04  5.4552E-11  5.4552E-11  3.9760E-10
  5.3597E-04  5.6339E-11  5.6339E-11  4.0981E-10
  5.4173E-04  5.8175E-11  5.8175E-11  4.2233E-10
  5.4752E-04  6.0062E-11  6.0062E-11  4.3518E-10
  5.5336E-04  6.2002E-11  6.2002E-11  4.4836E-10
  5.5922E-04  6.3995E-11  6.3995E-11  4.6189E-10
  5.6513E-04  6.6044E-11  6.6044E-11  4.7577E-10
  5.7107E-04  6.8148E-11  6.8148E-11  4.9000E-10
  5.7704E-04  7.0310E-11  7.0310E-11  5.0461E-10
  5.8305E-04  7.2530E-11  7.2530E-11  5.1958E-10
  5.8910E-04  7.4811E-11  7.4811E-11  5.3494E-10
  5.9519E-04  7.7154E-11  7.7154E-11  5.5069E-10
  6.0131E-04  7.9560E-11  7.9560E-11  5.6685E-10
  6.0747E-04  8.2030E-11  8.2030E-11  5.8341E-10
  6.1367E-04  8.4567E-11  8.4567E-11  6.0039E-10
  6.1991E-04  8.7171E-11  8.7171E-11  6.1779E-10
  6.2618E-04  8.9845E-11  8.9845E-11  6.3564E-10
  6.3249E-04  9.2590E-11  9.2590E-11  6.5393E-10
  6.3884E-04  9.5407E-11  9.5407E-11  6.7268E-10
  6.4523E-04  9.8299E-11  9.8299E-11  6.9190E-10
  6.5166E-04  1.0127E-10  1.0127E-10  7.1160E-10
  6.5813E-04  1.0431E-10  1.0431E-10  7.3179E-10
  6.6464E-04  1.0744E-10  1.0744E-10  7.5247E-10
  6.7119E-04  1.1064E-10  1.1064E-10  7.7367E-10
  6.7778E-04  1.1393E-10  1.1393E-10  7.9538E-10
  6.8440E-04  1.1731E-10  1.1731E-10  8.1764E-10
  6.9107E-04  1.2077E-10  1.2077E-10  8.4043E-10
  6.9778E-04  1.2432E-10  1.2432E-10  8.6379E-10
  7.0453E-04  1.2797E-10  1.2797E-10  8.8771E-10
  7.1132E-04  1.3170E-10  1.3170E-10  9.1222E-10
  7.1816E-04  1.3554E-10  1.3554E-10  9.3732E-10
  7.2503E-04  1.3947E-10  1.3947E-10  9.6303E-10
  7.3195E-04  1.4349E-10  1.4349E-10  9.8936E-10
  7.3891E-04  1.4763E-10  1.4763E-10  1.0163E-09
  7.4591E-04  1.5186E-10  1.5186E-10  1.0439E-09
  7.5295E-04  1.5621E-10  1.5621E-10  1.0722E-09
  7.6004E-04  1.6066E-10  1.6066E-10  1.1012E-09
  7.6717E-04  1.6522E-10  1.6522E-10  1.1308E-09
  7.7435E-04  1.6990E-10  1.6990E-10  1.1612E-09
  7.8157E-04  1.7470E-10  1.7470E-10  1.1922E-09
  7.8883E-04  1.7962E-10  1.7962E-10  1.2241E-09
  7.9614E-04  1.8465E-10  1.8465E-10  1.2566E-09
  8.0349E-04  1.8982E-10  1.8982E-10  1.2900E-09
  8.1088E-04  1.9511E-10  1.9511E-10  1.3241E-09
  8.1833E-04  2.0053E-10  2.0053E-10  1.3590E-09
  8.2581E-04  2.0608E-10  2.0608E-10  1.3948E-09
  8.3335E-04  2.1177E-10  2.1177E-10  1.4313E-09
  8.4093E-04  2.1760E-10  2.1760E-10  1.4688E-09
  8.4855E-04  2.2358E-10  2.2358E-10  1.5071E-09
  8.5622E-04  2.2970E-10  2.2970E-10  1.5463E-09
  8.6394E-04  2.3597E-10  2.3597E-10  1.5864E-09
  8.7171E-04  2.4239E-10  2.4239E-10  1.6275E-09
  8.7952E-04  2.4896E-10  2.4896E-10  1.6695E-09
  8.8738E-04  2.5570E-10  2.5570E-10  1.7125E-09
  8.9529E-04  2.6260E-10  2.6260E-10  1.7565E-09
  9.0325E-04  2.6966E-10  2.6966E-10  1.8014E-09
  9.1126E-04  2.7690E-10  2.7690E-10  1.8475E-09
  9.1931E-04  2.8431E-10  2.8431E-10  1.8945E-09
  9.2742E-04  2.9189E-10  2.9189E-10  1.9427E-09
  9.3557E-04  2.9966E-10  2.9966E-10  1.9920E-09
  9.4378E-04  3.0761E-10  3.0761E-10  2.0424E-09
  9.5203E-04  3.1575E-10  3.1575E-10  2.0939E-09
  9.6034E-04  3.2409E-10  3.2409E-10  2.1466E-09
  9.6869E-04  3.3262E-10  3.3262E-10  2.2005E-09
  9.7710E-04  3.4136E-10  3.4136E-10  2.2557E-09
  9.8556E-04  3.5030E-10  3.5030E-10  2.3120E-09
  9.9407E-04  3.5945E-10  3.5945E-10  2.3697E-09
  1.0026E-03  3.6882E-10  3.6882E-10  2.4287E-09
  1.0112E-03  3.7841E-10  3.7841E-10  2.4890E-09
  1.0199E-03  3.8822E-10  3.8822E-10  2.5506E-09
  1.0286E-03  3.9826E-10  3.9826E-10  2.6137E-09
  1.0374E-03  4.0854E-10  4.0854E-10  2.6781E-09
  1.0462E-03  4.1906E-10  4.1906E-10  2.7440E-09
  1.0551E-03  4.2982E-10  4.2982E-10  2.8114E-09
  1.0640E-03  4.4083E-10  4.4083E-10  2.8803E-09
  1.0730E-03  4.5210E-10  4.5210E-10  2.9507E-09
  1.0821E-03  4.6363E-10  4.6363E-10  3.0227E-09
  1.0912E-03  4.7543E-10  4.7543E-10  3.0962E-09
  1.1003E-03  4.8749E-10  4.8749E-10  3.1715E-09
  1.1095E-03  4.9984E-10  4.9984E-10  3.2484E-09
  1.1188E-03  5.1247E-10  5.1247E-10  3.3270E-09
  1.1281E-03  5.2539E-10  5.2539E-10  3.4073E-09
  1.1375E-03  5.3861E-10  5.3861E-10  3.4894E-09
  1.1470E-03  5.5213E-10  5.5213E-10  3.5733E-09
  1.1565E-03  5.6595E-10  5.6595E-10  3.6591E-09
  1.1660E-03  5.8010E-10  5.8010E-10  3.7467E-09
  1.1756E-03  5.9456E-10  5.9456E-10  3.8363E-09
  1.1853E-03  6.0936E-10  6.0936E-10  3.9278E-09
  1.1950E-03  6.2449E-10  6.2449E-10  4.0214E-09
  1.2048E-03  6.3997E-10  6.3997E-10  4.1170E-09
  1.2147E-03  6.5579E-10  6.5579E-10  4.2147E-09
  1.2246E-03  6.7197E-10  6.7197E-10  4.3145E-09
  1.2345E-03  6.8852E-10  6.8852E-10  4.4165E-09
  1.2446E-03  7.0544E-10  7.0544E-10  4.5207E-09
  1.2547E-03  7.2275E-10  7.2275E-10  4.6272E-09
  1.2648E-03  7.4044E-10  7.4044E-10  4.7359E-09
  1.2750E-03  7.5853E-10  7.5853E-10  4.8471E-09
  1.2853E-03  7.7702E-10  7.7702E-10  4.9606E-09
  1.2957E-03  7.9593E-10  7.9593E-10  5.0766E-09
  1.3061E-03  8.1526E-10  8.1526E-10  5.1952E-09
  1.3165E-03  8.3502E-10  8.3502E-10  5.3162E-09
  1.3271E-03  8.5523E-10  8.5523E-10  5.4399E-09
  1.3377E-03  8.7588E-10  8.7588E-10  5.5662E-09
  1.3483E-03  8.9699E-10  8.9699E-10  5.6953E-09
  1.3591E-03  9.1857E-10  9.1857E-10  5.8271E-09
  1.3699E-03  9.4063E-10  9.4063E-10  5.9618E-09
  1.3807E-03  9.6318E-10  9.6318E-10  6.0993E-09
  1.3916E-03  9.8623E-10  9.8623E-10  6.2398E-09
  1.4026E-03  1.0098E-09  1.0098E-09  6.3833E-09
  1.4137E-03  1.0339E-09  1.0339E-09  6.5299E-09
  1.4248E-03  1.0585E-09  1.0585E-09  6.6795E-09
  1.4360E-03  1.0836E-09  1.0836E-09  6.8324E-09
  1.4473E-03  1.1093E-09  1.1093E-09  6.9885E-09
  1.4586E-03  1.1356E-09  1.1356E-09  7.1479E-09
  1.4700E-03  1.1624E-09  1.1624E-09  7.3108E-09
  1.4815E-03  1.1898E-09  1.1898E-09  7.4770E-09
  1.4930E-03  1.2179E-09  1.2179E-09  7.6468E-09
  1.5046E-03  1.2465E-09  1.2465E-09  7.8202E-09
  1.5163E-03  1.2758E-09  1.2758E-09  7.9973E-09
  1.5281E-03  1.3057E-09  1.3057E-09  8.1781E-09
  1.5399E-03  1.3362E-09  1.3362E-09  8.3627E-09
  1.5518E-03  1.3674E-09  1.3674E-09  8.5512E-09
  1.5638E-03  1.3993E-09  1.3993E-09  8.7437E-09
  1.5758E-03  1.4319E-09  1.4319E-09  8.9402E-09
  1.5879E-03  1.4652E-09  1.4652E-09  9.1409E-09
  1.6001E-03  1.4992E-09  1.4992E-09  9.3458E-09
  1.6124E-03  1.5340E-09  1.5340E-09  9.5549E-09
  1.6247E-03  1.5695E-09  1.5695E-09  9.7685E-09
  1.6372E-03  1.6057E-09  1.6057E-09  9.9865E-09
  1.6497E-03  1.6428E-09  1.6428E-09  1.0209E-08
  1.6622E-03  1.6806E-09  1.6806E-09  1.0436E-08
  1.6749E-03  1.7192E-09  1.7192E-09  1.0668E-08
  1.6876E-03  1.7587E-09  1.7587E-09  1.0905E-08
  1.7004E-03  1.7991E-09  1.7991E-09  1.1147E-08
  1.7133E-03  1.8402E-09  1.8402E-09  1.1394E-08
  1.7262E-03  1.8823E-09  1.8823E-09  1.1646E-08
  1.7393E-03  1.9253E-09  1.9253E-09  1.1903E-08
  1.7524E-03  1.9692E-09  1.9692E-09  1.2165E-08
  1.7656E-03  2.0140E-09  2.0140E-09  1.2433E-08
  1.7789E-03  2.0598E-09  2.0598E-09  1.2707E-08
  1.7922E-03  2.1066E-09  2.1066E-09  1.2986E-08
  1.8057E-03  2.1543E-09  2.1543E-09  1.3271E-08
  1.8192E-03  2.2031E-09  2.2031E-09  1.3561E-08
  1.8328E-03  2.2529E-09  2.2529E-09  1.3858E-08
  1.8465E-03  2.3037E-09  2.3037E-09  1.4161E-08
  1.8603E-03  2.3557E-09  2.3557E-09  1.4470E-08
  1.8741E-03  2.4087E-09  2.4087E-09  1.4786E-08
  1.8881E-03  2.4629E-09  2.4629E-09  1.5108E-08
  1.9021E-03  2.5182E-09  2.5182E-09  1.5437E-08
  1.9162E-03  2.5747E-09  2.5747E-09  1.5772E-08
  1.9304E-03  2.6323E-09  2.6323E-09  1.6114E-08
  1.9447E-03  2.6912E-09  2.6912E-09  1.6464E-08
  1.9591E-03  2.7513E-09  2.7513E-09  1.6820E-08
  1.9735E-03  2.8127E-09  2.8127E-09  1.7184E-08
  1.9881E-03  2.8754E-09  2.8754E-09  1.7555E-08
  2.0027E-03  2.9393E-09  2.9393E-09  1.7934E-08
  2.0174E-03  3.0047E-09  3.0047E-09  1.8321E-08
  2.0323E-03  3.0714E-09  3.0714E-09  1.8715E-08
  2.0472E-03  3.1395E-09  3.1395E-09  1.9118E-08
  2.0622E-03  3.2090E-09  3.2090E-09  1.9528E-08
  2.0773E-03  3.2800E-09  3.2800E-09  1.9947E-08
  2.0924E-03  3.3524E-09  3.3524E-09  2.0375E-08
  2.1077E-03  3.4264E-09  3.4264E-09  2.0811E-08
  2.1231E-03  3.5019E-09  3.5019E-09  2.1257E-08
  2.1386E-03  3.5790E-09  3.5790E-09  2.1711E-08
  2.1541E-03  3.6576E-09  3.6576E-09  2.2174E-08
  2.1698E-03  3.7380E-09  3.7380E-09  2.2647E-08
  2.1855E-03  3.8200E-09  3.8200E-09  2.3129E-08
  2.2014E-03  3.9037E-09  3.9037E-09  2.3622E-08
  2.2173E-03  3.9891E-09  3.9891E-09  2.4124E-08
  2.2334E-03  4.0763E-09  4.0763E-09  2.4636E-08
  2.2495E-03  4.1653E-09  4.1653E-09  2.5159E-08
  2.2657E-03  4.2561E-09  4.2561E-09  2.5692E-08
  2.2821E-03  4.3489E-09  4.3489E-09  2.6236E-08
  2.2985E-03  4.4435E-09  4.4435E-09  2.6791E-08
  2.3150E-03  4.5401E-09  4.5401E-09  2.7357E-08
  2.3317E-03  4.6387E-09  4.6387E-09  2.7935E-08
  2.3484E-03  4.7393E-09  4.7393E-09  2.8524E-08
  2.3653E-03  4.8420E-09  4.8420E-09  2.9125E-08
  2.3822E-03  4.9468E-09  4.9468E-09  2.9738E-08
  2.3992E-03  5.0538E-09  5.0538E-09  3.0363E-08
  2.4164E-03  5.1630E-09  5.1630E-09  3.1001E-08
  2.4337E-03  5.2744E-09  5.2744E-09  3.1652E-08
  2.4510E-03  5.3881E-09  5.3881E-09  3.2316E-08
  2.4685E-03  5.5041E-09  5.5041E-09  3.2993E-08
  2.4861E-03  5.6225E-09  5.6225E-09  3.3683E-08
  2.5038E-03  5.7434E-09  5.7434E-09  3.4388E-08
  2.5215E-03  5.8667E-09  5.8667E-09  3.5106E-08
  2.5394E-03  5.9925E-09  5.9925E-09  3.5839E-08
  2.5575E-03  6.1209E-09  6.1209E-09  3.6587E-08
  2.5756E-03  6.2519E-09  6.2519E-09  3.7349E-08
  2.5938E-03  6.3856E-09  6.3856E-09  3.8127E-08
  2.6121E-03  6.5221E-09  6.5221E-09  3.8920E-08
  2.6306E-03  6.6613E-09  6.6613E-09  3.9729E-08
  2.6492E-03  6.8033E-09  6.8033E-09  4.0554E-08
  2.6679E-03  6.9483E-09  6.9483E-09  4.1396E-08
  2.6866E-03  7.0962E-09  7.0962E-09  4.2254E-08
  2.7056E-03  7.2471E-09  7.2471E-09  4.3129E-08
  2.7246E-03  7.4010E-09  7.4010E-09  4.4022E-08
  2.7437E-03  7.5581E-09  7.5581E-09  4.4932E-08
  2.7630E-03  7.7184E-09  7.7184E-09  4.5860E-08
  2.7824E-03  7.8819E-09  7.8819E-09  4.6807E-08
  2.8019E-03  8.0487E-09  8.0487E-09  4.7773E-08
  2.8215E-03  8.2190E-09  8.2190E-09  4.8758E-08
  2.8412E-03  8.3926E-09  8.3926E-09  4.9762E-08
  2.8611E-03  8.5698E-09  8.5698E-09  5.0786E-08
  2.8810E-03  8.7506E-09  8.7506E-09  5.1830E-08
  2.9011E-03  8.9350E-09  8.9350E-09  5.2895E-08
  2.9214E-03  9.1231E-09  9.1231E-09  5.3981E-08
  2.9417E-03  9.3151E-09  9.3151E-09  5.5089E-08
  2.9622E-03  9.5109E-09  9.5109E-09  5.6218E-08
  2.9828E-03  9.7106E-09  9.7106E-09  5.7369E-08
  3.0035E-03  9.9144E-09  9.9144E-09  5.8544E-08
  3.0243E-03  1.0122E-08  1.0122E-08  5.9741E-08
  3.0453E-03  1.0334E-08  1.0334E-08  6.0962E-08
  3.0664E-03  1.0551E-08  1.0551E-08  6.2207E-08
  3.0876E-03  1.0771E-08  1.0771E-08  6.3476E-08
  3.1090E-03  1.0996E-08  1.0996E-08  6.4771E-08
  3.1305E-03  1.1226E-08  1.1226E-08  6.6091E-08
  3.1521E-03  1.1460E-08  1.1460E-08  6.7436E-08
  3.1739E-03  1.1699E-08  1.1699E-08  6.8808E-08
  3.1958E-03  1.1943E-08  1.1943E-08  7.0207E-08
  3.2178E-03  1.2192E-08  1.2192E-08  7.1634E-08
  3.2399E-03  1.2445E-08  1.2445E-08  7.3088E-08
  3.2622E-03  1.2704E-08  1.2704E-08  7.4571E-08
  3.2847E-03  1.2968E-08  1.2968E-08  7.6083E-08
  3.3072E-03  1.3237E-08  1.3237E-08  7.7625E-08
  3.3299E-03  1.3511E-08  1.3511E-08  7.9196E-08
  3.3528E-03  1.3791E-08  1.3791E-08  8.0799E-08
  3.3758E-03  1.4077E-08  1.4077E-08  8.2432E-08
  3.3989E-03  1.4368E-08  1.4368E-08  8.4098E-08
  3.4221E-03  1.4665E-08  1.4665E-08  8.5796E-08
  3.4455E-03  1.4968E-08  1.4968E-08  8.7527E-08
  3.4691E-03  1.5277E-08  1.5277E-08  8.9292E-08
  3.4928E-03  1.5592E-08  1.5592E-08  9.1092E-08
  3.5166E-03  1.5914E-08  1.5914E-08  9.2926E-08
  3.5406E-03  1.6242E-08  1.6242E-08  9.4796E-08
  3.5647E-03  1.6576E-08  1.6576E-08  9.6703E-08
  3.5890E-03  1.6917E-08  1.6917E-08  9.8646E-08
  3.6134E-03  1.7265E-08  1.7265E-08  1.0063E-07
  3.6380E-03  1.7619E-08  1.7619E-08  1.0265E-07
  3.6628E-03  1.7981E-08  1.7981E-08  1.0471E-07
  3.6876E-03  1.8350E-08  1.8350E-08  1.0681E-07
  3.7127E-03  1.8726E-08  1.8726E-08  1.0895E-07
  3.7378E-03  1.9110E-08  1.9110E-08  1.1113E-07
  3.7632E-03  1.9501E-08  1.9501E-08  1.1335E-07
  3.7887E-03  1.9900E-08  1.9900E-08  1.1562E-07
  3.8143E-03  2.0307E-08  2.0307E-08  1.1793E-07
  3.8401E-03  2.0722E-08  2.0722E-08  1.2028E-07
  3.8661E-03  2.1145E-08  2.1145E-08  1.2269E-07
  3.8922E-03  2.1576E-08  2.1576E-08  1.2513E-07
  3.9185E-03  2.2016E-08  2.2016E-08  1.2763E-07
  3.9449E-03  2.2465E-08  2.2465E-08  1.3017E-07
  3.9715E-03  2.2923E-08  2.2923E-08  1.3276E-07
  3.9983E-03  2.3389E-08  2.3389E-08  1.3541E-07
  4.0252E-03  2.3865E-08  2.3865E-08  1.3810E-07
  4.0523E-03  2.4350E-08  2.4350E-08  1.4084E-07
  4.0796E-03  2.4845E-08  2.4845E-08  1.4364E-07
  4.1070E-03  2.5349E-08  2.5349E-08  1.4649E-07
  4.1346E-03  2.5864E-08  2.5864E-08  1.4940E-07
  4.1624E-03  2.6388E-08  2.6388E-08  1.5237E-07
  4.1903E-03  2.6923E-08  2.6923E-08  1.5539E-07
  4.2184E-03  2.7468E-08  2.7468E-08  1.5846E-07
  4.2467E-03  2.8024E-08  2.8024E-08  1.6160E-07
  4.2751E-03  2.8591E-08  2.8591E-08  1.6480E-07
  4.3037E-03  2.9169E-08  2.9169E-08  1.6806E-07
  4.3325E-03  2.9759E-08  2.9759E-08  1.7138E-07
  4.3615E-03  3.0360E-08  3.0360E-08  1.7477E-07
  4.3907E-03  3.0973E-08  3.0973E-08  1.7822E-07
  4.4200E-03  3.1597E-08  3.1597E-08  1.8174E-07
  4.4495E-03  3.2234E-08  3.2234E-08  1.8532E-07
  4.4792E-03  3.2884E-08  3.2884E-08  1.8897E-07
  4.5090E-03  3.3546E-08  3.3546E-08  1.9270E-07
  4.5391E-03  3.4221E-08  3.4221E-08  1.9649E-07
  4.5693E-03  3.4910E-08  3.4910E-08  2.0036E-07
  4.5998E-03  3.5612E-08  3.5612E-08  2.0430E-07
  4.6304E-03  3.6327E-08  3.6327E-08  2.0832E-07
  4.6612E-03  3.7057E-08  3.7057E-08  2.1241E-07
  4.6921E-03  3.7801E-08  3.7801E-08  2.1659E-07
  4.7233E-03  3.8559E-08  3.8559E-08  2.2084E-07
  4.7547E-03  3.9332E-08  3.9332E-08  2.2517E-07
  4.7862E-03  4.0120E-08  4.0120E-08  2.2959E-07
  4.8180E-03  4.0924E-08  4.0924E-08  2.3409E-07
  4.8499E-03  4.1743E-08  4.1743E-08  2.3868E-07
  4.8820E-03  4.2579E-08  4.2579E-08  2.4335E-07
  4.9144E-03  4.3430E-08  4.3430E-08  2.4811E-07
  4.9469E-03  4.4298E-08  4.4298E-08  2.5297E-07
  4.9796E-03  4.5183E-08  4.5183E-08  2.5792E-07
  5.0126E-03  4.6086E-08  4.6086E-08  2.6296E-07
  5.0457E-03  4.7006E-08  4.7006E-08  2.6809E-07
  5.0790E-03  4.7943E-08  4.7943E-08  2.7333E-07
  5.1126E-03  4.8899E-08  4.8899E-08  2.7866E-07
  5.1463E-03  4.9874E-08  4.9874E-08  2.8410E-07
  5.1802E-03  5.0867E-08  5.0867E-08  2.8964E-07
  5.2144E-03  5.1880E-08  5.1880E-08  2.9529E-07
  5.2488E-03  5.2913E-08  5.2913E-08  3.0104E-07
  5.2833E-03  5.3965E-08  5.3965E-08  3.0690E-07
  5.3181E-03  5.5038E-08  5.5038E-08  3.1287E-07
  5.3531E-03  5.6132E-08  5.6132E-08  3.1896E-07
  5.3883E-03  5.7247E-08  5.7247E-08  3.2516E-07
  5.4238E-03  5.8383E-08  5.8383E-08  3.3148E-07
  5.4594E-03  5.9542E-08  5.9542E-08  3.3792E-07
  5.4953E-03  6.0723E-08  6.0723E-08  3.4448E-07
  5.5314E-03  6.1927E-08  6.1927E-08  3.5117E-07
  5.5677E-03  6.3154E-08  6.3154E-08  3.5798E-07
  5.6042E-03  6.4405E-08  6.4405E-08  3.6493E-07
  5.6409E-03  6.5681E-08  6.5681E-08  3.7200E-07
  5.6779E-03  6.6981E-08  6.6981E-08  3.7921E-07
  5.7151E-03  6.8306E-08  6.8306E-08  3.8655E-07
  5.7525E-03  6.9656E-08  6.9656E-08  3.9403E-07
  5.7902E-03  7.1033E-08  7.1033E-08  4.0166E-07
  5.8281E-03  7.2436E-08  7.2436E-08  4.0943E-07
  5.8662E-03  7.3867E-08  7.3867E-08  4.1734E-07
  5.9045E-03  7.5325E-08  7.5325E-08  4.2541E-07
  5.9431E-03  7.6811E-08  7.6811E-08  4.3363E-07
  5.9819E-03  7.8326E-08  7.8326E-08  4.4200E-07
  6.0210E-03  7.9871E-08  7.9871E-08  4.5053E-07
  6.0603E-03  8.1445E-08  8.1445E-08  4.5922E-07
  6.0998E-03  8.3049E-08  8.3049E-08  4.6808E-07
  6.1396E-03  8.4684E-08  8.4684E-08  4.7710E-07
  6.1796E-03  8.6351E-08  8.6351E-08  4.8630E-07
  6.2199E-03  8.8050E-08  8.8050E-08  4.9566E-07
  6.2604E-03  8.9782E-08  8.9782E-08  5.0520E-07
  6.3011E-03  9.1547E-08  9.1547E-08  5.1493E-07
  6.3422E-03  9.3346E-08  9.3346E-08  5.2483E-07
  6.3834E-03  9.5179E-08  9.5179E-08  5.3493E-07
  6.4249E-03  9.7048E-08  9.7048E-08  5.4521E-07
  6.4667E-03  9.8953E-08  9.8953E-08  5.5568E-07
  6.5087E-03  1.0089E-07  1.0089E-07  5.6636E-07
  6.5510E-03  1.0287E-07  1.0287E-07  5.7723E-07
  6.5935E-03  1.0489E-07  1.0489E-07  5.8831E-07
  6.6363E-03  1.0695E-07  1.0695E-07  5.9959E-07
  6.6794E-03  1.0904E-07  1.0904E-07  6.1109E-07
  6.7227E-03  1.1118E-07  1.1118E-07  6.2280E-07
  6.7663E-03  1.1335E-07  1.1335E-07  6.3474E-07
  6.8101E-03  1.1557E-07  1.1557E-07  6.4690E-07
  6.8543E-03  1.1783E-07  1.1783E-07  6.5928E-07
  6.8986E-03  1.2014E-07  1.2014E-07  6.7190E-07
  6.9433E-03  1.2248E-07  1.2248E-07  6.8475E-07
  6.9882E-03  1.2488E-07  1.2488E-07  6.9785E-07
  7.0334E-03  1.2732E-07  1.2732E-07  7.1119E-07
  7.0789E-03  1.2980E-07  1.2980E-07  7.2478E-07
  7.1247E-03  1.3234E-07  1.3234E-07  7.3863E-07
  7.1707E-03  1.3492E-07  1.3492E-07  7.5273E-07
  7.2171E-03  1.3755E-07  1.3755E-07  7.6710E-07
  7.2637E-03  1.4023E-07  1.4023E-07  7.8174E-07
  7.3106E-03  1.4297E-07  1.4297E-07  7.9665E-07
  7.3577E-03  1.4575E-07  1.4575E-07  8.1184E-07
  7.4052E-03  1.4859E-07  1.4859E-07  8.2731E-07
  7.4530E-03  1.5148E-07  1.5148E-07  8.4307E-07
  7.5010E-03  1.5443E-07  1.5443E-07  8.5913E-07
  7.5494E-03  1.5744E-07  1.5744E-07  8.7549E-07
  7.5980E-03  1.6050E-07  1.6050E-07  8.9215E-07
  7.6469E-03  1.6362E-07  1.6362E-07  9.0913E-07
  7.6962E-03  1.6680E-07  1.6680E-07  9.2642E-07
  7.7457E-03  1.7004E-07  1.7004E-07  9.4403E-07
  7.7956E-03  1.7335E-07  1.7335E-07  9.6197E-07
  7.8457E-03  1.7671E-07  1.7671E-07  9.8025E-07
  7.8961E-03  1.8015E-07  1.8015E-07  9.9886E-07
  7.9469E-03  1.8364E-07  1.8364E-07  1.0178E-06
  7.9980E-03  1.8721E-07  1.8721E-07  1.0371E-06
  8.0494E-03  1.9084E-07  1.9084E-07  1.0568E-06
  8.1011E-03  1.9454E-07  1.9454E-07  1.0769E-06
  8.1531E-03  1.9831E-07  1.9831E-07  1.0973E-06
  8.2054E-03  2.0215E-07  2.0215E-07  1.1181E-06
  8.2580E-03  2.0607E-07  2.0607E-07  1.1393E-06
  8.3110E-03  2.1006E-07  2.1006E-07  1.1608E-06
  8.3643E-03  2.1413E-07  2.1413E-07  1.1828E-06
  8.4179E-03  2.1827E-07  2.1827E-07  1.2052E-06
  8.4719E-03  2.2249E-07  2.2249E-07  1.2280E-06
  8.5262E-03  2.2680E-07  2.2680E-07  1.2512E-06
  8.5808E-03  2.3118E-07  2.3118E-07  1.2749E-06
  8.6357E-03  2.3565E-07  2.3565E-07  1.2990E-06
  8.6910E-03  2.4021E-07  2.4021E-07  1.3235E-06
  8.7466E-03  2.4485E-07  2.4485E-07  1.3485E-06
  8.8026E-03  2.4958E-07  2.4958E-07  1.3740E-06
  8.8589E-03  2.5440E-07  2.5440E-07  1.3999E-06
  8.9155E-03  2.5931E-07  2.5931E-07  1.4263E-06
  8.9725E-03  2.6431E-07  2.6431E-07  1.4532E-06
  9.0299E-03  2.6941E-07  2.6941E-07  1.4806E-06
  9.0876E-03  2.7461E-07  2.7461E-07  1.5085E-06
  9.1456E-03  2.7990E-07  2.7990E-07  1.5370E-06
  9.2040E-03  2.8530E-07  2.8530E-07  1.5659E-06
  9.2628E-03  2.9080E-07  2.9080E-07  1.5954E-06
  9.3219E-03  2.9640E-07  2.9640E-07  1.6254E-06
  9.3813E-03  3.0211E-07  3.0211E-07  1.6560E-06
  9.4412E-03  3.0793E-07  3.0793E-07  1.6872E-06
  9.5014E-03  3.1386E-07  3.1386E-07  1.7189E-06
  9.5620E-03  3.1990E-07  3.1990E-07  1.7512E-06
  9.6229E-03  3.2605E-07  3.2605E-07  1.7841E-06
  9.6842E-03  3.3233E-07  3.3233E-07  1.8177E-06
  9.7459E-03  3.3872E-07  3.3872E-07  1.8518E-06
  9.8080E-03  3.4523E-07  3.4523E-07  1.8866E-06
  9.8704E-03  3.5187E-07  3.5187E-07  1.9220E-06
  9.9333E-03  3.5863E-07  3.5863E-07  1.9581E-06
  9.9965E-03  3.6552E-07  3.6552E-07  1.9948E-06
  1.0060E-02  3.7254E-07  3.7254E-07  2.0322E-06
  1.0124E-02  3.7969E-07  3.7969E-07  2.0703E-06
  1.0188E-02  3.8698E-07  3.8698E-07  2.1091E-06
  1.0253E-02  3.9441E-07  3.9441E-07  2.1486E-06
  1.0318E-02  4.0198E-07  4.0198E-07  2.1889E-06
  1.0384E-02  4.0969E-07  4.0969E-07  2.2298E-06
  1.0450E-02  4.1755E-07  4.1755E-07  2.2716E-06
  1.0516E-02  4.2555E-07  4.2555E-07  2.3141E-06
  1.0583E-02  4.3371E-07  4.3371E-07  2.3574E-06
  1.0650E-02  4.4202E-07  4.4202E-07  2.4015E-06
  1.0718E-02  4.5049E-07  4.5049E-07  2.4463E-06
  1.0786E-02  4.5912E-07  4.5912E-07  2.4921E-06
  1.0854E-02  4.6792E-07  4.6792E-07  2.5386E-06
  1.0923E-02  4.7688E-07  4.7688E-07  2.5860E-06
  1.0992E-02  4.8601E-07  4.8601E-07  2.6343E-06
  1.1062E-02  4.9531E-07  4.9531E-07  2.6835E-06
  1.1132E-02  5.0479E-07  5.0479E-07  2.7336E-06
  1.1203E-02  5.1444E-07  5.1444E-07  2.7846E-06
  1.1274E-02  5.2428E-07  5.2428E-07  2.8365E-06
  1.1345E-02  5.3431E-07  5.3431E-07  2.8894E-06
  1.1417E-02  5.4452E-07  5.4452E-07  2.9432E-06
  1.1489E-02  5.5493E-07  5.5493E-07  2.9981E-06
  1.1562E-02  5.6553E-07  5.6553E-07  3.0539E-06
  1.1635E-02  5.7634E-07  5.7634E-07  3.1108E-06
  1.1709E-02  5.8735E-07  5.8735E-07  3.1687E-06
  1.1783E-02  5.9856E-07  5.9856E-07  3.2276E-06
  1.1857E-02  6.0999E-07  6.0999E-07  3.2877E-06
  1.1932E-02  6.2164E-07  6.2164E-07  3.3488E-06
  1.2008E-02  6.3350E-07  6.3350E-07  3.4111E-06
  1.2084E-02  6.4559E-07  6.4559E-07  3.4745E-06
  1.2160E-02  6.5791E-07  6.5791E-07  3.5390E-06
  1.2237E-02  6.7045E-07  6.7045E-07  3.6048E-06
  1.2314E-02  6.8324E-07  6.8324E-07  3.6717E-06
  1.2392E-02  6.9626E-07  6.9626E-07  3.7399E-06
  1.2470E-02  7.0954E-07  7.0954E-07  3.8093E-06
  1.2549E-02  7.2306E-07  7.2306E-07  3.8800E-06
  1.2628E-02  7.3684E-07  7.3684E-07  3.9519E-06
  1.2708E-02  7.5087E-07  7.5087E-07  4.0252E-06
  1.2788E-02  7.6517E-07  7.6517E-07  4.0998E-06
  1.2869E-02  7.7974E-07  7.7974E-07  4.1758E-06
  1.2950E-02  7.9459E-07  7.9459E-07  4.2532E-06
  1.3031E-02  8.0971E-07  8.0971E-07  4.3319E-06
  1.3114E-02  8.2512E-07  8.2512E-07  4.4121E-06
  1.3196E-02  8.4083E-07  8.4083E-07  4.4938E-06
  1.3279E-02  8.5682E-07  8.5682E-07  4.5770E-06
  1.3363E-02  8.7312E-07  8.7312E-07  4.6616E-06
  1.3447E-02  8.8972E-07  8.8972E-07  4.7478E-06
  1.3532E-02  9.0664E-07  9.0664E-07  4.8356E-06
  1.3617E-02  9.2387E-07  9.2387E-07  4.9250E-06
  1.3703E-02  9.4143E-07  9.4143E-07  5.0160E-06
  1.3789E-02  9.5932E-07  9.5932E-07  5.1086E-06
  1.3876E-02  9.7755E-07  9.7755E-07  5.2030E-06
  1.3963E-02  9.9612E-07  9.9612E-07  5.2990E-06
  1.4051E-02  1.0150E-06  1.0150E-06  5.3968E-06
  1.4140E-02  1.0343E-06  1.0343E-06  5.4964E-06
  1.4229E-02  1.0540E-06  1.0540E-06  5.5978E-06
  1.4318E-02  1.0740E-06  1.0740E-06  5.7010E-06
  1.4408E-02  1.0943E-06  1.0943E-06  5.8061E-06
  1.4499E-02  1.1151E-06  1.1151E-06  5.9131E-06
  1.4590E-02  1.1363E-06  1.1363E-06  6.0220E-06
  1.4681E-02  1.1578E-06  1.1578E-06  6.1329E-06
  1.4774E-02  1.1798E-06  1.1798E-06  6.2458E-06
  1.4866E-02  1.2021E-06  1.2021E-06  6.3608E-06
  1.4960E-02  1.2249E-06  1.2249E-06  6.4778E-06
  1.5054E-02  1.2482E-06  1.2482E-06  6.5970E-06
  1.5148E-02  1.2718E-06  1.2718E-06  6.7183E-06
  1.5243E-02  1.2959E-06  1.2959E-06  6.8418E-06
  1.5339E-02  1.3205E-06  1.3205E-06  6.9676E-06
  1.5435E-02  1.3455E-06  1.3455E-06  7.0956E-06
  1.5532E-02  1.3710E-06  1.3710E-06  7.2259E-06
  1.5630E-02  1.3969E-06  1.3969E-06  7.3586E-06
  1.5728E-02  1.4234E-06  1.4234E-06  7.4937E-06
  1.5826E-02  1.4503E-06  1.4503E-06  7.6312E-06
  1.5926E-02  1.4778E-06  1.4778E-06  7.7712E-06
  1.6025E-02  1.5058E-06  1.5058E-06  7.9138E-06
  1.6126E-02  1.5342E-06  1.5342E-06  8.0589E-06
  1.6227E-02  1.5633E-06  1.5633E-06  8.2066E-06
  1.6329E-02  1.5928E-06  1.5928E-06  8.3570E-06
  1.6431E-02  1.6230E-06  1.6230E-06  8.5101E-06
  1.6534E-02  1.6537E-06  1.6537E-06  8.6660E-06
  1.6637E-02  1.6849E-06  1.6849E-06  8.8246E-06
  1.6742E-02  1.7168E-06  1.7168E-06  8.9862E-06
  1.6846E-02  1.7492E-06  1.7492E-06  9.1506E-06
  1.6952E-02  1.7823E-06  1.7823E-06  9.3180E-06
  1.7058E-02  1.8160E-06  1.8160E-06  9.4884E-06
  1.7165E-02  1.8503E-06  1.8503E-06  9.6619E-06
  1.7272E-02  1.8852E-06  1.8852E-06  9.8384E-06
  1.7380E-02  1.9208E-06  1.9208E-06  1.0018E-05
  1.7489E-02  1.9571E-06  1.9571E-06  1.0201E-05
  1.7599E-02  1.9941E-06  1.9941E-06  1.0387E-05
  1.7709E-02  2.0317E-06  2.0317E-06  1.0577E-05
  1.7819E-02  2.0701E-06  2.0701E-06  1.0770E-05
  1.7931E-02  2.1092E-06  2.1092E-06  1.0967E-05
  1.8043E-02  2.1490E-06  2.1490E-06  1.1167E-05
  1.8156E-02  2.1895E-06  2.1895E-06  1.1370E-05
  1.8269E-02  2.2308E-06  2.2308E-06  1.1578E-05
  1.8383E-02  2.2729E-06  2.2729E-06  1.1788E-05
  1.8498E-02  2.3158E-06  2.3158E-06  1.2003E-05
  1.8614E-02  2.3594E-06  2.3594E-06  1.2222E-05
  1.8730E-02  2.4039E-06  2.4039E-06  1.2444E-05
  1.8847E-02  2.4493E-06  2.4493E-06  1.2671E-05
  1.8965E-02  2.4954E-06  2.4954E-06  1.2901E-05
  1.9083E-02  2.5425E-06  2.5425E-06  1.3136E-05
  1.9202E-02  2.5904E-06  2.5904E-06  1.3375E-05
  1.9322E-02  2.6392E-06  2.6392E-06  1.3618E-05
  1.9443E-02  2.6889E-06  2.6889E-06  1.3866E-05
  1.9564E-02  2.7396E-06  2.7396E-06  1.4117E-05
  1.9686E-02  2.7912E-06  2.7912E-06  1.4374E-05
  1.9809E-02  2.8437E-06  2.8437E-06  1.4635E-05
  1.9933E-02  2.8973E-06  2.8973E-06  1.4900E-05
  2.0057E-02  2.9519E-06  2.9519E-06  1.5171E-05
  2.0182E-02  3.0074E-06  3.0074E-06  1.5446E-05
  2.0308E-02  3.0640E-06  3.0640E-06  1.5726E-05
  2.0435E-02  3.1217E-06  3.1217E-06  1.6011E-05
  2.0562E-02  3.1805E-06  3.1805E-06  1.6301E-05
  2.0690E-02  3.2403E-06  3.2403E-06  1.6597E-05
  2.0819E-02  3.3013E-06  3.3013E-06  1.6897E-05
  2.0949E-02  3.3634E-06  3.3634E-06  1.7203E-05
  2.1080E-02  3.4266E-06  3.4266E-06  1.7515E-05
  2.1211E-02  3.4911E-06  3.4911E-06  1.7832E-05
  2.1343E-02  3.5568E-06  3.5568E-06  1.8154E-05
  2.1476E-02  3.6236E-06  3.6236E-06  1.8483E-05
  2.1610E-02  3.6918E-06  3.6918E-06  1.8817E-05
  2.1745E-02  3.7612E-06  3.7612E-06  1.9157E-05
  2.1880E-02  3.8319E-06  3.8319E-06  1.9503E-05
  2.2016E-02  3.9039E-06  3.9039E-06  1.9855E-05
  2.2153E-02  3.9772E-06  3.9772E-06  2.0214E-05
  2.2291E-02  4.0520E-06  4.0520E-06  2.0579E-05
  2.2430E-02  4.1281E-06  4.1281E-06  2.0950E-05
  2.2570E-02  4.2057E-06  4.2057E-06  2.1328E-05
  2.2710E-02  4.2847E-06  4.2847E-06  2.1712E-05
  2.2851E-02  4.3651E-06  4.3651E-06  2.2104E-05
  2.2994E-02  4.4471E-06  4.4471E-06  2.2502E-05
  2.3137E-02  4.5306E-06  4.5306E-06  2.2908E-05
  2.3281E-02  4.6157E-06  4.6157E-06  2.3320E-05
  2.3425E-02  4.7023E-06  4.7023E-06  2.3740E-05
  2.3571E-02  4.7906E-06  4.7906E-06  2.4167E-05
  2.3718E-02  4.8805E-06  4.8805E-06  2.4602E-05
  2.3865E-02  4.9721E-06  4.9721E-06  2.5045E-05
  2.4014E-02  5.0654E-06  5.0654E-06  2.5495E-05
  2.4163E-02  5.1605E-06  5.1605E-06  2.5953E-05
  2.4313E-02  5.2573E-06  5.2573E-06  2.6420E-05
  2.4464E-02  5.3559E-06  5.3559E-06  2.6894E-05
  2.4616E-02  5.4564E-06  5.4564E-06  2.7377E-05
  2.4769E-02  5.5587E-06  5.5587E-06  2.7869E-05
  2.4923E-02  5.6630E-06  5.6630E-06  2.8369E-05
  2.5078E-02  5.7692E-06  5.7692E-06  2.8878E-05
  2.5234E-02  5.8773E-06  5.8773E-06  2.9396E-05
  2.5391E-02  5.9875E-06  5.9875E-06  2.9923E-05
  2.5548E-02  6.0997E-06  6.0997E-06  3.0459E-05
  2.5707E-02  6.2141E-06  6.2141E-06  3.1005E-05
  2.5867E-02  6.3305E-06  6.3305E-06  3.1560E-05
  2.6027E-02  6.4492E-06  6.4492E-06  3.2125E-05
  2.6189E-02  6.5700E-06  6.5700E-06  3.2700E-05
  2.6352E-02  6.6931E-06  6.6931E-06  3.3285E-05
  2.6515E-02  6.8185E-06  6.8185E-06  3.3880E-05
  2.6680E-02  6.9463E-06  6.9463E-06  3.4486E-05
  2.6845E-02  7.0764E-06  7.0764E-06  3.5103E-05
  2.7012E-02  7.2089E-06  7.2089E-06  3.5730E-05
  2.7180E-02  7.3439E-06  7.3439E-06  3.6368E-05
  2.7348E-02  7.4814E-06  7.4814E-06  3.7018E-05
  2.7518E-02  7.6215E-06  7.6215E-06  3.7678E-05
  2.7689E-02  7.7642E-06  7.7642E-06  3.8351E-05
  2.7860E-02  7.9095E-06  7.9095E-06  3.9035E-05
  2.8033E-02  8.0576E-06  8.0576E-06  3.9731E-05
  2.8207E-02  8.2084E-06  8.2084E-06  4.0439E-05
  2.8382E-02  8.3620E-06  8.3620E-06  4.1160E-05
  2.8558E-02  8.5185E-06  8.5185E-06  4.1893E-05
  2.8735E-02  8.6779E-06  8.6779E-06  4.2639E-05
  2.8913E-02  8.8403E-06  8.8403E-06  4.3398E-05
  2.9093E-02  9.0057E-06  9.0057E-06  4.4170E-05
  2.9273E-02  9.1741E-06  9.1741E-06  4.4956E-05
  2.9454E-02  9.3457E-06  9.3457E-06  4.5755E-05
  2.9637E-02  9.5205E-06  9.5205E-06  4.6568E-05
  2.9821E-02  9.6986E-06  9.6986E-06  4.7396E-05
  3.0005E-02  9.8799E-06  9.8799E-06  4.8238E-05
  3.0191E-02  1.0065E-05  1.0065E-05  4.9094E-05
  3.0378E-02  1.0253E-05  1.0253E-05  4.9965E-05
  3.0567E-02  1.0445E-05  1.0445E-05  5.0852E-05
  3.0756E-02  1.0640E-05  1.0640E-05  5.1754E-05
  3.0946E-02  1.0839E-05  1.0839E-05  5.2672E-05
  3.1138E-02  1.1041E-05  1.1041E-05  5.3605E-05
  3.1331E-02  1.1248E-05  1.1248E-05  5.4555E-05
  3.1525E-02  1.1458E-05  1.1458E-05  5.5521E-05
  3.1720E-02  1.1672E-05  1.1672E-05  5.6504E-05
  3.1917E-02  1.1890E-05  1.1890E-05  5.7504E-05
  3.2114E-02  1.2112E-05  1.2112E-05  5.8521E-05
  3.2313E-02  1.2338E-05  1.2338E-05  5.9556E-05
  3.2513E-02  1.2569E-05  1.2569E-05  6.0609E-05
  3.2714E-02  1.2804E-05  1.2804E-05  6.1680E-05
  3.2917E-02  1.3043E-05  1.3043E-05  6.2769E-05
  3.3121E-02  1.3286E-05  1.3286E-05  6.3878E-05
  3.3326E-02  1.3534E-05  1.3534E-05  6.5005E-05
  3.3532E-02  1.3787E-05  1.3787E-05  6.6152E-05
  3.3739E-02  1.4044E-05  1.4044E-05  6.7319E-05
  3.3948E-02  1.4307E-05  1.4307E-05  6.8506E-05
  3.4158E-02  1.4574E-05  1.4574E-05  6.9713E-05
  3.4369E-02  1.4846E-05  1.4846E-05  7.0941E-05
  3.4582E-02  1.5123E-05  1.5123E-05  7.2191E-05
  3.4796E-02  1.5405E-05  1.5405E-05  7.3462E-05
  3.5011E-02  1.5693E-05  1.5693E-05  7.4754E-05
  3.5228E-02  1.5985E-05  1.5985E-05  7.6069E-05
  3.5446E-02  1.6284E-05  1.6284E-05  7.7407E-05
  3.5665E-02  1.6587E-05  1.6587E-05  7.8767E-05
  3.5885E-02  1.6897E-05  1.6897E-05  8.0151E-05
  3.6107E-02  1.7212E-05  1.7212E-05  8.1558E-05
  3.6330E-02  1.7533E-05  1.7533E-05  8.2990E-05
  3.6555E-02  1.7860E-05  1.7860E-05  8.4446E-05
  3.6781E-02  1.8193E-05  1.8193E-05  8.5928E-05
  3.7008E-02  1.8532E-05  1.8532E-05  8.7434E-05
  3.7237E-02  1.8878E-05  1.8878E-05  8.8967E-05
  3.7467E-02  1.9230E-05  1.9230E-05  9.0525E-05
  3.7699E-02  1.9589E-05  1.9589E-05  9.2111E-05
  3.7932E-02  1.9954E-05  1.9954E-05  9.3723E-05
  3.8166E-02  2.0326E-05  2.0326E-05  9.5363E-05
  3.8402E-02  2.0705E-05  2.0705E-05  9.7031E-05
  3.8639E-02  2.1091E-05  2.1091E-05  9.8727E-05
  3.8878E-02  2.1484E-05  2.1484E-05  1.0045E-04
  3.9118E-02  2.1884E-05  2.1884E-05  1.0221E-04
  3.9360E-02  2.2292E-05  2.2292E-05  1.0399E-04
  3.9603E-02  2.2707E-05  2.2707E-05  1.0581E-04
  3.9847E-02  2.3130E-05  2.3130E-05  1.0765E-04
  4.0094E-02  2.3561E-05  2.3561E-05  1.0953E-04
  4.0341E-02  2.4000E-05  2.4000E-05  1.1144E-04
  4.0590E-02  2.4447E-05  2.4447E-05  1.1338E-04
  4.0841E-02  2.4903E-05  2.4903E-05  1.1536E-04
  4.1093E-02  2.5366E-05  2.5366E-05  1.1736E-04
  4.1347E-02  2.5839E-05  2.5839E-05  1.1941E-04
  4.1602E-02  2.6320E-05  2.6320E-05  1.2148E-04
  4.1859E-02  2.6810E-05  2.6810E-05  1.2359E-04
  4.2117E-02  2.7309E-05  2.7309E-05  1.2574E-04
  4.2377E-02  2.7818E-05  2.7818E-05  1.2793E-04
  4.2639E-02  2.8336E-05  2.8336E-05  1.3015E-04
  4.2902E-02  2.8863E-05  2.8863E-05  1.3241E-04
  4.3167E-02  2.9401E-05  2.9401E-05  1.3470E-04
  4.3433E-02  2.9948E-05  2.9948E-05  1.3704E-04
  4.3701E-02  3.0505E-05  3.0505E-05  1.3941E-04
  4.3971E-02  3.1073E-05  3.1073E-05  1.4183E-04
  4.4242E-02  3.1651E-05  3.1651E-05  1.4429E-04
  4.4515E-02  3.2240E-05  3.2240E-05  1.4678E-04
  4.4790E-02  3.2840E-05  3.2840E-05  1.4932E-04
  4.5066E-02  3.3451E-05  3.3451E-05  1.5190E-04
  4.5344E-02  3.4074E-05  3.4074E-05  1.5453E-04
  4.5624E-02  3.4708E-05  3.4708E-05  1.5720E-04
  4.5905E-02  3.5353E-05  3.5353E-05  1.5991E-04
  4.6188E-02  3.6011E-05  3.6011E-05  1.6267E-04
  4.6473E-02  3.6681E-05  3.6681E-05  1.6548E-04
  4.6760E-02  3.7363E-05  3.7363E-05  1.6833E-04
  4.7048E-02  3.8058E-05  3.8058E-05  1.7123E-04
  4.7338E-02  3.8766E-05  3.8766E-05  1.7418E-04
  4.7630E-02  3.9487E-05  3.9487E-05  1.7718E-04
  4.7924E-02  4.0221E-05  4.0221E-05  1.8023E-04
  4.8219E-02  4.0969E-05  4.0969E-05  1.8333E-04
  4.8517E-02  4.1730E-05  4.1730E-05  1.8649E-04
  4.8816E-02  4.2506E-05  4.2506E-05  1.8969E-04
  4.9117E-02  4.3296E-05  4.3296E-05  1.9295E-04
  4.9420E-02  4.4101E-05  4.4101E-05  1.9626E-04
  4.9724E-02  4.4921E-05  4.4921E-05  1.9963E-04
  5.0031E-02  4.5756E-05  4.5756E-05  2.0305E-04
  5.0339E-02  4.6606E-05  4.6606E-05  2.0653E-04
  5.0649E-02  4.7473E-05  4.7473E-05  2.1007E-04
  5.0961E-02  4.8355E-05  4.8355E-05  2.1367E-04
  5.1276E-02  4.9253E-05  4.9253E-05  2.1733E-04
  5.1591E-02  5.0168E-05  5.0168E-05  2.2105E-04
  5.1909E-02  5.1101E-05  5.1101E-05  2.2483E-04
  5.2229E-02  5.2050E-05  5.2050E-05  2.2867E-04
  5.2551E-02  5.3017E-05  5.3017E-05  2.3258E-04
  5.2875E-02  5.4002E-05  5.4002E-05  2.3655E-04
  5.3201E-02  5.5005E-05  5.5005E-05  2.4058E-04
  5.3528E-02  5.6026E-05  5.6026E-05  2.4469E-04
  5.3858E-02  5.7067E-05  5.7067E-05  2.4886E-04
  5.4190E-02  5.8127E-05  5.8127E-05  2.5310E-04
  5.4524E-02  5.9206E-05  5.9206E-05  2.5741E-04
  5.4859E-02  6.0306E-05  6.0306E-05  2.6179E-04
  5.5197E-02  6.1426E-05  6.1426E-05  2.6624E-04
  5.5537E-02  6.2566E-05  6.2566E-05  2.7077E-04
  5.5879E-02  6.3728E-05  6.3728E-05  2.7537E-04
  5.6223E-02  6.4911E-05  6.4911E-05  2.8005E-04
  5.6570E-02  6.6116E-05  6.6116E-05  2.8480E-04
  5.6918E-02  6.7343E-05  6.7343E-05  2.8963E-04
  5.7268E-02  6.8593E-05  6.8593E-05  2.9454E-04
  5.7621E-02  6.9866E-05  6.9866E-05  2.9953E-04
  5.7976E-02  7.1163E-05  7.1163E-05  3.0461E-04
  5.8333E-02  7.2484E-05  7.2484E-05  3.0976E-04
  5.8692E-02  7.3829E-05  7.3829E-05  3.1500E-04
  5.9053E-02  7.5199E-05  7.5199E-05  3.2033E-04
  5.9417E-02  7.6594E-05  7.6594E-05  3.2574E-04
  5.9782E-02  7.8015E-05  7.8015E-05  3.3125E-04
  6.0150E-02  7.9462E-05  7.9462E-05  3.3684E-04
  6.0521E-02  8.0937E-05  8.0937E-05  3.4252E-04
  6.0893E-02  8.2438E-05  8.2438E-05  3.4830E-04
  6.1268E-02  8.3967E-05  8.3967E-05  3.5416E-04
  6.1645E-02  8.5525E-05  8.5525E-05  3.6013E-04
  6.2024E-02  8.7111E-05  8.7111E-05  3.6619E-04
  6.2406E-02  8.8726E-05  8.8726E-05  3.7235E-04
  6.2790E-02  9.0372E-05  9.0372E-05  3.7861E-04
  6.3176E-02  9.2048E-05  9.2048E-05  3.8497E-04
  6.3565E-02  9.3755E-05  9.3755E-05  3.9144E-04
  6.3956E-02  9.5493E-05  9.5493E-05  3.9801E-04
  6.4350E-02  9.7263E-05  9.7263E-05  4.0468E-04
  6.4746E-02  9.9067E-05  9.9067E-05  4.1147E-04
  6.5144E-02  1.0090E-04  1.0090E-04  4.1836E-04
  6.5545E-02  1.0277E-04  1.0277E-04  4.2536E-04
  6.5948E-02  1.0468E-04  1.0468E-04  4.3248E-04
  6.6354E-02  1.0662E-04  1.0662E-04  4.3971E-04
  6.6762E-02  1.0859E-04  1.0859E-04  4.4706E-04
  6.7172E-02  1.1061E-04  1.1061E-04  4.5453E-04
  6.7586E-02  1.1266E-04  1.1266E-04  4.6212E-04
  6.8001E-02  1.1474E-04  1.1474E-04  4.6982E-04
  6.8420E-02  1.1687E-04  1.1687E-04  4.7766E-04
  6.8840E-02  1.1904E-04  1.1904E-04  4.8561E-04
  6.9264E-02  1.2124E-04  1.2124E-04  4.9370E-04
  6.9690E-02  1.2349E-04  1.2349E-04  5.0191E-04
  7.0118E-02  1.2578E-04  1.2578E-04  5.1026E-04
  7.0549E-02  1.2811E-04  1.2811E-04  5.1874E-04
  7.0983E-02  1.3048E-04  1.3048E-04  5.2736E-04
  7.1420E-02  1.3290E-04  1.3290E-04  5.3611E-04
  7.1859E-02  1.3536E-04  1.3536E-04  5.4500E-04
  7.2301E-02  1.3786E-04  1.3786E-04  5.5403E-04
  7.2745E-02  1.4042E-04  1.4042E-04  5.6321E-04
  7.3192E-02  1.4302E-04  1.4302E-04  5.7254E-04
  7.3642E-02  1.4566E-04  1.4566E-04  5.8201E-04
  7.4095E-02  1.4836E-04  1.4836E-04  5.9163E-04
  7.4550E-02  1.5111E-04  1.5111E-04  6.0140E-04
  7.5009E-02  1.5391E-04  1.5391E-04  6.1133E-04
  7.5470E-02  1.5675E-04  1.5675E-04  6.2142E-04
  7.5934E-02  1.5966E-04  1.5966E-04  6.3167E-04
  7.6400E-02  1.6261E-04  1.6261E-04  6.4207E-04
  7.6870E-02  1.6562E-04  1.6562E-04  6.5265E-04
  7.7342E-02  1.6869E-04  1.6869E-04  6.6339E-04
  7.7818E-02  1.7181E-04  1.7181E-04  6.7430E-04
  7.8296E-02  1.7499E-04  1.7499E-04  6.8538E-04
  7.8777E-02  1.7822E-04  1.7822E-04  6.9663E-04
  7.9261E-02  1.8152E-04  1.8152E-04  7.0806E-04
  7.9748E-02  1.8488E-04  1.8488E-04  7.1967E-04
  8.0238E-02  1.8830E-04  1.8830E-04  7.3147E-04
  8.0731E-02  1.9178E-04  1.9178E-04  7.4344E-04
  8.1228E-02  1.9533E-04  1.9533E-04  7.5561E-04
  8.1727E-02  1.9895E-04  1.9895E-04  7.6797E-04
  8.2229E-02  2.0262E-04  2.0262E-04  7.8052E-04
  8.2734E-02  2.0637E-04  2.0637E-04  7.9326E-04
  8.3242E-02  2.1019E-04  2.1019E-04  8.0620E-04
  8.3754E-02  2.1408E-04  2.1408E-04  8.1935E-04
  8.4268E-02  2.1803E-04  2.1803E-04  8.3270E-04
  8.4786E-02  2.2206E-04  2.2206E-04  8.4626E-04
  8.5307E-02  2.2617E-04  2.2617E-04  8.6003E-04
  8.5831E-02  2.3035E-04  2.3035E-04  8.7401E-04
  8.6358E-02  2.3461E-04  2.3461E-04  8.8821E-04
  8.6889E-02  2.3895E-04  2.3895E-04  9.0263E-04
  8.7422E-02  2.4336E-04  2.4336E-04  9.1727E-04
  8.7959E-02  2.4786E-04  2.4786E-04  9.3214E-04
  8.8499E-02  2.5244E-04  2.5244E-04  9.4724E-04
  8.9043E-02  2.5711E-04  2.5711E-04  9.6257E-04
  8.9590E-02  2.6186E-04  2.6186E-04  9.7814E-04
  9.0140E-02  2.6670E-04  2.6670E-04  9.9395E-04
  9.0694E-02  2.7162E-04  2.7162E-04  1.0100E-03
  9.1251E-02  2.7664E-04  2.7664E-04  1.0263E-03
  9.1811E-02  2.8175E-04  2.8175E-04  1.0428E-03
  9.2375E-02  2.8696E-04  2.8696E-04  1.0596E-03
  9.2942E-02  2.9226E-04  2.9226E-04  1.0767E-03
  9.3513E-02  2.9765E-04  2.9765E-04  1.0940E-03
  9.4087E-02  3.0315E-04  3.0315E-04  1.1116E-03
  9.4665E-02  3.0875E-04  3.0875E-04  1.1295E-03
  9.5246E-02  3.1445E-04  3.1445E-04  1.1476E-03
  9.5831E-02  3.2026E-04  3.2026E-04  1.1660E-03
  9.6419E-02  3.2617E-04  3.2617E-04  1.1847E-03
  9.7011E-02  3.3219E-04  3.3219E-04  1.2037E-03
  9.7607E-02  3.3832E-04  3.3832E-04  1.2229E-03
  9.8206E-02  3.4457E-04  3.4457E-04  1.2425E-03
  9.8809E-02  3.5093E-04  3.5093E-04  1.2623E-03
  9.9415E-02  3.5741E-04  3.5741E-04  1.2824E-03
  1.0003E-01  3.6400E-04  3.6400E-04  1.3029E-03
  1.0064E-01  3.7072E-04  3.7072E-04  1.3237E-03
  1.0126E-01  3.7756E-04  3.7756E-04  1.3447E-03
  1.0188E-01  3.8452E-04  3.8452E-04  1.3661E-03
  1.0250E-01  3.9162E-04  3.9162E-04  1.3878E-03
  1.0313E-01  3.9884E-04  3.9884E-04  1.4099E-03
  1.0377E-01  4.0620E-04  4.0620E-04  1.4322E-03
  1.0440E-01  4.1369E-04  4.1369E-04  1.4550E-03
  1.0504E-01  4.2132E-04  4.2132E-04  1.4780E-03
  1.0569E-01  4.2909E-04  4.2909E-04  1.5014E-03
  1.0634E-01  4.3701E-04  4.3701E-04  1.5251E-03
  1.0699E-01  4.4506E-04  4.4506E-04  1.5492E-03
  1.0765E-01  4.5327E-04  4.5327E-04  1.5737E-03
  1.0831E-01  4.6163E-04  4.6163E-04  1.5985E-03
  1.0897E-01  4.7014E-04  4.7014E-04  1.6237E-03
  1.0964E-01  4.7880E-04  4.7880E-04  1.6493E-03
  1.1031E-01  4.8763E-04  4.8763E-04  1.6752E-03
  1.1099E-01  4.9661E-04  4.9661E-04  1.7016E-03
  1.1167E-01  5.0577E-04  5.0577E-04  1.7283E-03
  1.1236E-01  5.1508E-04  5.1508E-04  1.7554E-03
  1.1305E-01  5.2458E-04  5.2458E-04  1.7829E-03
  1.1374E-01  5.3424E-04  5.3424E-04  1.8108E-03
  1.1444E-01  5.4408E-04  5.4408E-04  1.8392E-03
  1.1514E-01  5.5410E-04  5.5410E-04  1.8679E-03
  1.1585E-01  5.6431E-04  5.6431E-04  1.8971E-03
  1.1656E-01  5.7470E-04  5.7470E-04  1.9267E-03
  1.1727E-01  5.8529E-04  5.8529E-04  1.9568E-03
  1.1799E-01  5.9606E-04  5.9606E-04  1.9873E-03
  1.1872E-01  6.0704E-04  6.0704E-04  2.0182E-03
  1.1944E-01  6.1821E-04  6.1821E-04  2.0496E-03
  1.2018E-01  6.2959E-04  6.2959E-04  2.0814E-03
  1.2091E-01  6.4118E-04  6.4118E-04  2.1137E-03
  1.2166E-01  6.5298E-04  6.5298E-04  2.1465E-03
  1.2240E-01  6.6500E-04  6.6500E-04  2.1797E-03
  1.2315E-01  6.7724E-04  6.7724E-04  2.2135E-03
  1.2391E-01  6.8970E-04  6.8970E-04  2.2477E-03
  1.2467E-01  7.0239E-04  7.0239E-04  2.2824E-03
  1.2543E-01  7.1531E-04  7.1531E-04  2.3177E-03
  1.2620E-01  7.2847E-04  7.2847E-04  2.3534E-03
  1.2698E-01  7.4187E-04  7.4187E-04  2.3897E-03
  1.2775E-01  7.5551E-04  7.5551E-04  2.4264E-03
  1.2854E-01  7.6940E-04  7.6940E-04  2.4638E-03
  1.2933E-01  7.8355E-04  7.8355E-04  2.5016E-03
  1.3012E-01  7.9796E-04  7.9796E-04  2.5400E-03
  1.3092E-01  8.1263E-04  8.1263E-04  2.5789E-03
  1.3172E-01  8.2756E-04  8.2756E-04  2.6184E-03
  1.3253E-01  8.4277E-04  8.4277E-04  2.6585E-03
  1.3334E-01  8.5826E-04  8.5826E-04  2.6991E-03
  1.3416E-01  8.7403E-04  8.7403E-04  2.7404E-03
  1.3498E-01  8.9009E-04  8.9009E-04  2.7822E-03
  1.3581E-01  9.0644E-04  9.0644E-04  2.8246E-03
  1.3664E-01  9.2309E-04  9.2309E-04  2.8676E-03
  1.3748E-01  9.4005E-04  9.4005E-04  2.9112E-03
  1.3832E-01  9.5731E-04  9.5731E-04  2.9554E-03
  1.3917E-01  9.7489E-04  9.7489E-04  3.0003E-03
  1.4002E-01  9.9279E-04  9.9279E-04  3.0458E-03
  1.4088E-01  1.0110E-03  1.0110E-03  3.0920E-03
  1.4175E-01  1.0296E-03  1.0296E-03  3.1388E-03
  1.4262E-01  1.0485E-03  1.0485E-03  3.1862E-03
  1.4349E-01  1.0677E-03  1.0677E-03  3.2343E-03
  1.4437E-01  1.0873E-03  1.0873E-03  3.2831E-03
  1.4526E-01  1.1073E-03  1.1073E-03  3.3326E-03
  1.4615E-01  1.1276E-03  1.1276E-03  3.3828E-03
  1.4704E-01  1.1483E-03  1.1483E-03  3.4337E-03
  1.4794E-01  1.1693E-03  1.1693E-03  3.4853E-03
  1.4885E-01  1.1908E-03  1.1908E-03  3.5376E-03
  1.4976E-01  1.2126E-03  1.2126E-03  3.5907E-03
  1.5068E-01  1.2348E-03  1.2348E-03  3.6445E-03
  1.5160E-01  1.2575E-03  1.2575E-03  3.6990E-03
  1.5253E-01  1.2805E-03  1.2805E-03  3.7543E-03
  1.5347E-01  1.3040E-03  1.3040E-03  3.8104E-03
  1.5441E-01  1.3279E-03  1.3279E-03  3.8672E-03
  1.5536E-01  1.3522E-03  1.3522E-03  3.9248E-03
  1.5631E-01  1.3770E-03  1.3770E-03  3.9833E-03
  1.5727E-01  1.4022E-03  1.4022E-03  4.0425E-03
  1.5823E-01  1.4279E-03  1.4279E-03  4.1025E-03
  1.5920E-01  1.4540E-03  1.4540E-03  4.1634E-03
  1.6018E-01  1.4806E-03  1.4806E-03  4.2251E-03
  1.6116E-01  1.5078E-03  1.5078E-03  4.2877E-03
  1.6215E-01  1.5354E-03  1.5354E-03  4.3511E-03
  1.6314E-01  1.5634E-03  1.5634E-03  4.4154E-03
  1.6414E-01  1.5921E-03  1.5921E-03  4.4805E-03
  1.6515E-01  1.6212E-03  1.6212E-03  4.5466E-03
  1.6616E-01  1.6508E-03  1.6508E-03  4.6136E-03
  1.6718E-01  1.6810E-03  1.6810E-03  4.6814E-03
  1.6820E-01  1.7118E-03  1.7118E-03  4.7502E-03
  1.6923E-01  1.7431E-03  1.7431E-03  4.8199E-03
  1.7027E-01  1.7749E-03  1.7749E-03  4.8906E-03
  1.7131E-01  1.8074E-03  1.8074E-03  4.9622E-03
  1.7236E-01  1.8404E-03  1.8404E-03  5.0348E-03
  1.7342E-01  1.8740E-03  1.8740E-03  5.1084E-03
  1.7448E-01  1.9083E-03  1.9083E-03  5.1830E-03
  1.7555E-01  1.9431E-03  1.9431E-03  5.2585E-03
  1.7663E-01  1.9786E-03  1.9786E-03  5.3351E-03
  1.7771E-01  2.0148E-03  2.0148E-03  5.4128E-03
  1.7880E-01  2.0515E-03  2.0515E-03  5.4914E-03
  1.7989E-01  2.0890E-03  2.0890E-03  5.5711E-03
  1.8099E-01  2.1271E-03  2.1271E-03  5.6519E-03
  1.8210E-01  2.1659E-03  2.1659E-03  5.7338E-03
  1.8322E-01  2.2054E-03  2.2054E-03  5.8167E-03
  1.8434E-01  2.2457E-03  2.2457E-03  5.9008E-03
  1.8547E-01  2.2866E-03  2.2866E-03  5.9860E-03
  1.8661E-01  2.3283E-03  2.3283E-03  6.0723E-03
  1.8775E-01  2.3708E-03  2.3708E-03  6.1597E-03
  1.8890E-01  2.4140E-03  2.4140E-03  6.2483E-03
  1.9006E-01  2.4580E-03  2.4580E-03  6.3381E-03
  1.9122E-01  2.5027E-03  2.5027E-03  6.4291E-03
  1.9240E-01  2.5483E-03  2.5483E-03  6.5213E-03
  1.9357E-01  2.5947E-03  2.5947E-03  6.6146E-03
  1.9476E-01  2.6420E-03  2.6420E-03  6.7092E-03
  1.9595E-01  2.6901E-03  2.6901E-03  6.8051E-03
  1.9715E-01  2.7390E-03  2.7390E-03  6.9022E-03
  1.9836E-01  2.7889E-03  2.7889E-03  7.0006E-03
  1.9958E-01  2.8396E-03  2.8396E-03  7.1002E-03
  2.0080E-01  2.8913E-03  2.8913E-03  7.2012E-03
  2.0203E-01  2.9439E-03  2.9439E-03  7.3035E-03
  2.0327E-01  2.9974E-03  2.9974E-03  7.4071E-03
  2.0451E-01  3.0519E-03  3.0519E-03  7.5121E-03
  2.0577E-01  3.1073E-03  3.1073E-03  7.6184E-03
  2.0703E-01  3.1638E-03  3.1638E-03  7.7261E-03
  2.0829E-01  3.2213E-03  3.2213E-03  7.8352E-03
  2.0957E-01  3.2798E-03  3.2798E-03  7.9457E-03
  2.1085E-01  3.3393E-03  3.3393E-03  8.0576E-03
  2.1215E-01  3.3999E-03  3.3999E-03  8.1710E-03
  2.1345E-01  3.4616E-03  3.4616E-03  8.2858E-03
  2.1475E-01  3.5244E-03  3.5244E-03  8.4021E-03
  2.1607E-01  3.5884E-03  3.5884E-03  8.5199E-03
  2.1739E-01  3.6534E-03  3.6534E-03  8.6392E-03
  2.1872E-01  3.7197E-03  3.7197E-03  8.7600E-03
  2.2006E-01  3.7871E-03  3.7871E-03  8.8823E-03
  2.2141E-01  3.8557E-03  3.8557E-03  9.0063E-03
  2.2277E-01  3.9256E-03  3.9256E-03  9.1318E-03
  2.2413E-01  3.9967E-03  3.9967E-03  9.2588E-03
  2.2550E-01  4.0690E-03  4.0690E-03  9.3875E-03
  2.2689E-01  4.1427E-03  4.1427E-03  9.5179E-03
  2.2827E-01  4.2177E-03  4.2177E-03  9.6498E-03
  2.2967E-01  4.2940E-03  4.2940E-03  9.7835E-03
  2.3108E-01  4.3716E-03  4.3716E-03  9.9188E-03
  2.3249E-01  4.4507E-03  4.4507E-03  1.0056E-02
  2.3392E-01  4.5311E-03  4.5311E-03  1.0195E-02
  2.3535E-01  4.6130E-03  4.6130E-03  1.0335E-02
  2.3679E-01  4.6963E-03  4.6963E-03  1.0477E-02
  2.3824E-01  4.7812E-03  4.7812E-03  1.0621E-02
  2.3970E-01  4.8675E-03  4.8675E-03  1.0767E-02
  2.4117E-01  4.9553E-03  4.9553E-03  1.0915E-02
  2.4265E-01  5.0448E-03  5.0448E-03  1.1064E-02
  2.4413E-01  5.1357E-03  5.1357E-03  1.1216E-02
  2.4563E-01  5.2284E-03  5.2284E-03  1.1369E-02
  2.4713E-01  5.3226E-03  5.3226E-03  1.1524E-02
  2.4865E-01  5.4185E-03  5.4185E-03  1.1681E-02
  2.5017E-01  5.5161E-03  5.5161E-03  1.1840E-02
  2.5170E-01  5.6155E-03  5.6155E-03  1.2001E-02
  2.5324E-01  5.7166E-03  5.7166E-03  1.2164E-02
  2.5479E-01  5.8195E-03  5.8195E-03  1.2329E-02
  2.5635E-01  5.9242E-03  5.9242E-03  1.2496E-02
  2.5792E-01  6.0307E-03  6.0307E-03  1.2665E-02
  2.5950E-01  6.1391E-03  6.1391E-03  1.2836E-02
  2.6109E-01  6.2495E-03  6.2495E-03  1.3009E-02
  2.6269E-01  6.3618E-03  6.3618E-03  1.3184E-02
  2.6430E-01  6.4760E-03  6.4760E-03  1.3362E-02
  2.6592E-01  6.5923E-03  6.5923E-03  1.3541E-02
  2.6754E-01  6.7106E-03  6.7106E-03  1.3723E-02
  2.6918E-01  6.8310E-03  6.8310E-03  1.3907E-02
  2.7083E-01  6.9535E-03  6.9535E-03  1.4093E-02
  2.7249E-01  7.0781E-03  7.0781E-03  1.4282E-02
  2.7416E-01  7.2049E-03  7.2049E-03  1.4472E-02
  2.7584E-01  7.3340E-03  7.3340E-03  1.4665E-02
  2.7752E-01  7.4653E-03  7.4653E-03  1.4861E-02
  2.7922E-01  7.5989E-03  7.5989E-03  1.5058E-02
  2.8093E-01  7.7348E-03  7.7348E-03  1.5259E-02
  2.8265E-01  7.8732E-03  7.8732E-03  1.5461E-02
  2.8438E-01  8.0139E-03  8.0139E-03  1.5666E-02
  2.8613E-01  8.1571E-03  8.1571E-03  1.5873E-02
  2.8788E-01  8.3028E-03  8.3028E-03  1.6083E-02
  2.8964E-01  8.4510E-03  8.4510E-03  1.6296E-02
  2.9141E-01  8.6018E-03  8.6018E-03  1.6511E-02
  2.9320E-01  8.7552E-03  8.7552E-03  1.6728E-02
  2.9499E-01  8.9113E-03  8.9113E-03  1.6948E-02
  2.9680E-01  9.0701E-03  9.0701E-03  1.7171E-02
  2.9862E-01  9.2317E-03  9.2317E-03  1.7396E-02
  3.0044E-01  9.3960E-03  9.3960E-03  1.7624E-02
  3.0228E-01  9.5632E-03  9.5632E-03  1.7855E-02
  3.0413E-01  9.7333E-03  9.7333E-03  1.8089E-02
  3.0600E-01  9.9064E-03  9.9064E-03  1.8325E-02
  3.0787E-01  1.0082E-02  1.0082E-02  1.8564E-02
  3.0975E-01  1.0261E-02  1.0261E-02  1.8806E-02
  3.1165E-01  1.0444E-02  1.0444E-02  1.9051E-02
  3.1356E-01  1.0629E-02  1.0629E-02  1.9299E-02
  3.1548E-01  1.0817E-02  1.0817E-02  1.9549E-02
  3.1741E-01  1.1009E-02  1.1009E-02  1.9803E-02
  3.1935E-01  1.1204E-02  1.1204E-02  2.0059E-02
  3.2131E-01  1.1403E-02  1.1403E-02  2.0319E-02
  3.2327E-01  1.1604E-02  1.1604E-02  2.0581E-02
  3.2525E-01  1.1810E-02  1.1810E-02  2.0847E-02
  3.2724E-01  1.2018E-02  1.2018E-02  2.1116E-02
  3.2925E-01  1.2231E-02  1.2231E-02  2.1388E-02
  3.3126E-01  1.2447E-02  1.2447E-02  2.1663E-02
  3.3329E-01  1.2666E-02  1.2666E-02  2.1942E-02
  3.3533E-01  1.2890E-02  1.2890E-02  2.2223E-02
  3.3738E-01  1.3117E-02  1.3117E-02  2.2508E-02
  3.3945E-01  1.3348E-02  1.3348E-02  2.2796E-02
  3.4152E-01  1.3583E-02  1.3583E-02  2.3088E-02
  3.4362E-01  1.3822E-02  1.3822E-02  2.3383E-02
  3.4572E-01  1.4065E-02  1.4065E-02  2.3682E-02
  3.4783E-01  1.4312E-02  1.4312E-02  2.3984E-02
  3.4996E-01  1.4564E-02  1.4564E-02  2.4289E-02
  3.5211E-01  1.4819E-02  1.4819E-02  2.4598E-02
  3.5426E-01  1.5079E-02  1.5079E-02  2.4911E-02
  3.5643E-01  1.5343E-02  1.5343E-02  2.5227E-02
  3.5861E-01  1.5612E-02  1.5612E-02  2.5548E-02
  3.6081E-01  1.5885E-02  1.5885E-02  2.5871E-02
  3.6301E-01  1.6163E-02  1.6163E-02  2.6199E-02
  3.6524E-01  1.6446E-02  1.6446E-02  2.6530E-02
  3.6747E-01  1.6733E-02  1.6733E-02  2.6865E-02
  3.6972E-01  1.7025E-02  1.7025E-02  2.7205E-02
  3.7198E-01  1.7322E-02  1.7322E-02  2.7548E-02
  3.7426E-01  1.7624E-02  1.7624E-02  2.7895E-02
  3.7655E-01  1.7931E-02  1.7931E-02  2.8246E-02
  3.7886E-01  1.8243E-02  1.8243E-02  2.8601E-02
  3.8117E-01  1.8561E-02  1.8561E-02  2.8960E-02
  3.8351E-01  1.8883E-02  1.8883E-02  2.9324E-02
  3.8585E-01  1.9211E-02  1.9211E-02  2.9692E-02
  3.8822E-01  1.9545E-02  1.9545E-02  3.0064E-02
  3.9059E-01  1.9884E-02  1.9884E-02  3.0440E-02
  3.9298E-01  2.0228E-02  2.0228E-02  3.0821E-02
  3.9539E-01  2.0578E-02  2.0578E-02  3.1206E-02
  3.9781E-01  2.0934E-02  2.0934E-02  3.1596E-02
  4.0024E-01  2.1296E-02  2.1296E-02  3.1990E-02
  4.0269E-01  2.1664E-02  2.1664E-02  3.2389E-02
  4.0516E-01  2.2038E-02  2.2038E-02  3.2792E-02
  4.0764E-01  2.2418E-02  2.2418E-02  3.3200E-02
  4.1013E-01  2.2804E-02  2.2804E-02  3.3613E-02
  4.1264E-01  2.3197E-02  2.3197E-02  3.4031E-02
  4.1517E-01  2.3596E-02  2.3596E-02  3.4453E-02
  4.1771E-01  2.4001E-02  2.4001E-02  3.4881E-02
  4.2026E-01  2.4413E-02  2.4413E-02  3.5314E-02
  4.2283E-01  2.4832E-02  2.4832E-02  3.5751E-02
  4.2542E-01  2.5258E-02  2.5258E-02  3.6194E-02
  4.2803E-01  2.5690E-02  2.5690E-02  3.6642E-02
  4.3064E-01  2.6129E-02  2.6129E-02  3.7095E-02
  4.3328E-01  2.6576E-02  2.6576E-02  3.7553E-02
  4.3593E-01  2.7030E-02  2.7030E-02  3.8017E-02
  4.3860E-01  2.7491E-02  2.7491E-02  3.8487E-02
  4.4128E-01  2.7959E-02  2.7959E-02  3.8961E-02
  4.4398E-01  2.8435E-02  2.8435E-02  3.9442E-02
  4.4670E-01  2.8919E-02  2.8919E-02  3.9928E-02
  4.4943E-01  2.9410E-02  2.9410E-02  4.0420E-02
  4.5218E-01  2.9909E-02  2.9909E-02  4.0917E-02
  4.5495E-01  3.0416E-02  3.0416E-02  4.1421E-02
  4.5774E-01  3.0931E-02  3.0931E-02  4.1930E-02
  4.6054E-01  3.1455E-02  3.1455E-02  4.2446E-02
  4.6335E-01  3.1986E-02  3.1986E-02  4.2967E-02
  4.6619E-01  3.2526E-02  3.2526E-02  4.3495E-02
  4.6904E-01  3.3075E-02  3.3075E-02  4.4029E-02
  4.7191E-01  3.3632E-02  3.3632E-02  4.4569E-02
  4.7480E-01  3.4198E-02  3.4198E-02  4.5116E-02
  4.7771E-01  3.4773E-02  3.4773E-02  4.5669E-02
  4.8063E-01  3.5357E-02  3.5357E-02  4.6229E-02
  4.8357E-01  3.5950E-02  3.5950E-02  4.6796E-02
  4.8653E-01  3.6552E-02  3.6552E-02  4.7369E-02
  4.8951E-01  3.7163E-02  3.7163E-02  4.7950E-02
  4.9250E-01  3.7784E-02  3.7784E-02  4.8537E-02
  4.9551E-01  3.8415E-02  3.8415E-02  4.9131E-02
  4.9855E-01  3.9056E-02  3.9056E-02  4.9733E-02
  5.0160E-01  3.9706E-02  3.9706E-02  5.0341E-02
  5.0467E-01  4.0366E-02  4.0366E-02  5.0958E-02
  5.0775E-01  4.1037E-02  4.1037E-02  5.1581E-02
  5.1086E-01  4.1718E-02  4.1718E-02  5.2212E-02
  5.1399E-01  4.2409E-02  4.2409E-02  5.2851E-02
  5.1713E-01  4.3111E-02  4.3111E-02  5.3498E-02
  5.2029E-01  4.3823E-02  4.3823E-02  5.4152E-02
  5.2348E-01  4.4547E-02  4.4547E-02  5.4815E-02
  5.2668E-01  4.5281E-02  4.5281E-02  5.5485E-02
  5.2990E-01  4.6026E-02  4.6026E-02  5.6164E-02
  5.3315E-01  4.6783E-02  4.6783E-02  5.6852E-02
  5.3641E-01  4.7551E-02  4.7551E-02  5.7547E-02
  5.3969E-01  4.8331E-02  4.8331E-02  5.8252E-02
  5.4299E-01  4.9122E-02  4.9122E-02  5.8965E-02
  5.4631E-01  4.9925E-02  4.9925E-02  5.9687E-02
  5.4966E-01  5.0741E-02  5.0741E-02  6.0418E-02
  5.5302E-01  5.1568E-02  5.1568E-02  6.1158E-02
  5.5640E-01  5.2408E-02  5.2408E-02  6.1907E-02
  5.5981E-01  5.3260E-02  5.3260E-02  6.2666E-02
  5.6323E-01  5.4125E-02  5.4125E-02  6.3434E-02
  5.6668E-01  5.5002E-02  5.5002E-02  6.4212E-02
  5.7015E-01  5.5893E-02  5.5893E-02  6.4999E-02
  5.7363E-01  5.6796E-02  5.6796E-02  6.5797E-02
  5.7714E-01  5.7713E-02  5.7713E-02  6.6605E-02
  5.8067E-01  5.8644E-02  5.8644E-02  6.7423E-02
  5.8423E-01  5.9587E-02  5.9587E-02  6.8252E-02
  5.8780E-01  6.0545E-02  6.0545E-02  6.9091E-02
  5.9140E-01  6.1517E-02  6.1517E-02  6.9941E-02
  5.9502E-01  6.2502E-02  6.2502E-02  7.0802E-02
  5.9866E-01  6.3502E-02  6.3502E-02  7.1674E-02
  6.0232E-01  6.4516E-02  6.4516E-02  7.2558E-02
  6.0600E-01  6.5545E-02  6.5545E-02  7.3453E-02
  6.0971E-01  6.6589E-02  6.6589E-02  7.4360E-02
  6.1344E-01  6.7648E-02  6.7648E-02  7.5278E-02
  6.1719E-01  6.8721E-02  6.8721E-02  7.6209E-02
  6.2097E-01  6.9810E-02  6.9810E-02  7.7152E-02
  6.2477E-01  7.0915E-02  7.0915E-02  7.8107E-02
  6.2859E-01  7.2035E-02  7.2035E-02  7.9075E-02
  6.3244E-01  7.3172E-02  7.3172E-02  8.0056E-02
  6.3631E-01  7.4324E-02  7.4324E-02  8.1050E-02
  6.4020E-01  7.5492E-02  7.5492E-02  8.2058E-02
  6.4411E-01  7.6677E-02  7.6677E-02  8.3079E-02
  6.4806E-01  7.7879E-02  7.7879E-02  8.4114E-02
  6.5202E-01  7.9097E-02  7.9097E-02  8.5162E-02
  6.5601E-01  8.0333E-02  8.0333E-02  8.6226E-02
  6.6002E-01  8.1586E-02  8.1586E-02  8.7303E-02
  6.6406E-01  8.2856E-02  8.2856E-02  8.8396E-02
  6.6812E-01  8.4144E-02  8.4144E-02  8.9503E-02
  6.7221E-01  8.5450E-02  8.5450E-02  9.0626E-02
  6.7632E-01  8.6774E-02  8.6774E-02  9.1764E-02
  6.8046E-01  8.8116E-02  8.8116E-02  9.2918E-02
  6.8462E-01  8.9477E-02  8.9477E-02  9.4089E-02
  6.8881E-01  9.0856E-02  9.0856E-02  9.5276E-02
  6.9302E-01  9.2255E-02  9.2255E-02  9.6479E-02
  6.9726E-01  9.3673E-02  9.3673E-02  9.7700E-02
  7.0153E-01  9.5110E-02  9.5110E-02  9.8938E-02
  7.0582E-01  9.6567E-02  9.6567E-02  1.0019E-01
  7.1014E-01  9.8044E-02  9.8044E-02  1.0147E-01
  7.1448E-01  9.9541E-02  9.9541E-02  1.0276E-01
  7.1885E-01  1.0106E-01  1.0106E-01  1.0407E-01
  7.2325E-01  1.0260E-01  1.0260E-01  1.0540E-01
  7.2767E-01  1.0416E-01  1.0416E-01  1.0675E-01
  7.3212E-01  1.0574E-01  1.0574E-01  1.0812E-01
  7.3660E-01  1.0734E-01  1.0734E-01  1.0951E-01
  7.4111E-01  1.0896E-01  1.0896E-01  1.1092E-01
  7.4564E-01  1.1061E-01  1.1061E-01  1.1235E-01
  7.5020E-01  1.1228E-01  1.1228E-01  1.1380E-01
  7.5479E-01  1.1397E-01  1.1397E-01  1.1527E-01
  7.5941E-01  1.1568E-01  1.1568E-01  1.1677E-01
  7.6406E-01  1.1742E-01  1.1742E-01  1.1828E-01
  7.6873E-01  1.1918E-01  1.1918E-01  1.1983E-01
  7.7343E-01  1.2096E-01  1.2096E-01  1.2139E-01
  7.7816E-01  1.2277E-01  1.2277E-01  1.2298E-01
  7.8292E-01  1.2461E-01  1.2461E-01  1.2459E-01
  7.8771E-01  1.2646E-01  1.2646E-01  1.2623E-01
  7.9253E-01  1.2835E-01  1.2835E-01  1.2789E-01
  7.9738E-01  1.3026E-01  1.3026E-01  1.2958E-01
  8.0226E-01  1.3219E-01  1.3219E-01  1.3130E-01
  8.0716E-01  1.3415E-01  1.3415E-01  1.3304E-01
  8.1210E-01  1.3614E-01  1.3614E-01  1.3481E-01
  8.1707E-01  1.3816E-01  1.3816E-01  1.3661E-01
  8.2207E-01  1.4020E-01  1.4020E-01  1.3844E-01
  8.2709E-01  1.4227E-01  1.4227E-01  1.4030E-01
  8.3215E-01  1.4437E-01  1.4437E-01  1.4218E-01
  8.3724E-01  1.4650E-01  1.4650E-01  1.4410E-01
  8.4236E-01  1.4866E-01  1.4866E-01  1.4605E-01
  8.4752E-01  1.5085E-01  1.5085E-01  1.4803E-01
  8.5270E-01  1.5307E-01  1.5307E-01  1.5005E-01
  8.5792E-01  1.5532E-01  1.5532E-01  1.5209E-01
  8.6316E-01  1.5760E-01  1.5760E-01  1.5417E-01
  8.6844E-01  1.5992E-01  1.5992E-01  1.5629E-01
  8.7376E-01  1.6226E-01  1.6226E-01  1.5844E-01
  8.7910E-01  1.6464E-01  1.6464E-01  1.6063E-01
  8.8448E-01  1.6706E-01  1.6706E-01  1.6285E-01
  8.8989E-01  1.6951E-01  1.6951E-01  1.6511E-01
  8.9533E-01  1.7199E-01  1.7199E-01  1.6742E-01
  9.0081E-01  1.7451E-01  1.7451E-01  1.6976E-01
  9.0632E-01  1.7707E-01  1.7707E-01  1.7214E-01
  9.1186E-01  1.7966E-01  1.7966E-01  1.7456E-01
  9.1744E-01  1.8229E-01  1.8229E-01  1.7703E-01
  9.2305E-01  1.8496E-01  1.8496E-01  1.7954E-01
  9.2869E-01  1.8767E-01  1.8767E-01  1.8209E-01
  9.3438E-01  1.9042E-01  1.9042E-01  1.8469E-01
  9.4009E-01  1.9322E-01  1.9322E-01  1.8733E-01
  9.4584E-01  1.9605E-01  1.9605E-01  1.9003E-01
  9.5163E-01  1.9893E-01  1.9893E-01  1.9277E-01
  9.5745E-01  2.0185E-01  2.0185E-01  1.9556E-01
  9.6330E-01  2.0482E-01  2.0482E-01  1.9840E-01
  9.6919E-01  2.0783E-01  2.0783E-01  2.0130E-01
  9.7512E-01  2.1089E-01  2.1089E-01  2.0425E-01
  9.8109E-01  2.1400E-01  2.1400E-01  2.0725E-01
  9.8709E-01  2.1716E-01  2.1716E-01  2.1031E-01
  9.9312E-01  2.2037E-01  2.2037E-01  2.1343E-01
  9.9920E-01  2.2363E-01  2.2363E-01  2.1661E-01
  1.0053E+00  2.2694E-01  2.2694E-01  2.1984E-01
  1.0115E+00  2.3031E-01  2.3031E-01  2.2314E-01
  1.0176E+00  2.3374E-01  2.3374E-01  2.2651E-01
  1.0239E+00  2.3722E-01  2.3722E-01  2.2994E-01
  1.0301E+00  2.4076E-01  2.4076E-01  2.3343E-01
  1.0364E+00  2.4436E-01  2.4436E-01  2.3700E-01
  1.0428E+00  2.4802E-01  2.4802E-01  2.4063E-01
  1.0491E+00  2.5175E-01  2.5175E-01  2.4434E-01
  1.0556E+00  2.5554E-01  2.5554E-01  2.4812E-01
  1.0620E+00  2.5940E-01  2.5940E-01  2.5198E-01
  1.0685E+00  2.6333E-01  2.6333E-01  2.5592E-01
  1.0751E+00  2.6733E-01  2.6733E-01  2.5993E-01
  1.0816E+00  2.7140E-01  2.7140E-01  2.6403E-01
  1.0882E+00  2.7555E-01  2.7555E-01  2.6821E-01
  1.0949E+00  2.7978E-01  2.7978E-01  2.7248E-01
  1.1016E+00  2.8408E-01  2.8408E-01  2.7684E-01
  1.1083E+00  2.8847E-01  2.8847E-01  2.8129E-01
  1.1151E+00  2.9293E-01  2.9293E-01  2.8583E-01
  1.1219E+00  2.9749E-01  2.9749E-01  2.9047E-01
  1.1288E+00  3.0213E-01  3.0213E-01  2.9520E-01
  1.1357E+00  3.0687E-01  3.0687E-01  3.0004E-01
  1.1426E+00  3.1170E-01  3.1170E-01  3.0497E-01
  1.1496E+00  3.1662E-01  3.1662E-01  3.1002E-01
  1.1567E+00  3.2165E-01  3.2165E-01  3.1517E-01
  1.1637E+00  3.2678E-01  3.2678E-01  3.2043E-01
  1.1709E+00  3.3201E-01  3.3201E-01  3.2581E-01
  1.1780E+00  3.3736E-01  3.3736E-01  3.3130E-01
  1.1852E+00  3.4281E-01  3.4281E-01  3.3691E-01
  1.1925E+00  3.4838E-01  3.4838E-01  3.4265E-01
  1.1998E+00  3.5407E-01  3.5407E-01  3.4851E-01
  1.2071E+00  3.5989E-01  3.5989E-01  3.5450E-01
  1.2145E+00  3.6583E-01  3.6583E-01  3.6063E-01
  1.2219E+00  3.7190E-01  3.7190E-01  3.6689E-01
  1.2294E+00  3.7810E-01  3.7810E-01  3.7329E-01
  1.2369E+00  3.8445E-01  3.8445E-01  3.7983E-01
  1.2445E+00  3.9094E-01  3.9094E-01  3.8652E-01
  1.2521E+00  3.9757E-01  3.9757E-01  3.9337E-01
  1.2597E+00  4.0436E-01  4.0436E-01  4.0036E-01
  1.2674E+00  4.1130E-01  4.1130E-01  4.0752E-01
  1.2752E+00  4.1841E-01  4.1841E-01  4.1484E-01
  1.2830E+00  4.2568E-01  4.2568E-01  4.2234E-01
  1.2908E+00  4.3313E-01  4.3313E-01  4.3000E-01
  1.2987E+00  4.4075E-01  4.4075E-01  4.3784E-01
  1.3067E+00  4.4855E-01  4.4855E-01  4.4587E-01
  1.3147E+00  4.5655E-01  4.5655E-01  4.5408E-01
  1.3227E+00  4.6474E-01  4.6474E-01  4.6249E-01
  1.3308E+00  4.7313E-01  4.7313E-01  4.7110E-01
  1.3389E+00  4.8172E-01  4.8172E-01  4.7991E-01
  1.3471E+00  4.9054E-01  4.9054E-01  4.8894E-01
  1.3554E+00  4.9957E-01  4.9957E-01  4.9818E-01
  1.3636E+00  5.0882E-01  5.0882E-01  5.0765E-01
  1.3720E+00  5.1832E-01  5.1832E-01  5.1734E-01
  1.3804E+00  5.2805E-01  5.2805E-01  5.2727E-01
  1.3888E+00  5.3804E-01  5.3804E-01  5.3745E-01
  1.3973E+00  5.4828E-01  5.4828E-01  5.4788E-01
  1.4059E+00  5.5878E-01  5.5878E-01  5.5857E-01
  1.4145E+00  5.6956E-01  5.6956E-01  5.6952E-01
  1.4231E+00  5.8062E-01  5.8062E-01  5.8075E-01
  1.4318E+00  5.9197E-01  5.9197E-01  5.9226E-01
  1.4406E+00  6.0363E-01  6.0363E-01  6.0407E-01
  1.4494E+00  6.1559E-01  6.1559E-01  6.1617E-01
  1.4582E+00  6.2787E-01  6.2787E-01  6.2858E-01
  1.4672E+00  6.4047E-01  6.4047E-01  6.4132E-01
  1.4761E+00  6.5342E-01  6.5342E-01  6.5438E-01
  1.4852E+00  6.6672E-01  6.6672E-01  6.6779E-01
  1.4942E+00  6.8038E-01  6.8038E-01  6.8154E-01
  1.5034E+00  6.9440E-01  6.9440E-01  6.9566E-01
  1.5126E+00  7.0882E-01  7.0882E-01  7.1015E-01
  1.5218E+00  7.2362E-01  7.2362E-01  7.2502E-01
  1.5311E+00  7.3884E-01  7.3884E-01  7.4029E-01
  1.5405E+00  7.5447E-01  7.5447E-01  7.5597E-01
  1.5499E+00  7.7054E-01  7.7054E-01  7.7208E-01
  1.5594E+00  7.8705E-01  7.8705E-01  7.8862E-01
  1.5689E+00  8.0403E-01  8.0403E-01  8.0562E-01
  1.5785E+00  8.2148E-01  8.2148E-01  8.2308E-01
  1.5882E+00  8.3942E-01  8.3942E-01  8.4102E-01
  1.5979E+00  8.5787E-01  8.5787E-01  8.5946E-01
  1.6077E+00  8.7684E-01  8.7684E-01  8.7841E-01
  1.6175E+00  8.9634E-01  8.9634E-01  8.9790E-01
  1.6274E+00  9.1641E-01  9.1641E-01  9.1793E-01
  1.6373E+00  9.3704E-01  9.3704E-01  9.3853E-01
  1.6473E+00  9.5827E-01  9.5827E-01  9.5972E-01
  1.6574E+00  9.8011E-01  9.8011E-01  9.8151E-01
  1.6675E+00  1.0026E+00  1.0026E+00  1.0039E+00
  1.6777E+00  1.0257E+00  1.0257E+00  1.0270E+00
  1.6880E+00  1.0495E+00  1.0495E+00  1.0507E+00
  1.6983E+00  1.0740E+00  1.0740E+00  1.0752E+00
  1.7087E+00  1.0992E+00  1.0992E+00  1.1003E+00
  1.7192E+00  1.1252E+00  1.1252E+00  1.1262E+00
  1.7297E+00  1.1519E+00  1.1519E+00  1.1529E+00
  1.7403E+00  1.1795E+00  1.1795E+00  1.1804E+00
  1.7509E+00  1.2078E+00  1.2078E+00  1.2086E+00
  1.7616E+00  1.2370E+00  1.2370E+00  1.2378E+00
  1.7724E+00  1.2671E+00  1.2671E+00  1.2678E+00
  1.7832E+00  1.2981E+00  1.2981E+00  1.2988E+00
  1.7941E+00  1.3301E+00  1.3301E+00  1.3307E+00
  1.8051E+00  1.3630E+00  1.3630E+00  1.3635E+00
  1.8161E+00  1.3970E+00  1.3970E+00  1.3974E+00
  1.8272E+00  1.4320E+00  1.4320E+00  1.4324E+00
  1.8384E+00  1.4682E+00  1.4682E+00  1.4684E+00
  1.8497E+00  1.5054E+00  1.5054E+00  1.5056E+00
  1.8610E+00  1.5439E+00  1.5439E+00  1.5440E+00
  1.8723E+00  1.5835E+00  1.5835E+00  1.5836E+00
  1.8838E+00  1.6244E+00  1.6244E+00  1.6244E+00
  1.8953E+00  1.6667E+00  1.6667E+00  1.6666E+00
  1.9069E+00  1.7103E+00  1.7103E+00  1.7102E+00
  1.9186E+00  1.7553E+00  1.7553E+00  1.7551E+00
  1.9303E+00  1.8018E+00  1.8018E+00  1.8015E+00
  1.9421E+00  1.8499E+00  1.8499E+00  1.8495E+00
  1.9540E+00  1.8995E+00  1.8995E+00  1.8990E+00
  1.9659E+00  1.9507E+00  1.9507E+00  1.9502E+00
  1.9779E+00  2.0037E+00  2.0037E+00  2.0031E+00
  1.9900E+00  2.0585E+00  2.0585E+00  2.0578E+00
  2.0022E+00  2.1151E+00  2.1151E+00  2.1143E+00
