2.418076	1.71655710028	1.967999	1.921597	1.911574	2.120914	2.539519	1.927086	1.716915	5.149526	3.915548	2.667605	0.000721271450089	0.000754321476038	0.00159588518268
2.281935	1.749004	1.778529	1.904445	1.867594	2.0554368445	2.461437	1.833706	1.943766	5.149122	3.289841	5.812947	0.000741318598894	0.00152381062341	0.000188786996707
2.07101593151	1.639566	1.77116	1.821266	1.8566238723	2.03899520917	2.461372	1.918629	1.84773215081	5.149127	4.20974	4.240085	0.000863005006391	0.002518408272	0.000105965426214
2.208139	1.767708	1.828867	1.896197	1.806234	2.52988597533	2.418114	1.90037394157	1.769747	4.335698	3.295317	2.918099	0.000935443202792	0.000517376538595	0.00377001515821
2.198991	1.769756	1.7762253872	1.904397	1.814762	2.473313	2.461365	1.833194	1.9601496649	5.01805	3.285745	5.808851	0.000981002502641	0.00149172877006	0.000817654370799
2.198991	1.769756	1.7762253872	1.904397	1.814762	2.473313	2.461365	1.833194	1.96280433874	5.01805	3.285745	5.808851	0.000981002502641	0.00149172877006	0.000817654370799
2.198991	1.769756	1.837691	1.904397	1.814762	2.473313	2.461365	1.833194	1.949051	5.01805	3.285745	5.808851	0.000981002502641	0.0017205486037	0.000133750012041
2.198991	1.769756	1.837691	1.904397	1.8176459094	2.473313	2.461365	1.833194	1.949051	5.01805	3.285745	5.808851	0.000981002502641	0.0017205486037	0.000133750012041
2.392724	1.957146	2.011827	1.895327	1.95363	2.10686	2.553727	1.923294	1.720179	5.267542	3.795276	1.682469	0.000982952949202	0.000165122547198	0.0033639655363
2.38595372823	1.957146	2.011827	1.895327	1.95363	2.10686	2.553727	1.923294	1.720179	5.267542	3.795276	1.682469	0.000982952949202	0.00040577588536	0.00303830673415
2.199135	1.770556	1.839739	1.888013	1.819694	2.475297	2.461365	1.831146	1.965435	5.415362	3.416817	5.808851	0.00099184424323	0.00119982043678	0.00146390997527
2.199119	1.76974	1.775265	1.903373	1.83729	2.473313	2.461365	1.836706	1.96242	5.149122	3.292401	5.808855	0.000993848296014	0.00126005486368	0.00124327775456
2.032194	1.608398	1.77148	1.806504	2.38907	2.11361637903	2.543292	1.918757	1.847732	4.825543	4.258892	4.240773	0.00100655307587	0.00143309054821	0.000970142680244
2.298251	1.767912	1.816419	1.962313	1.81518328451	2.527838	2.44269	1.8564	1.769907	4.340306	3.310957	4.52989474931	0.00101378131349	0.00277811643765	9.12908452309e-05
2.032394	1.638798	1.746584	1.82901	2.391118	2.040963	2.575822	1.924517	1.895812	5.018055	3.60867726204	4.242069	0.0010321689389	0.00107423293325	0.00127218229551
2.02285	1.631502	1.771224	1.805074	2.301806	2.31343362327	2.461372	1.920613	2.036903	5.074503	4.205636	4.368341	0.00103687648772	0.000492507705462	0.00297363629411
2.199023	1.771578	1.837179	1.8765629224	1.827942	2.585929	2.317749	1.833346	1.943683	6.05191818162	3.285745	5.809411	0.0010451211957	0.00136009893507	0.000188922679177
2.022986	1.63867	1.76208296693	1.869906	2.339048	2.10784173816	2.461372	1.920677	2.047367	4.59091044687	4.209756	4.371157	0.00104973274305	0.000337706951156	0.00308268325152
2.199135	1.717916	1.837691	1.888173	1.827374	2.520353	2.580093	1.833194	1.943419	6.470082	3.416801	5.808851	0.00105386387681	0.00089439313929	0.00141656514294
2.031948	1.635982	1.771536	1.83222919667	2.349262	2.039939	2.575988	1.89657608055	1.8477	4.895175	4.26338	4.235861	0.00106251886061	0.000451185739499	0.00263476619422
2.022826	1.631694	1.745712	1.831714	2.311806	2.409381	2.488444	1.918021	2.045361	5.150407	3.271756	4.369139	0.00106531923667	0.000292780732617	0.00309393654683
2.032202	1.639566	1.77116	1.80752767817	2.391118	2.03899520917	2.461372	1.918629	1.84773215081	5.149127	4.0716527529	4.240085	0.00107131336773	0.00180166654034	8.81671609433e-08
2.022954	1.637582	1.747608	1.807138	2.296942	2.409405	2.486396	1.917861	2.043825	5.149831	4.471884	4.369141	0.00108170245489	0.000256518441087	0.00284934697677
2.201071	1.717916	1.838003	1.930157	1.827016	2.520417	2.317949	1.833274	1.943419	5.797482	2.87807	5.808835	0.00109725200211	0.000862850965158	0.00152019523866
2.031114	1.613516	1.7654	1.806418	2.39067	2.040499	2.573948	1.92155322227	1.847508	5.178311	4.26746	4.240021	0.00109998386493	0.00101136860805	0.000702192763699
2.031114	1.613516	1.7654	1.806418	2.39067	2.040499	2.573948	1.918421	1.847508	5.178311	4.26746	4.240021	0.00109998386493	0.00101136860805	0.000702192763699
2.097603	1.769756	1.833699	1.968495	1.867418	2.473342	2.248373	1.769134	1.948539	5.01882	3.359793	6.070995	0.00110408288233	0.000102699487806	0.00501979056396
2.048442	1.639518	2.01075129291	1.84874973029	2.39108	2.121939	2.322140176	1.918629	1.965446	4.993735	4.2131	4.236021	0.00111957620704	0.0001123721998	0.00251141412964
2.265487	1.769756	1.836667	1.904397	1.853066	2.472937	2.32248707336	1.81617	1.947571	6.066626	3.286641	5.874899	0.00113600677819	0.00030309776429	0.00189820451258
2.022986	1.63867	1.76012579174	1.869906	2.29691017848	2.079888	2.461372	1.94448759346	2.047367	5.018055	4.209756	4.371157	0.00114299750111	0.000877719127392	0.00149647376807
2.019786	1.639438	1.754776	1.864882	2.342728	2.10453	2.477756	1.920685	2.046343	5.149015	4.209756	4.764373	0.00115989037177	0.000691874364379	0.00148071998959
2.032138	1.639014	1.751704	1.807528	2.392142	2.21341021518	2.502716	1.900453	1.847668	5.190087	1.883212	4.236021	0.00116954987125	0.000340993623274	0.00187246032947
2.199023	1.775004	1.837691	1.903373	1.84335703477	2.585953	2.318005	1.833226	1.943675	6.290026	2.87753365304	5.808323	0.00117753014518	0.00129130021425	0.000395009739106
2.199023	1.775004	1.837691	1.903373	1.827946	2.585953	2.318005	1.833226	1.943675	6.290026	2.69875573418	5.808323	0.00120294957964	0.00124816531555	1.78532302144e-05
2.199023	1.775004	1.837691	1.903373	1.827946	2.56458830695	2.318005	1.833226	1.943675	6.290026	2.54675357533	5.808323	0.00123844811234	0.00114615349073	0.000191847158261
2.199023	1.775004	1.837691	1.903373	1.827946	2.585953	2.318005	1.833226	1.943675	6.290026	2.54675357533	5.808323	0.00123844811234	0.00114615349073	0.000191847158261
2.006459	1.697202	1.641158	2.091778	2.369917	2.251584	2.113629	1.85607	1.872083	4.495053	3.27175	4.857034	0.00125555332832	6.31887425698e-05	0.0026673654732
2.006747	1.696946	1.641154	2.091806	2.367357	2.251632	2.125917	1.856622	1.872055	4.505165	3.23712946333	4.85703434482	0.00125660301308	4.99778363774e-05	0.00283992017624
2.006747	1.696946	1.641154	2.091806	2.35241400769	2.26715007081	2.125917	1.856622	1.872055	4.505165	3.27175	4.84293	0.0012570359065	2.74017838827e-05	0.00291485447328
2.006747	1.69903953509	1.641154	2.091806	2.367357	2.26715007081	2.125917	1.856622	1.872055	4.505165	3.27175	4.84293	0.0012570359065	2.74017838827e-05	0.00291485447328
2.006747	1.696946	1.641154	2.091806	2.367357	2.251632	2.125917	1.856622	1.872055	4.505165	3.27175	4.84293	0.0012570359065	2.74017838827e-05	0.00291485447328
2.006747	1.696946	1.641154	2.091806	2.367357	2.26715007081	2.125917	1.856622	1.872055	4.505165	3.27175	4.84293	0.0012570359065	2.74017838827e-05	0.00291485447328
2.006747	1.696946	1.641154	2.091806	2.367357	2.26715007081	2.14518234658	1.856622	1.872055	4.505165	3.27175	4.84293	0.0012570359065	2.74017838827e-05	0.00291485447328
2.006747	1.696946	1.641154	2.091806	2.367357	2.26715007081	2.09233156737	1.856622	1.872055	4.505165	3.27175	4.84293	0.0012570359065	2.74017838827e-05	0.00291485447328
2.006747	1.696946	1.641154	2.08067811018	2.367357	2.251632	2.125917	1.856622	1.872055	4.55682729722	3.07462217409	4.84293	0.00126524589928	9.26406976084e-05	0.00263675342055
2.006747	1.696946	1.641154	2.091806	2.367357	2.251632	2.125917	1.856622	1.872055	4.55682729722	3.07462217409	4.84293	0.00126524589928	9.26406976084e-05	0.00263675342055
2.006747	1.696946	1.641154	2.108353124	2.367357	2.251632	2.125917	1.856622	1.872055	4.55682729722	3.07462217409	4.84293	0.00126524589928	9.26406976084e-05	0.00263675342055
2.006747	1.73457854312	1.641154	2.091806	2.367357	2.251632	2.125917	1.856622	1.872055	4.505165	3.27175	4.85703434482	0.00127811723995	2.19373500422e-05	0.00235655033326
2.006747	1.696946	1.641154	2.091806	2.367357	2.251632	2.125917	1.856622	1.872055	4.82159767689	3.27175	4.84293	0.00131964817143	2.03037825876e-05	0.00344075763946
2.198959	1.701532	1.814515	2.060797	1.85296	2.492769	2.301565	1.825082	1.902011	6.454226	3.91905	5.810867	0.00161273659509	0.000915214378348	0.00134786597726
2.01633088082	1.702024	1.941776	2.099046	2.377341	2.579264	2.488191	1.868358	1.877427	5.793485	3.27195	4.857034	0.00163739708659	0.000778800079587	0.00138334172461
2.002477	1.703314	1.944216	2.067302	2.362477	2.513752	2.486735	1.868198	1.875891	5.792909	4.471886	4.857036	0.00164223137141	0.000519017189122	0.00178221061271
2.006979	1.6984	1.790638	2.084382	2.366077	2.267494	2.036829	1.88939	1.872055	6.733389	3.664966	4.806066	0.00203505360209	0.000696862245692	0.00135830935261
2.203363	1.718028	1.883811	1.923881	2.091733	2.520329	2.260059	1.83087	1.955193	5.797878	6.66983	6.026947	0.00230305825166	0.000992504743969	0.000914997149602
2.027313	1.707944	1.914893	2.199092	2.31483	2.408624	2.179159	1.998376	2.091192	8.532819	1.834219	2.85704170245	0.0025049282021	1.05148319947e-05	0.0028688163675
2.037041	1.84932	1.95268221661	2.215132	2.32623	2.251956	2.147031	1.991338	1.982738	8.534131	3.376491	2.66965	0.00268377454289	0.000652747621657	0.00169317786334
2.025257	1.896616	1.983989	2.266856	2.305334	2.20427	2.178683	2.000808	2.093904	8.532803	3.899443	2.843378	0.0027843179579	0.000225226205673	0.0019542246733
2.0252652811	1.87184799876	1.98437332138	2.21513225837	2.29919045684	2.25201624727	2.17438940205	1.99261577683	2.09375164006	8.80713065205	1.81847546334	2.66752192689	0.00289550629084	4.37286744755e-06	0.00284069878488
2.004704	1.696757	1.849205	2.072585	1.951094	2.585351	2.542716	1.963595	1.978747	8.496878	6.628676	3.908067	0.00294555659206	0.000562017168019	0.00172440779308
2.041457	1.906408	1.935054	2.331804	2.299222	2.253552	2.182615	1.99236	2.093368	8.534315	1.789803	2.929366	0.00297779593786	0.000522518876919	0.00142885797472
2.055729	1.870634	1.98126809694	2.215222	2.324558	2.459284	2.179767	2.00081	2.022584	8.503059	1.279339	2.66765	0.00305283668116	0.000480886777249	0.00179621095619
2.055729	1.870634	1.980789	2.215222	2.324558	2.459284	2.179767	2.00081	2.022584	8.503059	1.279339	2.66765	0.00305283668116	0.000480886777249	0.00179621095619
2.01219848484	1.93994218394	1.776385	2.000714	1.819374	2.115287	2.018908	1.895089	1.891533	2.146118	10.3427293894	3.787651	0.00344628697167	1.97786332023e-05	0.00238508122556
2.01219848484	1.934537	1.776385	2.000714	1.819374	2.115287	2.018908	1.895089	1.891533	2.146118	10.3427293894	3.787651	0.00344628697167	1.97786332023e-05	0.00238508122556
2.022917	1.934793	1.776129	1.993948	1.91640679646	2.13812784492	2.015324	1.895089	1.888909	2.15111	10.206779	3.798019	0.00345226786665	0.000935838426925	0.00133228336744
2.022917	1.934793	1.776129	1.993948	1.91640679646	2.125047	2.015324	1.895089	1.888909	2.15111	10.206779	3.798019	0.00345226786665	0.000935838426925	0.00133228336744
2.022917	1.934793	1.776129	1.993948	1.91640679646	2.08510721481	2.015324	1.895089	1.888909	2.15111	10.206779	3.798019	0.00345226786665	0.000935838426925	0.00133228336744
2.009029	1.90872887684	1.79063598239	1.986122	1.81724	2.064743	2.56126518024	1.901105	1.88833	2.565358	11.473519	3.757955	0.0036313580782	0.000159617819257	0.00216384156487
2.006754	1.926345	1.752833	1.98609	1.82788102572	2.064743	2.018884	1.899473	1.909935	2.636827	11.474663	3.924899	0.00365331644558	1.30658541065e-05	0.00251569125858
2.006688	1.696949	1.886913	2.091817	1.896317	2.418288	2.52623239845	1.964395	1.970361	9.879118	6.418052	3.923107	0.00377373861373	0.000957336340684	0.00130313459805
2.00668754452	1.69816485857	1.88512073973	2.07274537164	1.89478127812	2.41822353143	2.45666603085	1.95846005448	1.97548054426	9.89387804917	6.66995622528	3.92976276201	0.00384576653732	0.000243417546426	0.00125602981932
2.00668754452	1.70020700535	1.88512073973	2.10299904766	1.89478127812	2.38622108076	2.45666603085	1.96194340897	1.97166647756	9.89387804917	6.66995622528	3.92976276201	0.00384576653732	0.000243417546426	0.00125602981932
2.00668754452	1.69816485857	1.88512073973	2.07274537164	1.89478127812	2.41822353143	2.45666603085	1.96194340897	1.97548054426	9.89387804917	6.66995622528	3.92976276201	0.00384576653732	0.000243417546426	0.00125602981932
2.00668754452	1.70020700535	1.88512073973	2.07274537164	1.89478127812	2.45096013558	2.45666603085	1.96194340897	1.97548054426	9.89387804917	6.66995622528	3.92976276201	0.00384576653732	0.000243417546426	0.00125602981932
2.00668754452	1.69816485857	1.88512073973	2.07274537164	1.89478127812	2.44660742266	2.45666603085	1.96194340897	1.97548054426	9.89387804917	6.66995622528	3.92976276201	0.00384576653732	0.000243417546426	0.00125602981932
2.00668754452	1.70020700535	1.88512073973	2.07274537164	1.89478127812	2.44660742266	2.45666603085	1.96367431197	1.97166647756	9.89387804917	6.66995622528	3.92976276201	0.00384576653732	0.000243417546426	0.00125602981932
2.00668754452	1.70020700535	1.88512073973	2.07274537164	1.89478127812	2.44660742266	2.45666603085	1.96194340897	1.97548054426	9.89387804917	6.66995622528	3.92976276201	0.00384576653732	0.000243417546426	0.00125602981932
2.00668754452	1.70020700535	1.88512073973	2.07274537164	1.89478127812	2.44660742266	2.45666603085	1.96194340897	1.97166647756	9.89387804917	6.66995622528	3.92976276201	0.00384576653732	0.000243417546426	0.00125602981932
2.00668754452	1.70020700535	1.88512073973	2.10299904766	1.89478127812	2.44660742266	2.45666603085	1.96194340897	1.97166647756	9.89387804917	6.66995622528	3.92976276201	0.00384576653732	0.000243417546426	0.00125602981932
2.00668754452	1.70020700535	1.88512073973	2.10299904766	1.89478127812	2.42778097557	2.45666603085	1.96194340897	1.97166647756	9.89387804917	6.66995622528	3.92976276201	0.00384576653732	0.000243417546426	0.00125602981932
2.00668754452	1.69981745703	1.88512073973	2.07274537164	1.89478127812	2.44660742266	2.45666603085	1.96194340897	1.97548054426	9.89387804917	6.66995622528	3.92976276201	0.00384576653732	0.000243417546426	0.00125602981932
2.00668754452	1.69816485857	1.88512073973	2.07274537164	1.89478127812	2.41822353143	2.45666603085	1.96442657223	1.97548054426	9.89387804917	6.66995622528	3.92976276201	0.00384576653732	0.000243417546426	0.00125602981932
2.00668754452	1.70020700535	1.89609885787	2.10299904766	1.89478127812	2.42778097557	2.45666603085	1.96194340897	1.97166647756	9.89387804917	6.66995622528	3.92976276201	0.00384576653732	0.000848906484649	0.0010806069976
2.007424	1.698693	1.884673	2.068137	1.870205	2.479375	2.43209	1.947031	1.973433	9.891906	6.514252	3.924195	0.00391362710978	0.000113718102451	0.00210088907365
2.006752	1.702261	1.882737	2.072585	1.893501	2.585871	2.514522	1.964299	1.975417	9.892462	7.22356178903	3.711203	0.003997902868	9.9871179337e-05	0.00206152863282
2.04529	1.67125	1.645328	2.119513	2.341614	2.048355	2.561908	1.918513	1.888458	5.157319	4.262712	3.754901	0.00742674761992	6.192550381e-05	0.00231224270083
2.022986	1.60795	1.7712	1.869986	2.337128	2.065218	2.46126	1.920821	2.045127	4.301975	4.210308	4.975061	0.0444630660083	0.000982281974319	0.000908004283842
2.315853	1.717897	2.00949621257	2.323372	2.090217	2.23007983353	2.154174	2.04806	1.933703	2.9209	4.976245	0.897603	0.116399394278	1.72428794028e-06	0.00340632769085
2.005547	1.507943	1.620984	2.06123	2.246296	2.249608	2.502779	1.900461	1.873785	2.044395	9.90551531381	5.448435	0.419214934052	0.000879410814147	0.000979252192536