%eval_id interface    DAKOTA_RC_1    DAKOTA_RC_2    DAKOTA_RC_3    DAKOTA_RC_4    DAKOTA_RC_5    DAKOTA_RC_6    DAKOTA_RC_7    DAKOTA_RC_8    DAKOTA_RC_9    DAKOTA_EP_1    DAKOTA_EP_2       obj_fn_1       obj_fn_2       obj_fn_3 
1            NO_ID    2.100423888    1.677013186    1.364104201    1.946678092    2.367897893    2.501064079    2.006136972    2.431608421    2.053953427    3.657581623    6.934216359   0.2433961623 0.0007251435393 0.001137805383 
2            NO_ID    2.103662185     1.83114016    2.051375543     2.29448809    2.152429958    2.283071485    2.508103799    2.408084772    2.401725212    9.084962383    7.389942039            100            100            100 
3            NO_ID    2.103751945    1.721572566    1.250595885    2.312262791    2.397780632    2.062073475    2.075768546     2.53341804    2.572069781    1.736964651     1.49586523   0.2662602475 0.0005296128684 0.002536104398 
4            NO_ID    2.106027994       1.604108    1.804397774    2.132161714    1.838260198    2.483036741      2.0052045    2.568949216    2.054417575    0.370647669    7.220167713            100            100            100 
5            NO_ID    2.106945684    1.966480327    1.761520533    1.915882334     2.07628249    2.047580897    2.161670591    2.371248446    2.006645324    5.978705308    1.254454192            100            100            100 
6            NO_ID    2.107183547    1.940340327    1.608843481    1.997739671     1.88364537    2.107547513    2.436506097    2.273233874    2.045788257    1.899319137    11.18128855            100            100            100 
7            NO_ID    2.107751516    1.842584987    1.896315356     2.04432403    1.820350978    2.037051515    2.466893558    2.491778634    2.117329626     6.47242022   0.6322527233            100            100            100 
8            NO_ID    2.109233072    1.717812685     1.42464788    2.380177462    2.208359521    2.562439847    2.224484376    2.020070893    2.251256943    5.911856881    9.375129499   0.2664930601 0.001922016728 0.0001651867513 
9            NO_ID    2.110734212    1.756021646    1.914926337    2.154409078     1.83958193     2.46781079    2.324994426    2.534859255    2.582422674    7.189656535    9.088262914            100            100            100 
10           NO_ID     2.11110657    1.926715975    1.334320235    2.259453792    2.055962429     2.05319863    2.069013264    2.441288813    2.348840428    8.012939297     4.35330333   0.2718590472 0.001100775164 0.0003608784169 
11           NO_ID    2.114006049    1.637531918    1.869250062     2.04169291    2.146719101     2.11557102     2.03235582     2.59922748    2.143241582    10.50223548    7.838176856            100            100            100 
12           NO_ID    2.116984171    1.902889307    1.799214766     2.02495036    2.396883634     2.28176977     2.56072286    2.238920356    2.572471422    11.38115362    1.573934953            100            100            100 
13           NO_ID    2.117030344    2.041062706    1.500995347    2.245677713    2.389445334    2.411447246    2.569132057    2.266606391    2.026945892    8.367191617    1.250353492   0.2826961888 0.001427796976 0.002403613975 
14           NO_ID    2.117953438    1.993215402    1.908578701    2.143249534    2.043899677    2.351108882    2.493328652    2.279184308     2.55944111    3.155416132    10.24285331            100            100            100 
15           NO_ID    2.118067965    1.734035416    1.252865348    2.202787472    2.379176177    2.282573781    2.252780618    2.014360936    2.521198872     10.3676019    7.639355911   0.2717441492 0.001890074981  0.00452555692 
16           NO_ID    2.119391012    1.600289169    1.216528139     2.36968577    1.935794219     2.02946512    2.544148864    2.557257567    2.487952893    10.43245711    11.38360823   0.2593927177  0.01056599815 0.005195775234 
17           NO_ID     2.12092126    2.056054415    1.780418816    2.200565542     2.12049036    2.401239681     2.13343938    2.507177906    2.568047748    10.58818803    10.78631213            100            100            100 
18           NO_ID    2.121951669    1.740426344    2.061779283    2.320156341    2.102782437    2.500412877    2.497670729    2.563091538    2.459328743    2.946993242    6.490579055            100            100            100 
19           NO_ID    2.124787374    1.678704602    1.289573125    1.817578768    2.043463428    2.457989197    2.213341564    2.586650745    2.019107117    11.46317434    5.558093506   0.2394720434 0.005514086288 0.004595960414 
20           NO_ID    2.125397454    1.763518854    1.383632247    2.343427931    2.279628856    2.079694521    2.529962073    2.150173443    2.236844529   0.3253848107    8.548228532   0.2680572414 0.001979980067 0.001679439634 
21           NO_ID    2.126066461    1.674011048    1.390029846    2.224239068    2.321994638    2.108542987    2.541645412    2.535732802    2.221537968    5.148276924    4.499545753   0.2678373779 0.002219628259 0.001443024095 
22           NO_ID    2.126953322     1.71984743    1.934546053    1.861809106    1.887965781    2.446954936    2.549761999    2.009588636    2.416135347    6.532724628    6.325407746            100            100            100 
23           NO_ID    2.127634886    2.068359351    1.766752613    2.026544504    2.096750972    2.139925799       2.505951    2.527015836    2.374820487   0.1076282748    4.718488267            100            100            100 
24           NO_ID    2.128415001    1.813988837     1.20376239     1.96950601    1.988464495    2.575090036    2.433930584    2.301657691    2.112605353    9.112242841      9.2500038   0.2507522638  0.01138510534 0.007289206073 
25           NO_ID    2.128740334    2.032961576    1.828158599    2.349506424    2.152597077    2.549900505    2.356502373    2.410932778    2.266421481    1.724748391    2.132150722            100            100            100 
26           NO_ID    2.130038154    2.046214288    1.392610057    1.838076886    1.900453717     2.47263058    2.405439197    2.005847168    2.594658598    9.426555783    10.84895399   0.2631576747 0.001334424623 6.651996123e-06 
27           NO_ID    2.135452981    1.911831644    1.595892309    2.183433866    2.140378001     2.23252044    2.378960566    2.286987641    2.297466084    7.836832404    9.484272334            100            100            100 
28           NO_ID    2.135767809    1.702848877     1.29585458    1.824276565    2.104160515    2.515018023    2.433043187    2.131128106    2.406995949    1.166714011    6.330419515   0.2330234785 0.004506831459 0.002970738448 
29           NO_ID     2.13603237      1.7912206    1.587548448    1.926499478    1.803993778    2.063163408    2.061674004    2.017541102    2.346510335    3.782808475    10.05254262            100            100            100 
30           NO_ID     2.14244378    1.915873482    2.086330653    2.056068459     1.93242548     2.26761102    2.493782964    2.290768833    2.430601061     6.36738648    2.758381908            100            100            100 
31           NO_ID    2.142737173    1.745373026    1.596780019     1.97686297    2.121650175    2.145830392    2.048847957    2.337595473    2.337176541    1.385687398    5.337414401            100            100            100 
32           NO_ID    2.149904867    1.660024822    1.867016121     2.33251642    2.277468984    2.450524582    2.527175018    2.348796773    2.392972281    5.235325408    9.520269311            100            100            100 
33           NO_ID    2.150641906    1.646840492    1.407148733    2.143841772     2.36431239    2.546183928    2.145566984    2.418560509     2.31568103     7.28748166    4.408555405   0.2709599741 0.001794792788 0.0001302903851 
34           NO_ID    2.153762129     1.65924581    2.091610726    2.277965949    1.832554198    2.519337855     2.38589393     2.34326269    2.223751059    6.273407581   0.7704274863            100            100            100 
35           NO_ID    2.154133673    2.001235801    1.357874522    2.209575972    1.822601906    2.575250221     2.54861359    2.188826362    2.392516058    9.491941674    3.112327193   0.2657490457 0.0004834552424 0.0001527962244 
36           NO_ID     2.15427525    1.998787699     1.26996315    2.211952034    2.235318453    2.344615565    2.141118945    2.470000539    2.139037617    3.324489128    8.345316749   0.2762475961 0.003761035662 0.003855913996 
37           NO_ID     2.15490716    2.047167109    1.709898981    2.055888903    2.262882859    2.209027337    2.320785677     2.19530477     2.48892021    1.864673345     1.40738039            100            100            100 
38           NO_ID    2.155156768    2.039840326    1.252125114    2.306499827    2.202044801    2.044587195    2.299281646    2.276789875    2.146840137    4.029325316    5.964260853   0.2776531021 0.0002409079027 0.002376610682 
39           NO_ID    2.159257056    1.973904652     1.79951339    1.883455334    1.922130627    2.205135923    2.353377302    2.276723919    2.237714505    3.166867064    3.259800812            100            100            100 
40           NO_ID    2.163859078    1.768908507    1.864439519    2.008775438    2.024141202    2.501164134    2.433939041    2.443002698    2.276027105    11.53539392    6.376908378            100            100            100 
41           NO_ID    2.164134352    1.778503643    1.733836957    1.911964373    2.326853124    2.005049545    2.227789995    2.079167035    2.258516531    6.170644588    11.88137101            100            100            100 
42           NO_ID     2.16492406    1.680373822    1.643907901    2.312583212    2.392523826     2.37546003    2.373225062    2.014293804    2.332873839    3.733750922    3.336161336            100            100            100 
43           NO_ID    2.167285195    2.029084596     1.25101346    2.148112566    2.062929239    2.295145835    2.521736124    2.222046339    2.367518998    4.638989698    5.128788898   0.2677545863 0.002268859698 0.001109143505 
44           NO_ID    2.168878468    1.693421631    1.832218057    2.263090479    2.098247735    2.332939803    2.431548074    2.453678024    2.242321669    0.598359207    4.660914019            100            100            100 
45           NO_ID    2.169786547     2.00137785    1.871360897    2.005737813    2.039768948    2.569097775    2.266984299    2.412674594    2.244306915    4.234227438    5.776341936            100            100            100 
46           NO_ID    2.169891798    2.034905098    1.289052088     2.14912203    1.991828632    2.121993957    2.358115528    2.121523844    2.061246486    3.458112908    5.504182803   0.2607058602  0.00392103784 0.003178088579 
47           NO_ID     2.17192264    1.831031653    1.214071798    1.824593716    2.389114467    2.112199552    2.589898216    2.195520651     2.53931344    9.939008239    9.326502911            100            100            100 
48           NO_ID    2.177786549    2.020081951    1.933100073    2.178828376    2.263554409    2.157726379    2.296641881    2.250219865    2.407396632    1.418511529    7.305176891            100            100            100 
49           NO_ID    2.181203288    1.803239658    1.285829324    2.183272766    2.064877138    2.278215641    2.105964558      2.2694751    2.506006488    5.703635945    10.19278253   0.2572837543 0.004187967965 0.003653962822 
50           NO_ID    2.182858678    1.857423815    1.544361204    2.071986779    2.131659282    2.490093468    2.075061765     2.31548779     2.01361571    1.113096284    2.373074542            100            100            100 
51           NO_ID    2.186619935    1.877937811    1.425641512    2.194451533    1.883055618    2.130091144    2.301975457    2.123256111    2.564597164    10.28962946    6.021635762   0.2547366436 0.0002693997507 0.001808617949 
52           NO_ID    2.186968024    1.769832922    1.538473886     2.33064143    2.030336576    2.464186629     2.01031104    2.446318961    2.344304478    9.224755306    3.734911525            100            100            100 
53           NO_ID    2.192229449    2.052374598    2.020790412    2.165256623    2.322751211    2.170525407    2.589400258    2.170959591     2.38148932      11.932677    3.517783806            100            100            100 
54           NO_ID    2.193087597    2.075731922    1.238344264    2.267100131    2.124755266    2.412684549    2.513713386    2.494990359    2.469001592    6.692009979   0.2334945818   0.2728243721 0.005815338632   0.0012906467 
55           NO_ID     2.19331488    2.077355636    1.304373483    2.193747626    2.333549623    2.308502678    2.366219048    2.502607304    2.387199425    2.260749842    11.75094637   0.2798056343 0.003309496043 0.002529254087 
56           NO_ID    2.196208707    1.890262955    2.052421346    2.328134997    2.062028932    2.463271256    2.397136589    2.596629431    2.474945985    5.872520369   0.9929402438            100            100            100 
57           NO_ID    2.196352463    1.832773179    1.695920242    2.335732013    2.133400653    2.020850352    2.184784154      2.5932254    2.588697762    2.931180106    1.471663105            100            100            100 
58           NO_ID    2.198519019    1.620522199      1.2343668    1.926271803    2.113593423     2.43467434    2.496075239    2.079521429     2.46064185   0.4353995642    11.14827617   0.2291251156 0.008168650601 0.003746105527 
59           NO_ID    2.201529195    1.655854745    1.924729173     1.88427488     2.09151007    2.503223675    2.335531823    2.587102915     2.37198015    7.729287188    7.323021851            100            100            100 
60           NO_ID    2.204745616    1.998243649    2.029230952    1.930744285    1.905682374    2.031987669    2.389260816    2.414214604    2.026056219    1.635726399    9.417187978            100            100            100 
61           NO_ID    2.205031898    1.627518758    1.608246818    1.901128313    2.266953094    2.573822236    2.213733666    2.322565236    2.436322426    7.231651686      11.619297            100            100            100 
62           NO_ID    2.206222016    2.004238358    2.011284965    1.806745954    1.854090819     2.59020798    2.360239105     2.39717925    2.185810015   0.5505560397     3.64324226            100            100            100 
63           NO_ID    2.214387229     1.84289522    1.431488695    1.998994039    1.916933692     2.22549963    2.523573767    2.176439989    2.228093255    6.014387568    8.933916426   0.2343601674 0.0003424172816 0.001677491629 
64           NO_ID    2.218482219    2.022864028    1.551236886    2.068406346    2.108481498    2.179703794    2.457356739    2.270497283     2.02317897    4.519270668   0.3796763925            100            100            100 
65           NO_ID    2.219025546    1.996535601    1.783654793    2.301775542    2.127796682    2.346821734    2.556773214    2.297973465    2.329166911   0.6936417318    7.888441039            100            100            100 
66           NO_ID    2.219160094    1.636823389    1.213527158    1.866184512    1.979547462     2.28582882    2.020989549    2.220996092    2.322691792  0.09195923996    4.555816928   0.2270744974  0.01337193387  0.01023350345 
67           NO_ID    2.219970332    1.998321813    1.225456221    1.997163028     2.34699944    2.458259627    2.546003456    2.347646405    2.075924793    5.198796934    7.931041665   0.2516719271  0.01225787926 0.006939433738 
68           NO_ID    2.223207432    1.815333012    1.862514551    2.230422699    2.311180232    2.456037303     2.35162157    2.429560327    2.238005098    10.70192459    8.567474203            100            100            100 
