Sr       0.0000000000     0.0000000000     5.7749000000
Sr       0.0000000000     0.0000000000     9.8750000000
Sr       0.0000000000     0.0000000000    13.9751000000
Ti       1.9750000000     1.9750000000     4.0882500000
Ti       1.9750000000     1.9750000000     7.9316000000
Ti       1.9750000000     1.9750000000    11.8184000000
Ti       1.9750000000     1.9750000000    15.5517500000
O        1.9750000000     1.9750000000     5.9289500000
O        1.9750000000     1.9750000000     9.8750000000
O        1.9750000000     1.9750000000    13.8210500000
O        0.0000000000     1.9750000000     3.9974000000
O        0.0000000000     1.9750000000     7.9118500000
O        0.0000000000     1.9750000000    11.8381500000
O        0.0000000000     1.9750000000    15.7526000000
O        1.9750000000     0.0000000000     3.9974000000
O        1.9750000000     0.0000000000     7.9118500000
O        1.9750000000     0.0000000000    11.8381500000
O        1.9750000000     0.0000000000    15.7526000000

