1.643221	1.595744	1.39282	1.667476	1.706757	1.393752	1.437409	5.49124429054e-05	0.0110583791201	0.0012050399752
1.651652	1.60492	1.378442	1.730751	1.712985	1.395132	1.43481	6.7452901977e-05	0.0110279379362	0.000828189480068
1.62579973834	1.57627022666	1.49273	1.639579	1.69775268171	1.410876	1.446381	9.59548317658e-05	0.0055641662432	0.00307816225853
1.6258	1.57870923588	1.492922	1.639579	1.726171	1.410876	1.446509	9.59548317658e-05	0.0055641662432	0.00307816225853
1.62579973834	1.57627022666	1.49273	1.639579	1.69959851943	1.410876	1.446381	9.59548317658e-05	0.0055641662432	0.00307816225853
1.735292	1.401037	1.37059	1.42911447083	1.44621683085	1.434875	1.431559	0.000104367885867	0.00221138180171	0.0272436835442
1.723342	1.400475	1.378334	1.43552416025	1.445503	1.432071	1.432855	0.000104583182106	0.00157310452335	0.027751088446
1.72256137526	1.400475	1.378334	1.43552416025	1.445503	1.432071	1.432855	0.000104583182106	0.00157310452335	0.027751088446
1.697157	1.384215	1.40026722015	1.66685662276	1.641268	1.421949	1.419163	0.000107480252929	0.000420833641859	0.0173360564368
1.636575	1.57452	1.371898	1.639778	1.717306	1.407484	1.44638	0.000136240036102	0.00418578255764	0.00501377125952
1.65357826233	1.626865	1.396576	1.643726	1.721469	1.391224	1.443897	0.000142432032788	0.0116009846773	5.11017576069e-05
1.723214	1.400567	1.381054	1.763777	1.40922236083	1.431979	1.435415	0.000157737216526	0.000207369512566	0.0237942990486
1.723214	1.400567	1.381054	1.75240316623	1.40922236083	1.431979	1.435415	0.000157737216526	0.000207369512566	0.0237942990486
1.63999156384	1.589432	1.49273	1.705115	1.726005	1.406012	1.446381	0.00016468676789	0.00355278305728	0.00888899079395
1.64053311012	1.58541089177	1.49273	1.639579	1.69775268171	1.410876	1.446381	0.00016468676789	0.00355278305728	0.00888899079395
1.636829	1.589432	1.38832	1.639583	1.726005	1.410172	1.447981	0.00016468676789	0.00370135650625	0.00710237006762
1.633741	1.592891	1.329716	1.635464	1.713289	1.41117	1.445523	0.00016468676789	0.00370135650625	0.00710237006762
1.633441	1.58832	1.492806	1.636975	1.69872283926	1.410836	1.446381	0.00016468676789	0.0037013585054	0.00710235948155
1.633441	1.58832	1.492806	1.636975	1.713387	1.410836	1.446381	0.00016468676789	0.0037013585054	0.00710235948155
1.63510474439	1.5883841162	1.49273	1.64183275881	1.71321116255	1.410876	1.446381	0.00016468676789	0.0037013585054	0.00710235948155
1.63510474439	1.5883841162	1.49273	1.63695744521	1.71321116255	1.410876	1.446381	0.00016468676789	0.0037013585054	0.00710235948155
1.63684852861	1.5883841162	1.49273	1.639579	1.725781	1.410876	1.446381	0.00016468676789	0.0037013585054	0.00710235948155
1.63510474439	1.5883841162	1.49273	1.639579	1.71321116255	1.410876	1.446381	0.00016468676789	0.0037013585054	0.00710235948155
1.633441	1.58832	1.492806	1.636975	1.72925094967	1.410836	1.446381	0.00016468676789	0.0037013585054	0.00710235948155
1.633265	1.589432	1.49273	1.705115	1.726005	1.406012	1.446381	0.00016468676789	0.0037013585054	0.00710235948155
1.63649895637	1.5883841162	1.49273	1.639579	1.725781	1.410876	1.446381	0.00016468676789	0.0037013585054	0.00710235948155
1.63684852861	1.5883841162	1.49273	1.639579	1.76177401641	1.410876	1.446381	0.00016468676789	0.0037013585054	0.00710235948155
1.63649890233	1.5883841162	1.49273	1.639579	1.76177401641	1.410876	1.446381	0.00016468676789	0.0037013585054	0.00710235948155
1.63251009278	1.5883841162	1.49273	1.63695744521	1.71321116255	1.410876	1.446381	0.00016468676789	0.0037013585054	0.00710235948155
1.70897456068	1.400567	1.380894	1.763777	1.431167	1.431979	1.435415	0.000180190323688	7.53054782048e-05	0.0229100662359
1.719468	1.404665	1.371898	1.751789	1.422973	1.434753	1.435463	0.000180248453587	0.000223562695061	0.0225174375648
1.724134	1.400575	1.335838	1.78218677118	1.434239	1.435803	1.431191	0.000196290358515	0.000207871301307	0.0225087781639
1.645885	1.61168362405	1.419808	1.6346	1.70515202807	1.393112	1.437753	0.00022035070253	0.0101855605862	0.00094543791044
1.645885	1.61168362405	1.419808	1.6346	1.722181	1.393112	1.437753	0.00022035070253	0.0101855605862	0.00094543791044
1.645885	1.61172	1.419808	1.6346	1.722181	1.393112	1.437753	0.00022035070253	0.0101855605862	0.00094543791044
1.645885	1.61172	1.419808	1.6346	1.73027675467	1.393112	1.437753	0.00022035070253	0.0101855605862	0.00094543791044
1.645885	1.61012	1.42032	1.634472	1.730277	1.393112	1.437513	0.00022035070253	0.0101855605862	0.00094543791044
1.642813	1.611528	1.42016	1.6346	1.691493	1.3926	1.436729	0.00022035070253	0.0101855605862	0.00094543791044
1.645885	1.61172	1.419808	1.6346	1.722181	1.393112	1.43318523974	0.00022035070253	0.0101855605862	0.00094543791044
1.61948754545	1.400481	1.364508	1.632515	1.43855713068	1.437884	1.436673	0.000222484563182	8.73550488361e-06	0.0273494489166
1.724904	1.397561	1.38081	1.752368	1.448929	1.43855339333	1.435223	0.000231335956948	0.000207995249124	0.0223084792336
1.724904	1.40098333958	1.38081	1.752368	1.448929	1.434141	1.435223	0.000231335956948	0.000207995249124	0.0223084792336
1.724904	1.397561	1.38081	1.752368	1.448929	1.434141	1.435223	0.000231335956948	0.000207995249124	0.0223084792336
1.70723833875	1.398265	1.35014912316	1.78462242402	1.45489805932	1.432891	1.434135	0.000234843417656	7.49996069799e-05	0.023602170443
1.703032	1.3934238277	1.376124	1.77300628941	1.459455	1.424507	1.423471	0.000252948434034	0.000207935274374	0.0214887324927
1.703032	1.3934238277	1.376124	1.767173	1.459455	1.42856116285	1.423471	0.000252948434034	0.000207935274374	0.0214887324927
1.703032	1.3934238277	1.376124	1.767173	1.459455	1.424507	1.423471	0.000252948434034	0.000207935274374	0.0214887324927
1.703032	1.3934238277	1.376124	1.78454414169	1.459455	1.424507	1.423471	0.000252948434034	0.000207935274374	0.0214887324927
1.700472	1.393561	1.364558	1.764689	1.462119	1.424251	1.430901	0.000256271127804	0.000228362674218	0.0213988589206
1.645765	1.603656	1.420064	1.688768	1.721701	1.399976	1.442137	0.000258295414719	0.00750617863497	0.00135352082384
1.653956	1.5938	1.35961	1.680539	1.743547	1.413948	1.446373	0.000264043122649	0.00260730511372	0.0110036101491
1.616741	1.548187	1.35811	1.64169	1.723869	1.419798	1.443329	0.000282917509262	0.0036326814192	0.00864795033504
1.62040353964	1.57627022666	1.49273	1.639579	1.69775268171	1.410876	1.446381	0.000283330082423	0.0052511360323	0.000448270438296
1.71066114519	1.384231	1.404443	1.677568	1.641196	1.421949	1.419099	0.000289149039585	0.000963495175483	0.0160504127538
1.697157	1.384215	1.39662225701	1.677568	1.641268	1.421949	1.419163	0.000299718090661	0.000420833641859	0.0171900259086
1.697157	1.384215	1.40026722015	1.677568	1.641268	1.421949	1.419163	0.000299718090661	0.000420833641859	0.0171900259086
1.697157	1.384215	1.406571	1.677568	1.641268	1.421949	1.419163	0.000299718090661	0.000420833641859	0.0171900259086
1.697157	1.384215	1.40026722015	1.677568	1.641268	1.421949	1.42104676727	0.000299718090661	0.000420833641859	0.0171900259086
1.698949	1.384179	1.401255	1.677568	1.64126	1.421945	1.420791	0.000299718090661	0.000420833641859	0.0171900259086
1.697157	1.384215	1.39828350689	1.677568	1.641268	1.421949	1.42104676727	0.000299718090661	0.000420833641859	0.0171900259086
1.693208	1.592919	1.620537	1.774614	1.45935531247	1.418731	1.452137	0.000308591725179	0.00225993935846	0.0139155782495
1.693542	1.590999	1.620441	1.776814	1.460427	1.418763	1.452393	0.000308591725179	0.00225993935846	0.0139155782495
1.694147	1.593103	1.618365	1.746198	1.44346342802	1.416152	1.448473	0.000325191379284	0.00111835597741	0.0152929141905
1.637576	1.590032	1.507183	1.640675	1.725779	1.404026	1.44289	0.000328185478236	0.00868997224506	0.000159037273339
1.628335	1.5570104395	1.333362	1.667339	1.77155411645	1.426792	1.449593	0.000330033909844	0.000420833641859	0.0169610069848
1.628335	1.5570104395	1.333362	1.667339	1.721333	1.426792	1.449593	0.000330033909844	0.000420833641859	0.0169610069848
1.706153	1.396089	1.37203	1.792338	1.486237	1.424123	1.423495	0.000338630131937	0.000207429487316	0.0215454208692
1.653444	1.604408	1.371786	1.729727	1.712985	1.395132	1.446381	0.000339891137376	0.0115446863795	0.000134507949292
1.694824	1.593087	1.384096	1.760598	1.453774	1.414909	1.448607	0.000343196424921	0.00111886176447	0.015198721504
1.694924	1.58831452	1.49874890876	1.68284091143	1.48129	1.414515	1.449301	0.000346836432206	0.00235216652982	0.0136023175399
1.654468	1.590728	1.361658	1.729691	1.713723	1.410876	1.446381	0.000346896425415	0.00325395086886	0.00801147589793
1.69480163013	1.599737	1.69199023868	1.663982	1.459514	1.420403	1.451413	0.000349675071097	0.00161337756797	0.0148791387966
1.690872	1.585335	1.628753	1.795018	1.481418	1.419083	1.451497	0.000351843353213	0.00225992936267	0.0136454366987
1.693208	1.592919	1.620537	1.774614	1.47681	1.418731	1.452137	0.000351843353213	0.00225992936267	0.0136454366987
1.69116	1.592919	1.628729	1.795094	1.481418	1.419083	1.452137	0.000351843353213	0.00225992936267	0.0136454366987
1.69084	1.592927	1.630277	1.795862	1.481418	1.414503	1.449321	0.000351843353213	0.00225992936267	0.0136454366987
1.69084	1.592927	1.630277	1.795862	1.47443602891	1.414503	1.449321	0.000351843353213	0.00225992936267	0.0136454366987
1.689816	1.592927	1.597509	1.70984049342	1.481418	1.414517	1.449353	0.000359399396962	0.00235211855002	0.0136021375768
1.694147	1.593103	1.618365	1.746198	1.460042	1.416152	1.448473	0.000362253466141	0.00112195246325	0.0150966210271
1.690799	1.593231	1.620295	1.746198	1.46047	1.415776	1.449257	0.000362253466141	0.00112195246325	0.0150966210271
1.694403	1.593231	1.618357	1.746198	1.460042	1.415792	1.449241	0.000362253466141	0.00112195246325	0.0150966210271
1.609927	1.515762	1.323575	1.631195	1.71860294355	1.42312	1.445269	0.00036431276839	0.000916954769497	0.0163881336244
1.609927	1.515762	1.323575	1.631195	1.721381	1.42312	1.44191703305	0.00036431276839	0.000916954769497	0.0163881336244
1.609927	1.515762	1.323575	1.631195	1.721381	1.42312	1.445269	0.00036431276839	0.000916954769497	0.0163881336244
1.606855	1.51429	1.323703	1.631579	1.721477	1.42432	1.442093	0.00036431276839	0.00163717754792	0.0128665923946
1.607287	1.51781	1.323551	1.615491	1.681237	1.427616	1.446253	0.00036431276839	0.00163717754792	0.0128665923946
1.606855	1.51429	1.323767	1.631451	1.721429	1.425216	1.440843	0.00036431276839	0.00163717754792	0.0128665923946
1.606599	1.514226	1.31787331771	1.631707	1.71760503432	1.42865219485	1.445709	0.00036431276839	0.00163717754792	0.0128665923946
1.606855	1.51429	1.58930016714	1.631579	1.721477	1.42432	1.442093	0.00036431276839	0.00163717954707	0.0128665585192
1.63122328656	1.5884	1.491634	1.640707	1.725777	1.40678	1.440842	0.000364318809911	0.00383056410845	0.00690673324023
1.630814	1.587808	1.488358	1.636975	1.699235	1.410196	1.446445	0.000364318809911	0.00383056410845	0.00690673324023
1.62579973834	1.58424551455	1.55165585976	1.639579	1.71321116255	1.410876	1.446381	0.000364318809911	0.00416347594896	0.00410017270335
1.629541	1.54818690516	1.358102	1.64521	1.723869	1.421846	1.44001849177	0.000367656097288	0.00147894616504	0.0126863286503
1.629541	1.54818690516	1.358102	1.64521	1.723869	1.421846	1.441025	0.000367656097288	0.00147894616504	0.0126863286503
1.629541	1.54818690516	1.358102	1.66221941901	1.723869	1.421846	1.441025	0.000367656097288	0.00147894616504	0.0126863286503
1.67199471521	1.592927	1.630277	1.795862	1.481418	1.414503	1.449321	0.000368519826005	0.00128091753723	0.0145236587438
1.68678859188	1.58318941848	1.620293	1.746198	1.460042	1.41579175893	1.449257	0.00037015203762	0.0012893779753	0.0134938082595
1.69027538547	1.593231	1.620293	1.746198	1.460042	1.41579175893	1.449257	0.000370854104608	0.00115025054945	0.0150190018835
1.690299	1.593219	1.617643	1.770534	1.45993	1.417328	1.448617	0.000370854104608	0.00115025054945	0.0150190018835
1.622068	1.586671	1.593165	1.774746	1.460678	1.419637	1.450533	0.000371817050529	0.000709062294478	0.00983287184681
1.633797	1.594325	1.33381912113	1.71549901328	1.738181	1.41089	1.439851	0.000386481800464	0.00314724379369	0.00775323520109
1.633501	1.597624	1.33344	1.705119	1.726005	1.410172	1.446701	0.000386481800464	0.00314724379369	0.00775323520109
1.633797	1.594325	1.33381912113	1.69422936291	1.738181	1.41089	1.439851	0.000386481800464	0.00314724379369	0.00775323520109
1.633797	1.594325	1.33381912113	1.696776	1.738181	1.41089	1.439851	0.000386481800464	0.00314724379369	0.00775323520109
1.633229	1.598331	1.33842	1.637512	1.683529	1.41017	1.440083	0.000386481800464	0.00314724379369	0.00775323520109
1.633096	1.594448	1.492858	1.692879	1.726037	1.410364	1.443629	0.000386481800464	0.00314724579285	0.00775194581841
1.633496	1.597521	1.496826	1.644605	1.717307	1.410876	1.446381	0.000386481800464	0.00314724579285	0.00775194581841
1.63510474439	1.60007137187	1.49273	1.63695744521	1.71321116255	1.410876	1.446381	0.000386481800464	0.00314724579285	0.00775194581841
1.628879	1.54649	1.336754	1.645835	1.721333	1.426528	1.449605	0.000387535965666	0.000420833641859	0.0158700812587
1.628335	1.546714	1.333362	1.667339	1.71333791508	1.426792	1.449593	0.000387535965666	0.000420833641859	0.0158700812587
1.628335	1.546714	1.333362	1.64237187495	1.721333	1.426792	1.449593	0.000387535965666	0.000420833641859	0.0158700812587
1.628335	1.546714	1.333362	1.667339	1.721333	1.426792	1.449593	0.000387535965666	0.000420833641859	0.0158700812587
1.628335	1.54970060877	1.333362	1.667339	1.721333	1.426792	1.449593	0.000387535965666	0.000420833641859	0.0158700812587
1.628335	1.549765	1.333362	1.667339	1.721233	1.426792	1.449593	0.000387535965666	0.000420833641859	0.0158700812587
1.645853	1.595336	1.420064	1.633576	1.721157	1.399976	1.439801	0.000396963247251	0.00814630513479	3.12295969426e-05
1.645853	1.595336	1.420064	1.633576	1.721157	1.399976	1.44213876059	0.000396963247251	0.00814630513479	3.12295969426e-05
1.645853	1.595336	1.44242034121	1.633576	1.721157	1.399976	1.439801	0.000396963247251	0.00814630713395	3.12211280907e-05
1.61579067477	1.51781	1.323551	1.615491	1.681237	1.427616	1.446253	0.000407663116216	0.000649301454438	0.01545348362
1.62688886565	1.539418	1.358102	1.64521	1.723869	1.421846	1.441025	0.000464640687732	0.00296028250642	0.00898509532376
1.624967	1.541554	1.360662	1.664666	1.724053	1.42195	1.440261	0.000464640687732	0.00296028250642	0.00898509532376
1.69153689663	1.611247	1.618253	1.774874	1.460698	1.422649	1.450537	0.000468298310762	0.000688912777642	0.0142841532643
1.694808	1.611247	1.618253	1.774874	1.460698	1.41963705819	1.450537	0.000468298310762	0.000688912777642	0.0142841532643
1.694808	1.611247	1.618253	1.774874	1.460698	1.422649	1.450537	0.000468298310762	0.000688912777642	0.0142841532643
1.645885	1.58859138861	1.419808	1.6346	1.722181	1.393112	1.437753	0.000489703680881	0.0114653157954	2.56514459307e-05
1.614818	1.44873	1.45417463695	1.635576	1.725425	1.420317	1.431109	0.000494497715954	0.00241920030788	0.00957441519425
1.614818	1.44873	1.45417463695	1.635576	1.70889228926	1.420317	1.431109	0.000494497715954	0.00241920030788	0.00957441519425
1.644719	1.511226	1.382039	1.673543	1.620933	1.41736	1.439657	0.000509620646801	0.000646764522514	0.0149886579876
1.641815	1.46546	1.360535	1.692833	1.652349	1.427792	1.439241	0.000511042333872	0.000186600256647	0.0211330258981
1.625349	1.593717	1.31629352496	1.704968	1.738465	1.419978	1.452139	0.000528513933797	0.00239560224292	0.00865846018008
1.624263	1.59352	1.462738	1.640707	1.721165	1.414516	1.44929	0.000528513933797	0.00239561623702	0.00865845806287
1.714889	1.384805	1.370928	1.771069	1.403347	1.427241	1.424807	0.000537449777956	0.000420833641859	0.0156883269966
1.714118	1.383941	1.377566	1.760649	1.40480368737	1.427265	1.430037	0.000537449777956	0.000420833641859	0.0156883269966
1.71952059343	1.383045	1.372446	1.763197	1.406675	1.427241	1.42480722221	0.000547513305313	0.000420833641859	0.014836538355
1.625805	1.59404	1.329344	1.705103	1.721909	1.410172	1.446701	0.000548245102482	0.00358264248613	0.00624410487166
1.626184	1.602048	1.515098	1.639555	1.70798	1.408572	1.446677	0.000548245102482	0.00358264448529	0.00624410063724
1.641415	1.464948	1.36642630925	1.639687	1.676765	1.426	1.439321	0.000587665326122	0.000217135401021	0.0209258989561
1.67615828483	1.383045	1.372446	1.763197	1.406675	1.427241	1.42457114554	0.000597459934599	0.000320841739531	0.0197272303807
1.59837198036	1.50528682852	1.355002	1.641351	1.717013	1.427196	1.446381	0.000628998086538	0.0034196111241	0.00722219796844
1.61112093821	1.58541089177	1.49273	1.639579	1.69775268171	1.410876	1.446381	0.000657530981603	0.00546860647489	0.000389100688234
1.620855	1.50528682852	1.355002	1.62134947956	1.7151274557	1.427196	1.446381	0.0006925891281	0.000420833641859	0.0146833241233
1.620855	1.50528682852	1.355002	1.641351	1.717013	1.427196	1.446381	0.0006925891281	0.000420833641859	0.0146833241233
1.620855	1.50528682852	1.355002	1.63635595847	1.717013	1.427196	1.446381	0.0006925891281	0.000420833641859	0.0146833241233
1.620855	1.50528682852	1.355002	1.641351	1.7151274557	1.427196	1.446381	0.0006925891281	0.000420833641859	0.0146833241233
1.661964	1.646439	1.660845	1.746177	1.439452	1.431486	1.490089	0.000716277567767	0.000121056216649	0.0205902042582
1.653308	1.613415	1.598669	1.706291	1.4641	1.431402	1.480745	0.000735187126016	2.34493102127e-05	0.0208357797873
1.625801	1.498638	1.368799	1.640275	1.717989	1.420412	1.43356424846	0.000739472576025	0.00226688843282	0.00908685916377
1.625801	1.498638	1.368799	1.640275	1.717989	1.420412	1.439336	0.000739472576025	0.00226688843282	0.00908685916377
1.714438	1.37726471913	1.372446	1.763197	1.406675	1.427241	1.430037	0.000784356256982	0.000420833641859	0.0139870955854
1.79480229949	1.433563	1.641574	1.672212	1.676428	1.420004	1.429081	0.000798188044367	0.00775961793429	0.000353874499322
1.798958	1.433563	1.641574	1.672212	1.676428	1.420004	1.429081	0.000798188044367	0.00775961793429	0.000353874499322
1.715512	1.444317	1.360574	1.763015	1.423983	1.428325	1.435413	0.000828655754051	0.00064853177848	0.0133343397808
1.62579973834	1.60982229136	1.49273	1.61941917002	1.71321116255	1.410876	1.45998432841	0.000829995932126	0.00654997520696	0.000379257060184
1.786346	1.42159	1.623654	1.676348	1.66004	1.420252	1.429625	0.000847041891515	0.00779499903846	0.00029950658821
1.786346	1.42159	1.623654	1.676348	1.65468964447	1.420252	1.429625	0.000847041891515	0.00779499903846	0.00029950658821
1.628872	1.394549	1.364406	1.760093	1.459023	1.434747	1.431895	0.000866332576586	1.05473856975e-06	0.0237047917543
1.6601946367	1.642639	1.615623	1.795283	1.48657	1.432876	1.491785	0.000889187891306	7.89739337456e-05	0.0202165521668
1.765165	1.329371	1.611312666	1.70756267509	1.69161691776	1.41085611379	1.32965830567	0.000908811383706	0.0111477055128	1.17773495282e-05
1.648334	1.642511	1.628284	1.795283	1.488618	1.43278	1.491785	0.00091979866393	5.88680332952e-05	0.0202020640786
1.649966	1.642639	1.62578804686	1.795283	1.48657	1.432876	1.491785	0.00091979866393	5.88680332952e-05	0.0202020640786
1.714434	1.365509	1.372446	1.763741	1.405907	1.427409	1.427379	0.000926328283769	0.000657857852102	0.0131387855247
1.63284	1.594609	1.486586	1.627291	1.713403	1.410172	1.460112	0.00098610807442	0.00653803023592	0.000197185921197
1.799151	1.435547	1.635006	1.71065835156	1.7272	1.416821	1.424524	0.00100712155584	0.00744837896926	0.000152584008295
1.76413559426	1.335687	1.655396	1.67694	1.656732	1.410169	1.340456	0.00101634648104	0.0114243170563	4.83430613103e-07
1.637284	1.588424	1.51246	1.639963	1.723611	1.409357	1.45908	0.00102214375255	0.00551968497029	0.000252042908499
1.63754	1.588488	1.513484	1.689115	1.723699	1.411405	1.459092	0.00102214375255	0.00551968497029	0.000252042908499
1.63754	1.588488	1.513484	1.689115	1.74276312488	1.411405	1.459092	0.00102214375255	0.00551968497029	0.000252042908499
1.593191	1.492658	1.379807	1.639597	1.720073	1.429533	1.445481	0.00103497636546	0.00336004820073	0.00691779144342
1.799159	1.435315	1.645246	1.69934130009	1.72528	1.418869	1.425547	0.00104929264536	0.0075405781524	3.73208185738e-05
1.798095	1.435403	1.622718	1.69134762172	1.72722	1.416821	1.425483	0.00104929264536	0.0075405781524	3.73208185738e-05
1.759197	1.335759	1.58340682229	1.676412	1.655676	1.411765	1.338954	0.00105045089454	0.0114224478433	2.53077552712e-06
1.761501	1.335687	1.59114891398	1.676438	1.655708	1.410169	1.340232	0.00105045089454	0.0114224478433	2.53077552712e-06
1.760477	1.335687	1.55504894044	1.67138832365	1.655708	1.411765	1.33390746234	0.00105045089454	0.0114224478433	2.53077552712e-06
1.760477	1.335687	1.58901036985	1.67695	1.655708	1.40985910956	1.33888	0.00105045089454	0.0114224478433	2.53077552712e-06
1.759517	1.334915	1.59499052606	1.676426	1.65578	1.410165	1.339208	0.00105045089454	0.0114224478433	2.53077552712e-06
1.762013	1.335687	1.655396	1.67694	1.656732	1.410169	1.340456	0.00105045089454	0.0114224478433	2.53077552712e-06
1.759197	1.335759	1.58604	1.676412	1.655676	1.411765	1.338954	0.00105045089454	0.0114224478433	2.53077552712e-06
1.760461	1.334423	1.58494	1.676182	1.655708	1.411717	1.33892	0.00105045089454	0.0114224478433	2.53077552712e-06
1.760477	1.335687	1.56322693236	1.67695	1.655708	1.411765	1.33888	0.00105045089454	0.0114224478433	2.53077552712e-06
1.759517	1.334915	1.6013976369	1.676426	1.65578	1.410165	1.339208	0.00105045089454	0.0114224478433	2.53077552712e-06
1.760477	1.335687	1.586092	1.67082831733	1.655708	1.411765	1.33888	0.00105045089454	0.0114224478433	2.53077552712e-06
1.761501	1.335687	1.61946694972	1.676438	1.655708	1.410169	1.340232	0.00105045089454	0.0114224478433	2.53077552712e-06
1.760477	1.33980462229	1.58901036985	1.67695	1.655708	1.411765	1.33888	0.00105045089454	0.0114224478433	2.53077552712e-06
1.761501	1.335687	1.586604	1.676438	1.655708	1.410169	1.340232	0.00105045089454	0.0114224478433	2.53077552712e-06
1.760477	1.335687	1.586092	1.67695	1.655708	1.411765	1.33888	0.00105045089454	0.0114224478433	2.53077552712e-06
1.760477	1.335687	1.586092	1.67695	1.655708	1.41000949641	1.33888	0.00105045089454	0.0114224478433	2.53077552712e-06
1.760477	1.335687	1.58901036985	1.67695	1.655708	1.411765	1.33888	0.00105045089454	0.0114224478433	2.53077552712e-06
1.759517	1.334915	1.592748	1.676426	1.65578	1.410165	1.339208	0.00105045089454	0.0114224478433	2.53077552712e-06
1.759517	1.334915	1.59870285649	1.676426	1.65578	1.410165	1.339208	0.00105045089454	0.0114224478433	2.53077552712e-06
1.760477	1.335687	1.586092	1.67695	1.655708	1.411765	1.33390746234	0.00105045089454	0.0114224478433	2.53077552712e-06
1.761597	1.334855	1.585976	1.67691	1.655692	1.409897	1.338944	0.00105045089454	0.0114224478433	2.53077552712e-06
1.761501	1.335687	1.59558412355	1.676438	1.655708	1.410169	1.340232	0.00105045089454	0.0114224478433	2.53077552712e-06
1.761501	1.335687	1.57279529837	1.676438	1.655708	1.410169	1.340232	0.00105045089454	0.0114224478433	2.53077552712e-06
1.760477	1.335687	1.57997735087	1.67695	1.655708	1.41000949641	1.33888	0.00105045089454	0.0114224478433	2.53077552712e-06
1.760477	1.335687	1.586092	1.67138832365	1.655708	1.411765	1.33390746234	0.00105045089454	0.0114224478433	2.53077552712e-06
1.759517	1.334915	1.592748	1.67135833615	1.65578	1.410165	1.339208	0.00105045089454	0.0114224478433	2.53077552712e-06
1.761501	1.335687	1.59558412355	1.676438	1.65653209835	1.410169	1.340232	0.00105045089454	0.0114224478433	2.53077552712e-06
1.759197	1.335759	1.58604	1.676412	1.65817560041	1.411765	1.338954	0.00105045089454	0.0114224478433	2.53077552712e-06
1.759517	1.33597711645	1.592748	1.67135833615	1.65578	1.410165	1.339208	0.00105045089454	0.0114224478433	2.53077552712e-06
1.761501	1.337287	1.595072	1.676566	1.656532	1.410169	1.340472	0.00105045089454	0.0114224478433	2.53077552712e-06
1.760477	1.33917664934	1.586092	1.67695	1.655708	1.41000949641	1.33888	0.00105045089454	0.0114224478433	2.53077552712e-06
1.760477	1.334919	1.559145	1.671196	1.655724	1.412533	1.333907	0.00105045089454	0.0114224478433	2.53077552712e-06
1.759517	1.334915	1.592748	1.676426	1.65578	1.40919641746	1.339208	0.00105045089454	0.0114224478433	2.53077552712e-06
1.759005	1.333891	1.594987	1.677514	1.660644	1.410237	1.339212	0.00105045089454	0.0114224478433	2.53077552712e-06
1.661736	1.607032	1.49159	1.672037	1.722548	1.411324	1.446425	0.00108356045345	0.000322752934897	0.0150922955611
1.661728	1.607032	1.48647	1.672001	1.7225	1.407484	1.447449	0.00108356045345	0.000322752934897	0.0150922955611
1.661305	1.369442	1.357036	1.666261	1.721829	1.422323	1.422477	0.00108509909549	0.000514832067505	0.0122876108749
1.735358	1.358069	1.417295	1.752279	1.430596	1.434855	1.436055	0.00109003904973	0.000420833641859	0.0137620443186
1.6673770224	1.62183971816	1.611693	1.73577409697	1.459932	1.431954	1.489577	0.00111821156978	0.000144581946811	0.0195208508149
1.734898	1.340917	1.3641952545	1.752261	1.41844467288	1.43736115962	1.433325	0.00112576075701	0.000420833641859	0.0134828135727
1.633079	1.517914	1.363735	1.672266	1.623125	1.416208	1.447853	0.00112811121372	0.00263904575057	0.00847994737096
1.691694	1.609519	1.624767	1.78927185513	1.464954	1.407837	1.441065	0.00113880531879	0.000420833641859	0.0124733814899
1.691694	1.609519	1.624767	1.795688	1.464954	1.407837	1.441065	0.00113880531879	0.000420833641859	0.0124733814899
1.653324	1.613615	1.636653	1.699515	1.401764	1.431722	1.484529	0.00118047292403	5.43489447662e-06	0.0216059223462
1.61455467432	1.370144	1.360998	1.650387	1.685494	1.41966764558	1.419837	0.00119012846505	0.0028306390877	0.00823906782024
1.783773	1.341911	1.66222	1.670296	1.623376	1.422557	1.327623	0.00120800731528	0.00900533747288	1.04364486489e-05
1.79034679174	1.340823	1.658892	1.670288	1.62422	1.422517	1.327751	0.00120800731528	0.00900533747288	1.04364486489e-05
1.79034679174	1.340823	1.658892	1.670288	1.62422	1.422517	1.32788925672	0.00120800731528	0.00900533747288	1.04364486489e-05
1.78598359953	1.340823	1.658892	1.670288	1.62422	1.422517	1.327751	0.00120800731528	0.00900533747288	1.04364486489e-05
1.783773	1.341879	1.593548	1.670408	1.623376	1.422541	1.328391	0.00120800731528	0.00900533747288	1.04364486489e-05
1.6673770224	1.614943	1.63645972995	1.75232424786	1.4370882409	1.431954	1.489577	0.00121157739533	0.000219440430579	0.0194726185868
1.6673770224	1.614943	1.611693	1.73577409697	1.44177116521	1.431954	1.489577	0.00123076207455	0.000187515871164	0.0194846782318
1.783725	1.340823	1.658892	1.670288	1.62422	1.422517	1.327751	0.00124885099156	0.00900347225816	1.2515551757e-05
1.6673770224	1.614943	1.611693	1.75232424786	1.45694807463	1.431954	1.489577	0.0012517315649	0.000186474309673	0.0194654920481
1.6673770224	1.614943	1.611693	1.75232424786	1.459932	1.431954	1.489577	0.00127416187758	0.000185538703573	0.0194653840702
1.6673770224	1.614943	1.611693	1.73577409697	1.459932	1.431954	1.489577	0.00127416187758	0.000185538703573	0.0194653840702
1.6673770224	1.614943	1.611693	1.73612003273	1.459932	1.431954	1.489577	0.00127416187758	0.000185538703573	0.0194653840702
1.636076	1.326794	1.51665	1.671368	1.423791	1.422204	1.304556	0.00129453758072	0.00316962237207	0.00727222347581
1.782497	1.310862	1.595524	1.69293	1.668508	1.415669	1.349128	0.00130768644232	0.00861345445987	3.99447475684e-06
1.65657634951	1.615839	1.614253	1.748241	1.459932	1.431698	1.489561	0.00131341328096	5.32294160996e-06	0.0205534875514
1.658636	1.615839	1.614253	1.748241	1.459932	1.431698	1.489561	0.00131341328096	2.75292272717e-05	0.0202733485211
1.631724	1.362184	1.512686	1.670416	1.68190320278	1.422436	1.420888	0.00131412364878	0.000601901410369	0.00992560365641
1.631724	1.362184	1.512686	1.670416	1.681903	1.422436	1.420888	0.00131412364878	0.000601901410369	0.00992560365641
1.625675	1.51514	1.312396	1.666323	1.720941	1.419748	1.440264	0.00133161533947	0.00305328934953	0.00545344651934
1.63352039331	1.516506	1.37281834745	1.639626	1.721485	1.417244	1.447849	0.00133900917412	0.00261265286226	0.0085124127142
1.63352039331	1.516506	1.373847	1.639626	1.721485	1.417244	1.447849	0.00133900917412	0.00261265286226	0.0085124127142
1.625377	1.345594	1.35859	1.652837	1.42666	1.420152	1.417824	0.00134596676997	0.00295258574684	0.00792231794377
1.65259160624	1.35083948059	1.331252	1.692931	1.724589	1.419966	1.414665	0.001349155561	0.000568463488096	0.0104976872964
1.789197	1.471992	1.57129394769	1.67971977364	1.65602	1.422536	1.39403590696	0.00135490489265	0.00872171887938	1.41500430742e-06
1.789197	1.471992	1.587038	1.67971977364	1.65602	1.422536	1.39403590696	0.00135490489265	0.00872171887938	1.41500430742e-06
1.789197	1.471992	1.587038	1.676738	1.65602	1.422536	1.39403590696	0.00135490489265	0.00872171887938	1.41500430742e-06
1.651367	1.381399	1.330955	1.664392	1.639676	1.42259873725	1.334667	0.00137815318941	0.000656692342794	0.00962606672116
1.799918	1.42427	1.647738	1.671364	1.627788	1.422204	1.435793	0.0013890300766	0.0086025330579	4.83077386851e-06
1.67055	1.330586	1.344316	1.760259	1.420415	1.433341	1.433909	0.0013913543875	0.000178727571133	0.0195011395624
1.65650904281	1.344745	1.356249	1.664259	1.724301	1.419998	1.414693	0.00139969787395	0.000581629944876	0.0101107369904
1.65650904281	1.344745	1.356249	1.66106517211	1.724301	1.419998	1.414693	0.00139969787395	0.000581629944876	0.0101107369904
1.6522975985	1.30335039867	1.36272783501	1.692979	1.730701	1.421164	1.414665	0.00140181499275	0.000607447075584	0.00967952423071
1.6673770224	1.60970544903	1.63645972995	1.75232424786	1.459932	1.431954	1.489577	0.00141574800012	0.000218782707488	0.0194532820811
1.626312	1.60311352678	1.50585	1.639555	1.725829	1.410876	1.447317	0.00141895929731	0.000420833641859	0.00789359583301
1.659622	1.641405	1.614553	1.795267	1.49987253755	1.432284	1.496905	0.00142455412706	1.64002779314e-05	0.0198847531407
1.659622	1.641405	1.614553	1.795267	1.494922	1.432284	1.496905	0.00142455412706	1.64002779314e-05	0.0198847531407
1.625248	1.35474336783	1.31954988084	1.688958	1.742489	1.419943	1.421115	0.00144091038495	0.00067374716253	0.0074360724681
1.627512	1.354839	1.319546	1.691006	1.742073	1.419933	1.421075	0.00144091038495	0.00067374716253	0.0074360724681
1.625248	1.354751	1.320446	1.689622	1.742489	1.419879	1.420603	0.00144091038495	0.00067374716253	0.0074360724681
1.626852	1.34993479172	1.356249	1.664259	1.724301	1.419998	1.414693	0.00144091038495	0.000673749161689	0.00743605976482
1.67195	1.324698	1.343963	1.768643	1.453439	1.433741	1.432293	0.00144120378168	0.000152626559941	0.019457129057
1.622254	1.32709	1.361248	1.663539	1.77031620888	1.41118	1.406745	0.00145131252688	0.00641578570219	0.000212111567344
1.622254	1.32709	1.361248	1.663539	1.75892373752	1.41118	1.406745	0.00145131252688	0.00641578570219	0.000212111567344
1.622254	1.32709	1.361248	1.663539	1.728397	1.41118	1.406745	0.00145131252688	0.00641578570219	0.000212111567344
1.651663	1.38379787775	1.38647414229	1.665566	1.63946	1.438839	1.341371	0.00146153320989	0.000320859731956	0.0182031017148
1.651663	1.382295	1.38647414229	1.665566	1.63946	1.438839	1.341371	0.00146153320989	0.000320859731956	0.0182031017148
1.651663	1.382295	1.38647414229	1.702004766	1.63946	1.438839	1.341371	0.00146153320989	0.000320859731956	0.0182031017148
1.670534	1.334682	1.355979	1.776091	1.454283	1.433869	1.432357	0.00148257735873	0.000303904870136	0.0193759762849
1.67053418941	1.33058574241	1.34356373414	1.76192327036	1.45318267049	1.433741	1.432293	0.00148678708219	0.000305962004061	0.0192942815064
1.67053418941	1.33058574241	1.34356373414	1.765595	1.45318267049	1.433741	1.432293	0.00148678708219	0.000305962004061	0.0192942815064
1.67053418941	1.33058574241	1.3436432135	1.765595	1.45318267049	1.433741	1.432293	0.00148678708219	0.000305962004061	0.0192942815064
1.65328913218	1.384343	1.388367	1.664222	1.63413510548	1.438909	1.353467	0.00150633914263	0.000318076903557	0.0181098617741
1.65328913218	1.384343	1.388367	1.664222	1.639308	1.438909	1.353467	0.00150633914263	0.000318076903557	0.0181098617741
1.65328913218	1.384343	1.38905538235	1.664222	1.639308	1.438909	1.353467	0.00150633914263	0.000318076903557	0.0181098617741
1.65328913218	1.384343	1.388367	1.68030431789	1.639308	1.438909	1.353467	0.00150633914263	0.000318076903557	0.0181098617741
1.65328913218	1.36860026399	1.388367	1.664222	1.639308	1.438909	1.353467	0.00151933713119	0.000317017349641	0.018101428915
1.652535	1.329895	1.43068731724	1.664256	1.643262	1.434493	1.35246341437	0.001523214052	0.000317287236016	0.0180808898322
1.652535	1.31240060932	1.408795	1.664256	1.643262	1.434493	1.35901108852	0.00154718715597	0.000316577534808	0.0181644159999
1.617847	1.3342	1.352824	1.639235	1.707653	1.420604	1.315857	0.00155204999727	0.00524667990838	0.0034429305245
1.654071	1.384823	1.371983	1.66944	1.64052	1.438861	1.36231460193	0.00155285665894	0.000315867833599	0.0182011390584
1.651663	1.376886	1.38537	1.664282	1.639254	1.438845	1.364613	0.00155476730271	0.000315214108825	0.0181992526217
1.6619301203	1.377991	1.585582	1.66281198018	1.643224	1.432701	1.36781677101	0.00155973535072	0.000310544074959	0.0183293807635
1.68162513693	1.58871065587	1.611693	1.74901235154	1.459932	1.431954	1.489577	0.00156067729773	0.000237984623273	0.018339517979
1.682905	1.589047	1.611693	1.735237	1.459788	1.431954	1.489601	0.00156067729773	0.000237984623273	0.018339517979
1.68162513693	1.58871065587	1.634027283	1.73776541781	1.459932	1.431954	1.489577	0.00156067729773	0.000237984623273	0.018339517979
1.68162513693	1.58871065587	1.611693	1.73776541781	1.459932	1.431954	1.489577	0.00156067729773	0.000237984623273	0.018339517979
1.68162513693	1.58871065587	1.611693	1.73536504872	1.459932	1.431954	1.489577	0.00156067729773	0.000237984623273	0.018339517979
1.68162513693	1.58608324795	1.634027283	1.73776541781	1.459932	1.431954	1.489577	0.00156067729773	0.000237984623273	0.018339517979
1.652535	1.329895	1.4408340768	1.664256	1.643262	1.434493	1.35901108852	0.00157157407322	0.000315042181208	0.0181835429017
1.63073569189	1.372906	1.375519	1.643395	1.607437	1.410236	1.354005	0.0015796531656	0.00683697037889	0.000112111365714
1.628361	1.372906	1.375519	1.643395	1.607437	1.410236	1.354005	0.0015796531656	0.00683697037889	0.000112111365714
1.628361	1.372906	1.375519	1.65153558325	1.607437	1.410236	1.354005	0.0015796531656	0.00683697037889	0.000112111365714
1.6673770224	1.614943	1.63645972995	1.75232424786	1.4370882409	1.431954	1.49218769517	0.00158109833375	0.000223230834778	0.0189835783901
1.628873	1.33516161555	1.331639	1.63873894719	1.721165	1.410144	1.32692420115	0.00158151172041	0.00729611707316	8.63597047132e-05
1.628117	1.338202	1.342429	1.622091	1.689458	1.41018	1.325161	0.00158151172041	0.00729611907232	8.63533530741e-05
1.630409	1.381098	1.375259	1.643395	1.607437	1.408188	1.352469	0.00158277088514	0.00684616650722	9.94165569204e-05
1.617111	1.356016	1.327276	1.64300319181	1.683123	1.420388	1.310481	0.00158720566915	0.00524511856572	0.00354975238622
1.617111	1.35352	1.326952	1.634851	1.721381	1.42028	1.309721	0.00158720566915	0.00524511856572	0.00354975238622
1.617111	1.356016	1.327276	1.634691	1.683123	1.420388	1.310481	0.00158720566915	0.00524511856572	0.00354975238622
1.616983	1.354096	1.337704	1.634531	1.721573	1.421176	1.309209	0.00158720566915	0.00524512056488	0.00354975026901
1.617111	1.356272	1.334408	1.633315	1.705509	1.42028	1.309721	0.00158720566915	0.00524512056488	0.00354975026901
1.617095	1.353674	1.521067	1.706257	1.719937	1.420988	1.312721	0.00158720566915	0.00524512256404	0.00354974603458
1.652535	1.333159	1.44318833484	1.664256	1.643262	1.434109	1.359011	0.00158924165987	0.000314592370583	0.0181874766833
1.616987	1.33477	1.364463	1.664129	1.721485	1.420476	1.318977	0.0015947712541	0.00521136077811	0.00339566162838
1.616987	1.33477	1.364463	1.66945427813	1.721485	1.420476	1.318977	0.0015947712541	0.00521136077811	0.00339566162838
1.628361	1.344346	1.346333	1.622091	1.70712215972	1.410148	1.325337	0.00159965649447	0.00729725259509	7.26422820685e-05
1.628361	1.344346	1.346333	1.622091	1.721165	1.410148	1.325337	0.00159965649447	0.00729725259509	7.26422820685e-05
1.628361	1.344346	1.346333	1.622091	1.69423534403	1.410148	1.325337	0.00159965649447	0.00729725259509	7.26422820685e-05
1.617755	1.34489	1.337822	1.656003	1.736495	1.42098	1.322769	0.00161229903926	0.00520921768038	0.00345390615638
1.652535	1.329895	1.408795	1.664256	1.643262	1.434493	1.366148	0.00162272547476	0.000313292917667	0.0180765347252
1.608183	1.300701	1.503354	1.652123	1.667551	1.424828	1.427341	0.00163678135031	0.00261400029497	0.00586678576738
1.652535	1.3366362068	1.408795	1.664256	1.643262	1.434493	1.366148	0.00164000137087	0.000312825114617	0.0180496736446
1.632935	1.377976	1.343506	1.624579	1.721173	1.410556	1.316505	0.00164214596446	0.00720170482174	3.40158491728e-05
1.675349	1.31587811139	1.38225970749	1.666968	1.42092524885	1.433214	1.443577	0.00164404832166	0.000216113831114	0.0184239651344
1.633073	1.363128	1.34341	1.624579	1.721685	1.410868	1.320601	0.00164434877129	0.00725632182739	7.42365463389e-06
1.662138	1.375971	1.38251	1.781008	1.430751	1.438389	1.38010776572	0.00164932163631	0.000191048383938	0.018415519572
1.675349	1.31587811139	1.38225970749	1.69442800938	1.405866	1.433214	1.443577	0.00165615361015	4.72282901181e-06	0.0185806748846
1.624525	1.42235985132	1.482942	1.652915	1.77428499281	1.421448	1.423241	0.00166058446304	0.000702161199914	0.007150009476
1.624525	1.42235985132	1.482942	1.63734128549	1.77428499281	1.421448	1.423241	0.00166058446304	0.000702161199914	0.007150009476
1.629404	1.349538	1.30014610461	1.676969	1.721245	1.411252	1.338905	0.00166344646734	0.00662964166652	8.60167162166e-05
1.628873	1.3538868294	1.331639	1.63873894719	1.721165	1.410144	1.33870387249	0.00166344646734	0.00662964366568	8.60082473647e-05
1.628873	1.3538868294	1.331639	1.63873894719	1.721165	1.41052225308	1.33870387249	0.00166344646734	0.00662964366568	8.60082473647e-05
1.614887	1.332209	1.360311	1.671047	1.721317	1.420928	1.332713	0.0016692020851	0.00461833444861	0.0032039861064
1.616551	1.331705	1.360311	1.671463	1.721445	1.420896	1.334889	0.0016692020851	0.00461833444861	0.0032039861064
1.674261	1.347324	1.399434	1.669016	1.406058	1.433214	1.44311700088	0.00167120537653	0.000209688536232	0.0183652336474
1.674261	1.347324	1.399434	1.669016	1.406058	1.433214	1.443337	0.00167120537653	0.000209688536232	0.0183652336474
1.675349	1.347324	1.39758516176	1.666968	1.405866	1.433214	1.443577	0.00167120537653	0.000209688536232	0.0183652336474
1.675357	1.347324	1.40245348661	1.665432	1.41201	1.432068	1.444089	0.00167120537653	0.000209688536232	0.0183652336474
1.675349	1.35162112165	1.387018	1.66299383738	1.405866	1.433214	1.443577	0.00167252468178	0.000208746932657	0.0183590916127
1.674197	1.359612	1.399432	1.669666	1.402474	1.433086	1.440265	0.00167305752966	0.0002067777617	0.0183696649741
1.646734	1.621301	1.624379	1.794389	1.722011	1.42172	1.452175	0.0016758648095	0.000158556063556	0.0166933256354
1.62925764777	1.510466	1.330697	1.631605	1.721381	1.40768	1.448073	0.00167978873572	0.00655314187376	2.04953273316e-05
1.607882	1.345432	1.310458	1.615447	1.719836	1.424179	1.425897	0.00168245094887	0.000661028517218	0.00724060078332
1.608408	1.33405632965	1.39145455403	1.615517	1.71482580492	1.42496524792	1.425997	0.00170043213048	0.00249215759207	0.00685929284986
1.608408	1.33405632965	1.39145455403	1.615517	1.725777	1.42496524792	1.425997	0.00170043213048	0.00249215759207	0.00685929284986
1.608408	1.33405632965	1.39145455403	1.615517	1.73364969611	1.42496524792	1.425997	0.00170043213048	0.00249215759207	0.00685929284986
1.608388	1.33444	1.388335	1.640093	1.714506	1.425213	1.425901	0.00170043213048	0.00249215959123	0.00685928861544
1.607946	1.334712	1.310742	1.615511	1.712977	1.424963	1.425993	0.00170043213048	0.00249216358954	0.00685928438101
1.608408	1.329592	1.400051	1.615517	1.725777	1.427229	1.425997	0.00170381217836	0.00248397703617	0.00676182906934
1.60844	1.327928	1.397747	1.615493	1.726759	1.427189	1.426141	0.00170381217836	0.00248397703617	0.00676182906934
1.608408	1.329592	1.400051	1.61049865704	1.725777	1.427229	1.425997	0.00170381217836	0.00248397703617	0.00676182906934
1.60844	1.327928	1.397747	1.615493	1.72041584257	1.427189	1.426141	0.00170381217836	0.00248397703617	0.00676182906934
1.60804	1.328568	1.331443	1.615511	1.7435060265	1.424157	1.425997	0.00170381217836	0.00248398103449	0.0067618227177
1.60817254876	1.328568	1.331443	1.615511	1.734524167	1.424157	1.425997	0.00170381217836	0.00248398103449	0.0067618227177
1.608008	1.328568	1.331499	1.614999	1.70231863539	1.424541	1.425999	0.00170381217836	0.00248398103449	0.0067618227177
1.60804	1.328568	1.331443	1.615511	1.714001	1.424157	1.425997	0.00170381217836	0.00248398103449	0.0067618227177
1.608008	1.328568	1.331499	1.614999	1.722065	1.424541	1.425999	0.00170381217836	0.00248398103449	0.0067618227177
1.60817254876	1.328568	1.331443	1.615511	1.714001	1.424157	1.425997	0.00170381217836	0.00248398103449	0.0067618227177
1.60804	1.328568	1.331443	1.615511	1.70483372535	1.424157	1.425997	0.00170381217836	0.00248398103449	0.0067618227177
1.59509	1.327922	1.332215	1.631367	1.721381	1.423088	1.428885	0.00173728522977	0.00414517765274	0.00503535624545
1.598894	1.329626	1.322676	1.637119	1.725697	1.42502	1.425914	0.00173728522977	0.0041452036418	0.00503535412824
1.598894	1.329626	1.322676	1.62036941158	1.725697	1.42502	1.425914	0.00173728522977	0.0041452036418	0.00503535412824
1.62202724447	1.406509	1.482942	1.652915	1.78331428521	1.421448	1.423241	0.00177084407168	0.000710889525194	0.00634491596585
1.624525	1.406509	1.482942	1.652915	1.79606817706	1.421448	1.423241	0.00177084407168	0.000710889525194	0.00634491596585
1.62636558001	1.406509	1.482942	1.652915	1.771928	1.421448	1.423241	0.00177084407168	0.000710889525194	0.00634491596585
1.624525	1.406509	1.482942	1.652915	1.771928	1.421448	1.423241	0.00177084407168	0.000710889525194	0.00634491596585
1.62202724447	1.406509	1.482942	1.652915	1.771928	1.421448	1.423241	0.00177084407168	0.000710889525194	0.00634491596585
1.624525	1.406509	1.482942	1.652915	1.77428499281	1.421448	1.423241	0.00177084407168	0.000710889525194	0.00634491596585
1.62202724447	1.406509	1.482942	1.6562413795	1.771928	1.421448	1.423241	0.00177084407168	0.000710889525194	0.00634491596585
1.62636558001	1.406509	1.482942	1.652915	1.78839882342	1.421448	1.423241	0.00177084407168	0.000710889525194	0.00634491596585
1.624525	1.406509	1.482942	1.652915	1.73628801555	1.421448	1.423241	0.00177084407168	0.000710889525194	0.00634491596585
1.615703	1.334768	1.36446	1.676435	1.731709	1.422524	1.351425	0.00178575956031	0.00501209267214	0.00316956657562
1.617111	1.334768	1.36446	1.666195	1.721485	1.420476	1.351681	0.00178575956031	0.00501209267214	0.00316956657562
1.615703	1.334768	1.34581385201	1.676435	1.731709	1.422524	1.351425	0.00178575956031	0.00501209267214	0.00316956657562
1.615703	1.334768	1.34581385201	1.676435	1.75324209172	1.422524	1.351425	0.00178575956031	0.00501209267214	0.00316956657562
1.615703	1.334768	1.34581385201	1.70009927715	1.731709	1.422524	1.351425	0.00178575956031	0.00501209267214	0.00316956657562
1.623352	1.424409	1.50474	1.750242	1.428877	1.419413	1.435445	0.00178673287788	0.00438146417356	0.00382464072842
1.61671	1.329606	1.327786	1.677575	1.739221	1.421948	1.357327	0.00182494875442	0.0050269584135	0.00306012360428
1.616727	1.335288	1.3637456131	1.623699	1.71095259229	1.422268	1.363713	0.0018401391933	0.00502154469274	0.00312331817614
1.616727	1.335288	1.364484	1.623699	1.71095259229	1.422268	1.363713	0.0018401391933	0.00502154469274	0.00312331817614
1.616727	1.335288	1.364484	1.623699	1.721263	1.422268	1.363713	0.0018401391933	0.00502154469274	0.00312331817614
1.616727	1.33529	1.36458	1.623635	1.721263	1.422264	1.363713	0.0018401391933	0.00502154469274	0.00312331817614
1.615423	1.337206	1.356786	1.699991	1.696042	1.422504	1.35662	0.0018401391933	0.00502154469274	0.00312331817614
1.624814	1.30335039867	1.355924	1.692979	1.730701	1.421164	1.42515108813	0.00184646276489	0.00369297603452	0.0053963092937
1.62806546486	1.33477	1.361256	1.696307	1.725325	1.410156	1.415449	0.00185374797761	0.00653384000005	0.000204870699086
1.630446	1.33477	1.361256	1.696307	1.725325	1.410156	1.415449	0.00185374797761	0.00653384000005	0.000204870699086
1.630446	1.33878446326	1.361332	1.696307	1.721229	1.410156	1.415449	0.00185374797761	0.00653384000005	0.000204870699086
1.630446	1.33573	1.361332	1.696307	1.721229	1.410156	1.415449	0.00185374797761	0.00653384000005	0.000204870699086
1.630446	1.33878446326	1.361332	1.696307	1.70770236536	1.410156	1.415449	0.00185374797761	0.00653384000005	0.000204870699086
1.62806546486	1.33477	1.361256	1.70534579814	1.725325	1.410156	1.415449	0.00185374797761	0.00653384000005	0.000204870699086
1.630446	1.34777365997	1.361332	1.696307	1.721229	1.410156	1.415449	0.00186471902466	0.00652423404427	0.000202956738587
1.630432	1.347774	1.4138	1.690803	1.723117	1.410156	1.415449	0.00186471902466	0.00652425003753	0.000202624336155
1.624288	1.395488	1.586025	1.677566	1.734441	1.422503	1.423511	0.00189921331241	0.00342800159162	0.00528026061798
1.630424	1.44327	1.328284	1.665091	1.721165	1.410044	1.339677	0.00190639145523	0.00671519164905	1.27703223976e-05
1.625253	1.32768926287	1.389682	1.68723839256	1.721821	1.422525	1.423818	0.00191548772785	0.0038471431285	0.00520864377303
1.625253	1.32768926287	1.389682	1.688643	1.721821	1.422525	1.423818	0.00191548772785	0.0038471431285	0.00520864377303
1.625253	1.32768926287	1.389682	1.688643	1.71980578229	1.422525	1.423818	0.00191548772785	0.0038471431285	0.00520864377303
1.625253	1.32768926287	1.389682	1.688643	1.73213173345	1.422525	1.423818	0.00191548772785	0.0038471431285	0.00520864377303
1.624234	1.326906	1.572398	1.668865	1.744261	1.421968	1.426013	0.00191548772785	0.0038471671184	0.00520863530418
1.630413	1.450554	1.528247	1.676803	1.721165	1.410976	1.340359	0.00193125153483	0.00672517744492	1.04879668469e-05
1.624601	1.34019	1.323677	1.660933	1.746704	1.419964	1.427174	0.00193362277692	0.00385637324252	0.00519290652924
1.625371	1.340206	1.32166	1.710084	1.713937	1.4215	1.428864	0.00193362277692	0.00385637324252	0.00519290652924
1.624013	1.336059	1.45461	1.625367	1.655725	1.4221	1.430551	0.00193362277692	0.00385637724084	0.00519290229482
1.623467	1.336795	1.492615	1.6238	1.725869	1.421902	1.430007	0.00193362277692	0.00385639323411	0.0051929001776
1.625253	1.337627	1.389682	1.688643	1.721821	1.422525	1.423818	0.00193362277692	0.00385644121391	0.00519289806039
1.626821	1.479443	1.489152	1.645723	1.625524	1.421847	1.441025	0.00193778769534	0.00377527138728	0.00348423734898
1.626821	1.479443	1.489152	1.645723	1.63138167748	1.421847	1.441025	0.00193778769534	0.00377527138728	0.00348423734898
1.625917	1.47903	1.330887	1.668611	1.738797	1.419936	1.447589	0.00193778769534	0.00377528538139	0.00348325284496
1.607895	1.311896	1.43869705773	1.627231	1.685641	1.427356	1.431218	0.00203814480854	0.00371544657417	0.00499931069513
1.607895	1.30936625408	1.501946	1.65558216878	1.66207	1.42726	1.43222798621	0.00203814480854	0.00371545457081	0.00499930222628
1.607999	1.312676	1.502754	1.62501041179	1.678406	1.42742	1.438189	0.00203814480854	0.00371545457081	0.00499930222628
1.608151	1.315224	1.50297	1.670023	1.676438	1.427276	1.434093	0.00203814480854	0.00371545457081	0.00499930222628
1.608151	1.315224	1.50297	1.670023	1.68063771356	1.427276	1.434093	0.00203814480854	0.00371545457081	0.00499930222628
1.607999	1.312676	1.502754	1.634439	1.678406	1.42742	1.438189	0.00203814480854	0.00371545457081	0.00499930222628
1.607999	1.312164	1.503234	1.616818	1.65383	1.424348	1.438189	0.00203814480854	0.00371545457081	0.00499930222628
1.607895	1.310616	1.501946	1.65558216878	1.66207	1.42726	1.43222798621	0.00203814480854	0.00371545457081	0.00499930222628
1.62512	1.347424	1.317542	1.685526	1.61450523359	1.419939	1.445435	0.00207325459333	0.00376752464874	0.00486164315807
1.606871	1.300653	1.478394	1.652503	1.664479	1.42726	1.446461	0.00213969950022	0.00370960903184	0.00458337362681
1.624551	1.334618	1.358248	1.726895	1.673181	1.421871	1.446017	0.00216873393028	0.00340532713781	0.00503318610219
1.624535	1.33605	1.360808	1.72382274033	1.673373	1.421999	1.446021	0.00216873393028	0.00340532713781	0.00503318610219
1.624535	1.33605	1.360808	1.674017	1.673373	1.421999	1.446021	0.00216873393028	0.00340532713781	0.00503318610219
1.624535	1.33605	1.360808	1.71816577038	1.673373	1.421999	1.446021	0.00216873393028	0.00340532713781	0.00503318610219
1.626341	1.334775	1.502746	1.639683	1.701157	1.422109	1.44547	0.00216873393028	0.00340534513024	0.00503318398497
1.626313	1.335671	1.504794	1.639683	1.721485	1.4222995993	1.447317	0.00216873393028	0.00340534513024	0.00503318398497
1.626313	1.335671	1.50582893917	1.639683	1.7132923344	1.41724718594	1.447317	0.00216873393028	0.00340534513024	0.00503318398497
1.625101	1.334647	1.505198	1.735811	1.721501	1.422228	1.441173	0.00216873393028	0.00340534513024	0.00503318398497
1.624601	1.34019	1.32513428816	1.660933	1.746704	1.419964	1.43987237782	0.00216873393028	0.00340537911593	0.00503317975055
1.625663	1.333234	1.329854	1.66052	1.682545	1.420364	1.440781	0.00216873393028	0.00340537911593	0.00503317975055
1.625943	1.339208	1.373096	1.688307	1.655965	1.421743	1.447845	0.00216873393028	0.00340541510078	0.00503317763333
1.625943	1.339208	1.373096	1.688307	1.64150300669	1.421743	1.447845	0.00216873393028	0.00340541510078	0.00503317763333
1.608104	1.327544	1.310824	1.720343	1.714257	1.424301	1.393229	0.00217079943508	0.00335098001854	0.00533612328142
1.626829	1.356513	1.624033	1.653955	1.618287	1.422024	1.451149	0.00217141901557	0.00340945739893	0.00481634115277
1.626199	1.342705	1.33747566871	1.680131	1.721165	1.41022	1.448219	0.00217778543447	0.00700502162749	4.13844523689e-06
1.625387	1.314702	1.362247	1.664257	1.688765	1.415788	1.449225	0.00218646340386	0.00348614311341	0.00454049371311
1.625294	1.347952	1.383217	1.688963	1.721477	1.419964	1.445668	0.00218764812023	0.00344885481219	0.00480755260185
1.624234	1.347386	1.38251	1.668609	1.744005	1.421968	1.440745	0.00218764812023	0.00344885481219	0.00480755260185
1.624234	1.347386	1.38251	1.668609	1.75200127195	1.421968	1.440745	0.00218764812023	0.00344885481219	0.00480755260185
1.624234	1.347386	1.38251	1.668609	1.744005	1.421968	1.44098879339	0.00218764812023	0.00344885481219	0.00480755260185
1.624234	1.347386	1.38251	1.68881212498	1.744005	1.421968	1.440745	0.00218764812023	0.00344885481219	0.00480755260185
1.625294	1.34783	1.35454390183	1.639939	1.7442525137	1.42006	1.441348	0.00218764812023	0.00344887080546	0.00480755048464
1.625294	1.34783	1.35454390183	1.639939	1.721377	1.42006	1.441348	0.00218764812023	0.00344887080546	0.00480755048464
1.625289	1.345114	1.31144171466	1.670469	1.726637	1.42174	1.448073	0.00218764812023	0.00344887880209	0.00480754836743
1.625308	1.347318	1.340772	1.640747	1.739645	1.42006	1.441268	0.00218764812023	0.00344892278357	0.00480754625021
1.613069	1.326394	1.33311203077	1.664107	1.722101	1.421436	1.452175	0.0022819021941	0.00493202038344	0.00257106858703
1.616383	1.344953	1.573018	1.615491	1.726357	1.421836	1.449359	0.00231998385325	0.0043449935281	0.00270547561617
1.630142	1.592512	1.492794	1.638569	1.726043	1.409293	1.502824	0.00233130363054	0.00647760367616	9.63748270115e-05
1.630408	1.588384	1.51939392705	1.643523	1.725781	1.410876	1.349613	0.00236138106186	0.00669376866836	1.41098131017e-05
1.630408	1.588384	1.51939392705	1.643523	1.69592502812	1.410876	1.349613	0.00236138106186	0.00669376866836	1.41098131017e-05
1.606871	1.31164	1.49109522629	1.668743	1.662672	1.42726	1.46656289692	0.00246914385659	0.00295613025456	0.00517741064773
1.606871	1.31164	1.503098	1.668743	1.662672	1.42726	1.46656289692	0.00246914385659	0.00295613225372	0.0051774064133
1.630408	1.60457599483	1.487282	1.643523	1.725781	1.410876	1.349613	0.00257843987207	0.00648124614264	2.42307960469e-05
1.617359	1.33068961335	1.462264	1.64086550863	1.627445	1.42588	1.489421	0.00260385839594	0.000630305451961	0.00786707985814
1.617359	1.33068961335	1.46223894916	1.646339	1.627445	1.42588	1.489421	0.00260385839594	0.000630305451961	0.00786707985814
1.617359	1.33068961335	1.462264	1.646339	1.627445	1.42588	1.489421	0.00260385839594	0.000630305451961	0.00786707985814
1.617359	1.33068961335	1.46223894916	1.65640875523	1.627445	1.42588	1.489421	0.00260385839594	0.000630305451961	0.00786707985814
1.617399	1.31815959187	1.461746	1.645979	1.627093	1.424832	1.492877	0.00265798890705	0.000632770414185	0.00780786776382
1.691658	1.613743	1.628871	1.67898508063	1.463134	1.409429	1.443425	0.00269263178122	0.0001234668365	0.017132312801
1.69169	1.613615	1.628871	1.79535	1.465034	1.407837	1.44660857142	0.0027015039966	0.000143642342394	0.0136031093776
1.617399	1.353307	1.461746	1.645979	1.627093	1.424832	1.492877	0.00273341516885	0.000631608903194	0.00783992448496
1.617359	1.331242	1.462047	1.648217	1.627445	1.424184	1.505193	0.00275084994583	0.000634253789668	0.00774189540858
1.629394	1.597855	1.589305	1.753238	1.415492	1.409887	1.54682617707	0.00280572144481	0.00505079037999	0.00015600754162
1.629394	1.597855	1.589305	1.753238	1.42556543032	1.409887	1.54682617707	0.00282548951271	0.00645133273651	0.000154574188459
1.617111	1.353259	1.482524	1.646359	1.62519	1.427264	1.511917	0.0028790420305	0.000635861112967	0.00754149061765
1.666798	1.642703	1.615751	1.795635	1.48665	1.432866	1.565161	0.00289072992864	8.86814815113e-05	0.0183650346294
1.652842	1.397374	1.581761	1.670402	1.418877	1.432444	1.571897	0.00290001477853	7.1448736683e-05	0.0180570775383
1.629394	1.597855	1.589305	1.753238	1.415492	1.409887	1.55923584478	0.00290185318652	0.00645642459278	0.000137149525955
1.629394	1.57472402862	1.589305	1.753238	1.415492	1.409887	1.55923584478	0.0029213545223	0.00639396288983	9.04438084763e-05
1.65361	1.38886218129	1.62163908753	1.670422	1.43950860721	1.434736	1.577785	0.00300491389689	7.79519987395e-05	0.0180106047142
1.65361	1.38886218129	1.64902693017	1.670422	1.43950860721	1.434736	1.577785	0.00300491389689	7.79519987395e-05	0.0180106047142
1.73386339755	1.61556041893	1.39632	1.65277517153	1.724261	1.41010607302	1.443897	0.0030049140587	0.000361660554369	0.011659222074
1.65361	1.39157	1.634751	1.670422	1.43600652871	1.434736	1.577785	0.00301047994654	8.03849744305e-05	0.0180047675581
1.661134	1.646639	1.584039	1.715864	1.524952	1.43237835692	1.570729	0.00302327059718	4.02258818426e-05	0.0181065716252
1.661134	1.646639	1.584039	1.715864	1.524952	1.43389	1.570729	0.00302327059718	4.02258818426e-05	0.0181065716252
1.661134	1.646639	1.583879	1.715816	1.524696	1.432378	1.570729	0.00302327059718	4.02258818426e-05	0.0181065716252
1.653674	1.394142	1.639087	1.696418	1.443605	1.434736	1.577733	0.00303397626662	8.16604374466e-05	0.0176539411394
1.71879035383	1.61556041893	1.39632	1.65277517153	1.724261	1.41010607302	1.443897	0.00314434959447	0.00031736520319	0.0116106468575
1.616779	1.337158	1.362088	1.701991	1.619613	1.419964	1.568373	0.00323369793782	0.00456359149599	0.0023841610286
1.617807	1.335102	1.359372	1.696257	1.620021	1.422506	1.570325	0.00323369793782	0.00456359149599	0.0023841610286
1.617807	1.335102	1.359372	1.696257	1.620021	1.422506	1.57010010018	0.00323369793782	0.00456359149599	0.0023841610286
1.617807	1.335102	1.34956221404	1.696257	1.620021	1.422506	1.57010010018	0.00323369793782	0.00456359349515	0.00238415891139
1.617963	1.335286	1.48584	1.627361	1.717553	1.421884	1.568317	0.00323369793782	0.00456359749346	0.00238415467696
1.637287	1.40055694133	1.381388	1.7073374411	1.721485	1.407484	1.579277	0.00323607072026	0.00625691059033	0.000137181284149
1.6307	1.352824	1.513214	1.67912	1.462627	1.41002	1.59172066073	0.00324056317375	0.00644448362006	2.20324239268e-05
1.635751	1.37801	1.381388	1.74529977395	1.70485	1.409532	1.58618833571	0.00325414190006	0.00602925643519	8.25360181415e-05
1.636043	1.378522	1.381356	1.737883	1.71321	1.409532	1.586092	0.00325414190006	0.00602925643519	8.25360181415e-05
1.635751	1.37801	1.381388	1.70783377926	1.70485	1.409532	1.58618833571	0.00325414190006	0.00602925643519	8.25360181415e-05
1.635751	1.37801	1.381388	1.733143	1.70485	1.409532	1.58618833571	0.00325414190006	0.00602925643519	8.25360181415e-05
1.616839	1.336622	1.435448	1.695127	1.619023	1.422124	1.580405	0.00330771080715	0.00466502679063	0.00234138485834
1.616839	1.336622	1.414506	1.696311	1.635407	1.42238	1.580381	0.00330771080715	0.00466502878979	0.00234138274113
1.616839	1.336622	1.41540244484	1.695127	1.619023	1.422124	1.580405	0.00330771080715	0.00466502878979	0.00234138274113
1.617111	1.36856	1.315883	1.633411	1.694133	1.421948	1.60546099832	0.00360070588904	0.00482959750458	0.000956695131648
1.617183	1.347952	1.342986	1.633177	1.709093	1.420408	1.635855	0.0036245151223	0.00477307929936	0.000816743121821
1.617119	1.36024	1.342984	1.633827	1.705509	1.42028	1.63278293308	0.00365906006513	0.00473788411691	0.00218295169675
1.616867	1.36856	1.315827	1.633523	1.694261	1.420412	1.63038179452	0.00367594563009	0.00472155499165	0.00223112676001
1.617091	1.368816	1.314347	1.633543	1.694133	1.421948	1.622728	0.00367594563009	0.00472155499165	0.00223112676001
1.617111	1.36856	1.315883	1.633411	1.694133	1.421948	1.63091974117	0.00367594563009	0.00472155499165	0.00223112676001
1.617111	1.36856	1.315883	1.633411	1.694133	1.421948	1.62627273683	0.00367594563009	0.00472155499165	0.00223112676001
1.616867	1.36856	1.315827	1.633523	1.694261	1.420412	1.626277	0.00367594563009	0.00472155499165	0.00223112676001
1.666568	1.364855	1.364978	1.709211	1.591171	1.434813	1.371617	0.00418790571182	1.03084773937e-05	0.0182871169587
1.666568	1.372254	1.374317	1.686747	1.590995	1.436057	1.370721	0.00418790571182	1.03084773937e-05	0.0182871169587
1.646088	1.37212790814	1.35186101385	1.700059	1.591139	1.434057	1.371873	0.0063085148261	0.00010362319089	0.0176480425841
1.617608	1.61545	1.492458	1.67120979838	1.693403	1.408444	1.446541	0.00915925291482	0.000388063438469	0.0104826847255
1.617608	1.61545	1.492458	1.659995	1.693403	1.408444	1.446541	0.00915925291482	0.000388063438469	0.0104826847255
1.617608	1.61545	1.492458	1.659995	1.66515465052	1.408444	1.446541	0.00915925291482	0.000388063438469	0.0104826847255