2.083074	1.871109	1.686493	1.938634	1.730483	1.863254	1.749606	4.037549	4.370368	0.000715614744819	0.000962406938588	0.000149752754001
2.083312	1.734101	1.215907	1.855809	1.743833	1.715002	2.01321	4.162386	0.837211	0.00142076944293	0.000321444232045	0.000346563380053
2.083378	1.717705	1.610621	1.857308	1.763283	1.856721	1.963638	3.33557580059	4.623442	0.000688955279606	0.000252926416199	0.000463527350203
2.083378	1.717705	1.610621	1.857308	1.763283	1.856721	1.963638	3.440989	4.623442	0.000681102012597	0.000250473294984	0.000466226153977
2.083468	1.70713057363	1.148644	1.857291	1.821139	1.726184	1.98555130751	2.926646	0.683857	0.00146715428619	1.57886214191e-05	0.000479808827213
2.083468	1.720517	1.15088515452	1.870959	1.821139	1.726168	2.031458	3.000374	0.664385	0.00142173227351	7.88009088465e-05	0.000447501527637
2.083468	1.725189	1.148644	1.857291	1.821139	1.726184	1.97533	2.926646	0.683857	0.00152680832379	7.63099206595e-05	0.000459603879169
2.083468	1.725189	1.15805353237	1.857291	1.821139	1.726184	1.97533	2.926646	0.683857	0.00152680832379	9.68519296536e-05	0.000435124966096
2.083468	1.725189	1.159638	1.857291	1.812947	1.72628	1.975346	3.975222	0.713185	0.00145376811813	6.95152688106e-05	0.000459245138255
2.083468	1.725197	1.147418	1.865031	1.809939	1.726296	2.079186	2.75681619044	0.683869	0.00143458856379	0.000116190427501	0.000438949474118
2.083468	1.725197	1.147418	1.865031	1.809939	1.726296	2.079186	2.926646	0.683869	0.00140101933199	0.00011276099697	0.000441945166925
2.083588	1.734057	1.163811	1.865029	1.760467	1.791244	2.026072	5.070162	1.034083	0.00211762556692	4.96950381402e-07	0.000516946758755
2.08374486392	1.741476	1.698053	1.785532	1.725503	1.783061	1.953378	2.234691	4.465162	0.00104438847525	0.000607893056029	0.000213567402149
2.084018	1.765833	1.609213	1.857008	1.796035	1.849117	1.953522	4.186295	4.631872	0.000682274892743	0.000419200289273	0.000410800682726
2.08415048629	1.627736	1.660853	1.955988	1.733711	1.856509	1.910782	4.506923	4.711146	0.000768462717308	3.7074798728e-05	0.000540384498486
2.08477	1.626164	1.661421	1.934508	1.801713	1.848637	1.764986	3.276875	4.921994	0.000741632811916	9.31524911502e-05	0.000497265489977
2.08479	1.6258	1.661053	1.941892	1.782327	1.868685	1.911476	2.989899	4.59441	0.000735140125364	9.57027493797e-05	0.00048748464574
2.08496820649	1.62552	1.674721	1.928328	1.796559	1.848379	1.88121	3.802443	4.844778	0.000706297157349	0.000124858671258	0.000472487626141
2.085088	1.871498	1.766912	1.779034	1.833931	1.748445	1.913279	3.374415	4.585952	0.000650218540327	0.00134665297955	0.000122319241785
2.085096	1.871274	1.740256	1.8081468995	1.829323	1.74937496654	1.881279	3.833183	5.10672	0.000755673749253	0.0011760787356	4.72452336387e-06
2.085096	1.87217	1.726784	1.779034	1.833803	1.772125	1.913279	3.374431	5.184032	0.000755328515228	0.00114791064776	2.14080376056e-05
2.085097	1.754805	1.640897	1.86846	1.835859	1.886423	1.872492	2.562397	4.51781	0.000761060558847	0.000499940905052	0.000334535250779
2.085102	1.625272	1.653621	1.95297	1.773491	1.853501	1.773818	3.605835	4.869658	0.000727624602081	4.34611458378e-05	0.000533805519995
2.08512	1.735413	1.169699	1.817291	1.722291	1.72622	2.011666	5.441226	0.579935	0.00176067750715	0.000143517210004	0.000411555275684
2.0853003515	1.726229	1.61940796055	1.859998	1.757011	1.839313	1.87226	3.873061	4.708394	0.000686251943296	0.000298078664068	0.000449359145819
2.085502	1.623828	1.675805	1.92538	1.774417	1.839325	1.924206	1.493643	4.222314	0.00129315986736	0.000193157517224	0.000404790741548
2.0857366065	1.715977	1.150484	1.963787	1.822163	1.729296	2.026914	4.555602	0.679779	0.00150168687127	1.21423862419e-05	0.000515487054345
2.0857366065	1.715977	1.150484	1.963787	1.822163	1.729296	2.07867439128	4.555602	0.679779	0.00143711450401	1.51992137713e-05	0.000496535637772
2.085737	1.717065	1.166361	1.955595	1.789395	1.729296	2.027052	5.604178	0.677915	0.00179642186059	1.3186197551e-05	0.00051007913815
2.085974	1.563864	1.632685	1.938692	1.799359	1.848717	1.881662	3.565835	4.102874	0.000646475449559	0.000111660080853	0.000575339058602
2.085976	1.623796	1.676773	1.941764	1.776337	1.848381	1.923006	1.492043	4.225258	0.00127769823	0.000199962047413	0.000403384642102
2.085982	1.623828	1.675805	1.937668	1.776465	1.840445	1.912628	1.493579	4.22577	0.00128261423251	0.000199884667079	0.000402623863957
2.085982	1.623828	1.675805	1.937668	1.776465	1.840445	1.92710234447	1.493579	4.22577	0.00129796355435	0.000191330024238	0.000407060705609
2.085982	1.62386	1.675805	1.937668	1.776433	1.848637	1.920692	1.493579	4.258538	0.00126663898361	0.000204456692324	0.000401908443857
2.085986	1.625856	1.661308	1.926548	1.804751	1.847901	1.880201	3.386831	4.922698	0.000726698064618	0.000100755520527	0.000488072238617
2.086136	1.8966847474	1.74024	1.778954	1.837003	1.755739	1.881407	3.603807	4.87472	0.000699912830472	0.00129727774114	5.59624812964e-05
2.086578	1.749449	1.609205	1.857008	1.796019	1.849117	1.952242	4.134183	4.631904	0.000673339058808	0.000349317616053	0.0004358898677
2.08665	1.649177	1.609453	1.963277	1.799131	1.847121	1.848054	3.749773	2.87361	0.000815240445767	9.36250051022e-05	0.000492849265619
2.087202	1.627736	1.660853	1.955988	1.733711	1.856509	1.910782	4.506923	4.711146	0.000768462717308	3.7074798728e-05	0.000540384498486
2.087202	1.627736	1.661365	1.955732	1.711599	1.856765	1.912366	4.474155	4.629226	0.000756249517917	6.96338088962e-05	0.000515627251944
2.088182	1.621608	1.661049	1.942344	1.78792	1.968013	1.910996	2.989899	4.692714	0.00072996421984	4.0458130337e-05	0.000534279717756
2.088182	1.621608	1.661049	1.942344	1.78792	1.97000806436	1.910996	2.989899	4.692714	0.000730031579937	3.2191605759e-05	0.000540759733236
2.088478	1.773441	1.656557	1.862428	1.795979	1.843773	1.943592	3.092233	4.626762	0.000707003390154	0.000595275122477	0.000281876620372
2.088692	1.646701	1.233772	1.894784	1.780233	1.718046	2.038226	5.188098	0.702931	0.00133529046186	9.31969436823e-05	0.000457773063469
2.088692	1.646701	1.239916	1.894784	1.813001	1.72225	2.036834	5.229058	0.702803	0.00129236661315	0.000121842484637	0.00045257956713
2.089506	1.62716	1.661493	1.954964	1.799247	1.886205	1.909438	4.499787	4.853482	0.000759037933523	5.29591701937e-05	0.000531088160657
2.089506	1.62716	1.661493	1.954964	1.82098902114	1.886205	1.90219156818	4.499787	4.853482	0.000742108043872	6.3362709092e-05	0.000524395787049
2.089506	1.62716	1.661493	1.954964	1.82098902114	1.886205	1.909438	4.499787	4.853482	0.000742108043872	6.3362709092e-05	0.000524395787049
2.089506	1.62716	1.661493	1.954964	1.82098902114	1.886205	1.91462051159	4.499787	4.853482	0.000741768316268	6.48856199132e-05	0.000523210292649
2.089506	1.62716	1.661493	1.954964	1.8307774304	1.886205	1.909438	4.499787	4.853482	0.000731346639626	7.02133382035e-05	0.000519534229142
2.089562	1.626544	1.661249	1.863896	1.806175	1.848381	1.913188	3.277131	4.954858	0.000723644886517	9.94515795858e-05	0.000485497138606
2.090082	1.625904	1.66079583099	1.928468	1.77976634475	1.848317	1.90237688266	3.293515	4.856554	0.000733527801641	7.8428824689e-05	0.000503032147087
2.090082	1.625904	1.661301	1.91111218033	1.800655	1.848317	1.90937	3.293515	4.856554	0.000718367342826	0.00011274453307	0.000475462701654
2.090082	1.625904	1.661301	1.91111218033	1.800655	1.848317	1.92323987496	3.293515	4.856554	0.000719234585569	0.000115079114199	0.000473128823982
2.090082	1.625904	1.661301	1.928468	1.800655	1.848317	1.90937	3.293515	4.856554	0.00072424969608	0.000111417542667	0.000479357308476
2.090082	1.625904	1.661301	1.93755546744	1.800655	1.848317	1.90937	3.293515	4.856554	0.000730246437262	0.000106967350288	0.000483800335316
2.090114	1.62552	1.674721	1.928328	1.796559	1.848379	1.88121	3.802443	4.844778	0.000706297157349	0.000124858671258	0.000472487626141
2.090114	1.62552	1.674721	1.92929211943	1.796559	1.848379	1.88121	3.802443	4.844778	0.000706297157349	0.000124858671258	0.000472487626141
2.090114	1.626416	1.661249	1.88978937168	1.80849490938	1.848381	1.91321	2.40906920635	4.92209	0.000896236181242	0.00010443849513	0.000477522369317
2.090114	1.626416	1.661249	1.92852	1.79171578624	1.84798436058	1.91321	3.343691	4.92209	0.000734756635774	7.54241627981e-05	0.000506611309312
2.090114	1.626416	1.661249	1.92852	1.79171578624	1.848381	1.91321	3.343691	4.92209	0.000734756635774	7.54241627981e-05	0.000506611309312
2.090114	1.626416	1.661249	1.92852	1.801039	1.848381	1.91321	3.343691	4.92209	0.000729702464113	7.77175841756e-05	0.000504698024436
2.090114	1.626416	1.661249	1.92852	1.80313662751	1.848381	1.91321	3.343691	4.92209	0.000729702464113	7.77175841756e-05	0.000504698024436
2.090114	1.626416	1.661249	1.92852	1.80849490938	1.848381	1.91321	2.40906920635	4.92209	0.00090261781562	9.69523594485e-05	0.000486505324279
2.090114	1.626416	1.661249	1.92943249277	1.801039	1.848381	1.91321	3.343691	4.92209	0.000729702464113	7.77175841756e-05	0.000504698024436
2.090124	1.723937	1.61447635969	1.856655	1.794003	1.726092	2.078842	5.899602	0.675031	0.00170003646795	0.000804506605447	5.5966745678e-05
2.090218	1.625888	1.663921	1.928468	1.828815	1.852413	1.909438	3.449515	4.856658	0.000698619895811	0.000115334304661	0.000477293517355
2.090522	1.625904	1.685877	1.928468	1.718735	1.922045	1.90713	3.295755	4.856552	0.000731664080305	0.000114683980581	0.000486358941492
2.090914	1.62626	1.661613	1.933292	1.78384624293	1.848349	1.76473	3.277131	4.92209	0.000749806516633	8.8527781423e-05	0.000500588997757
2.090914	1.62626	1.661613	1.933292	1.80171655649	1.848349	1.76473	3.277131	4.92209	0.000741620258463	9.31393200295e-05	0.000497277860354
2.090914	1.62626	1.661613	1.933292	1.810255	1.848349	1.76473	3.277131	4.92209	0.000735847704635	9.48894326817e-05	0.000495350143372
2.091232	1.742581	1.20339458537	1.864857	1.828819	1.725836	2.04541	5.090642	0.909155	0.00143968484882	0.000262562737321	0.000367275513527
2.09135	1.61348	1.667585	1.937685	1.83032	1.928589	1.91074	2.52486	4.496234	0.000786643779529	9.60666015869e-05	0.0004793449381
2.091426	1.628852	1.660845	1.933308	1.808975	1.853725	1.76471	3.232349	4.856554	0.000727091989807	6.83776132672e-05	0.000514528350178
2.092024	1.724565	1.641133	1.857262	1.812347	1.859089	1.895814	3.12145357523	4.922038	0.000713381639581	0.000355111262735	0.000407023594479
2.092024	1.724565	1.641133	1.857262	1.812347	1.859089	1.895814	3.633501	4.922038	0.000669899382035	0.000346675159979	0.000415237524378
2.09213	1.757157	1.660784	1.935626	1.796555	1.717488	1.90943	3.997965	4.856554	0.000793947790306	0.00050350533957	0.000336549560395
2.092342	1.625688	1.662389	1.957396	1.733327	1.865021	1.910974	4.489603	4.678378	0.000743266107217	5.96402211273e-05	0.000526401849748
2.092342	1.625688	1.662389	1.957396	1.733327	1.87984539964	1.910974	4.489603	4.678378	0.000739207395256	5.46368416821e-05	0.000530995382834
2.094322	1.679945	1.575451	1.870156	1.802963	1.846669	1.91231	4.161883	4.90055	0.000675757960581	4.00098730985e-06	0.000610825544901
2.095248	1.789616	1.647964	1.960436	1.796481	1.945816	2.042102	4.294024	4.660193	0.000749681060325	0.000525899537401	0.000357337977856
2.095714	1.643056	1.661301	1.928468	1.773807	1.848293	1.905274	3.397963	4.85672	0.000713788870087	0.000162312399126	0.000463888152846
2.095754	1.734053	1.609213	1.931036	1.837011	1.851613	1.895158	4.182135	4.705802	0.000675415959796	0.000283164016358	0.000477485258188
2.095938	1.643036	1.653109	1.945876	1.773791	1.861797	1.905276	3.386187	4.676496	0.000696021160304	0.000135415324434	0.00048260040881
2.09595	1.6261	1.664629	1.956188	1.797043	1.796029	1.876642	4.513099	4.851434	0.000782788556057	7.7492028735e-05	0.000507444247986
2.096222	1.872134	1.686416	1.828602	1.820619	1.791835	1.881919	3.603971	4.874656	0.000701281534892	0.00102924379017	9.52550609762e-05
2.09764848922	1.735413	1.16995456502	1.865025	1.722323	1.725708	2.04749578703	5.10293	0.903011	0.0015638155725	9.63366095595e-05	0.000446530453093
2.097654	1.598924	1.661037	1.946884	1.817608	1.963789	1.912292	4.18547	4.63857	0.000649819714989	6.83830712816e-05	0.00058833620069
2.097654	1.598924	1.661037	1.946884	1.83879965139	1.963789	1.912292	4.18547	4.63857	0.00063306034082	5.59874003897e-05	0.000580606777199
2.098422	1.621608	1.665209	1.958728	1.80744	1.954701	1.912532	2.989899	5.230442	0.000835776245936	4.1568755232e-06	0.000569702290443
2.099092	1.723653	1.669085	1.941382	1.795957	1.848957	1.918194	4.717743	4.360554	0.000746495044985	0.000421566151814	0.000369005304487
2.099122	1.734201	1.56191041008	1.856972	1.776083	1.86164416347	1.829622	3.113309	4.14384827764	0.000635464129917	0.000214665957193	0.000514008794371
2.099122	1.734201	1.606141	1.856972	1.79530908752	1.86164416347	1.829622	3.113309	4.67353	0.000691473010693	0.000318454387665	0.000443718254202
2.099122	1.865161	1.588085	1.8573	1.796559	1.847069	1.937654	3.375453	4.60609	0.000696845810776	0.00073105455854	0.000303681470424
2.099298	1.626008	1.653621	1.953044	1.784271	1.848509	1.90489	3.385675	4.86833	0.000722773671495	6.53597802557e-05	0.000514402584685
2.099298	1.626008	1.67327354841	1.953044	1.784271	1.848509	1.90489	3.385675	4.86833	0.000722773671495	0.000123749004346	0.000474268960336
2.099314	1.724165	1.669085	1.942342	1.795955	1.848949	1.918198	4.717743	4.577642	0.000767419893889	0.000402570103102	0.000384622904633
2.099426	1.627	1.661365	1.962948	1.777167	1.791741	1.909214	4.504459	4.867818	0.000803052651249	6.63558462523e-05	0.000516169486774
2.09973604736	1.625856	1.661308	1.926548	1.804751	1.847901	1.880201	3.386831	4.922698	0.000710722566403	0.000102164830433	0.000488344386897
2.099938	1.742517	1.640509	1.922798	1.828731	1.873297	1.936067	2.431267	4.480566	0.000830339788035	0.000427071680232	0.000363005671956